s0,s1,s2,s3,s4,s5,s6,s7,s8,s9,s10,s11,s12,s13,s14,s15,s16,s17,s18,s19,s20,s21,s22,s23,s24,s25,s26,s27,s28,s29,s30,s31,s32,s33,s34,s35,s36,s37,s38,s39,s40,s41,s42,s43,s44,s45,s46,s47,s48,s49,s50,s51,s52,s53,s54,s55,s56,s57,s58,s59,s60,s61,s62,s63,s64,s65,s66,s67,s68,s69,s70,s71,s72,s73,s74,s75,s76,s77,s78,s79,s80,s81,s82,s83,s84,s85,s86,s87,s88,s89,s90,s91,s92,s93,s94,s95,s96,s97,s98,s99,s100,s101,s102,s103,s104,s105,s106,s107,s108,s109,s110,s111,s112,s113,s114,s115,s116,s117,s118,s119,s120,s121,s122,s123,s124,s125,s126,s127,s128,s129,s130,s131,s132,s133,s134,s135,s136,s137,s138,s139,s140,s141,s142,s143,s144,s145,s146,s147,s148,s149,s150,s151,s152,s153,s154,s155,s156,s157,s158,s159,s160,s161,s162,s163,s164,s165,s166,s167,s168,s169,s170,s171,s172,s173,s174,s175,s176,s177,s178,s179,s180,s181,s182,s183,s184,s185,s186,s187,s188,s189,s190,s191,s192,s193,s194,s195,s196,s197,s198,s199,s200,s201,s202,s203,s204,s205,s206,s207,s208,s209,s210,s211,s212,s213,s214,s215,s216,s217,s218,s219,s220,s221,s222,s223,s224,s225,s226,s227,s228,s229,s230,s231,s232,s233,s234,s235,s236,s237,s238,s239,s240,s241,s242,s243,s244,s245,s246,s247,s248,s249,s250,s251,s252,s253,s254,s255,s256,s257,s258,s259,s260,s261,s262,s263,s264,s265,s266,s267,s268,s269,s270,s271,s272,s273,s274,s275,s276,s277,s278,s279,s280,s281,s282,s283,s284,s285,s286,s287,s288,s289,s290,s291,s292,s293,s294,s295,s296,s297,s298,s299,s300,s301,s302,s303,s304,s305,s306,s307,s308,s309,s310,s311,s312,s313,s314,s315,s316,s317,s318,s319,s320,s321,s322,s323,s324,s325,s326,s327,s328,s329,s330,s331,s332,s333,s334,s335,s336,s337,s338,s339,s340,s341,s342,s343,s344,s345,s346,s347,s348,s349,s350,s351,s352,s353,s354,s355,s356,s357,s358,s359,s360,s361,s362,s363,s364,s365,s366,s367,s368,s369,s370,s371,s372,s373,s374,s375,s376,s377,s378,s379,s380,s381,s382,s383,s384,s385,s386,s387,s388,s389,s390,s391,s392,s393,s394,s395,s396,s397,s398,s399,s400,s401,s402,s403,s404,s405,s406,s407,s408,s409,s410,s411,s412,s413,s414,s415,s416,s417,s418,s419,s420,s421,s422,s423,s424,s425,s426,s427,s428,s429,s430,s431,s432,s433,s434,s435,s436,s437,s438,s439,s440,s441,s442,s443,s444,s445,s446,s447,s448,s449,s450,s451,s452,s453,s454,s455,s456,infere,familly
0,2,1,0,2,3,2,2,1,3,1,0,3,3,1,0,1,1,4,2,0,4,1,3,3,0,3,2,3,1,0,2,1,1,1,1,3,3,1,2,4,4,4,4,4,4,4,4,4,4,2,2,0,1,2,3,4,4,4,4,4,4,4,4,4,4,4,4,4,4,4,4,4,4,4,4,4,4,4,4,4,4,4,4,4,4,2,1,4,3,0,1,0,3,0,0,0,0,3,3,1,4,4,2,0,0,3,2,0,1,2,1,4,0,1,0,4,0,1,4,4,4,4,4,4,4,4,4,0,0,2,2,4,4,3,2,1,1,3,4,2,4,1,1,2,3,1,1,0,4,4,0,1,3,3,4,1,3,2,0,3,0,4,3,1,0,2,1,4,2,3,0,4,4,4,4,2,1,3,4,4,4,4,4,4,4,0,4,4,4,4,4,4,4,4,4,4,4,4,4,4,4,4,4,4,4,4,4,4,4,4,4,4,4,4,4,4,4,4,4,4,4,4,4,4,4,4,4,4,4,4,4,4,4,4,4,4,4,4,4,4,3,0,3,1,0,4,4,0,1,1,0,3,4,1,2,2,2,1,2,0,0,0,1,2,3,1,2,0,4,4,4,4,4,4,4,4,4,4,4,4,4,4,4,4,4,4,4,4,4,2,3,3,0,2,2,1,0,4,1,1,2,4,1,1,3,3,4,4,4,0,3,3,4,4,4,4,4,4,4,4,4,4,4,4,4,4,4,4,4,4,4,4,4,4,4,4,4,4,4,4,4,4,4,4,4,4,4,4,4,4,4,4,4,4,4,4,4,1,1,0,4,4,4,4,4,4,4,4,4,4,4,4,4,4,4,4,4,3,0,0,1,0,0,0,2,1,1,2,2,2,4,4,3,0,0,3,4,4,4,4,3,4,4,4,4,4,4,4,4,4,4,4,4,4,4,4,4,4,4,4,4,4,4,4,4,4,4,4,4,4,4,4,4,4,4,4,4,4,4,4,4,4,4,1,1,1,2,2,1,3,3,3,2,3,3,2,3,AFOW01000033.1/310779-310592,0
1,2,3,4,4,4,2,2,1,3,1,0,3,3,1,0,1,1,4,3,3,4,1,3,3,0,3,2,3,1,0,2,1,1,1,1,3,3,0,2,4,4,4,4,4,4,4,4,4,4,2,2,0,1,2,1,4,4,4,4,4,4,4,4,4,4,4,4,4,4,4,4,4,4,4,4,4,4,4,4,4,4,4,4,4,4,2,1,4,3,0,1,0,3,0,0,0,1,3,3,1,4,4,2,0,0,3,2,0,1,2,1,4,4,4,4,4,0,1,0,0,4,4,4,4,4,4,1,0,0,2,2,4,4,3,2,1,1,3,4,2,4,1,1,2,3,1,1,0,4,4,0,1,3,3,4,1,3,2,0,3,0,4,0,3,0,2,1,4,2,3,4,4,4,4,0,2,1,3,4,4,4,4,4,4,4,3,4,4,4,4,4,4,4,4,4,4,4,4,4,4,4,4,4,4,4,4,4,4,4,4,4,4,4,4,4,4,4,4,4,4,4,4,4,4,4,4,4,4,4,4,4,4,4,4,4,4,4,4,4,4,3,0,3,1,0,4,4,0,1,1,3,1,4,1,2,2,2,1,2,0,0,0,1,2,3,1,2,0,4,4,4,4,4,4,4,4,4,4,4,4,4,4,4,4,4,4,4,4,4,2,3,3,0,2,2,1,0,4,1,1,2,4,1,1,3,3,4,4,4,0,3,3,4,4,4,4,4,4,4,4,4,4,4,4,4,4,4,4,4,4,4,4,4,4,4,4,4,4,4,4,4,4,4,4,4,4,4,4,4,4,4,4,4,4,4,4,4,1,1,0,4,4,4,4,4,4,4,4,4,4,4,4,4,4,4,4,4,3,0,0,1,0,0,0,2,1,1,2,2,2,3,3,3,0,2,1,1,1,3,3,3,4,4,4,4,4,4,4,4,4,4,4,4,4,4,4,4,4,4,4,4,4,4,4,4,4,4,4,4,4,4,4,4,4,4,4,4,4,4,4,4,0,2,1,1,1,2,2,1,3,3,3,2,3,3,2,3,AFCP01001367.1/2028-1836,0
2,2,1,0,2,3,2,2,1,3,1,0,3,3,1,2,1,1,4,2,0,4,1,3,3,0,3,2,3,1,0,2,1,1,1,1,3,3,1,2,4,4,4,4,4,4,4,4,4,4,2,2,0,1,2,3,4,4,4,4,4,4,4,4,4,4,4,4,4,4,4,4,4,4,4,4,4,4,4,4,4,4,4,4,4,4,2,1,4,3,0,1,0,3,0,0,0,0,3,4,3,4,1,2,0,0,3,2,0,1,2,1,4,0,1,0,4,0,1,4,4,4,4,4,4,4,4,4,0,0,2,2,4,4,3,2,1,1,3,4,2,4,1,1,2,3,1,1,0,4,4,0,1,3,3,4,1,3,2,0,3,0,4,3,1,0,2,1,4,2,3,0,4,4,4,4,2,1,3,4,4,4,4,4,4,4,0,4,4,4,4,4,4,4,4,4,4,4,4,4,4,4,4,4,4,4,4,4,4,4,4,4,4,4,4,4,4,4,4,4,4,4,4,4,4,4,4,4,4,4,4,4,4,4,4,4,4,4,4,4,4,3,0,3,1,0,4,4,0,1,1,0,3,4,1,2,2,2,1,2,0,0,0,1,2,3,1,2,0,4,4,4,4,4,4,4,4,4,4,4,4,4,4,4,4,4,4,4,4,4,2,3,3,0,2,2,1,0,4,1,1,2,4,1,1,3,3,4,4,4,0,3,3,4,4,4,4,4,4,4,4,4,4,4,4,4,4,4,4,4,4,4,4,4,4,4,4,4,4,4,4,4,4,4,4,4,4,4,4,4,4,4,4,4,4,4,4,4,1,1,0,4,4,4,4,4,4,4,4,4,4,4,4,4,4,4,4,4,3,0,0,1,0,0,0,2,1,1,2,2,2,4,4,3,0,0,3,4,4,4,4,3,4,4,4,4,4,4,4,4,4,4,4,4,4,4,4,4,4,4,4,4,4,4,4,4,4,4,4,4,4,4,4,4,4,4,4,4,4,4,4,4,4,4,1,1,1,2,2,1,3,3,3,2,3,3,2,3,ADUF01000189.1/13241-13054,0
3,2,3,0,2,0,3,2,1,3,1,0,3,3,1,1,0,3,4,1,3,4,1,3,3,0,3,2,3,3,1,2,1,1,3,3,0,4,4,4,4,4,4,4,4,4,4,4,4,4,4,4,4,4,2,3,4,4,4,4,4,4,4,4,4,4,4,4,4,4,4,4,4,4,4,4,4,4,4,4,4,4,4,4,4,4,2,1,4,1,3,1,0,3,0,0,0,1,3,1,0,4,2,2,0,0,3,2,0,3,2,1,4,0,2,0,4,2,1,1,0,3,3,4,4,4,4,3,0,1,2,2,4,4,3,2,1,3,3,4,0,4,3,1,2,3,1,1,0,4,4,1,3,2,0,4,1,0,2,0,3,2,4,3,1,2,1,4,4,4,3,3,4,1,4,2,2,1,1,4,4,4,4,4,4,4,3,4,4,4,4,4,4,4,4,4,4,4,4,4,4,4,4,4,4,4,4,4,4,4,4,4,4,4,4,4,4,4,4,4,4,4,4,4,4,4,4,4,4,4,4,4,4,4,4,4,4,4,4,4,4,1,0,3,1,0,2,0,1,0,1,1,0,4,3,2,2,2,1,0,3,0,0,1,2,3,3,2,0,4,4,4,4,4,4,4,4,4,4,4,4,4,4,4,4,4,4,4,4,4,2,3,2,0,0,2,1,0,4,1,1,0,4,0,0,3,0,4,4,3,2,3,3,2,3,1,3,4,3,4,0,1,0,4,4,4,4,4,4,4,4,4,4,4,4,4,4,4,4,4,4,4,4,4,4,4,4,4,4,4,4,4,4,4,4,2,0,1,1,3,2,4,4,4,4,4,4,4,4,4,4,4,4,4,4,4,4,4,3,3,3,3,0,0,1,2,1,1,3,2,1,3,3,3,3,0,4,4,4,4,4,4,4,4,4,4,4,4,4,4,4,4,4,4,4,4,4,4,4,4,4,4,4,4,4,4,4,4,4,4,4,4,4,4,4,4,4,4,4,4,4,4,3,0,2,1,0,2,2,1,2,3,3,3,3,3,3,3,AGSY01000152.1/456-658,0
4,2,3,0,2,0,3,2,1,3,1,0,3,3,1,1,0,1,4,3,1,4,1,3,3,0,3,2,0,1,0,2,1,0,3,0,3,4,4,4,4,4,4,4,4,4,4,4,4,4,4,4,4,4,4,2,4,4,4,4,4,4,4,4,4,4,4,4,4,4,4,4,4,4,4,4,4,4,4,4,4,4,4,4,4,4,0,1,4,3,3,1,0,3,0,0,0,1,1,3,0,4,2,2,0,0,3,2,0,3,2,1,4,0,2,0,4,2,1,1,2,0,3,4,4,4,3,0,3,1,2,2,4,4,3,2,1,1,3,4,0,4,4,1,2,3,1,1,0,4,1,2,3,3,0,4,3,1,2,0,3,2,4,0,0,0,1,4,4,4,4,4,4,0,4,1,1,0,3,4,4,4,4,4,4,4,3,4,4,4,4,4,4,4,4,4,4,4,4,4,4,4,4,4,4,4,4,4,4,4,4,4,4,4,4,4,4,4,4,4,4,4,4,4,4,4,4,4,4,4,4,4,4,4,4,4,4,4,4,4,4,1,0,3,1,0,4,4,1,1,0,0,1,4,0,2,2,0,1,2,0,0,0,1,2,3,3,2,0,4,4,4,4,4,4,4,4,4,4,4,4,4,4,4,4,4,4,4,4,4,2,3,2,0,2,2,1,0,4,1,1,4,4,0,3,1,1,4,4,4,4,4,4,2,3,1,3,4,2,4,3,4,0,4,4,4,4,4,4,4,4,4,4,4,4,4,4,4,4,4,4,4,4,4,4,4,4,4,4,4,4,4,4,4,4,2,0,1,1,3,2,0,3,3,2,4,4,4,4,4,4,4,4,3,0,3,0,3,3,3,3,0,3,2,1,0,1,1,3,2,3,0,3,3,3,3,3,4,4,4,3,0,4,4,4,4,4,4,4,4,4,4,4,4,4,4,4,4,4,4,4,4,4,4,4,4,4,4,4,4,4,4,4,4,4,4,4,4,4,4,4,4,0,3,0,1,2,2,2,3,2,3,3,3,3,3,3,3,AM942759.1/3649342-3649546,0
5,2,3,0,2,0,3,2,1,3,1,0,3,3,1,1,0,3,4,1,3,4,1,3,3,0,3,2,3,3,1,2,1,1,3,3,0,4,4,4,4,4,4,4,4,4,4,4,4,4,4,4,4,4,2,3,4,4,4,4,4,4,4,4,4,4,4,4,4,4,4,4,4,4,4,4,4,4,4,4,4,4,4,4,4,4,2,1,4,1,3,1,0,3,0,0,0,1,3,1,1,4,2,2,0,0,3,2,0,1,2,1,4,0,2,0,4,2,1,1,2,3,3,4,4,4,4,3,0,1,2,2,4,4,3,2,1,3,3,4,0,4,3,1,2,3,1,1,0,4,4,1,3,2,0,4,1,0,2,0,3,2,4,3,1,2,1,4,4,4,3,3,4,0,4,3,2,1,1,4,4,4,4,4,4,4,3,4,4,4,4,4,4,4,4,4,4,4,4,4,4,4,4,4,4,4,4,4,4,4,4,4,4,4,4,4,4,4,4,4,4,4,4,4,4,4,4,4,4,4,4,4,4,4,4,4,4,4,4,4,4,1,0,3,1,0,2,0,1,0,1,1,0,4,3,2,2,0,1,0,1,0,0,1,2,3,3,2,0,4,4,4,4,4,4,4,4,4,4,4,4,4,4,4,4,4,4,4,4,4,2,3,2,0,0,2,1,0,4,1,1,4,4,1,0,1,3,4,4,3,2,3,3,2,3,1,0,4,3,4,0,1,0,4,4,4,4,4,4,4,4,4,4,4,4,4,4,4,4,4,4,4,4,4,4,4,4,4,4,4,4,4,4,4,4,2,0,1,1,3,2,4,4,4,4,4,4,4,4,4,4,4,4,4,4,4,4,4,3,3,3,3,0,0,1,2,1,1,3,2,1,3,1,1,2,3,0,0,4,3,0,0,4,4,4,4,4,4,4,4,4,4,4,4,4,4,4,4,4,4,4,4,4,4,4,4,4,4,4,4,4,4,4,4,4,4,4,4,4,4,4,4,2,0,2,1,0,2,2,1,2,3,3,3,3,3,3,3,CP002211.1/4308521-4308727,0
6,2,3,4,4,4,2,2,1,3,1,0,3,3,1,0,1,1,4,2,0,4,1,3,3,0,3,2,3,1,0,2,1,1,1,1,3,3,1,2,4,4,4,4,4,4,4,4,4,4,2,2,0,1,2,3,4,4,4,4,4,4,4,4,4,4,4,4,4,4,4,4,4,4,4,4,4,4,4,4,4,4,4,4,4,4,2,1,4,3,0,1,0,3,0,0,0,0,3,3,1,4,4,2,0,0,3,2,0,1,2,1,4,4,4,4,4,0,1,0,0,4,4,4,4,4,4,1,0,0,2,2,4,4,3,2,1,1,3,4,2,4,1,1,2,3,1,1,0,4,4,0,1,3,3,4,1,3,2,0,3,0,4,3,1,0,2,1,4,2,3,0,4,4,4,4,2,1,3,4,4,4,4,4,4,4,0,4,4,4,4,4,4,4,4,4,4,4,4,4,4,4,4,4,4,4,4,4,4,4,4,4,4,4,4,4,4,4,4,4,4,4,4,4,4,4,4,4,4,4,4,4,4,4,4,4,4,4,4,4,4,3,0,3,1,0,4,4,0,1,1,0,3,4,1,2,2,2,1,2,0,0,0,1,2,3,1,2,0,4,4,4,4,4,4,4,4,4,4,4,4,4,4,4,4,4,4,4,4,4,2,3,3,0,2,2,1,0,4,1,1,2,4,1,1,3,3,4,4,4,0,3,3,4,4,4,4,4,4,4,4,4,4,4,4,4,4,4,4,4,4,4,4,4,4,4,4,4,4,4,4,4,4,4,4,4,4,4,4,4,4,4,4,4,4,4,4,4,1,1,0,4,4,4,4,4,4,4,4,4,4,4,4,4,4,4,4,4,3,0,0,1,0,0,0,2,1,1,2,2,2,4,4,3,0,0,3,4,4,4,4,3,4,4,4,4,4,4,4,4,4,4,4,4,4,4,4,4,4,4,4,4,4,4,4,4,4,4,4,4,4,4,4,4,4,4,4,4,4,4,4,4,4,4,1,1,1,2,2,1,3,3,3,2,3,3,2,3,CP001164.1/3515822-3515638,0
7,2,1,0,2,3,2,2,1,3,1,0,3,3,1,0,1,1,4,2,0,4,1,3,3,0,3,2,3,1,0,2,1,1,1,1,3,3,1,2,4,4,4,4,4,4,4,4,4,4,2,2,0,1,2,3,4,4,4,4,4,4,4,4,4,4,4,4,4,4,4,4,4,4,4,4,4,4,4,4,4,4,4,4,4,4,2,1,4,3,0,1,0,3,0,0,0,0,3,3,1,4,4,2,0,0,3,2,0,1,2,1,4,0,1,0,4,0,1,4,4,4,4,4,4,4,4,4,0,0,2,2,4,4,3,2,1,1,3,4,2,4,1,1,2,3,1,1,0,4,4,0,1,3,3,4,1,3,2,0,3,0,4,3,1,0,2,1,4,2,3,0,4,4,4,4,2,1,3,4,4,4,4,4,4,4,0,4,4,4,4,4,4,4,4,4,4,4,4,4,4,4,4,4,4,4,4,4,4,4,4,4,4,4,4,4,4,4,4,4,4,4,4,4,4,4,4,4,4,4,4,4,4,4,4,4,4,4,4,4,4,3,0,3,1,0,4,4,0,1,1,0,3,4,1,2,2,2,1,2,0,0,0,1,2,3,1,2,0,4,4,4,4,4,4,4,4,4,4,4,4,4,4,4,4,4,4,4,4,4,2,3,3,0,2,2,1,0,4,1,1,2,4,1,1,3,3,4,4,4,0,3,3,4,4,4,4,4,4,4,4,4,4,4,4,4,4,4,4,4,4,4,4,4,4,4,4,4,4,4,4,4,4,4,4,4,4,4,4,4,4,4,4,4,4,4,4,4,1,1,0,4,4,4,4,4,4,4,4,4,4,4,4,4,4,4,4,4,3,0,0,1,0,0,0,2,1,1,2,2,2,4,4,3,0,0,3,4,4,4,4,3,4,4,4,4,4,4,4,4,4,4,4,4,4,4,4,4,4,4,4,4,4,4,4,4,4,4,4,4,4,4,4,4,4,4,4,4,4,4,4,4,4,4,1,1,1,2,2,1,3,3,3,2,3,3,2,3,AEZN01000046.1/1414835-1414648,0
8,2,3,0,2,0,3,2,1,3,1,0,3,3,1,1,0,3,4,1,3,4,1,3,3,0,3,2,3,3,1,2,1,1,3,3,0,4,4,4,4,4,4,4,4,4,4,4,4,4,4,4,4,4,2,3,4,4,4,4,4,4,4,4,4,4,4,4,4,4,4,4,4,4,4,4,4,4,4,4,4,4,4,4,4,4,2,1,4,1,3,1,0,3,0,0,0,1,3,1,1,4,2,2,0,0,3,2,0,1,2,1,4,0,2,0,4,2,1,1,2,3,3,4,4,4,4,3,0,1,2,2,4,4,3,2,1,3,3,4,0,4,3,1,2,3,1,1,0,4,4,1,3,2,0,4,1,0,2,0,3,2,4,3,1,2,1,4,4,4,3,3,4,0,4,3,2,1,1,4,4,4,4,4,4,4,3,4,4,4,4,4,4,4,4,4,4,4,4,4,4,4,4,4,4,4,4,4,4,4,4,4,4,4,4,4,4,4,4,4,4,4,4,4,4,4,4,4,4,4,4,4,4,4,4,4,4,4,4,4,4,1,0,3,1,0,2,0,1,0,1,1,0,4,3,2,2,0,1,0,1,0,0,1,2,3,3,2,0,4,4,4,4,4,4,4,4,4,4,4,4,4,4,4,4,4,4,4,4,4,2,3,2,0,0,2,1,0,4,1,1,4,4,1,0,1,3,4,4,3,2,3,3,2,3,1,0,4,3,4,0,1,0,4,4,4,4,4,4,4,4,4,4,4,4,4,4,4,4,4,4,4,4,4,4,4,4,4,4,4,4,4,4,4,4,2,0,1,1,3,2,4,4,4,4,4,4,4,4,4,4,4,4,4,4,4,4,4,3,3,3,3,0,0,1,2,1,1,3,2,1,3,1,1,2,3,0,0,4,3,0,0,4,4,4,4,4,4,4,4,4,4,4,4,4,4,4,4,4,4,4,4,4,4,4,4,4,4,4,4,4,4,4,4,4,4,4,4,4,4,4,4,2,0,2,1,0,2,2,1,2,3,3,3,3,3,3,3,AP009240.1/4238957-4239163,0
9,2,3,4,4,4,2,2,1,3,1,0,3,3,1,0,1,1,4,2,0,4,1,3,3,0,3,2,3,1,0,2,1,1,1,1,3,3,1,2,4,4,4,4,4,4,4,4,4,4,2,2,0,1,2,3,4,4,4,4,4,4,4,4,4,4,4,4,4,4,4,4,4,4,4,4,4,4,4,4,4,4,4,4,4,4,2,1,4,3,0,1,0,3,0,0,0,0,3,3,1,4,4,2,0,0,3,2,0,1,2,1,4,4,4,4,4,0,1,0,0,4,4,4,4,4,4,1,0,0,2,2,4,4,3,2,1,1,3,4,2,4,1,1,2,3,1,1,0,4,4,0,1,3,3,4,1,3,2,0,3,0,4,3,1,0,2,1,4,2,3,0,4,4,4,4,2,1,3,4,4,4,4,4,4,4,0,4,4,4,4,4,4,4,4,4,4,4,4,4,4,4,4,4,4,4,4,4,4,4,4,4,4,4,4,4,4,4,4,4,4,4,4,4,4,4,4,4,4,4,4,4,4,4,4,4,4,4,4,4,4,3,0,3,1,0,4,4,0,1,1,0,3,4,1,2,2,2,1,2,0,0,0,1,2,3,1,2,0,4,4,4,4,4,4,4,4,4,4,4,4,4,4,4,4,4,4,4,4,4,2,3,3,0,2,2,1,0,4,1,1,2,4,1,1,3,3,4,4,4,0,3,3,4,4,4,4,4,4,4,4,4,4,4,4,4,4,4,4,4,4,4,4,4,4,4,4,4,4,4,4,4,4,4,4,4,4,4,4,4,4,4,4,4,4,4,4,4,1,1,0,4,4,4,4,4,4,4,4,4,4,4,4,4,4,4,4,4,3,0,0,1,0,0,0,2,1,1,2,2,2,4,4,3,0,0,3,4,4,4,4,3,4,4,4,4,4,4,4,4,4,4,4,4,4,4,4,4,4,4,4,4,4,4,4,4,4,4,4,4,4,4,4,4,4,4,4,4,4,4,4,4,4,4,1,1,1,2,2,1,3,3,3,2,3,3,2,3,AERQ01000020.1/161843-161659,0
10,2,3,0,2,0,3,2,1,3,1,0,3,3,1,1,0,3,4,1,3,4,1,3,3,0,3,2,3,3,1,2,1,1,3,3,0,4,4,4,4,4,4,4,4,4,4,4,4,4,4,4,4,4,2,3,4,4,4,4,4,4,4,4,4,4,4,4,4,4,4,4,4,4,4,4,4,4,4,4,4,4,4,4,4,4,2,1,4,1,3,1,0,3,0,0,0,1,3,1,1,4,2,2,0,0,3,2,0,1,2,1,4,0,2,0,4,2,1,1,2,3,3,4,4,4,4,3,0,1,2,2,4,4,3,2,1,3,3,4,0,4,3,1,2,3,1,1,0,4,4,1,3,2,0,4,1,0,2,0,3,2,4,3,1,2,1,4,4,4,3,3,4,0,4,3,2,1,1,4,4,4,4,4,4,4,3,4,4,4,4,4,4,4,4,4,4,4,4,4,4,4,4,4,4,4,4,4,4,4,4,4,4,4,4,4,4,4,4,4,4,4,4,4,4,4,4,4,4,4,4,4,4,4,4,4,4,4,4,4,4,1,0,3,1,0,2,0,1,0,1,1,0,4,3,2,2,0,1,0,1,0,0,1,2,3,3,2,0,4,4,4,4,4,4,4,4,4,4,4,4,4,4,4,4,4,4,4,4,4,2,3,2,0,0,2,1,0,4,1,1,4,4,1,0,1,3,4,4,3,2,3,3,2,3,1,0,4,3,4,0,1,0,4,4,4,4,4,4,4,4,4,4,4,4,4,4,4,4,4,4,4,4,4,4,4,4,4,4,4,4,4,4,4,4,2,0,1,1,3,2,4,4,4,4,4,4,4,4,4,4,4,4,4,4,4,4,4,3,3,3,3,0,0,1,2,1,1,3,2,1,3,1,1,2,3,0,0,4,3,0,0,4,4,4,4,4,4,4,4,4,4,4,4,4,4,4,4,4,4,4,4,4,4,4,4,4,4,4,4,4,4,4,4,4,4,4,4,4,4,4,4,2,0,2,1,0,2,2,1,2,3,3,3,3,3,3,3,CU928160.2/4061222-4061428,0
11,2,3,0,2,0,3,2,1,3,1,0,3,1,1,1,0,1,4,3,3,4,0,3,3,0,3,2,0,1,0,2,1,3,3,2,2,1,1,0,3,3,0,0,4,4,2,2,1,3,0,0,3,3,3,0,4,4,4,4,4,4,4,4,4,4,4,4,4,4,4,4,4,4,4,4,4,4,4,4,4,4,4,4,4,4,2,1,4,3,3,1,0,3,0,0,0,1,1,1,0,4,2,2,2,0,3,2,0,1,2,1,4,0,2,0,4,2,1,1,2,0,3,4,4,3,3,3,0,2,0,2,4,4,3,2,1,1,3,4,0,4,3,3,2,3,1,1,0,4,3,2,3,0,0,4,1,1,2,0,3,2,4,3,3,2,0,2,4,3,0,0,4,3,4,2,3,4,4,4,4,4,4,4,4,4,4,4,4,4,4,4,4,4,4,4,4,4,4,4,4,4,4,4,4,4,4,4,4,4,4,4,4,4,4,4,4,4,4,4,4,4,4,4,4,4,4,4,4,4,4,4,4,4,4,4,4,4,4,4,4,1,0,3,1,0,4,4,1,0,3,0,1,4,1,2,2,2,1,0,3,0,0,1,2,3,3,2,0,4,4,4,4,4,4,4,4,4,4,4,4,4,4,4,4,4,4,4,4,4,2,3,2,0,2,2,1,0,4,1,3,2,4,0,3,0,3,4,4,3,2,3,3,2,3,1,3,4,0,4,3,1,4,4,4,4,4,4,4,4,4,4,4,4,4,4,4,4,4,4,4,4,4,4,4,4,4,4,4,4,4,4,4,4,4,2,0,1,1,3,2,0,0,4,4,4,4,4,4,4,4,4,4,4,4,0,0,3,3,3,3,0,2,0,1,0,1,3,3,2,1,1,1,3,3,3,3,4,4,4,4,4,4,4,4,4,4,4,4,4,4,4,4,4,4,4,4,4,4,4,4,4,4,4,4,4,4,4,4,4,4,4,4,4,4,4,4,4,4,4,4,4,1,2,2,1,0,0,2,3,2,3,3,3,3,3,3,3,ACNR01000027.1/104188-103966,0
12,2,3,4,4,4,2,2,1,3,1,0,3,3,1,0,1,1,4,3,3,4,1,3,3,0,3,2,3,1,0,2,1,1,1,1,3,3,0,2,4,4,4,4,4,4,4,4,4,4,2,2,0,1,2,1,4,4,4,4,4,4,4,4,4,4,4,4,4,4,4,4,4,4,4,4,4,4,4,4,4,4,4,4,4,4,2,1,4,3,0,1,0,3,0,0,0,1,3,3,1,4,4,2,0,0,3,2,0,1,2,1,4,4,4,4,4,0,1,0,0,4,4,4,4,4,4,1,0,0,2,2,4,4,3,2,1,1,3,4,2,4,1,1,2,3,1,1,0,4,4,0,1,3,3,4,1,3,2,0,3,0,4,0,3,0,2,1,4,2,3,4,4,4,4,0,2,1,3,4,4,4,4,4,4,4,3,4,4,4,4,4,4,4,4,4,4,4,4,4,4,4,4,4,4,4,4,4,4,4,4,4,4,4,4,4,4,4,4,4,4,4,4,4,4,4,4,4,4,4,4,4,4,4,4,4,4,4,4,4,4,3,0,3,1,0,4,4,0,2,1,3,1,4,1,2,2,2,1,2,0,0,0,1,2,3,1,2,0,4,4,4,4,4,4,4,4,4,4,4,4,4,4,4,4,4,4,4,4,4,2,3,3,0,2,2,1,0,4,1,1,2,4,1,1,3,3,4,4,4,0,3,3,4,4,4,4,4,4,4,4,4,4,4,4,4,4,4,4,4,4,4,4,4,4,4,4,4,4,4,4,4,4,4,4,4,4,4,4,4,4,4,4,4,4,4,4,4,1,1,0,4,4,4,4,4,4,4,4,4,4,4,4,4,4,4,4,4,1,0,0,1,0,0,0,2,1,1,2,2,2,4,4,1,3,0,0,4,4,4,4,0,4,4,4,4,4,4,4,4,4,4,4,4,4,4,4,4,4,4,4,4,4,4,4,4,4,4,4,4,4,4,4,4,4,4,4,4,4,4,4,4,4,4,1,1,1,2,2,1,3,3,3,2,3,3,2,3,CP000880.1/305505-305689,0
13,2,3,4,4,4,2,2,1,3,1,0,3,3,1,0,1,1,4,3,3,4,1,3,3,0,3,2,3,1,0,2,1,1,1,1,3,3,1,2,4,4,4,4,4,4,4,4,4,4,2,2,0,1,2,1,4,4,4,4,4,4,4,4,4,4,4,4,4,4,4,4,4,4,4,4,4,4,4,4,4,4,4,4,4,4,2,1,4,3,0,1,0,3,0,0,0,1,3,3,1,4,4,2,0,0,3,2,0,1,2,1,4,4,4,4,4,0,1,0,0,0,1,4,4,4,4,4,4,0,2,2,4,4,3,2,1,1,3,4,2,4,1,1,2,3,1,1,0,4,4,0,1,3,1,4,1,3,2,0,3,0,4,0,1,0,2,4,4,4,1,1,4,3,4,2,2,1,3,4,4,4,4,4,4,4,3,4,4,4,4,4,4,4,4,4,4,4,4,4,4,4,4,4,4,4,4,4,4,4,4,4,4,4,4,4,4,4,4,4,4,4,4,4,4,4,4,4,4,4,4,4,4,4,4,4,4,4,4,4,4,3,0,3,1,0,4,4,2,0,1,0,3,4,1,2,2,2,1,2,0,0,0,1,2,3,1,2,0,4,4,4,4,4,4,4,4,4,4,4,4,4,4,4,4,4,4,4,4,4,2,3,0,0,2,2,1,0,4,1,1,2,4,1,1,3,1,4,4,0,3,3,1,4,4,4,4,4,4,4,4,4,4,4,4,4,4,4,4,4,4,4,4,4,4,4,4,4,4,4,4,4,4,4,4,4,4,4,4,4,4,4,4,4,4,4,4,4,1,3,2,4,4,4,4,4,4,4,4,4,4,4,4,4,4,4,4,4,4,0,0,1,0,0,0,2,1,1,0,2,2,1,1,3,3,2,4,4,4,4,4,4,4,4,4,4,4,4,4,4,4,4,4,4,4,4,4,4,4,4,4,4,4,4,4,4,4,4,4,4,4,4,4,4,4,4,4,4,4,4,4,4,1,2,1,1,3,2,2,1,3,3,3,2,3,3,2,3,CP000647.1/3167026-3166840,0
14,2,3,0,2,0,3,2,1,3,1,0,3,3,1,1,0,3,4,1,3,4,1,3,3,0,3,2,3,3,1,2,1,1,3,3,0,4,4,4,4,4,4,4,4,4,4,4,4,4,4,4,4,4,2,3,4,4,4,4,4,4,4,4,4,4,4,4,4,4,4,4,4,4,4,4,4,4,4,4,4,4,4,4,4,4,2,1,4,1,3,1,0,3,0,0,0,1,3,1,1,4,2,2,0,0,3,2,0,1,2,1,4,0,2,0,4,2,1,1,2,3,3,4,4,4,4,3,0,1,2,2,4,4,3,2,1,3,3,4,0,4,3,1,2,3,1,1,0,4,4,1,3,2,0,4,1,0,2,0,3,2,4,3,1,2,1,4,4,4,3,3,4,0,4,3,2,1,1,4,4,4,4,4,4,4,3,4,4,4,4,4,4,4,4,4,4,4,4,4,4,4,4,4,4,4,4,4,4,4,4,4,4,4,4,4,4,4,4,4,4,4,4,4,4,4,4,4,4,4,4,4,4,4,4,4,4,4,4,4,4,1,0,3,1,0,2,0,1,0,1,1,0,4,3,2,2,0,1,0,1,0,0,1,2,3,3,2,0,4,4,4,4,4,4,4,4,4,4,4,4,4,4,4,4,4,4,4,4,4,2,3,2,0,0,2,1,0,4,1,1,4,4,1,0,1,3,4,4,3,2,3,3,2,3,1,0,4,3,4,0,1,0,4,4,4,4,4,4,4,4,4,4,4,4,4,4,4,4,4,4,4,4,4,4,4,4,4,4,4,4,4,4,4,4,2,0,1,1,3,2,4,4,4,4,4,4,4,4,4,4,4,4,4,4,4,4,4,3,3,3,3,0,0,1,2,1,1,3,2,1,3,1,1,2,3,0,0,4,3,0,0,4,4,4,4,4,4,4,4,4,4,4,4,4,4,4,4,4,4,4,4,4,4,4,4,4,4,4,4,4,4,4,4,4,4,4,4,4,4,4,4,2,0,2,1,0,2,2,1,2,3,3,3,3,3,3,3,BA000007.2/4780072-4780278,0
15,4,4,4,4,4,4,4,4,4,4,4,4,4,4,4,4,4,4,4,4,4,4,4,4,4,4,4,4,4,4,4,4,4,4,4,4,4,4,4,4,4,4,4,4,4,4,4,4,4,4,4,4,4,4,4,4,4,4,4,4,4,4,4,4,4,4,4,4,4,4,4,4,4,4,4,4,4,4,4,4,4,4,4,4,4,4,4,4,4,4,4,4,4,4,4,4,4,4,4,4,4,4,4,4,4,4,4,4,4,4,4,4,4,4,4,4,4,4,4,4,4,3,4,4,4,3,3,0,2,2,2,4,4,3,2,1,1,3,4,0,4,3,1,2,1,1,1,0,4,1,2,0,2,0,4,0,1,2,0,3,2,4,0,1,3,0,4,4,4,4,4,4,0,4,1,1,1,2,4,4,4,4,4,4,4,3,4,4,4,4,4,4,4,4,4,4,4,4,4,4,4,4,4,4,4,4,4,4,4,4,4,4,4,4,4,4,4,4,4,4,4,4,4,4,4,4,4,4,4,4,4,4,4,4,4,4,4,4,4,4,1,0,3,1,0,4,4,1,2,1,3,1,4,0,2,2,2,1,0,2,0,0,1,2,3,3,2,0,4,4,4,4,4,4,4,4,4,4,4,4,4,4,4,4,4,4,4,4,4,2,3,2,0,2,2,1,0,4,1,1,2,4,1,1,1,1,4,4,3,2,3,3,2,3,1,1,4,3,4,0,4,4,4,4,4,4,4,4,4,4,4,4,4,4,4,4,4,4,4,4,4,4,4,4,4,4,4,4,4,4,4,4,4,4,2,0,1,1,3,2,4,4,4,4,4,4,4,4,4,4,4,4,4,4,4,4,4,0,3,3,4,4,4,4,4,4,4,4,4,4,4,4,4,4,4,4,4,4,4,4,4,4,4,4,4,4,4,4,4,4,4,4,4,4,4,4,4,4,4,4,4,4,4,4,4,4,4,4,4,4,4,4,4,4,4,4,4,4,4,4,2,4,4,4,4,4,4,4,4,4,4,4,4,4,4,4,4,ABMX01018202.1/103-3,0
16,2,3,0,2,0,3,2,1,3,1,0,3,3,1,1,0,3,4,1,3,4,1,3,3,0,3,2,3,3,1,2,1,1,3,3,0,4,4,4,4,4,4,4,4,4,4,4,4,4,4,4,4,4,2,3,4,4,4,4,4,4,4,4,4,4,4,4,4,4,4,4,4,4,4,4,4,4,4,4,4,4,4,4,4,4,2,1,4,1,3,1,0,3,0,0,0,1,3,1,1,4,2,2,0,0,3,2,0,1,2,1,4,0,2,0,4,2,1,1,2,3,3,4,4,4,4,3,0,1,2,2,4,4,3,2,1,3,3,4,0,4,3,1,2,3,1,1,0,4,4,1,3,2,0,4,1,0,2,0,3,2,4,3,1,2,1,4,4,4,3,3,4,0,4,3,2,1,1,4,4,4,4,4,4,4,3,4,4,4,4,4,4,4,4,4,4,4,4,4,4,4,4,4,4,4,4,4,4,4,4,4,4,4,4,4,4,4,4,4,4,4,4,4,4,4,4,4,4,4,4,4,4,4,4,4,4,4,4,4,4,1,0,3,1,0,2,0,1,0,1,1,0,4,3,2,2,0,1,0,1,0,0,1,2,3,3,2,0,4,4,4,4,4,4,4,4,4,4,4,4,4,4,4,4,4,4,4,4,4,2,3,2,0,0,2,1,0,4,1,1,4,4,1,0,1,3,4,4,3,2,3,3,2,3,1,0,4,3,4,0,1,0,4,4,4,4,4,4,4,4,4,4,4,4,4,4,4,4,4,4,4,4,4,4,4,4,4,4,4,4,4,4,4,4,2,0,1,1,3,2,4,4,4,4,4,4,4,4,4,4,4,4,4,4,4,4,4,3,3,3,3,0,0,1,2,1,1,3,2,1,3,1,1,2,3,0,0,4,3,0,0,4,4,4,4,4,4,4,4,4,4,4,4,4,4,4,4,4,4,4,4,4,4,4,4,4,4,4,4,4,4,4,4,4,4,4,4,4,4,4,4,2,0,2,1,0,2,2,1,2,3,3,3,3,3,3,3,M87049.1/39546-39752,0
17,2,3,0,2,0,3,2,1,3,1,0,3,3,1,1,0,3,4,1,3,4,1,3,3,0,3,2,3,3,1,2,1,1,3,3,0,4,4,4,4,4,4,4,4,4,4,4,4,4,4,4,4,4,2,3,4,4,4,4,4,4,4,4,4,4,4,4,4,4,4,4,4,4,4,4,4,4,4,4,4,4,4,4,4,4,2,1,4,1,3,1,0,3,0,0,0,1,3,1,1,4,2,2,0,0,3,2,0,1,2,1,4,0,2,0,4,2,1,1,2,3,3,4,4,4,4,3,0,1,2,2,4,4,3,2,1,3,3,4,0,4,3,1,2,3,1,1,0,4,4,1,3,2,0,4,1,0,2,0,3,2,4,3,1,2,1,4,4,4,3,3,4,0,4,3,2,1,1,4,4,4,4,4,4,4,3,4,4,4,4,4,4,4,4,4,4,4,4,4,4,4,4,4,4,4,4,4,4,4,4,4,4,4,4,4,4,4,4,4,4,4,4,4,4,4,4,4,4,4,4,4,4,4,4,4,4,4,4,4,4,1,0,3,1,0,2,0,1,0,1,1,0,4,3,2,2,0,1,0,1,0,0,1,2,3,3,2,0,4,4,4,4,4,4,4,4,4,4,4,4,4,4,4,4,4,4,4,4,4,2,3,2,0,0,2,1,0,4,1,1,4,4,1,0,1,3,4,4,3,2,3,3,2,3,1,0,4,3,4,0,1,0,4,4,4,4,4,4,4,4,4,4,4,4,4,4,4,4,4,4,4,4,4,4,4,4,4,4,4,4,4,4,4,4,2,0,1,1,3,2,4,4,4,4,4,4,4,4,4,4,4,4,4,4,4,4,4,3,3,3,3,0,0,1,2,1,1,3,2,1,3,1,1,2,3,0,0,4,3,0,0,4,4,4,4,4,4,4,4,4,4,4,4,4,4,4,4,4,4,4,4,4,4,4,4,4,4,4,4,4,4,4,4,4,4,4,4,4,4,4,4,2,0,2,1,0,2,2,1,2,3,3,3,3,3,3,3,ABHW01000030.1/51035-50829,0
18,2,3,0,2,0,3,2,1,3,1,0,3,3,1,1,0,1,4,1,3,4,3,1,3,0,3,2,1,3,3,2,1,3,3,1,2,4,4,4,4,4,4,4,4,4,4,4,4,4,4,4,4,4,4,4,4,4,4,4,4,4,4,4,4,4,4,4,4,4,4,4,4,4,4,4,4,4,4,4,4,4,4,4,4,4,2,1,4,3,3,1,0,3,0,0,3,1,1,3,2,4,2,2,0,0,3,2,0,1,2,1,4,0,2,0,4,2,1,1,0,0,3,4,4,4,3,3,2,0,2,2,4,4,3,2,1,1,3,4,0,4,3,1,2,3,1,1,0,4,4,0,1,3,1,4,1,0,2,0,3,2,4,0,0,2,0,3,4,2,1,0,4,0,4,2,3,1,3,4,4,4,4,4,4,4,1,4,4,4,4,4,4,4,4,4,4,4,4,4,4,4,4,4,4,4,4,4,4,4,4,4,4,4,4,4,4,4,4,4,4,4,4,4,4,4,4,4,4,4,4,4,4,4,4,4,4,4,4,4,4,1,0,3,1,2,2,2,1,1,3,3,1,4,1,2,2,0,1,0,3,0,0,1,2,3,3,2,0,4,4,4,4,4,4,4,4,4,4,4,4,4,4,4,4,4,4,4,4,4,2,3,2,0,2,2,1,0,4,1,1,4,4,0,3,3,1,4,4,3,2,3,3,2,3,1,3,4,2,4,0,1,0,4,4,4,4,4,4,4,4,4,4,4,4,4,4,4,4,4,4,4,4,4,4,4,4,4,4,4,4,4,4,4,4,2,0,1,1,3,2,0,3,4,4,4,4,4,4,4,4,4,4,4,4,4,0,3,3,3,3,1,0,0,1,2,1,3,3,0,1,1,2,3,3,3,0,4,4,4,4,3,4,4,4,4,4,4,4,4,4,4,4,4,4,4,4,4,4,4,4,4,4,4,4,4,4,4,4,4,4,4,4,4,4,4,4,4,4,4,4,4,1,2,2,3,0,0,2,1,2,3,3,3,3,3,3,3,ABVX01000044.1/32249-32041,0
19,2,3,0,2,0,3,2,1,3,1,0,3,3,1,1,0,3,4,1,3,4,1,3,3,0,3,2,3,3,1,2,1,1,3,3,1,4,4,4,4,4,4,4,4,4,4,4,4,4,4,4,4,4,2,3,4,4,4,4,4,4,4,4,4,4,4,4,4,4,4,4,4,4,4,4,4,4,4,4,4,4,4,4,4,4,2,1,4,1,3,1,0,3,0,0,0,1,3,1,1,4,2,2,0,0,3,2,0,3,2,1,4,0,2,0,4,2,1,1,2,3,3,4,4,1,3,3,0,1,2,2,4,4,3,2,1,3,3,4,0,4,3,1,2,3,1,1,0,4,4,1,3,2,0,4,1,0,2,0,3,2,4,3,1,2,1,0,4,3,3,3,4,0,4,3,2,1,1,4,4,4,4,4,4,4,3,4,4,4,4,4,4,4,4,4,4,4,4,4,4,4,4,4,4,4,4,4,4,4,4,4,4,4,4,4,4,4,4,4,4,4,4,4,4,4,4,4,4,4,4,4,4,4,4,4,4,4,4,4,4,1,0,3,1,0,0,0,1,0,1,1,0,4,3,2,2,0,1,0,3,3,0,1,2,3,3,2,0,4,4,4,4,4,4,4,4,4,4,4,4,4,4,4,4,4,4,4,4,4,2,3,2,0,0,2,1,0,4,1,1,1,4,0,0,3,3,4,4,3,2,3,3,2,3,1,0,4,0,4,0,1,0,4,4,4,4,4,4,4,4,4,4,4,4,4,4,4,4,4,4,4,4,4,4,4,4,4,4,4,4,4,4,4,4,2,0,1,1,3,2,4,4,4,4,4,4,4,4,4,4,4,4,4,4,4,4,4,3,3,3,3,0,0,1,2,1,1,3,2,1,1,1,3,2,0,3,3,4,3,1,0,4,4,4,4,4,4,4,4,4,4,4,4,4,4,4,4,4,4,4,4,4,4,4,4,4,4,4,4,4,4,4,4,4,4,4,4,4,4,4,4,2,1,2,1,0,2,2,1,2,3,3,3,3,3,3,3,AFQL01000008.1/38768-38979,0
20,2,3,0,2,0,3,2,1,3,1,0,3,3,1,1,0,3,4,1,3,4,1,3,3,0,3,2,3,3,1,2,1,1,3,3,0,4,4,4,4,4,4,4,4,4,4,4,4,4,4,4,4,4,2,3,4,4,4,4,4,4,4,4,4,4,4,4,4,4,4,4,4,4,4,4,4,4,4,4,4,4,4,4,4,4,2,1,4,1,3,1,0,3,0,0,0,1,3,1,1,4,2,2,0,0,3,2,0,1,2,1,4,0,2,0,4,2,1,1,2,3,3,4,4,4,4,3,0,1,2,2,4,4,3,2,1,3,3,4,0,4,3,1,2,3,1,1,0,4,4,1,3,2,0,4,1,0,2,0,3,2,4,3,1,2,1,4,4,4,3,3,4,0,4,3,2,1,1,4,4,4,4,4,4,4,3,4,4,4,4,4,4,4,4,4,4,4,4,4,4,4,4,4,4,4,4,4,4,4,4,4,4,4,4,4,4,4,4,4,4,4,4,4,4,4,4,4,4,4,4,4,4,4,4,4,4,4,4,4,4,1,0,3,1,0,2,0,1,0,1,1,0,4,3,2,2,0,1,0,1,0,0,1,2,3,3,2,0,4,4,4,4,4,4,4,4,4,4,4,4,4,4,4,4,4,4,4,4,4,2,3,2,0,0,2,1,0,4,1,1,4,4,1,0,1,3,4,4,3,2,3,3,2,3,1,0,4,3,4,0,1,0,4,4,4,4,4,4,4,4,4,4,4,4,4,4,4,4,4,4,4,4,4,4,4,4,4,4,4,4,4,4,4,4,2,0,1,1,3,2,4,4,4,4,4,4,4,4,4,4,4,4,4,4,4,4,4,3,3,3,3,0,0,1,2,1,1,3,2,1,3,1,1,2,3,0,0,4,3,0,0,4,4,4,4,4,4,4,4,4,4,4,4,4,4,4,4,4,4,4,4,4,4,4,4,4,4,4,4,4,4,4,4,4,4,4,4,4,4,4,4,2,0,2,1,0,2,2,1,2,3,3,3,3,3,3,3,ADAW01000143.1/39958-40164,0
21,2,3,0,2,0,3,2,1,3,1,0,3,3,1,1,0,3,4,1,3,4,1,3,3,0,3,2,3,3,1,2,1,1,3,3,1,4,4,4,4,4,4,4,4,4,4,4,4,4,4,4,4,4,3,2,4,4,4,4,4,4,4,4,4,4,4,4,4,4,4,4,4,4,4,4,4,4,4,4,4,4,4,4,4,4,2,1,4,1,3,1,0,3,0,0,0,1,3,1,0,4,2,2,0,0,3,2,0,3,2,1,4,0,2,0,4,2,1,1,2,3,3,4,4,4,4,3,0,1,2,2,4,4,3,2,1,3,3,4,0,4,3,1,2,3,1,1,0,4,4,1,3,2,0,4,1,0,2,0,3,2,4,3,1,2,1,4,4,4,3,3,4,0,4,1,2,1,1,4,4,4,4,4,4,4,3,4,4,4,4,4,4,4,4,4,4,4,4,4,4,4,4,4,4,4,4,4,4,4,4,4,4,4,4,4,4,4,4,4,4,4,4,4,4,4,4,4,4,4,4,4,4,4,4,4,4,4,4,4,4,1,0,3,1,0,0,0,1,0,1,1,1,4,3,2,2,0,1,0,1,0,0,1,2,3,3,2,0,4,4,4,4,4,4,4,4,4,4,4,4,4,4,4,4,4,4,4,4,4,2,3,2,0,0,2,1,0,4,1,1,1,4,1,3,3,3,4,0,3,2,3,3,2,3,1,0,4,3,4,0,1,0,4,4,4,4,4,4,4,4,4,4,4,4,4,4,4,4,4,4,4,4,4,4,4,4,4,4,4,4,4,4,4,4,2,0,1,1,3,2,4,4,4,4,4,4,4,4,4,4,4,4,4,4,4,4,4,3,3,3,3,2,0,1,2,1,1,3,2,1,1,1,1,3,3,0,0,4,4,1,1,4,4,4,4,4,4,4,4,4,4,4,4,4,4,4,4,4,4,4,4,4,4,4,4,4,4,4,4,4,4,4,4,4,4,4,4,4,4,4,4,2,2,2,1,0,2,2,1,2,3,3,3,3,3,3,3,AESJ01000011.1/39574-39781,0
22,2,3,4,4,4,2,2,1,3,1,0,3,3,1,0,1,1,4,3,3,4,1,3,3,0,3,2,3,1,0,2,1,1,1,1,3,3,0,2,4,4,4,4,4,4,4,4,4,4,2,2,0,3,2,1,4,4,4,4,4,4,4,4,4,4,4,4,4,4,4,4,4,4,4,4,4,4,4,4,4,4,4,4,4,4,2,1,4,3,0,1,0,3,0,0,0,1,3,3,1,4,4,2,0,0,3,2,0,1,2,1,4,4,4,4,4,0,1,0,0,4,4,4,4,4,4,1,0,0,2,2,4,4,3,2,1,1,3,4,2,4,1,1,2,3,1,1,0,4,4,0,1,3,3,4,1,3,2,0,3,0,4,0,3,0,2,1,4,2,3,4,4,4,4,0,2,1,3,4,4,4,4,4,4,4,3,4,4,4,4,4,4,4,4,4,4,4,4,4,4,4,4,4,4,4,4,4,4,4,4,4,4,4,4,4,4,4,4,4,4,4,4,4,4,4,4,4,4,4,4,4,4,4,4,4,4,4,4,4,4,3,0,3,1,0,4,4,0,1,1,3,1,4,1,2,2,2,1,2,0,0,0,1,2,3,1,2,0,4,4,4,4,4,4,4,4,4,4,4,4,4,4,4,4,4,4,4,4,4,2,3,3,0,2,2,1,0,4,1,1,2,4,1,1,3,3,4,4,4,0,3,3,4,4,4,4,4,4,4,4,4,4,4,4,4,4,4,4,4,4,4,4,4,4,4,4,4,4,4,4,4,4,4,4,4,4,4,4,4,4,4,4,4,4,4,4,4,1,1,0,4,4,4,4,4,4,4,4,4,4,4,4,4,4,4,4,4,3,0,0,1,0,0,0,2,1,1,2,2,2,3,3,3,4,4,4,4,4,4,4,4,4,4,4,4,4,4,4,4,4,4,4,4,4,4,4,4,4,4,4,4,4,4,4,4,4,4,4,4,4,4,4,4,4,4,4,4,4,4,4,4,0,2,1,1,1,2,2,1,3,3,3,2,3,3,2,3,CP001127.1/2708953-2708769,0
23,2,3,0,2,0,3,2,1,3,1,0,3,3,1,1,0,1,4,1,3,4,1,3,3,0,3,2,3,3,3,2,1,2,2,0,3,4,4,4,4,4,4,4,4,4,4,4,4,4,4,4,4,4,4,4,4,4,4,4,4,4,4,4,4,4,4,4,4,4,4,4,4,4,4,4,4,4,4,4,4,4,4,4,4,4,2,1,4,0,0,1,0,3,0,0,0,1,1,3,0,4,2,2,0,0,3,2,0,3,2,1,4,0,2,0,4,2,1,1,1,1,3,4,4,4,4,3,0,1,2,2,4,4,3,0,3,1,1,4,2,4,3,3,2,3,1,1,0,4,2,1,3,2,4,4,4,4,2,1,0,2,4,3,0,0,1,2,4,3,2,1,4,0,4,1,2,1,2,1,4,4,4,4,4,3,0,4,4,4,4,4,4,4,4,4,4,4,4,4,4,4,4,4,4,4,4,4,4,4,4,4,4,4,4,4,4,4,4,4,4,4,4,4,4,4,4,4,4,4,4,4,4,4,4,4,4,4,4,4,4,1,3,2,1,0,2,3,0,0,2,0,0,4,4,2,2,0,1,0,3,3,0,1,2,3,3,2,0,4,4,4,4,4,4,4,4,4,4,4,4,4,4,4,4,4,4,4,4,4,2,3,1,2,2,0,3,0,4,1,1,4,4,4,0,3,1,4,4,0,2,3,3,2,3,1,3,4,3,4,0,1,1,4,4,4,4,4,4,4,4,4,4,4,4,4,4,4,4,4,4,4,4,4,4,4,4,4,4,4,4,4,4,4,4,3,0,1,1,3,2,4,4,4,4,4,4,4,4,4,4,4,4,4,4,4,4,4,0,3,2,3,3,0,1,0,1,1,3,2,1,3,3,1,4,4,4,4,4,4,4,4,4,4,4,4,4,4,4,4,4,4,4,4,4,4,4,4,4,4,4,4,4,4,4,4,4,4,4,4,4,4,4,4,4,4,4,4,4,4,4,4,3,2,2,1,0,2,2,3,2,3,3,3,3,3,3,3,BABY01000068.1/326-523,0
24,2,3,4,4,4,3,2,1,3,1,0,3,3,1,0,3,1,4,3,2,4,3,3,3,0,3,2,0,3,3,2,1,1,0,1,1,1,1,0,1,0,2,4,4,4,4,4,1,2,2,2,1,0,2,0,4,4,4,4,4,4,4,4,4,4,4,4,4,4,4,4,4,4,4,4,4,4,4,4,4,4,4,4,4,4,2,1,4,4,3,1,0,3,0,0,0,0,3,1,1,4,4,2,0,0,3,2,0,1,2,1,4,0,4,4,4,4,1,1,0,0,0,4,4,4,4,4,4,1,2,2,4,4,0,2,1,1,3,4,2,4,3,1,2,3,1,1,0,4,1,1,1,0,0,4,1,1,2,0,3,0,4,0,3,1,2,3,4,0,3,2,4,3,4,3,1,3,4,2,1,0,4,3,1,2,3,4,4,4,4,4,4,4,4,4,4,4,4,4,4,4,4,4,4,4,4,4,4,4,4,4,4,4,4,4,4,4,4,4,4,4,4,4,4,4,4,4,4,4,4,4,4,4,4,4,4,4,4,4,4,3,0,3,1,0,0,2,4,4,1,0,3,4,1,2,2,0,1,2,1,0,0,1,2,3,3,2,0,4,4,4,4,4,4,4,4,4,4,4,4,4,4,4,4,4,4,4,4,4,2,3,3,0,2,2,1,3,4,1,1,0,4,1,1,1,0,4,4,3,3,1,3,1,2,1,2,4,3,4,0,1,3,4,4,4,4,4,4,4,4,4,4,4,4,4,4,4,4,4,4,4,4,4,4,4,4,4,4,4,4,4,4,4,4,2,1,3,0,3,2,2,1,2,4,4,4,4,4,4,4,4,4,4,4,2,3,2,1,2,3,1,0,0,1,2,2,1,0,2,2,1,1,0,3,1,2,4,4,4,4,4,4,4,4,4,4,4,4,4,4,4,4,4,4,4,4,4,4,4,4,4,4,4,4,4,4,4,4,4,4,4,4,4,4,4,4,4,4,4,4,4,1,2,1,1,3,2,1,1,2,3,3,3,3,1,3,3,CP001875.2/3245280-3245063,0
25,2,1,0,2,3,2,2,1,3,1,0,3,3,1,0,1,1,4,2,0,4,1,3,3,0,3,2,3,1,0,2,1,1,1,1,3,3,1,2,4,4,4,4,4,4,4,4,4,4,2,2,0,1,2,3,4,4,4,4,4,4,4,4,4,4,4,4,4,4,4,4,4,4,4,4,4,4,4,4,4,4,4,4,4,4,2,1,4,3,0,1,0,3,0,0,0,0,3,3,1,4,4,2,0,0,3,2,0,1,2,1,4,0,1,0,4,0,1,4,4,4,4,4,4,4,4,4,0,0,2,2,4,4,3,2,1,1,3,4,2,4,1,1,2,3,1,1,0,4,4,0,1,3,3,4,1,3,2,0,3,0,4,3,1,0,2,1,4,2,3,0,4,4,4,4,2,1,3,4,4,4,4,4,4,4,0,4,4,4,4,4,4,4,4,4,4,4,4,4,4,4,4,4,4,4,4,4,4,4,4,4,4,4,4,4,4,4,4,4,4,4,4,4,4,4,4,4,4,4,4,4,4,4,4,4,4,4,4,4,4,3,0,3,1,0,4,4,0,1,1,0,3,4,1,2,2,2,1,2,0,0,0,1,2,3,1,2,0,4,4,4,4,4,4,4,4,4,4,4,4,4,4,4,4,4,4,4,4,4,2,3,3,0,2,2,1,0,4,1,1,2,4,1,1,3,3,4,4,4,0,3,3,4,4,4,4,4,4,4,4,4,4,4,4,4,4,4,4,4,4,4,4,4,4,4,4,4,4,4,4,4,4,4,4,4,4,4,4,4,4,4,4,4,4,4,4,4,1,1,0,4,4,4,4,4,4,4,4,4,4,4,4,4,4,4,4,4,3,0,0,1,0,0,0,2,1,1,2,2,2,4,4,3,0,0,3,4,4,4,4,3,4,4,4,4,4,4,4,4,4,4,4,4,4,4,4,4,4,4,4,4,4,4,4,4,4,4,4,4,4,4,4,4,4,4,4,4,4,4,4,4,4,4,1,1,1,2,2,1,3,3,3,2,3,3,2,3,ADUG01000129.1/13254-13067,0
26,2,3,4,4,4,2,2,1,3,1,0,3,3,1,0,1,1,4,2,0,4,1,3,3,0,3,2,3,1,0,2,1,1,1,1,3,3,1,2,4,4,4,4,4,4,4,4,4,4,2,2,0,1,2,3,4,4,4,4,4,4,4,4,4,4,4,4,4,4,4,4,4,4,4,4,4,4,4,4,4,4,4,4,4,4,2,1,4,3,0,1,0,3,0,0,0,0,3,3,1,4,4,2,0,0,3,2,0,1,2,1,4,4,4,4,4,0,1,0,0,4,4,4,4,4,4,1,0,0,2,2,4,4,3,2,1,1,3,4,2,4,1,1,2,3,1,1,0,4,4,0,1,3,3,4,1,3,2,0,3,0,4,3,1,0,2,1,4,2,3,0,4,4,4,4,2,1,3,4,4,4,4,4,4,4,0,4,4,4,4,4,4,4,4,4,4,4,4,4,4,4,4,4,4,4,4,4,4,4,4,4,4,4,4,4,4,4,4,4,4,4,4,4,4,4,4,4,4,4,4,4,4,4,4,4,4,4,4,4,4,3,0,3,1,0,4,4,0,1,1,0,3,4,1,2,2,2,1,2,0,0,0,1,2,3,1,2,0,4,4,4,4,4,4,4,4,4,4,4,4,4,4,4,4,4,4,4,4,4,2,3,3,0,2,2,1,0,4,1,1,2,4,1,1,3,3,4,4,4,0,3,3,4,4,4,4,4,4,4,4,4,4,4,4,4,4,4,4,4,4,4,4,4,4,4,4,4,4,4,4,4,4,4,4,4,4,4,4,4,4,4,4,4,4,4,4,4,1,1,0,4,4,4,4,4,4,4,4,4,4,4,4,4,4,4,4,4,3,0,0,1,0,0,0,2,1,1,2,2,2,4,4,3,0,0,3,4,4,4,4,3,4,4,4,4,4,4,4,4,4,4,4,4,4,4,4,4,4,4,4,4,4,4,4,4,4,4,4,4,4,4,4,4,4,4,4,4,4,4,4,4,4,4,1,1,1,2,2,1,3,3,3,2,3,3,2,3,AFDR01000021.1/37523-37339,0
27,2,3,0,2,0,3,2,1,3,1,0,3,3,1,1,0,3,4,1,3,4,1,3,3,0,3,2,3,3,1,2,1,1,3,3,0,4,4,4,4,4,4,4,4,4,4,4,4,4,4,4,4,4,2,3,4,4,4,4,4,4,4,4,4,4,4,4,4,4,4,4,4,4,4,4,4,4,4,4,4,4,4,4,4,4,2,1,4,1,3,1,0,3,0,0,0,1,3,1,1,4,2,2,0,0,3,2,0,1,2,1,4,0,2,0,4,2,1,1,2,3,3,4,4,4,4,3,0,1,2,2,4,4,3,2,1,3,3,4,0,4,3,1,2,3,1,1,0,4,4,1,3,2,0,4,1,0,2,0,3,2,4,3,1,2,1,4,4,4,3,3,4,0,4,3,2,1,1,4,4,4,4,4,4,4,3,4,4,4,4,4,4,4,4,4,4,4,4,4,4,4,4,4,4,4,4,4,4,4,4,4,4,4,4,4,4,4,4,4,4,4,4,4,4,4,4,4,4,4,4,4,4,4,4,4,4,4,4,4,4,1,0,3,1,0,2,0,1,0,1,1,0,4,3,2,2,0,1,0,1,0,0,1,2,3,3,2,0,4,4,4,4,4,4,4,4,4,4,4,4,4,4,4,4,4,4,4,4,4,2,3,2,0,0,2,1,0,4,1,1,4,4,1,0,1,3,4,4,3,2,3,3,2,3,1,0,4,3,4,0,1,0,4,4,4,4,4,4,4,4,4,4,4,4,4,4,4,4,4,4,4,4,4,4,4,4,4,4,4,4,4,4,4,4,2,0,1,1,3,2,4,4,4,4,4,4,4,4,4,4,4,4,4,4,4,4,4,3,3,3,3,0,0,1,2,1,1,3,2,1,3,1,1,2,3,0,0,4,3,0,0,4,4,4,4,4,4,4,4,4,4,4,4,4,4,4,4,4,4,4,4,4,4,4,4,4,4,4,4,4,4,4,4,4,4,4,4,4,4,4,4,2,0,2,1,0,2,2,1,2,3,3,3,3,3,3,3,AELB01000020.1/127738-127532,0
28,4,4,4,4,4,4,4,4,4,4,4,4,4,4,4,4,4,4,4,4,4,4,4,4,4,4,4,4,4,4,4,4,4,4,4,4,4,4,4,4,4,4,4,4,4,4,4,4,4,4,4,4,4,4,4,4,4,4,4,4,4,4,4,4,4,4,4,4,4,4,4,4,4,4,4,4,4,4,4,4,4,4,4,4,4,4,4,4,4,4,4,4,4,4,4,4,4,4,4,4,4,4,4,4,4,4,4,4,4,4,4,4,4,4,4,4,4,4,4,4,4,4,4,4,4,4,4,4,4,4,4,4,4,3,2,1,3,3,3,0,4,3,1,2,3,1,1,0,4,1,1,2,2,0,4,1,0,2,0,3,2,4,3,1,2,1,4,4,4,3,3,4,1,4,2,2,1,1,4,4,4,4,4,4,4,3,4,4,4,4,4,4,4,4,4,4,4,4,4,4,4,4,4,4,4,4,4,4,4,4,4,4,4,4,4,4,4,4,4,4,4,4,4,4,4,4,4,4,4,4,4,4,4,4,4,4,4,4,4,4,1,0,3,1,0,2,0,1,0,1,1,0,4,3,2,2,0,1,0,3,0,0,1,2,3,3,2,0,4,4,4,4,4,4,4,4,4,4,4,4,4,4,4,4,4,4,4,4,4,2,3,2,0,0,2,1,0,4,4,4,4,4,4,4,4,4,4,4,4,4,4,4,4,4,4,4,4,4,4,4,4,4,4,4,4,4,4,4,4,4,4,4,4,4,4,4,4,4,4,4,4,4,4,4,4,4,4,4,4,4,4,4,4,4,4,4,4,4,4,4,4,4,4,4,4,4,4,4,4,4,4,4,4,4,4,4,4,4,4,4,4,4,4,4,4,4,4,4,4,4,4,4,4,4,4,4,4,4,4,4,4,4,4,4,4,4,4,4,4,4,4,4,4,4,4,4,4,4,4,4,4,4,4,4,4,4,4,4,4,4,4,4,4,4,4,4,4,4,4,4,4,4,4,4,4,4,4,4,4,4,4,4,4,4,4,4,4,AGFS01107082.1/450-521,0
29,2,3,0,2,0,3,2,1,3,1,0,3,3,1,1,0,3,4,1,3,4,1,3,3,0,3,2,3,3,1,2,1,1,3,3,1,4,4,4,4,4,4,4,4,4,4,4,4,4,4,4,4,4,3,2,4,4,4,4,4,4,4,4,4,4,4,4,4,4,4,4,4,4,4,4,4,4,4,4,4,4,4,4,4,4,2,1,4,1,3,1,0,3,0,0,0,1,3,1,0,4,2,2,0,0,3,2,0,3,2,1,4,0,2,0,4,2,1,1,2,3,3,4,4,4,4,3,0,1,2,2,4,4,3,2,1,3,3,4,0,4,3,1,2,3,1,1,0,4,4,1,3,2,0,4,1,0,2,0,3,2,4,3,1,2,1,4,4,4,3,3,4,0,4,1,2,1,1,4,4,4,4,4,4,4,3,4,4,4,4,4,4,4,4,4,4,4,4,4,4,4,4,4,4,4,4,4,4,4,4,4,4,4,4,4,4,4,4,4,4,4,4,4,4,4,4,4,4,4,4,4,4,4,4,4,4,4,4,4,4,1,0,3,1,0,0,0,1,0,1,1,1,4,3,2,2,0,1,0,1,0,0,1,2,3,3,2,0,4,4,4,4,4,4,4,4,4,4,4,4,4,4,4,4,4,4,4,4,4,2,3,2,0,0,2,1,0,4,1,1,1,4,1,3,3,3,4,0,3,2,3,3,2,3,1,0,4,3,4,0,1,0,4,4,4,4,4,4,4,4,4,4,4,4,4,4,4,4,4,4,4,4,4,4,4,4,4,4,4,4,4,4,4,4,2,0,1,1,3,2,4,4,4,4,4,4,4,4,4,4,4,4,4,4,4,4,4,3,3,3,3,2,0,1,2,1,1,3,2,1,1,1,1,3,3,0,0,4,4,1,1,4,4,4,4,4,4,4,4,4,4,4,4,4,4,4,4,4,4,4,4,4,4,4,4,4,4,4,4,4,4,4,4,4,4,4,4,4,4,4,4,2,2,2,1,0,2,2,1,2,3,3,3,3,3,3,3,AFCN01001569.1/288-495,0
30,2,1,0,2,3,2,2,1,3,1,0,3,3,1,0,1,1,4,2,0,4,1,3,3,0,3,2,3,1,0,2,1,1,1,1,3,3,1,2,4,4,4,4,4,4,4,4,4,4,2,2,0,1,2,3,4,4,4,4,4,4,4,4,4,4,4,4,4,4,4,4,4,4,4,4,4,4,4,4,4,4,4,4,4,4,2,1,4,3,0,1,0,3,0,0,0,0,3,3,1,4,4,2,0,0,3,2,0,1,2,1,4,0,1,0,4,0,1,4,4,4,4,4,4,4,4,4,0,0,2,2,4,4,3,2,1,1,3,4,2,4,1,1,2,3,1,1,0,4,4,0,1,3,3,4,1,3,2,0,3,0,4,3,1,0,2,1,4,2,3,0,4,4,4,4,2,1,3,4,4,4,4,4,4,4,0,4,4,4,4,4,4,4,4,4,4,4,4,4,4,4,4,4,4,4,4,4,4,4,4,4,4,4,4,4,4,4,4,4,4,4,4,4,4,4,4,4,4,4,4,4,4,4,4,4,4,4,4,4,4,3,0,3,1,0,4,4,0,1,1,0,3,4,1,2,2,2,1,2,0,0,0,1,2,3,1,2,0,4,4,4,4,4,4,4,4,4,4,4,4,4,4,4,4,4,4,4,4,4,2,3,3,0,2,2,1,0,4,1,1,2,4,1,1,3,3,4,4,4,0,3,3,4,4,4,4,4,4,4,4,4,4,4,4,4,4,4,4,4,4,4,4,4,4,4,4,4,4,4,4,4,4,4,4,4,4,4,4,4,4,4,4,4,4,4,4,4,1,1,0,4,4,4,4,4,4,4,4,4,4,4,4,4,4,4,4,4,3,0,0,1,0,0,0,2,1,1,2,2,2,4,4,3,0,0,3,4,4,4,4,3,4,4,4,4,4,4,4,4,4,4,4,4,4,4,4,4,4,4,4,4,4,4,4,4,4,4,4,4,4,4,4,4,4,4,4,4,4,4,4,4,4,4,1,1,1,2,2,1,3,3,3,2,3,3,2,3,AEZQ01000050.1/723496-723309,0
31,2,3,4,4,4,2,2,1,3,1,0,3,3,1,0,1,1,4,3,3,4,1,3,3,0,3,2,3,1,0,2,1,1,1,1,3,3,1,2,4,4,4,4,4,4,4,4,4,4,2,2,0,1,2,1,4,4,4,4,4,4,4,4,4,4,4,4,4,4,4,4,4,4,4,4,4,4,4,4,4,4,4,4,4,4,2,1,4,3,0,1,0,3,0,0,0,1,3,3,1,4,4,2,0,0,3,2,0,1,2,1,4,4,4,4,4,0,1,0,0,0,1,4,4,4,4,4,4,0,2,2,4,4,3,2,1,1,3,4,2,4,1,1,2,3,1,1,0,4,4,0,1,3,1,4,1,3,2,0,3,0,4,0,1,0,2,4,4,4,1,1,4,3,4,2,2,1,3,4,4,4,4,4,4,4,3,4,4,4,4,4,4,4,4,4,4,4,4,4,4,4,4,4,4,4,4,4,4,4,4,4,4,4,4,4,4,4,4,4,4,4,4,4,4,4,4,4,4,4,4,4,4,4,4,4,4,4,4,4,4,3,0,3,1,0,4,4,2,0,1,0,3,4,1,2,2,2,1,2,0,0,0,1,2,3,1,2,0,4,4,4,4,4,4,4,4,4,4,4,4,4,4,4,4,4,4,4,4,4,2,3,0,0,2,2,1,0,4,1,1,2,4,1,1,3,1,4,4,0,3,3,1,4,4,4,4,4,4,4,4,4,4,4,4,4,4,4,4,4,4,4,4,4,4,4,4,4,4,4,4,4,4,4,4,4,4,4,4,4,4,4,4,4,4,4,4,4,1,3,2,4,4,4,4,4,4,4,4,4,4,4,4,4,4,4,4,4,4,0,0,1,0,0,0,2,1,1,0,2,2,1,1,3,3,2,4,4,4,4,4,4,4,4,4,4,4,4,4,4,4,4,4,4,4,4,4,4,4,4,4,4,4,4,4,4,4,4,4,4,4,4,4,4,4,4,4,4,4,4,4,4,1,2,1,1,3,2,2,1,3,3,3,2,3,3,2,3,CP001891.1/1243453-1243639,0
32,3,1,0,2,3,3,2,1,3,1,0,3,3,1,0,0,1,4,3,3,4,3,3,3,0,3,2,3,1,2,2,3,1,1,0,1,0,0,3,0,3,2,2,4,4,2,3,2,2,2,0,0,1,0,3,4,4,4,4,4,4,4,4,4,4,4,4,4,4,4,4,4,4,4,4,4,4,4,4,4,4,4,4,4,4,0,1,4,1,0,1,0,3,0,0,2,1,1,0,0,4,4,2,0,0,3,2,0,1,2,1,4,4,1,0,4,2,0,2,4,4,4,4,4,4,4,3,0,0,2,2,4,4,3,2,1,1,3,4,0,4,1,1,2,3,1,1,0,4,0,1,0,3,1,4,0,3,2,0,3,0,1,3,1,2,1,1,4,3,3,1,4,2,4,2,2,1,1,4,4,4,4,4,4,4,3,4,4,4,4,4,4,4,4,4,4,4,4,4,4,4,4,4,4,4,4,4,4,4,4,4,4,4,4,4,4,4,4,4,4,4,4,4,4,4,4,4,4,4,4,4,4,4,4,4,4,4,4,4,4,3,0,3,1,0,4,4,0,0,1,0,1,4,0,2,2,2,1,2,0,1,0,1,2,3,2,2,0,4,4,4,4,4,4,4,4,4,4,4,4,4,4,4,4,4,4,4,4,4,2,3,2,0,2,2,1,0,4,1,1,0,4,1,1,3,3,4,4,1,0,3,3,1,3,1,3,4,3,4,3,3,0,4,4,4,4,4,4,4,4,4,4,4,4,4,4,4,4,4,4,4,4,4,4,4,4,4,4,4,4,4,4,4,4,2,0,2,0,2,0,0,0,0,2,0,2,0,3,4,2,0,0,3,0,3,3,2,0,1,2,0,2,1,2,2,0,0,3,0,3,1,3,1,0,2,3,4,4,4,4,0,4,4,4,4,4,4,4,4,4,4,4,4,4,4,4,4,4,4,4,4,4,4,4,4,4,4,4,4,4,4,4,4,4,4,4,4,4,4,4,4,0,2,0,3,0,3,3,1,1,2,1,3,1,3,1,1,AAZX01020872.1/794-562,0
33,2,3,4,4,4,3,2,1,3,1,0,3,3,1,0,3,1,4,3,2,4,3,3,3,0,3,2,0,3,3,2,1,1,0,1,1,1,1,0,1,0,2,4,4,4,4,4,1,2,2,2,1,0,2,0,4,4,4,4,4,4,4,4,4,4,4,4,4,4,4,4,4,4,4,4,4,4,4,4,4,4,4,4,4,4,2,1,4,4,3,1,0,3,0,0,0,0,3,1,1,4,4,2,0,0,3,2,0,1,2,1,4,0,4,4,4,4,1,1,0,0,0,4,4,4,4,4,4,1,2,2,4,4,0,2,1,1,3,4,2,4,3,1,2,3,1,1,0,4,1,1,1,0,0,4,1,1,2,0,3,0,4,0,3,1,2,3,4,0,3,2,4,3,4,3,1,3,4,2,1,0,4,3,1,2,3,4,4,4,4,4,4,4,4,4,4,4,4,4,4,4,4,4,4,4,4,4,4,4,4,4,4,4,4,4,4,4,4,4,4,4,4,4,4,4,4,4,4,4,4,4,4,4,4,4,4,4,4,4,4,3,0,3,1,0,0,2,4,4,1,0,3,4,1,2,2,0,1,2,1,0,0,1,2,3,3,2,0,4,4,4,4,4,4,4,4,4,4,4,4,4,4,4,4,4,4,4,4,4,2,3,3,0,2,2,1,3,4,1,1,0,4,1,1,1,0,4,4,3,3,1,3,1,2,1,2,4,3,4,0,1,3,4,4,4,4,4,4,4,4,4,4,4,4,4,4,4,4,4,4,4,4,4,4,4,4,4,4,4,4,4,4,4,4,2,1,3,0,3,2,2,1,2,4,4,4,4,4,4,4,4,4,4,4,2,3,2,1,2,3,1,0,0,1,2,2,1,0,2,2,1,1,0,3,1,2,4,4,4,4,4,4,4,4,4,4,4,4,4,4,4,4,4,4,4,4,4,4,4,4,4,4,4,4,4,4,4,4,4,4,4,4,4,4,4,4,4,4,4,4,4,1,2,1,1,3,2,1,1,2,3,3,3,3,1,3,3,CAEI01000121.1/306826-306609,0
34,2,3,0,2,0,3,2,1,3,1,0,3,1,1,1,0,1,4,3,3,4,0,3,3,0,3,2,0,3,0,2,1,1,3,2,2,3,3,3,3,3,0,3,4,4,0,2,1,1,0,0,3,3,3,0,4,4,4,4,4,4,4,4,4,4,4,4,4,4,4,4,4,4,4,4,4,4,4,4,4,4,4,4,4,4,2,1,4,3,3,1,0,3,0,0,0,1,1,1,0,4,2,2,2,0,3,2,0,1,2,1,4,0,2,0,4,2,1,1,2,0,3,4,4,3,3,3,0,2,2,2,4,4,3,2,1,1,3,4,0,4,3,3,2,3,1,1,0,4,3,2,3,0,0,4,0,1,2,0,3,2,4,3,3,2,0,0,4,3,0,3,4,1,4,3,3,4,4,4,4,4,4,4,4,4,4,4,4,4,4,4,4,4,4,4,4,4,4,4,4,4,4,4,4,4,4,4,4,4,4,4,4,4,4,4,4,4,4,4,4,4,4,4,4,4,4,4,4,4,4,4,4,4,4,4,4,4,4,4,4,1,0,3,1,0,4,4,1,0,3,0,1,4,1,2,2,2,1,0,3,0,0,1,2,3,3,2,0,4,4,4,4,4,4,4,4,4,4,4,4,4,4,4,4,4,4,4,4,4,2,3,2,0,2,2,1,0,4,1,1,2,4,0,1,0,3,4,4,3,2,3,3,2,3,1,3,4,2,4,3,4,0,4,4,4,4,4,4,4,4,4,4,4,4,4,4,4,4,4,4,4,4,4,4,4,4,4,4,4,4,4,4,4,4,2,0,1,1,3,2,0,0,4,4,4,4,4,4,4,4,4,4,4,4,0,0,3,3,3,1,0,2,0,1,2,1,3,3,2,1,1,1,3,3,0,3,4,4,4,4,4,4,4,4,4,4,4,4,4,4,4,4,4,4,4,4,4,4,4,4,4,4,4,4,4,4,4,4,4,4,4,4,4,4,4,4,4,4,4,4,4,1,2,2,1,0,0,2,1,2,3,3,3,3,3,3,3,CACZ01000059.1/366-144,0
35,2,3,0,2,0,3,2,1,3,1,0,3,3,1,1,0,3,4,1,3,4,1,3,3,0,3,2,3,3,1,2,1,1,3,3,0,4,4,4,4,4,4,4,4,4,4,4,4,4,4,4,4,4,2,3,4,4,4,4,4,4,4,4,4,4,4,4,4,4,4,4,4,4,4,4,4,4,4,4,4,4,4,4,4,4,2,1,4,1,3,1,0,3,0,0,0,1,3,1,1,4,2,2,0,0,3,2,0,1,2,1,4,0,2,0,4,2,1,1,2,3,3,4,4,4,4,3,0,1,2,2,4,4,3,2,1,3,3,4,0,4,3,1,2,3,1,1,0,4,4,1,3,2,0,4,1,0,2,0,3,2,4,3,1,2,1,4,4,4,3,3,4,0,4,3,2,1,1,4,4,4,4,4,4,4,3,4,4,4,4,4,4,4,4,4,4,4,4,4,4,4,4,4,4,4,4,4,4,4,4,4,4,4,4,4,4,4,4,4,4,4,4,4,4,4,4,4,4,4,4,4,4,4,4,4,4,4,4,4,4,1,0,3,1,0,2,0,1,0,1,1,0,4,3,2,2,0,1,0,1,0,0,1,2,3,3,2,0,4,4,4,4,4,4,4,4,4,4,4,4,4,4,4,4,4,4,4,4,4,2,3,2,0,0,2,1,0,4,1,1,4,4,1,0,1,3,4,4,3,2,3,3,2,3,1,0,4,3,4,0,1,0,4,4,4,4,4,4,4,4,4,4,4,4,4,4,4,4,4,4,4,4,4,4,4,4,4,4,4,4,4,4,4,4,2,0,1,1,3,2,4,4,4,4,4,4,4,4,4,4,4,4,4,4,4,4,4,3,3,3,3,0,0,1,2,4,4,4,4,4,4,4,4,4,4,4,4,4,4,4,4,1,1,3,4,4,4,4,4,4,4,4,4,4,4,4,4,4,4,4,4,4,4,4,4,4,4,4,4,4,4,4,4,4,4,4,4,2,1,3,1,4,4,4,4,4,4,4,1,2,3,0,0,3,0,0,2,ADTL01000420.1/196-5,0
36,4,4,4,4,4,4,4,4,4,4,4,4,4,4,4,4,4,4,4,4,4,4,4,4,4,4,4,4,4,4,4,4,4,4,4,4,4,4,4,4,4,4,4,4,4,4,4,4,4,4,4,4,4,4,4,4,4,4,4,4,4,4,4,4,4,4,4,4,4,4,4,4,4,4,4,4,4,4,4,4,4,4,4,4,4,4,4,4,4,4,4,4,4,4,4,4,4,4,4,4,4,4,4,4,4,4,4,4,4,4,4,4,4,4,4,4,4,4,4,4,4,4,4,4,4,4,4,4,4,4,4,4,4,4,4,4,4,4,4,4,4,4,4,4,4,4,4,4,4,4,4,4,4,4,4,4,4,4,4,4,4,4,4,4,4,4,4,4,4,4,4,4,4,4,4,4,4,4,4,4,4,4,4,4,4,4,4,4,4,4,4,4,4,4,4,4,4,4,4,4,4,4,4,4,4,4,4,4,4,4,4,4,4,4,4,4,4,4,4,4,4,4,4,4,4,4,4,4,4,4,4,4,4,4,4,4,4,4,4,4,4,4,4,4,4,4,4,4,4,4,4,4,4,4,4,4,4,4,4,4,4,4,4,4,4,4,4,4,4,4,4,4,4,4,4,4,4,4,4,4,4,4,4,4,4,4,4,4,4,4,4,4,4,4,4,4,4,4,4,4,2,4,0,3,0,3,4,4,3,2,3,3,2,3,1,3,4,0,4,3,1,4,4,4,4,4,4,4,4,4,4,4,4,4,4,4,4,4,4,4,4,4,4,4,4,4,4,4,4,4,4,4,4,4,2,0,1,1,3,2,0,0,4,4,4,4,4,4,4,4,4,4,4,4,0,0,3,3,3,3,0,2,0,1,0,1,3,3,2,1,1,1,3,3,3,3,4,4,4,4,4,4,4,4,4,4,4,4,4,4,4,4,4,4,4,4,4,4,4,4,4,4,4,4,4,4,4,4,4,4,4,4,4,4,4,4,4,4,4,4,4,1,2,2,1,0,0,2,3,2,3,3,4,4,4,4,4,AAOS02000020.1/68-124,0
37,4,4,4,4,4,3,2,1,3,1,0,3,3,1,2,0,3,4,3,2,4,2,3,3,0,3,2,0,3,3,2,1,0,0,0,0,1,3,2,2,1,0,4,4,4,4,0,2,3,2,2,3,0,3,3,4,4,4,4,4,4,4,4,4,4,4,4,4,4,4,4,4,4,4,4,4,4,4,4,4,4,4,4,4,4,2,1,4,4,3,1,0,3,0,0,1,2,1,1,3,4,2,2,0,0,3,2,0,1,2,1,4,1,0,4,4,4,4,0,0,0,2,4,4,4,0,0,0,0,2,2,4,4,3,2,1,1,3,4,0,4,3,1,2,1,1,3,0,4,3,3,3,0,3,1,0,2,2,0,3,0,4,0,1,3,2,1,4,3,1,3,4,2,4,1,0,0,0,2,1,4,4,2,1,3,3,4,4,4,4,4,4,4,4,4,4,4,4,4,4,4,4,4,4,4,4,4,4,4,4,4,4,4,4,4,4,4,4,4,4,4,4,4,4,4,4,4,4,4,4,4,4,4,4,4,4,4,4,4,4,3,0,3,1,1,4,4,0,2,1,0,1,4,1,2,2,2,1,2,0,1,0,1,2,3,3,2,0,4,4,4,4,4,4,4,4,4,4,4,4,4,4,4,4,4,4,4,4,4,2,3,2,0,2,2,1,0,4,1,1,4,4,4,4,4,4,4,4,4,4,4,4,2,4,4,4,4,4,4,4,4,4,4,4,4,4,4,4,4,4,4,4,4,4,4,4,4,4,4,4,4,4,4,4,4,4,4,4,4,4,4,4,4,4,4,4,1,1,3,0,4,4,4,4,4,4,4,4,4,4,4,4,4,4,4,4,4,3,3,3,0,2,0,2,0,1,1,1,2,2,3,1,0,3,4,4,4,4,4,4,4,2,1,0,2,2,3,4,4,4,4,4,4,4,4,4,4,4,4,4,4,4,4,4,4,4,4,4,4,4,4,4,4,4,3,0,3,2,3,2,3,2,0,1,1,2,2,2,3,3,3,1,2,1,3,3,3,CP001654.1/3235638-3235430,0
38,2,3,0,2,0,3,2,1,3,1,0,3,3,1,2,1,1,4,1,1,4,1,3,3,0,3,2,3,3,3,2,1,2,1,0,0,4,4,4,4,4,4,4,4,4,4,4,4,4,4,4,4,4,4,4,4,4,4,4,4,4,4,4,4,4,4,4,4,4,4,4,4,4,4,4,4,4,4,4,4,4,4,4,4,4,2,1,4,3,3,1,0,3,0,0,0,3,1,3,2,4,0,2,0,0,3,2,0,3,2,1,4,0,2,0,4,2,1,1,2,0,1,4,4,4,3,3,2,3,2,2,4,4,3,2,1,1,3,4,0,4,3,1,2,3,1,1,2,4,4,0,0,3,1,4,2,3,2,1,3,2,4,3,1,1,1,4,4,4,4,4,4,3,4,0,0,1,2,4,4,4,4,4,4,4,3,4,4,4,4,4,4,4,4,4,4,4,4,4,4,4,4,4,4,4,4,4,4,4,4,4,4,4,4,4,4,4,4,4,4,4,4,4,4,4,4,4,4,4,4,4,4,4,4,4,4,4,4,4,4,1,0,2,3,0,4,4,3,2,1,1,0,4,1,2,2,0,1,0,1,2,3,1,2,3,3,2,0,4,4,4,4,4,4,4,4,4,4,4,4,4,4,4,4,4,4,4,4,4,2,3,2,0,2,2,1,0,4,1,1,2,4,0,3,1,0,4,4,4,2,3,3,2,3,1,3,4,3,4,0,4,0,4,4,4,4,4,4,4,4,4,4,4,4,4,4,4,4,4,4,4,4,4,4,4,4,4,4,4,4,4,4,4,4,2,0,3,1,3,2,0,3,3,2,4,4,4,4,4,4,4,4,3,1,1,3,3,3,3,3,1,0,0,1,0,1,3,3,2,1,1,3,2,1,4,4,4,4,4,4,4,4,4,4,4,4,4,4,4,4,4,4,4,4,4,4,4,4,4,4,4,4,4,4,4,4,4,4,4,4,4,4,4,4,4,4,4,4,4,4,4,1,2,2,1,0,2,2,3,2,3,3,3,3,3,3,3,CP001600.1/101247-101450,0
39,2,1,0,2,3,2,2,1,3,1,0,3,3,1,0,1,1,4,2,0,4,1,3,3,0,3,2,3,1,0,2,1,1,1,1,3,3,1,2,4,4,4,4,4,4,4,4,4,4,2,2,0,1,2,3,4,4,4,4,4,4,4,4,4,4,4,4,4,4,4,4,4,4,4,4,4,4,4,4,4,4,4,4,4,4,2,1,4,3,0,1,0,3,0,0,0,0,3,3,1,4,4,2,0,0,3,2,0,1,2,1,4,0,1,0,4,0,1,4,4,4,4,4,4,4,4,4,0,0,2,2,4,4,3,2,1,1,3,4,2,4,1,1,2,3,1,1,0,4,4,0,1,3,3,4,1,3,2,0,3,0,4,3,1,0,2,1,4,2,3,0,4,4,4,4,2,1,3,4,4,4,4,4,4,4,0,4,4,4,4,4,4,4,4,4,4,4,4,4,4,4,4,4,4,4,4,4,4,4,4,4,4,4,4,4,4,4,4,4,4,4,4,4,4,4,4,4,4,4,4,4,4,4,4,4,4,4,4,4,4,3,0,3,1,0,4,4,0,1,1,0,3,4,1,2,2,2,1,2,0,0,0,1,2,3,1,2,0,4,4,4,4,4,4,4,4,4,4,4,4,4,4,4,4,4,4,4,4,4,2,3,3,0,2,2,1,0,4,1,1,2,4,1,1,3,3,4,4,4,0,3,3,4,4,4,4,4,4,4,4,4,4,4,4,4,4,4,4,4,4,4,4,4,4,4,4,4,4,4,4,4,4,4,4,4,4,4,4,4,4,4,4,4,4,4,4,4,1,1,0,4,4,4,4,4,4,4,4,4,4,4,4,4,4,4,4,4,3,0,0,1,0,0,0,2,1,1,2,2,2,4,4,3,0,0,3,4,4,4,4,3,4,4,4,4,4,4,4,4,4,4,4,4,4,4,4,4,4,4,4,4,4,4,4,4,4,4,4,4,4,4,4,4,4,4,4,4,4,4,4,4,4,4,1,1,1,2,2,1,3,3,3,2,3,3,2,3,CP000468.1/2845401-2845214,0
40,2,1,0,2,3,2,2,1,3,1,0,3,3,1,0,1,1,4,2,0,4,1,3,3,0,3,2,3,1,0,2,1,1,1,1,3,3,1,2,4,4,4,4,4,4,4,4,4,4,2,2,0,1,2,3,4,4,4,4,4,4,4,4,4,4,4,4,4,4,4,4,4,4,4,4,4,4,4,4,4,4,4,4,4,4,2,1,4,3,0,1,0,3,0,0,0,0,3,3,1,4,4,2,0,0,3,2,0,1,2,1,4,0,1,0,4,0,1,4,4,4,4,4,4,4,4,4,0,0,2,2,4,4,3,2,1,1,3,4,2,4,1,1,2,3,1,1,0,4,4,0,1,3,3,4,1,3,2,0,3,0,4,3,1,0,2,1,4,2,3,0,4,4,4,4,2,1,3,4,4,4,4,4,4,4,0,4,4,4,4,4,4,4,4,4,4,4,4,4,4,4,4,4,4,4,4,4,4,4,4,4,4,4,4,4,4,4,4,4,4,4,4,4,4,4,4,4,4,4,4,4,4,4,4,4,4,4,4,4,4,3,0,3,1,0,4,4,0,1,1,0,3,4,1,2,2,2,1,2,0,0,0,1,2,3,1,2,0,4,4,4,4,4,4,4,4,4,4,4,4,4,4,4,4,4,4,4,4,4,2,3,3,0,2,2,1,0,4,1,1,2,4,1,1,3,3,4,4,4,0,3,3,4,4,4,4,4,4,4,4,4,4,4,4,4,4,4,4,4,4,4,4,4,4,4,4,4,4,4,4,4,4,4,4,4,4,4,4,4,4,4,4,4,4,4,4,4,1,1,0,4,4,4,4,4,4,4,4,4,4,4,4,4,4,4,4,4,3,0,0,1,0,0,0,2,1,1,2,2,2,4,4,3,0,0,3,4,4,4,4,3,4,4,4,4,4,4,4,4,4,4,4,4,4,4,4,4,4,4,4,4,4,4,4,4,4,4,4,4,4,4,4,4,4,4,4,4,4,4,4,4,4,4,1,1,1,2,2,1,3,3,3,2,3,3,2,3,AEFA01000017.1/37197-37384,0
41,3,1,0,2,3,3,2,1,3,1,0,3,3,1,0,0,1,4,3,3,4,3,3,3,0,3,2,3,1,2,2,3,1,1,0,1,0,0,3,0,0,3,2,2,4,2,3,2,2,2,0,0,1,0,3,4,4,4,4,4,4,4,4,4,4,4,4,4,4,4,4,4,4,4,4,4,4,4,4,4,4,4,4,4,4,0,1,4,1,0,1,0,3,0,0,2,1,1,0,2,4,4,2,0,0,3,2,0,1,2,1,4,4,1,0,4,2,0,2,4,4,4,4,4,4,4,3,0,0,2,2,4,4,3,2,1,1,3,4,0,4,1,1,2,3,1,1,0,4,0,1,0,3,1,4,0,3,2,0,3,0,4,1,3,1,2,3,4,1,3,3,4,1,2,2,0,1,1,4,4,4,4,4,4,4,3,4,4,4,4,4,4,4,4,4,4,4,4,4,4,4,4,4,4,4,4,4,4,4,4,4,4,4,4,4,4,4,4,4,4,4,4,4,4,4,4,4,4,4,4,4,4,4,4,4,4,4,4,4,4,3,0,3,1,0,4,4,0,0,1,0,1,4,0,2,2,2,1,2,0,1,0,1,2,3,2,2,0,4,4,4,4,4,4,4,4,4,4,4,4,4,4,4,4,4,4,4,4,4,2,3,2,0,2,2,1,0,4,1,1,0,4,1,1,3,3,4,4,1,0,3,3,1,3,1,3,4,3,4,3,3,0,4,4,4,4,4,4,4,4,4,4,4,4,4,4,4,4,4,4,4,4,4,4,4,4,4,4,4,4,4,4,4,4,2,0,2,0,0,0,0,0,0,2,0,2,0,3,2,0,0,0,3,0,3,3,2,0,1,2,0,2,1,2,2,0,0,3,0,3,1,3,1,0,0,3,4,4,4,4,0,4,4,4,4,4,4,4,4,4,4,4,4,4,4,4,4,4,4,4,4,4,4,4,4,4,4,4,4,4,4,4,4,4,4,4,4,4,4,4,4,0,2,0,3,0,3,3,1,1,2,1,3,1,3,1,1,ABVP01000023.1/268819-268585,0
42,2,3,4,4,4,2,2,1,3,1,0,3,3,1,0,1,1,4,2,0,4,1,3,3,0,3,2,3,1,0,2,1,1,1,1,3,3,1,2,4,4,4,4,4,4,4,4,4,4,2,2,0,1,2,3,4,4,4,4,4,4,4,4,4,4,4,4,4,4,4,4,4,4,4,4,4,4,4,4,4,4,4,4,4,4,2,1,4,3,0,1,0,3,0,0,0,0,3,3,1,4,4,2,0,0,3,2,0,1,2,1,4,4,4,4,4,0,1,0,0,4,4,4,4,4,4,1,0,0,2,2,4,4,3,2,1,1,3,4,2,4,1,1,2,3,1,1,0,4,4,0,1,3,3,4,1,3,2,0,3,0,4,3,1,0,2,1,4,2,3,0,4,4,4,4,2,1,3,4,4,4,4,4,4,4,0,4,4,4,4,4,4,4,4,4,4,4,4,4,4,4,4,4,4,4,4,4,4,4,4,4,4,4,4,4,4,4,4,4,4,4,4,4,4,4,4,4,4,4,4,4,4,4,4,4,4,4,4,4,4,3,0,3,1,0,4,4,0,1,1,0,3,4,1,2,2,2,1,2,0,0,0,1,2,3,1,2,0,4,4,4,4,4,4,4,4,4,4,4,4,4,4,4,4,4,4,4,4,4,2,3,3,0,2,2,1,0,4,1,1,2,4,1,1,3,3,4,4,4,0,3,3,4,4,4,4,4,4,4,4,4,4,4,4,4,4,4,4,4,4,4,4,4,4,4,4,4,4,4,4,4,4,4,4,4,4,4,4,4,4,4,4,4,4,4,4,4,1,1,0,4,4,4,4,4,4,4,4,4,4,4,4,4,4,4,4,4,3,0,0,1,0,0,0,2,1,1,2,2,2,4,4,3,0,0,3,4,4,4,4,3,4,4,4,4,4,4,4,4,4,4,4,4,4,4,4,4,4,4,4,4,4,4,4,4,4,4,4,4,4,4,4,4,4,4,4,4,4,4,4,4,4,4,1,1,1,2,2,1,3,3,3,2,3,3,2,3,BA000007.2/3411705-3411521,0
43,2,3,0,2,0,3,2,1,3,1,0,3,3,1,1,0,3,4,1,3,4,1,3,3,0,3,2,3,3,1,2,1,1,3,3,0,4,4,4,4,4,4,4,4,4,4,4,4,4,4,4,4,4,2,3,4,4,4,4,4,4,4,4,4,4,4,4,4,4,4,4,4,4,4,4,4,4,4,4,4,4,4,4,4,4,2,1,4,1,3,1,0,3,0,0,0,1,3,1,0,4,2,2,0,0,3,2,0,1,2,1,4,0,2,0,4,2,1,1,2,3,3,4,4,4,4,3,0,1,2,2,4,4,3,2,1,3,3,4,0,4,3,1,2,3,1,1,0,4,4,1,3,2,0,4,1,0,2,0,3,2,4,3,1,2,1,4,4,4,3,2,4,1,4,2,2,1,1,4,4,4,4,4,4,4,3,4,4,4,4,4,4,4,4,4,4,4,4,4,4,4,4,4,4,4,4,4,4,4,4,4,4,4,4,4,4,4,4,4,4,4,4,4,4,4,4,4,4,4,4,4,4,4,4,4,4,4,4,4,4,1,0,3,1,0,0,0,1,0,1,1,0,4,3,2,2,0,1,0,1,0,0,1,2,3,3,2,0,4,4,4,4,4,4,4,4,4,4,4,4,4,4,4,4,4,4,4,4,4,2,3,2,0,0,2,1,0,4,1,1,0,4,0,0,3,0,4,4,3,2,3,3,2,3,1,3,4,3,4,0,1,0,4,4,4,4,4,4,4,4,4,4,4,4,4,4,4,4,4,4,4,4,4,4,4,4,4,4,4,4,4,4,4,4,2,0,1,1,3,2,4,4,4,4,4,4,4,4,4,4,4,4,4,4,4,4,4,3,3,3,3,0,0,1,2,1,1,3,2,1,3,3,3,3,0,4,4,4,4,4,4,4,4,4,4,4,4,4,4,4,4,4,4,4,4,4,4,4,4,4,4,4,4,4,4,4,4,4,4,4,4,4,4,4,4,4,4,4,4,4,4,3,0,2,1,0,2,2,1,2,3,3,3,3,3,3,3,ABWM02000051.1/33898-34100,0
44,2,3,0,2,0,3,2,1,3,1,0,3,3,1,1,0,3,4,1,3,4,1,3,3,0,3,2,3,3,1,2,1,1,3,3,0,4,4,4,4,4,4,4,4,4,4,4,4,4,4,4,4,4,2,3,4,4,4,4,4,4,4,4,4,4,4,4,4,4,4,4,4,4,4,4,4,4,4,4,4,4,4,4,4,4,2,1,4,1,3,1,0,3,0,0,0,1,3,1,1,4,2,2,0,0,3,2,0,1,2,1,4,0,2,0,4,2,1,1,2,3,3,4,4,4,4,3,0,1,2,2,4,4,3,2,1,3,3,4,0,4,3,1,2,3,1,1,0,4,4,1,3,2,0,4,1,0,2,0,3,2,4,3,1,2,1,4,4,4,3,3,4,0,4,3,2,1,1,4,4,4,4,4,4,4,3,4,4,4,4,4,4,4,4,4,4,4,4,4,4,4,4,4,4,4,4,4,4,4,4,4,4,4,4,4,4,4,4,4,4,4,4,4,4,4,4,4,4,4,4,4,4,4,4,4,4,4,4,4,4,1,0,3,1,0,2,0,1,0,1,1,0,4,3,2,2,0,1,0,1,0,0,1,2,3,3,2,0,4,4,4,4,4,4,4,4,4,4,4,4,4,4,4,4,4,4,4,4,4,2,3,2,0,0,2,1,0,4,1,1,4,4,1,0,1,3,4,4,3,2,3,3,2,3,1,0,4,3,4,0,1,0,4,4,4,4,4,4,4,4,4,4,4,4,4,4,4,4,4,4,4,4,4,4,4,4,4,4,4,4,4,4,4,4,2,0,1,1,3,2,4,4,4,4,4,4,4,4,4,4,4,4,4,4,4,4,4,3,3,3,3,0,0,1,2,1,1,3,2,1,3,1,1,2,3,0,0,4,3,0,0,4,4,4,4,4,4,4,4,4,4,4,4,4,4,4,4,4,4,4,4,4,4,4,4,4,4,4,4,4,4,4,4,4,4,4,4,4,4,4,4,2,0,2,1,0,2,2,1,2,3,3,3,3,3,3,3,AGTI01000003.1/38018-38224,0
45,2,1,0,2,3,2,2,1,3,1,0,3,3,1,0,1,1,4,2,0,4,1,3,3,0,3,2,3,1,0,2,1,1,1,1,3,3,1,2,4,4,4,4,4,4,4,4,4,4,2,2,0,1,2,3,4,4,4,4,4,4,4,4,4,4,4,4,4,4,4,4,4,4,4,4,4,4,4,4,4,4,4,4,4,4,2,1,4,3,0,1,0,3,0,0,0,0,3,3,1,4,4,2,0,0,3,2,0,1,2,1,4,0,1,0,4,0,1,4,4,4,4,4,4,4,4,4,0,0,2,2,4,4,3,2,1,1,3,4,2,4,1,1,2,3,1,1,0,4,4,0,1,3,3,4,1,3,2,0,3,0,4,3,1,0,2,1,4,2,3,0,4,4,4,4,2,1,3,4,4,4,4,4,4,4,0,4,4,4,4,4,4,4,4,4,4,4,4,4,4,4,4,4,4,4,4,4,4,4,4,4,4,4,4,4,4,4,4,4,4,4,4,4,4,4,4,4,4,4,4,4,4,4,4,4,4,4,4,4,4,3,0,3,1,0,4,4,0,1,1,0,3,4,1,2,2,2,1,2,0,0,0,1,2,3,1,2,0,4,4,4,4,4,4,4,4,4,4,4,4,4,4,4,4,4,4,4,4,4,2,3,3,0,2,2,1,0,4,1,1,2,4,1,1,3,3,4,4,4,0,3,3,4,4,4,4,4,4,4,4,4,4,4,4,4,4,4,4,4,4,4,4,4,4,4,4,4,4,4,4,4,4,4,4,4,4,4,4,4,4,4,4,4,4,4,4,4,1,1,0,4,4,4,4,4,4,4,4,4,4,4,4,4,4,4,4,4,3,0,0,1,0,0,0,2,1,1,2,2,2,4,4,3,0,0,3,4,4,4,4,3,4,4,4,4,4,4,4,4,4,4,4,4,4,4,4,4,4,4,4,4,4,4,4,4,4,4,4,4,4,4,4,4,4,4,4,4,4,4,4,4,4,4,1,1,1,2,2,1,3,3,3,2,3,3,2,3,AFVS01001170.1/1736-1549,0
46,2,3,4,4,4,2,2,1,3,1,0,3,3,1,0,1,1,4,3,3,4,1,3,3,0,3,2,3,1,0,2,1,1,1,1,3,3,0,2,4,4,4,4,4,4,4,4,4,4,2,2,0,1,2,1,4,4,4,4,4,4,4,4,4,4,4,4,4,4,4,4,4,4,4,4,4,4,4,4,4,4,4,4,4,4,2,1,4,3,0,1,0,3,0,0,0,1,3,3,1,4,4,2,0,0,3,2,0,1,2,1,4,4,4,4,4,0,1,0,0,4,4,4,4,4,4,1,0,0,2,2,4,4,3,2,1,1,3,4,2,4,1,1,2,3,1,1,0,4,4,0,1,3,3,4,1,3,2,0,3,0,4,0,3,0,2,1,4,2,3,4,4,4,4,0,2,1,3,4,4,4,4,4,4,4,3,4,4,4,4,4,4,4,4,4,4,4,4,4,4,4,4,4,4,4,4,4,4,4,4,4,4,4,4,4,4,4,4,4,4,4,4,4,4,4,4,4,4,4,4,4,4,4,4,4,4,4,4,4,4,3,0,3,1,0,4,4,0,1,1,3,1,4,1,2,2,2,1,2,0,0,0,1,2,3,1,2,0,4,4,4,4,4,4,4,4,4,4,4,4,4,4,4,4,4,4,4,4,4,2,3,3,0,2,2,1,0,4,1,1,2,4,1,1,3,3,4,4,4,0,3,3,4,4,4,4,4,4,4,4,4,4,4,4,4,4,4,4,4,4,4,4,4,4,4,4,4,4,4,4,4,4,4,4,4,4,4,4,4,4,4,4,4,4,4,4,4,1,1,0,4,4,4,4,4,4,4,4,4,4,4,4,4,4,4,4,4,3,0,0,1,0,0,0,2,1,1,2,2,2,3,3,3,4,4,4,4,4,4,4,4,4,4,4,4,4,4,4,4,4,4,4,4,4,4,4,4,4,4,4,4,4,4,4,4,4,4,4,4,4,4,4,4,4,4,4,4,4,4,4,4,0,2,1,1,1,2,2,1,3,3,3,2,3,3,2,3,ABAN01000002.1/51522-51706,0
47,2,3,0,2,0,3,2,1,3,1,0,3,3,1,3,0,3,4,1,3,4,1,3,3,0,3,2,3,3,1,2,1,1,3,3,0,4,4,4,4,4,4,4,4,4,4,4,4,4,4,4,4,4,2,3,4,4,4,4,4,4,4,4,4,4,4,4,4,4,4,4,4,4,4,4,4,4,4,4,4,4,4,4,4,4,2,1,4,1,3,1,0,3,0,0,0,1,3,1,1,4,2,2,0,0,3,2,0,1,2,1,4,0,2,0,4,2,1,1,2,3,3,4,4,4,4,3,0,1,2,2,4,4,3,2,1,3,3,4,0,4,3,1,2,3,1,1,0,4,4,1,3,2,0,4,1,0,2,0,3,2,4,3,1,2,1,4,4,4,3,3,4,0,4,3,2,1,1,4,4,4,4,4,4,4,3,4,4,4,4,4,4,4,4,4,4,4,4,4,4,4,4,4,4,4,4,4,4,4,4,4,4,4,4,4,4,4,4,4,4,4,4,4,4,4,4,4,4,4,4,4,4,4,4,4,4,4,4,4,4,1,0,3,1,0,2,0,1,0,1,1,0,4,3,2,2,0,1,0,1,0,0,1,2,3,3,2,0,4,4,4,4,4,4,4,4,4,4,4,4,4,4,4,4,4,4,4,4,4,2,3,2,0,0,2,1,0,4,1,1,4,4,1,0,1,3,4,4,3,2,3,3,2,3,1,0,4,3,4,0,1,0,4,4,4,4,4,4,4,4,4,4,4,4,4,4,4,4,4,4,4,4,4,4,4,4,4,4,4,4,4,4,4,4,2,0,1,1,3,2,4,4,4,4,4,4,4,4,4,4,4,4,4,4,4,4,4,3,3,3,3,0,0,1,2,1,1,3,2,1,3,1,1,2,3,0,0,4,3,0,0,4,4,4,4,4,4,4,4,4,4,4,4,4,4,4,4,4,4,4,4,4,4,4,4,4,4,4,4,4,4,4,4,4,4,4,4,4,4,4,4,2,0,2,1,0,2,2,1,2,3,3,4,4,4,4,4,ADTQ01000140.1/202-1,0
48,2,1,0,2,3,2,2,1,3,1,0,3,3,1,0,1,1,4,2,0,4,1,3,3,0,3,2,3,1,0,2,1,1,1,1,3,3,1,2,4,4,4,4,4,4,4,4,4,4,2,2,0,1,2,3,4,4,4,4,4,4,4,4,4,4,4,4,4,4,4,4,4,4,4,4,4,4,4,4,4,4,4,4,4,4,2,1,4,3,0,1,0,3,0,0,0,0,3,3,1,4,4,2,0,0,3,2,0,1,2,1,4,0,1,0,4,0,1,4,4,4,4,4,4,4,4,4,0,0,2,2,4,4,3,2,1,1,3,4,2,4,1,1,2,3,1,1,0,4,4,0,1,3,3,4,1,3,2,0,3,0,4,3,1,0,2,1,4,2,3,0,4,4,4,4,2,1,3,4,4,4,4,4,4,4,0,4,4,4,4,4,4,4,4,4,4,4,4,4,4,4,4,4,4,4,4,4,4,4,4,4,4,4,4,4,4,4,4,4,4,4,4,4,4,4,4,4,4,4,4,4,4,4,4,4,4,4,4,4,4,3,0,3,1,0,4,4,0,1,1,0,3,4,1,2,2,2,1,2,0,0,0,1,2,3,1,2,0,4,4,4,4,4,4,4,4,4,4,4,4,4,4,4,4,4,4,4,4,4,2,3,3,0,2,2,1,0,4,1,1,2,4,1,1,3,3,4,4,4,0,3,3,4,4,4,4,4,4,4,4,4,4,4,4,4,4,4,4,4,4,4,4,4,4,4,4,4,4,4,4,4,4,4,4,4,4,4,4,4,4,4,4,4,4,4,4,4,1,1,0,4,4,4,4,4,4,4,4,4,4,4,4,4,4,4,4,4,3,0,0,1,0,0,0,2,1,1,2,2,2,4,4,3,0,0,3,4,4,4,4,3,4,4,4,4,4,4,4,4,4,4,4,4,4,4,4,4,4,4,4,4,4,4,4,4,4,4,4,4,4,4,4,4,4,4,4,4,4,4,4,4,4,4,1,1,1,2,2,1,3,3,3,2,3,3,2,3,AEZX01000059.1/74536-74723,0
49,2,3,0,2,0,3,2,1,3,1,0,3,3,1,1,0,3,4,1,3,4,1,3,3,0,3,2,3,3,1,2,1,1,3,3,0,4,4,4,4,4,4,4,4,4,4,4,4,4,4,4,4,4,2,3,4,4,4,4,4,4,4,4,4,4,4,4,4,4,4,4,4,4,4,4,4,4,4,4,4,4,4,4,4,4,2,1,4,1,3,1,0,3,0,0,0,1,3,1,1,4,2,2,0,0,3,2,0,1,2,1,4,0,2,0,4,2,1,1,2,3,3,4,4,4,4,3,0,1,2,2,4,4,3,2,1,3,3,4,0,4,3,1,2,3,1,1,0,4,4,1,3,2,0,4,1,0,2,0,3,2,4,3,1,2,1,4,4,4,3,3,4,0,4,3,2,1,1,4,4,4,4,4,4,4,3,4,4,4,4,4,4,4,4,4,4,4,4,4,4,4,4,4,4,4,4,4,4,4,4,4,4,4,4,4,4,4,4,4,4,4,4,4,4,4,4,4,4,4,4,4,4,4,4,4,4,4,4,4,4,1,0,3,1,0,2,0,1,0,1,1,0,4,3,2,2,0,1,0,1,0,0,1,2,3,3,2,0,4,4,4,4,4,4,4,4,4,4,4,4,4,4,4,4,4,4,4,4,4,2,3,2,0,0,2,1,0,4,1,1,4,4,1,0,1,3,4,4,3,2,3,3,2,3,1,0,4,3,4,0,1,0,4,4,4,4,4,4,4,4,4,4,4,4,4,4,4,4,4,4,4,4,4,4,4,4,4,4,4,4,4,4,4,4,2,0,1,1,3,2,4,4,4,4,4,4,4,4,4,4,4,4,4,4,4,4,4,3,3,3,3,0,0,1,2,1,1,3,2,1,3,1,1,2,3,0,0,4,3,0,0,4,4,4,4,4,4,4,4,4,4,4,4,4,4,4,4,4,4,4,4,4,4,4,4,4,4,4,4,4,4,4,4,4,4,4,4,4,4,4,4,2,0,2,1,0,2,2,1,2,3,3,3,3,3,3,3,AFVC01000025.1/41262-41468,0
50,2,3,0,2,0,3,2,1,3,1,0,3,3,1,1,0,3,4,1,3,4,1,3,3,0,3,2,3,3,1,2,1,1,3,3,0,4,4,4,4,4,4,4,4,4,4,4,4,4,4,4,4,4,2,3,4,4,4,4,4,4,4,4,4,4,4,4,4,4,4,4,4,4,4,4,4,4,4,4,4,4,4,4,4,4,2,1,4,1,3,1,0,3,0,0,0,1,3,1,1,4,2,2,0,0,3,2,0,1,2,1,4,0,2,0,4,2,1,1,2,3,3,4,4,4,4,3,0,1,2,2,4,4,3,2,1,3,3,4,0,4,3,1,2,3,1,1,0,4,4,1,3,2,0,4,1,0,2,0,3,2,4,3,1,2,1,4,4,4,3,3,4,0,4,3,2,1,1,4,4,4,4,4,4,4,3,4,4,4,4,4,4,4,4,4,4,4,4,4,4,4,4,4,4,4,4,4,4,4,4,4,4,4,4,4,4,4,4,4,4,4,4,4,4,4,4,4,4,4,4,4,4,4,4,4,4,4,4,4,4,1,0,3,1,0,2,0,1,0,1,1,0,4,3,2,2,0,1,0,1,0,0,1,2,3,3,2,0,4,4,4,4,4,4,4,4,4,4,4,4,4,4,4,4,4,4,4,4,4,2,3,2,0,0,2,1,0,4,1,1,4,4,1,0,1,3,4,4,3,2,3,3,2,3,1,0,4,3,4,0,1,0,4,4,4,4,4,4,4,4,4,4,4,4,4,4,4,4,4,4,4,4,4,4,4,4,4,4,4,4,4,4,4,4,2,0,1,1,3,2,4,4,4,4,4,4,4,4,4,4,4,4,4,4,4,4,4,3,3,3,3,0,0,1,2,1,1,3,2,1,3,1,1,2,3,0,0,4,3,0,0,4,4,4,4,4,4,4,4,4,4,4,4,4,4,4,4,4,4,4,4,4,4,4,4,4,4,4,4,4,4,4,4,4,4,4,4,4,4,4,4,2,0,2,1,0,2,2,1,2,3,3,3,3,3,3,3,AEZM01000056.1/205189-204983,0
51,2,3,0,2,0,3,2,1,3,1,0,3,3,1,1,0,1,4,1,3,4,3,1,3,0,3,2,1,3,3,2,1,3,3,1,2,4,4,4,4,4,4,4,4,4,4,4,4,4,4,4,4,4,4,4,4,4,4,4,4,4,4,4,4,4,4,4,4,4,4,4,4,4,4,4,4,4,4,4,4,4,4,4,4,4,2,1,4,3,3,1,0,3,0,0,3,1,1,3,2,4,2,2,0,0,3,2,0,1,2,1,4,0,2,0,4,2,1,1,0,0,3,4,4,4,3,3,2,0,2,2,4,4,3,2,1,1,3,4,0,4,3,1,2,3,1,1,0,4,4,0,1,3,1,4,1,0,2,0,3,2,4,0,0,2,0,3,4,2,1,0,4,0,4,0,3,1,3,4,4,4,4,4,4,4,1,4,4,4,4,4,4,4,4,4,4,4,4,4,4,4,4,4,4,4,4,4,4,4,4,4,4,4,4,4,4,4,4,4,4,4,4,4,4,4,4,4,4,4,4,4,4,4,4,4,4,4,4,4,4,1,0,3,1,2,2,2,1,3,3,3,1,4,1,2,2,0,1,0,3,0,0,1,2,3,3,2,0,4,4,4,4,4,4,4,4,4,4,4,4,4,4,4,4,4,4,4,4,4,2,3,2,0,2,2,1,0,4,1,1,4,4,0,3,3,1,4,4,3,2,3,3,2,3,1,3,4,2,4,0,1,0,4,4,4,4,4,4,4,4,4,4,4,4,4,4,4,4,4,4,4,4,4,4,4,4,4,4,4,4,4,4,4,4,2,0,1,1,3,2,0,3,4,4,4,4,4,4,4,4,4,4,4,4,4,2,3,3,3,3,1,0,0,1,2,1,3,3,0,1,1,2,3,3,3,0,4,4,4,4,3,4,4,4,4,4,4,4,4,4,4,4,4,4,4,4,4,4,4,4,4,4,4,4,4,4,4,4,4,4,4,4,4,4,4,4,4,4,4,4,4,1,2,2,3,0,0,2,1,2,3,3,3,3,3,3,3,CP001790.1/4600792-4600584,0
52,2,1,0,2,3,2,2,1,3,1,0,3,3,1,0,1,1,4,2,0,4,1,3,3,0,3,2,3,1,0,2,1,1,1,1,3,3,1,2,4,4,4,4,4,4,4,4,4,4,2,2,0,1,2,3,4,4,4,4,4,4,4,4,4,4,4,4,4,4,4,4,4,4,4,4,4,4,4,4,4,4,4,4,4,4,2,1,4,3,0,1,0,3,0,0,0,0,3,3,1,4,4,2,0,0,3,2,0,1,2,1,4,0,1,0,4,0,1,4,4,4,4,4,4,4,4,4,0,0,2,2,4,4,3,2,1,1,3,4,2,4,1,1,2,3,1,1,0,4,4,0,1,3,3,4,1,3,2,0,3,0,4,3,1,0,2,1,4,2,3,0,4,4,4,4,2,1,3,4,4,4,4,4,4,4,0,4,4,4,4,4,4,4,4,4,4,4,4,4,4,4,4,4,4,4,4,4,4,4,4,4,4,4,4,4,4,4,4,4,4,4,4,4,4,4,4,4,4,4,4,4,4,4,4,4,4,4,4,4,4,3,0,3,1,0,4,4,0,1,1,0,3,4,1,2,2,2,1,2,0,0,0,1,2,3,1,2,0,4,4,4,4,4,4,4,4,4,4,4,4,4,4,4,4,4,4,4,4,4,2,3,3,0,2,2,1,0,4,1,1,2,4,1,1,3,3,4,4,4,0,3,3,4,4,4,4,4,4,4,4,4,4,4,4,4,4,4,4,4,4,4,4,4,4,4,4,4,4,4,4,4,4,4,4,4,4,4,4,4,4,4,4,4,4,4,4,4,1,1,0,4,4,4,4,4,4,4,4,4,4,4,4,4,4,4,4,4,3,0,0,1,0,0,0,2,1,1,2,2,2,4,4,3,0,0,3,4,4,4,4,3,4,4,4,4,4,4,4,4,4,4,4,4,4,4,4,4,4,4,4,4,4,4,4,4,4,4,4,4,4,4,4,4,4,4,4,4,4,4,4,4,4,4,1,1,1,2,2,1,3,3,3,2,3,3,2,3,ADTQ01000154.1/27085-26898,0
53,2,3,4,4,4,2,2,1,3,1,0,3,3,1,0,1,1,4,2,0,4,1,3,3,0,3,2,3,1,0,2,1,1,1,1,3,3,1,2,4,4,4,4,4,4,4,4,4,4,2,2,0,1,2,3,4,4,4,4,4,4,4,4,4,4,4,4,4,4,4,4,4,4,4,4,4,4,4,4,4,4,4,4,4,4,2,1,4,3,0,1,0,3,0,0,0,0,3,0,1,4,4,2,0,0,3,2,0,1,2,1,4,4,4,4,4,0,1,0,0,4,4,4,4,4,4,1,0,0,2,2,4,4,3,2,1,1,3,4,2,4,1,1,2,3,1,1,0,4,4,0,1,3,3,4,1,3,2,0,3,0,4,3,1,0,2,1,4,2,3,0,4,4,4,4,2,1,3,4,4,4,4,4,4,4,0,4,4,4,4,4,4,4,4,4,4,4,4,4,4,4,4,4,4,4,4,4,4,4,4,4,4,4,4,4,4,4,4,4,4,4,4,4,4,4,4,4,4,4,4,4,4,4,4,4,4,4,4,4,4,3,0,3,1,0,4,4,0,1,1,0,3,4,1,2,2,2,1,2,0,0,0,1,2,3,1,2,0,4,4,4,4,4,4,4,4,4,4,4,4,4,4,4,4,4,4,4,4,4,2,3,3,0,2,2,1,0,4,1,1,2,4,1,1,3,3,4,4,4,0,3,3,4,4,4,4,4,4,4,4,4,4,4,4,4,4,4,4,4,4,4,4,4,4,4,4,4,4,4,4,4,4,4,4,4,4,4,4,4,4,4,4,4,4,4,4,4,1,1,0,4,4,4,4,4,4,4,4,4,4,4,4,4,4,4,4,4,3,0,0,1,0,0,0,2,1,1,2,2,2,4,4,3,0,0,3,4,4,4,4,3,4,4,4,4,4,4,4,4,4,4,4,4,4,4,4,4,4,4,4,4,4,4,4,4,4,4,4,4,4,4,4,4,4,4,4,4,4,4,4,4,4,4,1,1,1,2,2,1,3,3,3,2,3,3,2,3,AAMJ02000005.1/154152-153968,0
54,2,3,0,2,0,3,2,1,3,1,0,3,1,1,1,0,1,4,3,3,4,0,3,3,0,3,2,0,1,0,2,1,3,3,2,2,1,1,0,3,3,0,0,4,4,2,2,1,3,0,0,3,3,3,0,4,4,4,4,4,4,4,4,4,4,4,4,4,4,4,4,4,4,4,4,4,4,4,4,4,4,4,4,4,4,2,1,4,3,3,1,0,3,0,0,0,1,1,1,0,4,2,2,2,0,3,2,0,1,2,1,4,0,2,0,4,2,1,1,2,0,3,4,4,3,3,3,0,2,0,2,4,4,3,2,1,1,3,4,0,4,3,3,2,3,1,1,0,4,3,2,3,0,0,4,1,1,2,0,3,2,4,3,3,2,0,2,4,3,0,0,4,3,4,2,3,4,4,4,4,4,4,4,4,4,4,4,4,4,4,4,4,4,4,4,4,4,4,4,4,4,4,4,4,4,4,4,4,4,4,4,4,4,4,4,4,4,4,4,4,4,4,4,4,4,4,4,4,4,4,4,4,4,4,4,4,4,4,4,4,1,0,3,1,0,4,4,1,0,3,0,1,4,1,2,2,2,1,0,3,0,0,1,2,3,3,2,0,4,4,4,4,4,4,4,4,4,4,4,4,4,4,4,4,4,4,4,4,4,2,3,2,0,2,2,1,0,4,1,3,2,4,0,3,0,3,4,4,3,2,3,3,2,3,1,3,4,0,4,3,1,4,4,4,4,4,4,4,4,4,4,4,4,4,4,4,4,4,4,4,4,4,4,4,4,4,4,4,4,4,4,4,4,4,2,0,1,1,3,2,0,0,4,4,4,4,4,4,4,4,4,4,4,4,0,0,3,3,3,3,0,2,0,1,0,1,3,3,2,1,1,1,3,3,3,3,4,4,4,4,4,4,4,4,4,4,4,4,4,4,4,4,4,4,4,4,4,4,4,4,4,4,4,4,4,4,4,4,4,4,4,4,4,4,4,4,4,4,4,4,4,1,2,2,1,0,0,2,3,2,3,3,3,3,3,3,3,CP001048.1/212447-212669,0
55,2,3,4,4,4,2,2,1,3,1,0,3,3,1,0,1,1,4,3,3,4,1,3,3,0,3,2,3,1,0,2,1,1,1,1,3,3,1,2,4,4,4,4,4,4,4,4,4,4,2,2,0,1,2,1,4,4,4,4,4,4,4,4,4,4,4,4,4,4,4,4,4,4,4,4,4,4,4,4,4,4,4,4,4,4,2,1,4,3,0,1,0,3,0,0,0,1,3,3,0,4,4,2,0,0,3,2,0,1,2,1,4,4,4,4,4,0,1,0,0,0,0,4,4,4,4,4,4,0,2,2,4,4,3,2,1,1,3,4,2,4,1,1,2,3,1,1,0,4,4,0,1,3,0,4,1,3,2,0,3,1,4,0,3,0,2,4,4,4,1,2,4,0,4,3,2,1,3,4,4,4,4,4,4,4,3,4,4,4,4,4,4,4,4,4,4,4,4,4,4,4,4,4,4,4,4,4,4,4,4,4,4,4,4,4,4,4,4,4,4,4,4,4,4,4,4,4,4,4,4,4,4,4,4,4,4,4,4,4,4,3,0,3,1,0,4,4,4,2,2,0,1,4,0,2,2,2,1,2,0,0,0,1,2,3,1,2,0,4,4,4,4,4,4,4,4,4,4,4,4,4,4,4,4,4,4,4,4,4,2,3,3,0,2,2,1,0,4,1,1,2,4,1,1,3,1,4,4,0,3,3,1,4,4,4,4,4,4,4,4,1,0,4,4,4,4,4,4,4,4,4,4,4,4,4,4,4,4,4,4,4,4,4,4,4,4,4,4,4,4,4,4,4,4,4,4,4,1,4,4,4,4,4,4,4,4,4,4,4,4,4,4,4,4,4,4,4,4,4,0,0,1,0,0,0,2,1,1,2,2,2,3,3,3,3,3,4,4,4,4,4,4,4,4,4,4,4,4,4,4,4,4,4,4,4,4,4,4,4,4,4,4,4,4,4,4,4,4,4,4,4,4,4,4,4,4,4,4,4,4,4,0,1,1,1,2,2,1,3,3,3,2,3,3,2,3,0,AEXB01000094.1/20639-20454,0
56,2,3,4,4,4,2,2,1,3,1,0,3,3,1,0,1,1,4,3,3,4,1,3,3,0,3,2,3,1,0,2,1,1,1,1,3,3,1,2,4,4,4,4,4,4,4,4,4,4,2,2,0,1,2,3,4,4,4,4,4,4,4,4,4,4,4,4,4,4,4,4,4,4,4,4,4,4,4,4,4,4,4,4,4,4,2,1,4,3,0,1,0,3,0,0,0,1,3,3,1,4,4,2,0,0,3,2,0,1,2,1,4,4,4,4,4,0,1,0,0,0,0,4,4,4,4,4,4,0,2,2,4,4,3,2,1,1,3,4,2,4,1,1,2,3,1,1,0,4,4,0,1,3,0,4,1,3,2,0,3,1,4,0,3,0,2,4,4,4,1,2,4,1,4,3,2,1,3,4,4,4,4,4,4,4,3,4,4,4,4,4,4,4,4,4,4,4,4,4,4,4,4,4,4,4,4,4,4,4,4,4,4,4,4,4,4,4,4,4,4,4,4,4,4,4,4,4,4,4,4,4,4,4,4,4,4,4,4,4,4,3,0,3,1,0,4,4,4,2,2,0,1,4,0,2,2,2,1,2,0,0,0,1,2,3,1,2,0,4,4,4,4,4,4,4,4,4,4,4,4,4,4,4,4,4,4,4,4,4,2,3,3,0,2,2,1,0,4,1,1,2,4,1,1,3,1,4,4,4,0,4,4,4,4,4,3,4,3,4,1,1,0,4,4,4,4,4,4,4,4,4,4,4,4,4,4,4,4,4,4,4,4,4,4,4,4,4,4,4,4,4,4,4,4,4,4,4,4,4,4,4,4,4,4,4,4,4,4,4,4,4,4,4,4,4,4,4,3,2,0,1,0,0,0,2,1,1,2,2,2,3,3,3,3,4,4,4,4,4,4,4,4,4,4,4,4,4,4,4,4,4,4,4,4,4,4,4,4,4,4,4,4,4,4,4,4,4,4,4,4,4,4,4,4,4,4,4,4,4,4,4,3,0,1,1,1,2,2,1,3,3,3,2,3,3,2,3,CP001918.1/3984463-3984279,0
57,2,3,0,2,0,3,2,1,3,1,0,3,3,1,1,0,3,4,1,3,4,1,3,3,0,3,2,3,3,1,2,1,1,3,3,1,4,4,4,4,4,4,4,4,4,4,4,4,4,4,4,4,4,3,2,4,4,4,4,4,4,4,4,4,4,4,4,4,4,4,4,4,4,4,4,4,4,4,4,4,4,4,4,4,4,2,1,4,1,3,1,0,3,0,0,0,1,3,1,0,4,2,2,0,0,3,2,0,3,2,1,4,0,2,0,4,2,1,1,2,3,3,4,4,4,4,3,0,1,2,2,4,4,3,2,1,3,3,4,0,4,3,1,2,3,1,1,0,4,4,1,3,2,0,4,1,0,2,0,3,2,4,3,1,2,1,4,4,4,3,3,4,0,4,1,2,1,1,4,4,4,4,4,4,4,3,4,4,4,4,4,4,4,4,4,4,4,4,4,4,4,4,4,4,4,4,4,4,4,4,4,4,4,4,4,4,4,4,4,4,4,4,4,4,4,4,4,4,4,4,4,4,4,4,4,4,4,4,4,4,1,0,3,1,0,0,0,1,0,1,1,1,4,3,2,2,0,1,0,1,0,0,1,2,3,3,2,0,4,4,4,4,4,4,4,4,4,4,4,4,4,4,4,4,4,4,4,4,4,2,3,2,0,0,2,1,0,4,1,1,1,4,1,3,3,3,4,0,3,2,3,3,2,3,1,0,4,3,4,0,1,0,4,4,4,4,4,4,4,4,4,4,4,4,4,4,4,4,4,4,4,4,4,4,4,4,4,4,4,4,4,4,4,4,2,0,1,1,3,2,4,4,4,4,4,4,4,4,4,4,4,4,4,4,4,4,4,3,3,3,3,2,0,1,2,1,1,3,2,1,1,1,1,3,3,0,0,4,4,1,1,4,4,4,4,4,4,4,4,4,4,4,4,4,4,4,4,4,4,4,4,4,4,4,4,4,4,4,4,4,4,4,4,4,4,4,4,4,4,4,4,2,2,2,1,0,2,2,1,2,3,3,3,3,3,3,3,AETN01000012.1/39684-39891,0
58,2,3,0,2,0,3,2,1,3,1,0,3,3,1,1,0,3,4,1,3,4,1,3,3,0,3,2,3,3,1,2,1,1,3,3,0,4,4,4,4,4,4,4,4,4,4,4,4,4,4,4,4,4,2,3,4,4,4,4,4,4,4,4,4,4,4,4,4,4,4,4,4,4,4,4,4,4,4,4,4,4,4,4,4,4,2,1,4,1,3,1,0,3,0,0,0,1,3,1,1,4,2,2,0,0,3,2,0,1,2,1,4,0,2,0,4,2,1,1,2,3,3,4,4,4,4,3,0,1,2,2,4,4,3,2,1,3,3,4,0,4,3,1,2,3,1,1,0,4,4,1,3,2,0,4,1,0,2,0,3,2,4,3,1,2,1,4,4,4,3,3,4,0,4,3,2,1,1,4,4,4,4,4,4,4,3,4,4,4,4,4,4,4,4,4,4,4,4,4,4,4,4,4,4,4,4,4,4,4,4,4,4,4,4,4,4,4,4,4,4,4,4,4,4,4,4,4,4,4,4,4,4,4,4,4,4,4,4,4,4,1,0,3,1,0,2,0,1,0,1,1,0,4,3,2,2,0,1,0,1,0,0,1,2,3,3,2,0,4,4,4,4,4,4,4,4,4,4,4,4,4,4,4,4,4,4,4,4,4,2,3,2,0,0,2,1,0,4,1,1,4,4,1,0,1,3,4,4,3,2,3,3,2,3,1,0,4,3,4,0,1,0,4,4,4,4,4,4,4,4,4,4,4,4,4,4,4,4,4,4,4,4,4,4,4,4,4,4,4,4,4,4,4,4,2,0,1,1,3,2,4,4,4,4,4,4,4,4,4,4,4,4,4,4,4,4,4,3,3,3,3,0,0,1,2,1,1,3,2,1,3,1,1,2,3,0,0,4,3,0,0,4,4,4,4,4,4,4,4,4,4,4,4,4,4,4,4,4,4,4,4,4,4,4,4,4,4,4,4,4,4,4,4,4,4,4,4,4,4,4,4,2,0,2,1,0,2,2,1,2,3,3,3,3,3,3,3,AFAD01000017.1/227449-227655,0
59,2,3,0,2,0,3,2,1,3,1,0,3,3,1,1,0,3,4,1,3,4,1,3,3,0,3,2,3,3,1,2,1,1,3,3,0,4,4,4,4,4,4,4,4,4,4,4,4,4,4,4,4,4,2,3,4,4,4,4,4,4,4,4,4,4,4,4,4,4,4,4,4,4,4,4,4,4,4,4,4,4,4,4,4,4,2,1,4,1,3,1,0,3,0,0,0,1,3,1,1,4,2,2,0,0,3,2,0,1,2,1,4,0,2,0,4,2,1,1,2,3,3,4,4,4,4,3,0,1,2,2,4,4,3,2,1,3,3,4,0,4,3,1,2,3,1,1,0,4,4,1,3,2,0,4,1,0,2,0,3,2,4,3,1,2,1,4,4,4,3,3,4,0,4,3,2,1,1,4,4,4,4,4,4,4,3,4,4,4,4,4,4,4,4,4,4,4,4,4,4,4,4,4,4,4,4,4,4,4,4,4,4,4,4,4,4,4,4,4,4,4,4,4,4,4,4,4,4,4,4,4,4,4,4,4,4,4,4,4,4,1,0,3,1,0,2,0,1,0,1,1,0,4,3,2,2,0,1,0,1,0,0,1,2,3,3,2,0,4,4,4,4,4,4,4,4,4,4,4,4,4,4,4,4,4,4,4,4,4,2,3,2,0,0,2,1,0,4,1,1,4,4,1,0,1,3,4,4,3,2,3,3,2,3,1,0,4,3,4,0,1,0,4,4,4,4,4,4,4,4,4,4,4,4,4,4,4,4,4,4,4,4,4,4,4,4,4,4,4,4,4,4,4,4,2,0,1,1,3,2,4,4,4,4,4,4,4,4,4,4,4,4,4,4,4,4,4,3,3,3,3,0,0,1,2,4,4,4,4,4,4,4,4,4,4,4,4,4,4,4,4,1,1,3,4,4,4,4,4,4,4,4,4,4,4,4,4,4,4,4,4,4,4,4,4,4,4,4,4,4,4,4,4,4,4,4,4,2,1,3,1,4,4,4,4,4,4,4,1,2,3,0,0,3,0,0,2,ADTN01000165.1/194-3,0
60,2,3,4,4,4,2,2,1,3,1,0,3,3,1,0,1,1,4,3,3,4,1,3,3,0,3,2,3,1,0,2,1,1,1,1,3,3,0,2,4,4,4,4,4,4,4,4,4,4,2,2,0,1,2,1,4,4,4,4,4,4,4,4,4,4,4,4,4,4,4,4,4,4,4,4,4,4,4,4,4,4,4,4,4,4,2,1,4,3,0,1,0,3,0,0,0,1,3,3,1,4,4,2,0,0,3,2,0,1,2,1,4,4,4,4,4,0,1,0,0,4,4,4,4,4,4,1,0,0,2,2,4,4,3,2,1,1,3,4,2,4,1,1,2,3,1,1,0,4,4,0,1,3,3,4,1,3,2,0,3,0,4,0,3,0,2,1,4,2,3,4,4,4,4,0,2,1,3,4,4,4,4,4,4,4,3,4,4,4,4,4,4,4,4,4,4,4,4,4,4,4,4,4,4,4,4,4,4,4,4,4,4,4,4,4,4,4,4,4,4,4,4,4,4,4,4,4,4,4,4,4,4,4,4,4,4,4,4,4,4,3,0,3,1,0,4,4,0,1,1,3,1,4,1,2,2,2,1,2,0,0,0,1,2,3,1,2,0,4,4,4,4,4,4,4,4,4,4,4,4,4,4,4,4,4,4,4,4,4,2,3,3,0,2,2,1,0,4,1,1,2,4,1,1,3,3,4,4,4,0,3,3,4,4,4,4,4,4,4,4,4,4,4,4,4,4,4,4,4,4,4,4,4,4,4,4,4,4,4,4,4,4,4,4,4,4,4,4,4,4,4,4,4,4,4,4,4,1,1,0,4,4,4,4,4,4,4,4,4,4,4,4,4,4,4,4,4,3,0,0,1,0,0,0,2,1,1,2,2,2,3,3,3,4,4,4,4,4,4,4,4,4,4,4,4,4,4,4,4,4,4,4,4,4,4,4,4,4,4,4,4,4,4,4,4,4,4,4,4,4,4,4,4,4,4,4,4,4,4,4,4,0,2,1,1,1,2,2,1,3,3,3,2,3,3,2,3,AETP01000030.1/176847-176663,0
61,2,1,0,2,3,2,2,1,3,1,0,3,3,1,0,1,1,4,2,0,4,1,3,3,0,3,2,3,1,0,2,1,1,1,1,3,3,1,2,4,4,4,4,4,4,4,4,4,4,2,2,0,1,2,3,4,4,4,4,4,4,4,4,4,4,4,4,4,4,4,4,4,4,4,4,4,4,4,4,4,4,4,4,4,4,2,1,4,3,0,1,0,3,0,0,0,0,3,3,1,4,4,2,0,0,3,2,0,1,2,1,4,0,1,0,4,0,1,4,4,4,4,4,4,4,4,4,0,0,2,2,4,4,3,2,1,1,3,4,2,4,1,1,2,3,1,1,0,4,4,0,1,3,3,4,1,3,2,0,3,0,4,3,1,0,2,1,4,2,3,0,4,4,4,4,2,1,3,4,4,4,4,4,4,4,0,4,4,4,4,4,4,4,4,4,4,4,4,4,4,4,4,4,4,4,4,4,4,4,4,4,4,4,4,4,4,4,4,4,4,4,4,4,4,4,4,4,4,4,4,4,4,4,4,4,4,4,4,4,4,3,0,3,1,0,4,4,0,1,1,0,3,4,1,2,2,2,1,2,0,0,0,1,2,3,1,2,0,4,4,4,4,4,4,4,4,4,4,4,4,4,4,4,4,4,4,4,4,4,2,3,3,0,2,2,1,0,4,1,1,2,4,1,1,3,3,4,4,4,0,3,3,4,4,4,4,4,4,4,4,4,4,4,4,4,4,4,4,4,4,4,4,4,4,4,4,4,4,4,4,4,4,4,4,4,4,4,4,4,4,4,4,4,4,4,4,4,1,1,0,4,4,4,4,4,4,4,4,4,4,4,4,4,4,4,4,4,3,0,0,1,0,0,0,2,1,1,2,2,2,4,4,3,0,0,3,4,4,4,4,3,4,4,4,4,4,4,4,4,4,4,4,4,4,4,4,4,4,4,4,4,4,4,4,4,4,4,4,4,4,4,4,4,4,4,4,4,4,4,4,4,4,4,1,1,1,2,2,1,3,3,3,2,3,3,2,3,ADWQ01000005.1/210925-210738,0
62,2,3,0,2,0,3,2,1,3,1,0,3,3,1,1,0,3,4,1,3,4,1,3,3,0,3,2,3,3,1,2,1,1,3,3,0,4,4,4,4,4,4,4,4,4,4,4,4,4,4,4,4,4,2,3,4,4,4,4,4,4,4,4,4,4,4,4,4,4,4,4,4,4,4,4,4,4,4,4,4,4,4,4,4,4,2,1,4,1,3,1,0,3,0,0,0,1,3,1,1,4,2,2,0,0,3,2,0,1,2,1,4,0,2,0,4,2,1,1,2,3,3,4,4,4,4,3,0,1,2,2,4,4,3,2,1,3,3,4,0,4,3,1,2,3,1,1,0,4,4,1,3,2,0,4,1,0,2,0,3,2,4,3,1,2,1,4,4,4,3,3,4,0,4,3,2,1,1,4,4,4,4,4,4,4,3,4,4,4,4,4,4,4,4,4,4,4,4,4,4,4,4,4,4,4,4,4,4,4,4,4,4,4,4,4,4,4,4,4,4,4,4,4,4,4,4,4,4,4,4,4,4,4,4,4,4,4,4,4,4,1,0,3,1,0,2,0,1,0,1,1,0,4,3,2,2,0,1,0,1,0,0,1,2,3,3,2,0,4,4,4,4,4,4,4,4,4,4,4,4,4,4,4,4,4,4,4,4,4,2,3,2,0,0,2,1,0,4,1,1,4,4,1,0,1,3,4,4,3,2,3,3,2,3,1,0,4,3,4,0,1,0,4,4,4,4,4,4,4,4,4,4,4,4,4,4,4,4,4,4,4,4,4,4,4,4,4,4,4,4,4,4,4,4,2,0,1,1,3,2,4,4,4,4,4,4,4,4,4,4,4,4,4,4,4,4,4,3,3,3,3,0,0,1,2,1,1,3,2,1,3,1,1,2,3,0,0,4,3,0,0,4,4,4,4,4,4,4,4,4,4,4,4,4,4,4,4,4,4,4,4,4,4,4,4,4,4,4,4,4,4,4,4,4,4,4,4,4,4,4,4,2,0,2,1,0,2,2,1,2,3,3,3,3,3,3,3,AFAG01000033.1/1343979-1344185,0
63,2,3,0,2,0,3,2,1,3,1,0,3,3,1,1,0,1,4,1,3,4,1,3,3,0,3,2,3,3,1,2,1,1,3,3,0,4,4,4,4,4,4,4,4,4,4,4,4,4,4,4,4,4,4,2,4,4,4,4,4,4,4,4,4,4,4,4,4,4,4,4,4,4,4,4,4,4,4,4,4,4,4,4,4,4,2,1,4,3,3,1,0,3,0,0,0,1,1,1,3,2,2,2,0,0,3,2,0,3,2,1,4,0,2,0,4,2,1,1,2,0,3,4,4,4,3,3,0,2,2,2,4,4,3,2,1,1,3,4,0,4,3,3,2,3,1,1,0,4,1,1,0,2,0,4,0,1,2,0,3,2,4,0,1,0,2,1,4,2,3,3,4,2,4,1,3,4,4,4,4,4,4,4,4,4,4,3,2,1,0,0,1,4,4,4,4,4,4,4,4,4,4,4,4,4,4,4,4,4,4,4,4,4,4,4,4,4,4,4,4,4,4,4,4,4,4,4,4,4,4,4,4,4,4,3,2,1,3,2,0,1,0,3,1,0,4,4,1,0,1,3,1,4,1,2,2,2,1,0,3,0,0,1,2,3,3,2,0,4,4,4,4,4,4,4,4,4,4,4,4,4,4,4,4,4,4,4,4,4,2,3,2,0,2,2,1,0,4,1,1,2,4,1,1,1,1,4,4,3,2,3,3,2,3,1,1,4,3,4,0,4,4,4,4,4,4,4,4,4,4,4,4,4,4,4,4,4,4,4,4,4,4,4,4,4,4,4,4,4,4,4,4,4,4,2,0,1,1,3,2,0,3,3,2,4,4,4,4,4,4,4,4,4,1,3,3,3,3,3,3,0,3,0,1,0,1,3,3,2,1,1,0,1,3,2,4,4,4,4,4,4,4,4,4,4,4,4,4,4,4,4,4,4,4,4,4,4,4,4,4,4,4,4,4,4,4,4,4,4,4,4,4,4,4,4,4,4,4,4,4,4,1,2,2,1,0,0,2,3,2,3,3,3,3,3,3,3,CP002774.1/160640-160859,0
64,2,3,4,4,4,2,2,1,3,1,0,3,3,1,0,1,1,4,2,0,4,1,3,3,0,3,2,3,1,0,2,1,1,1,1,3,3,1,2,4,4,4,4,4,4,4,4,4,4,2,2,0,1,2,3,4,4,4,4,4,4,4,4,4,4,4,4,4,4,4,4,4,4,4,4,4,4,4,4,4,4,4,4,4,4,2,1,4,3,0,1,0,3,0,0,0,0,3,3,1,4,4,2,0,0,3,2,0,1,2,1,4,4,4,4,4,0,1,0,0,4,4,4,4,4,4,1,0,0,2,2,4,4,3,2,1,1,3,4,2,4,1,1,2,3,1,1,0,4,4,0,1,3,3,4,1,3,2,0,3,0,4,3,1,0,2,1,4,2,3,0,4,4,4,4,2,1,3,4,4,4,4,4,4,4,0,4,4,4,4,4,4,4,4,4,4,4,4,4,4,4,4,4,4,4,4,4,4,4,4,4,4,4,4,4,4,4,4,4,4,4,4,4,4,4,4,4,4,4,4,4,4,4,4,4,4,4,4,4,4,3,0,3,1,0,4,4,0,1,1,0,3,4,1,2,2,2,1,2,0,0,0,1,2,3,1,2,0,4,4,4,4,4,4,4,4,4,4,4,4,4,4,4,4,4,4,4,4,4,2,3,3,0,2,2,1,0,4,1,1,2,4,1,1,3,3,4,4,4,0,3,3,4,4,4,4,4,4,4,4,4,4,4,4,4,4,4,4,4,4,4,4,4,4,4,4,4,4,4,4,4,4,4,4,4,4,4,4,4,4,4,4,4,4,4,4,4,1,1,0,4,4,4,4,4,4,4,4,4,4,4,4,4,4,4,4,4,3,0,0,1,0,0,0,2,1,1,2,2,2,4,4,3,0,0,3,4,4,4,4,3,4,4,4,4,4,4,4,4,4,4,4,4,4,4,4,4,4,4,4,4,4,4,4,4,4,4,4,4,4,4,4,4,4,4,4,4,4,4,4,4,4,4,1,1,1,2,2,1,3,3,3,2,3,3,2,3,ACXG01000034.1/37522-37338,0
65,0,1,0,2,3,3,2,1,3,1,0,3,3,1,0,1,1,4,3,3,4,3,3,3,0,3,2,0,3,0,2,1,1,1,1,2,4,4,4,4,4,4,4,4,4,4,4,4,4,4,4,4,4,4,4,1,0,0,3,3,0,0,2,1,4,4,4,4,4,4,4,4,4,4,4,4,2,2,0,3,2,0,3,2,1,2,1,4,3,3,1,0,3,0,0,2,1,1,3,1,4,1,2,0,0,3,2,0,3,2,1,4,1,3,0,4,4,4,0,2,0,1,4,4,4,4,4,4,3,2,2,4,4,3,2,1,1,3,4,0,4,3,1,2,3,1,1,0,1,1,3,0,0,0,4,1,1,2,0,1,0,4,3,3,2,3,2,4,3,2,0,4,0,4,0,2,1,0,1,4,4,4,4,4,0,3,4,4,4,4,4,4,4,4,4,4,4,4,4,4,4,4,4,4,4,4,4,4,4,4,4,4,4,4,4,4,4,4,4,4,4,4,4,4,4,4,4,4,4,4,4,4,4,4,4,4,4,4,4,4,3,0,3,1,0,4,4,0,0,1,0,3,4,1,2,2,0,1,2,0,1,0,1,2,3,3,2,0,4,4,4,4,4,4,4,4,4,4,4,4,4,4,4,4,4,4,4,4,4,2,3,2,0,2,2,1,0,4,1,1,2,4,1,1,3,0,4,4,3,2,3,1,4,4,4,4,4,4,4,4,4,4,4,4,4,4,4,4,4,4,4,4,4,4,4,4,4,4,4,4,4,4,4,4,4,4,4,4,4,4,4,4,4,4,4,4,4,1,3,2,4,4,4,4,4,4,4,4,4,4,4,4,4,4,4,4,4,1,3,2,3,2,0,3,2,0,0,3,4,4,4,4,4,4,4,4,4,4,4,4,4,4,4,4,4,4,4,4,4,4,4,4,4,4,4,4,4,4,4,4,4,4,4,4,4,4,4,4,4,4,4,4,4,4,4,4,4,4,4,4,3,4,4,4,4,0,3,3,1,0,3,1,0,0,3,3,3,AE017042.1/2812711-2812908,0
66,2,3,4,4,4,2,2,1,3,1,0,3,3,1,0,1,1,4,2,0,4,1,3,3,0,3,2,3,1,0,2,1,1,1,1,3,3,1,2,4,4,4,4,4,4,4,4,4,4,2,2,0,1,2,3,4,4,4,4,4,4,4,4,4,4,4,4,4,4,4,4,4,4,4,4,4,4,4,4,4,4,4,4,4,4,2,1,4,3,0,1,0,3,0,0,0,0,3,0,1,4,4,2,0,0,3,2,0,1,2,1,4,4,4,4,4,0,1,0,0,4,4,4,4,4,4,1,0,0,2,2,4,4,3,2,1,1,3,4,2,4,1,1,2,3,1,1,0,4,4,0,1,3,3,4,1,3,2,0,3,0,4,3,1,0,2,1,4,2,3,0,4,4,4,4,2,1,3,4,4,4,4,4,4,4,0,4,4,4,4,4,4,4,4,4,4,4,4,4,4,4,4,4,4,4,4,4,4,4,4,4,4,4,4,4,4,4,4,4,4,4,4,4,4,4,4,4,4,4,4,4,4,4,4,4,4,4,4,4,4,3,0,3,1,0,4,4,0,1,1,0,3,4,1,2,2,2,1,2,0,0,0,1,2,3,1,2,0,4,4,4,4,4,4,4,4,4,4,4,4,4,4,4,4,4,4,4,4,4,2,3,3,0,2,2,1,0,4,1,1,2,4,1,1,3,3,4,4,4,0,3,3,4,4,4,4,4,4,4,4,4,4,4,4,4,4,4,4,4,4,4,4,4,4,4,4,4,4,4,4,4,4,4,4,4,4,4,4,4,4,4,4,4,4,4,4,4,1,1,0,4,4,4,4,4,4,4,4,4,4,4,4,4,4,4,4,4,3,0,0,1,0,0,0,2,1,1,2,2,2,4,4,3,0,0,3,4,4,4,4,3,4,4,4,4,4,4,4,4,4,4,4,4,4,4,4,4,4,4,4,4,4,4,4,4,4,4,4,4,4,4,4,4,4,4,4,4,4,4,4,4,4,4,1,1,1,2,2,1,3,3,3,2,3,3,2,3,AELA01000016.1/37184-37368,0
67,2,3,0,2,0,3,2,1,3,1,0,3,3,1,1,0,3,4,1,3,4,1,3,3,0,3,2,3,3,1,2,1,1,3,3,0,4,4,4,4,4,4,4,4,4,4,4,4,4,4,4,4,4,2,3,4,4,4,4,4,4,4,4,4,4,4,4,4,4,4,4,4,4,4,4,4,4,4,4,4,4,4,4,4,4,2,1,4,1,3,1,0,3,0,0,0,1,3,1,1,4,2,2,0,0,3,2,0,1,2,1,4,0,2,0,4,2,1,1,2,3,3,4,4,4,4,3,0,1,2,2,4,4,3,2,1,3,3,4,0,4,3,1,2,3,1,1,0,4,4,1,3,2,0,4,1,0,2,0,3,2,4,3,1,2,1,4,4,4,3,3,4,0,4,3,2,1,1,4,4,4,4,4,4,4,3,4,4,4,4,4,4,4,4,4,4,4,4,4,4,4,4,4,4,4,4,4,4,4,4,4,4,4,4,4,4,4,4,4,4,4,4,4,4,4,4,4,4,4,4,4,4,4,4,4,4,4,4,4,4,1,0,3,1,0,2,0,1,0,1,1,0,4,3,2,2,0,1,0,1,0,0,1,2,3,3,2,0,4,4,4,4,4,4,4,4,4,4,4,4,4,4,4,4,4,4,4,4,4,2,3,2,0,0,2,1,0,4,1,1,4,4,1,0,1,3,4,4,3,2,3,3,2,3,1,0,4,3,4,0,1,0,4,4,4,4,4,4,4,4,4,4,4,4,4,4,4,4,4,4,4,4,4,4,4,4,4,4,4,4,4,4,4,4,2,0,1,1,3,2,4,4,4,4,4,4,4,4,4,4,4,4,4,4,4,4,4,3,3,3,3,0,0,1,2,1,1,3,2,1,3,1,1,2,3,0,0,4,3,0,0,4,4,4,4,4,4,4,4,4,4,4,4,4,4,4,4,4,4,4,4,4,4,4,4,4,4,4,4,4,4,4,4,4,4,4,4,4,4,4,4,2,0,2,1,0,2,2,1,2,3,3,3,3,3,3,3,AAJX02000029.1/54690-54484,0
68,2,3,4,4,4,2,2,1,3,1,0,3,3,1,0,1,1,4,2,0,4,1,3,3,0,3,2,3,1,0,2,1,1,1,1,3,3,1,2,4,4,4,4,4,4,4,4,4,4,2,2,0,1,2,3,4,4,4,4,4,4,4,4,4,4,4,4,4,4,4,4,4,4,4,4,4,4,4,4,4,4,4,4,4,4,2,1,4,3,0,1,0,3,0,0,0,0,3,3,1,4,4,2,0,0,3,2,0,1,2,1,4,4,4,4,4,0,1,0,0,4,4,4,4,4,4,1,0,0,2,2,4,4,3,2,1,1,3,4,2,4,1,1,2,3,1,1,0,4,4,0,1,3,3,4,1,3,2,0,3,0,4,3,1,0,2,1,4,2,3,0,4,4,4,4,2,1,3,4,4,4,4,4,4,4,0,4,4,4,4,4,4,4,4,4,4,4,4,4,4,4,4,4,4,4,4,4,4,4,4,4,4,4,4,4,4,4,4,4,4,4,4,4,4,4,4,4,4,4,4,4,4,4,4,4,4,4,4,4,4,3,0,3,1,0,4,4,0,1,1,0,3,4,1,2,2,2,1,2,0,0,0,1,2,3,1,2,0,4,4,4,4,4,4,4,4,4,4,4,4,4,4,4,4,4,4,4,4,4,2,3,3,0,2,2,1,0,4,1,1,2,4,1,1,3,3,4,4,4,0,3,3,4,4,4,4,4,4,4,4,4,4,4,4,4,4,4,4,4,4,4,4,4,4,4,4,4,4,4,4,4,4,4,4,4,4,4,4,4,4,4,4,4,4,4,4,4,1,1,0,4,4,4,4,4,4,4,4,4,4,4,4,4,4,4,4,4,3,0,0,1,0,0,0,2,1,1,2,2,2,4,4,3,0,0,3,4,4,4,4,3,4,4,4,4,4,4,4,4,4,4,4,4,4,4,4,4,4,4,4,4,4,4,4,4,4,4,4,4,4,4,4,4,4,4,4,4,4,4,4,4,4,4,1,1,1,2,2,1,3,3,3,2,3,3,2,3,ADUX01000856.1/34511-34695,0
69,2,3,0,2,0,3,2,1,3,1,0,3,3,1,1,0,3,4,1,3,4,1,3,3,0,3,2,3,3,1,2,1,1,3,3,1,4,4,4,4,4,4,4,4,4,4,4,4,4,4,4,4,4,3,2,4,4,4,4,4,4,4,4,4,4,4,4,4,4,4,4,4,4,4,4,4,4,4,4,4,4,4,4,4,4,2,1,4,1,3,1,0,3,0,0,0,1,3,1,0,4,2,2,0,0,3,2,0,3,2,1,4,0,2,0,4,2,1,1,2,3,3,4,4,4,4,3,0,1,2,2,4,4,3,2,1,3,3,4,0,4,3,1,2,3,1,1,0,4,4,1,3,2,0,4,1,0,2,0,3,2,4,3,1,2,1,4,4,4,3,3,4,0,4,1,2,1,1,4,4,4,4,4,4,4,3,4,4,4,4,4,4,4,4,4,4,4,4,4,4,4,4,4,4,4,4,4,4,4,4,4,4,4,4,4,4,4,4,4,4,4,4,4,4,4,4,4,4,4,4,4,4,4,4,4,4,4,4,4,4,1,0,3,1,0,0,0,1,0,1,1,1,4,3,2,2,0,1,0,1,0,0,1,2,3,3,2,0,4,4,4,4,4,4,4,4,4,4,4,4,4,4,4,4,4,4,4,4,4,2,3,2,0,0,2,1,0,4,1,1,1,4,1,3,3,3,4,0,3,2,3,3,2,3,1,0,4,3,4,0,1,0,4,4,4,4,4,4,4,4,4,4,4,4,4,4,4,4,4,4,4,4,4,4,4,4,4,4,4,4,4,4,4,4,2,0,1,1,3,2,4,4,4,4,4,4,4,4,4,4,4,4,4,4,4,4,4,3,3,3,3,2,0,1,2,1,1,3,2,1,1,1,1,3,3,0,0,4,4,1,1,4,4,4,4,4,4,4,4,4,4,4,4,4,4,4,4,4,4,4,4,4,4,4,4,4,4,4,4,4,4,4,4,4,4,4,4,4,4,4,4,2,2,2,1,0,2,2,1,2,3,3,3,3,3,3,3,CAAR01000042.1/40080-40287,0
70,2,3,0,2,0,3,2,1,3,1,0,3,3,1,1,0,1,4,1,3,4,3,1,3,0,3,2,3,3,3,2,1,3,3,1,2,4,4,4,4,4,4,4,4,4,4,4,4,4,4,4,4,4,4,4,4,4,4,4,4,4,4,4,4,4,4,4,4,4,4,4,4,4,4,4,4,4,4,4,4,4,4,4,4,4,2,1,4,3,3,1,0,3,0,0,3,1,1,3,2,4,2,2,0,0,3,2,0,1,2,1,4,0,2,0,4,2,1,1,0,0,3,4,4,4,3,3,2,0,2,2,4,4,3,2,1,1,3,4,0,4,3,1,2,3,1,1,0,4,4,0,1,3,1,4,1,0,2,0,3,2,4,0,0,2,0,3,4,2,1,0,4,0,4,0,3,1,3,4,4,4,4,4,4,4,1,4,4,4,4,4,4,4,4,4,4,4,4,4,4,4,4,4,4,4,4,4,4,4,4,4,4,4,4,4,4,4,4,4,4,4,4,4,4,4,4,4,4,4,4,4,4,4,4,4,4,4,4,4,4,1,0,3,1,2,2,2,1,1,3,3,1,4,1,2,2,0,1,0,3,0,0,1,2,3,3,2,0,4,4,4,4,4,4,4,4,4,4,4,4,4,4,4,4,4,4,4,4,4,2,3,2,0,2,2,1,0,4,1,1,4,4,0,3,3,1,4,4,3,2,3,3,2,3,1,3,4,2,4,0,1,0,4,4,4,4,4,4,4,4,4,4,4,4,4,4,4,4,4,4,4,4,4,4,4,4,4,4,4,4,4,4,4,4,2,0,1,1,3,2,0,3,4,4,4,4,4,4,4,4,4,4,4,4,4,0,3,3,3,3,1,0,0,1,2,1,3,3,0,1,1,2,3,3,3,0,4,4,4,4,3,4,4,4,4,4,4,4,4,4,4,4,4,4,4,4,4,4,4,4,4,4,4,4,4,4,4,4,4,4,4,4,4,4,4,4,4,4,4,4,4,1,2,2,3,0,0,2,1,2,3,3,3,3,3,3,3,ABVY01000001.1/37474-37266,0
71,2,3,0,2,0,3,2,1,3,1,0,3,3,1,1,0,3,4,1,3,4,1,3,3,0,3,2,3,3,1,2,1,1,3,3,3,4,4,4,4,4,4,4,4,4,4,4,4,4,4,4,4,4,2,3,4,4,4,4,4,4,4,4,4,4,4,4,4,4,4,4,4,4,4,4,4,4,4,4,4,4,4,4,4,4,2,1,4,1,3,1,0,3,0,0,0,1,3,1,0,4,2,2,0,0,3,2,0,3,2,1,4,0,2,0,4,2,1,1,2,3,0,4,4,1,3,3,0,1,2,2,4,4,3,2,1,3,3,4,0,4,3,1,2,3,1,1,0,4,4,1,3,2,0,4,3,0,2,0,3,2,4,3,1,2,1,0,4,3,3,3,4,1,4,0,3,0,3,2,4,4,4,4,3,1,3,4,4,4,4,4,4,4,4,4,4,4,4,4,4,4,4,4,4,4,4,4,4,4,4,4,4,4,4,4,4,4,4,4,4,4,4,4,4,4,4,4,4,4,4,4,4,4,4,4,4,4,4,4,4,1,0,3,1,0,0,0,1,0,1,1,0,4,3,2,2,0,1,0,3,0,0,1,2,3,3,2,0,4,4,4,4,4,4,4,4,4,4,4,4,4,4,4,4,4,4,4,4,4,2,3,2,0,0,2,1,0,4,1,1,1,4,0,0,3,3,4,4,3,2,3,3,2,3,1,0,4,0,4,0,1,0,4,4,4,4,4,4,4,4,4,4,4,4,4,4,4,4,4,4,4,4,4,4,4,4,4,4,4,4,4,4,4,4,2,0,1,1,3,2,4,4,4,4,4,4,4,4,4,4,4,4,4,4,4,4,4,3,3,3,3,0,0,1,2,1,1,3,2,1,1,1,3,2,0,3,3,4,3,1,0,4,4,4,4,4,4,4,4,4,4,4,4,4,4,4,4,4,4,4,4,4,4,4,4,4,4,4,4,4,4,4,4,4,4,4,4,4,4,4,4,2,1,2,1,0,2,2,1,2,3,3,3,3,3,3,3,AGFT01138126.1/148-362,0
72,2,3,0,2,0,3,2,1,3,1,0,3,3,1,1,0,3,4,1,3,4,1,3,3,0,3,2,3,3,1,2,1,1,3,3,0,4,4,4,4,4,4,4,4,4,4,4,4,4,4,4,4,4,2,3,4,4,4,4,4,4,4,4,4,4,4,4,4,4,4,4,4,4,4,4,4,4,4,4,4,4,4,4,4,4,2,1,4,1,3,1,0,3,0,0,0,1,3,1,1,4,2,2,0,0,3,2,0,1,2,1,4,0,2,0,4,2,1,1,2,3,3,4,4,4,4,3,0,1,2,2,4,4,3,2,1,3,3,4,0,4,3,1,2,3,1,1,0,4,4,1,3,2,0,4,1,0,2,0,3,2,4,3,1,2,1,4,4,4,3,3,4,0,4,3,2,1,1,4,4,4,4,4,4,4,3,4,4,4,4,4,4,4,4,4,4,4,4,4,4,4,4,4,4,4,4,4,4,4,4,4,4,4,4,4,4,4,4,4,4,4,4,4,4,4,4,4,4,4,4,4,4,4,4,4,4,4,4,4,4,1,0,3,1,0,2,0,1,0,1,1,0,4,3,2,2,0,1,0,1,0,0,1,2,3,3,2,0,4,4,4,4,4,4,4,4,4,4,4,4,4,4,4,4,4,4,4,4,4,2,3,2,0,0,2,1,0,4,1,1,4,4,1,0,1,3,4,4,3,2,3,3,2,3,1,0,4,3,4,0,1,0,4,4,4,4,4,4,4,4,4,4,4,4,4,4,4,4,4,4,4,4,4,4,4,4,4,4,4,4,4,4,4,4,2,0,1,1,3,2,4,4,4,4,4,4,4,4,4,4,4,4,4,4,4,4,4,3,3,3,3,0,0,1,2,1,1,3,2,1,3,1,1,2,3,0,0,4,3,0,0,4,4,4,4,4,4,4,4,4,4,4,4,4,4,4,4,4,4,4,4,4,4,4,4,4,4,4,4,4,4,4,4,4,4,4,4,4,4,4,4,2,0,2,1,0,2,2,1,2,3,3,3,3,3,3,3,AFWO01000145.1/38049-38255,0
73,2,3,0,2,0,3,2,1,3,1,0,3,3,1,1,0,3,4,1,3,4,1,3,3,0,3,2,3,3,1,2,1,1,3,3,1,4,4,4,4,4,4,4,4,4,4,4,4,4,4,4,4,4,3,2,4,4,4,4,4,4,4,4,4,4,4,4,4,4,4,4,4,4,4,4,4,4,4,4,4,4,4,4,4,4,2,1,4,1,3,1,0,3,0,0,0,1,3,1,0,4,2,2,0,0,3,2,0,3,2,1,4,0,2,0,4,2,1,1,2,3,3,4,4,4,4,3,0,1,2,2,4,4,3,2,1,3,3,4,0,4,3,1,2,3,1,1,0,4,4,1,3,2,0,4,1,0,2,0,3,2,4,3,1,2,1,4,4,4,3,3,4,0,4,1,2,1,1,4,4,4,4,4,4,4,3,4,4,4,4,4,4,4,4,4,4,4,4,4,4,4,4,4,4,4,4,4,4,4,4,4,4,4,4,4,4,4,4,4,4,4,4,4,4,4,4,4,4,4,4,4,4,4,4,4,4,4,4,4,4,1,0,3,1,0,0,0,1,0,1,1,1,4,3,2,2,0,1,0,1,0,0,1,2,3,3,2,0,4,4,4,4,4,4,4,4,4,4,4,4,4,4,4,4,4,4,4,4,4,2,3,2,0,0,2,1,0,4,1,1,1,4,1,3,3,3,4,0,3,2,3,3,2,3,1,0,4,3,4,0,1,0,4,4,4,4,4,4,4,4,4,4,4,4,4,4,4,4,4,4,4,4,4,4,4,4,4,4,4,4,4,4,4,4,2,0,1,1,3,2,4,4,4,4,4,4,4,4,4,4,4,4,4,4,4,4,4,3,3,3,3,2,0,1,2,1,1,3,2,1,1,1,1,3,3,0,0,4,4,1,1,4,4,4,4,4,4,4,4,4,4,4,4,4,4,4,4,4,4,4,4,4,4,4,4,4,4,4,4,4,4,4,4,4,4,4,4,4,4,4,4,2,2,2,1,0,2,2,1,2,3,3,3,3,3,3,3,AETJ01000119.1/53128-52921,0
74,2,3,0,2,0,3,2,1,3,1,0,3,3,1,1,0,3,4,1,3,4,1,3,3,0,3,2,3,3,1,2,1,1,3,3,0,4,4,4,4,4,4,4,4,4,4,4,4,4,4,4,4,4,2,3,4,4,4,4,4,4,4,4,4,4,4,4,4,4,4,4,4,4,4,4,4,4,4,4,4,4,4,4,4,4,2,1,4,1,3,1,0,3,0,0,0,1,3,1,1,4,2,2,0,0,3,2,0,1,2,1,4,0,2,0,4,2,1,1,2,3,3,4,4,4,4,3,0,1,2,2,4,4,3,2,1,3,3,4,0,4,3,1,2,3,1,1,0,4,4,1,3,2,0,4,1,0,2,0,3,2,4,3,1,2,1,4,4,4,3,3,4,0,4,3,2,1,1,4,4,4,4,4,4,4,3,4,4,4,4,4,4,4,4,4,4,4,4,4,4,4,4,4,4,4,4,4,4,4,4,4,4,4,4,4,4,4,4,4,4,4,4,4,4,4,4,4,4,4,4,4,4,4,4,4,4,4,4,4,4,1,0,3,1,0,2,0,1,0,1,1,0,4,3,2,2,0,1,0,1,0,0,1,2,3,3,2,0,4,4,4,4,4,4,4,4,4,4,4,4,4,4,4,4,4,4,4,4,4,2,3,2,0,0,2,1,0,4,1,1,4,4,1,0,1,3,4,4,3,2,3,3,2,3,1,0,4,3,4,0,1,0,4,4,4,4,4,4,4,4,4,4,4,4,4,4,4,4,4,4,4,4,4,4,4,4,4,4,4,4,4,4,4,4,2,0,1,1,3,2,4,4,4,4,4,4,4,4,4,4,4,4,4,4,4,4,4,3,3,3,3,0,0,1,2,1,1,3,2,1,3,1,1,2,3,0,0,4,3,0,0,4,4,4,4,4,4,4,4,4,4,4,4,4,4,4,4,4,4,4,4,4,4,4,4,4,4,4,4,4,4,4,4,4,4,4,4,4,4,4,4,2,0,2,1,0,2,2,1,2,3,3,3,3,3,3,3,CP002729.1/4489367-4489573,0
75,0,1,0,2,3,3,2,1,3,1,0,3,3,1,0,1,1,4,3,3,4,3,3,3,0,3,2,0,3,0,2,1,1,1,1,2,4,4,4,4,4,4,4,4,4,4,4,4,4,4,4,4,4,4,4,1,0,0,3,3,0,0,2,1,4,4,4,4,4,4,4,4,4,4,4,4,2,2,0,3,2,0,3,2,1,2,1,4,3,3,1,0,3,0,0,2,1,1,3,1,4,1,2,0,0,3,2,0,3,2,1,4,1,3,0,4,4,4,0,2,0,1,4,4,4,4,4,4,3,2,2,4,4,3,2,1,1,3,4,0,4,3,1,2,3,1,1,0,1,1,3,0,0,0,4,1,1,2,0,1,0,4,3,3,2,3,2,4,3,2,0,4,0,4,0,2,1,0,1,4,4,4,4,4,0,3,4,4,4,4,4,4,4,4,4,4,4,4,4,4,4,4,4,4,4,4,4,4,4,4,4,4,4,4,4,4,4,4,4,4,4,4,4,4,4,4,4,4,4,4,4,4,4,4,4,4,4,4,4,4,3,0,3,1,0,4,4,0,0,1,0,3,4,1,2,2,0,1,2,0,1,0,1,2,3,3,2,0,4,4,4,4,4,4,4,4,4,4,4,4,4,4,4,4,4,4,4,4,4,2,3,2,0,2,2,1,0,4,1,1,2,4,1,1,3,0,4,4,3,2,3,1,4,4,4,4,4,4,4,4,4,4,4,4,4,4,4,4,4,4,4,4,4,4,4,4,4,4,4,4,4,4,4,4,4,4,4,4,4,4,4,4,4,4,4,4,4,1,3,2,4,4,4,4,4,4,4,4,4,4,4,4,4,4,4,4,4,1,3,2,3,2,0,3,2,0,0,3,4,4,4,4,4,4,4,4,4,4,4,4,4,4,4,4,4,4,4,4,4,4,4,4,4,4,4,4,4,4,4,4,4,4,4,4,4,4,4,4,4,4,4,4,4,4,4,4,4,4,4,4,3,4,4,4,4,0,3,3,1,0,3,1,0,0,3,3,3,ACNQ01000008.1/429873-430070,0
76,2,3,0,2,0,3,2,1,3,1,0,3,1,1,3,0,3,4,3,3,4,1,3,3,0,3,2,0,3,3,2,1,0,3,0,3,4,4,4,4,4,4,4,4,4,4,4,4,4,4,4,4,4,4,4,4,4,4,4,4,4,4,4,4,4,4,4,4,4,4,4,4,4,4,4,4,4,4,4,4,4,4,4,4,4,2,1,4,3,3,1,0,3,0,0,0,1,1,1,0,4,2,2,2,0,3,2,0,3,2,1,4,0,2,0,4,2,1,1,2,0,3,4,4,4,3,0,3,1,2,2,4,4,3,2,1,1,3,4,0,4,3,3,2,3,1,1,0,4,3,2,3,1,0,4,1,0,2,0,3,2,4,0,2,3,0,0,4,2,0,3,4,0,4,3,0,0,1,1,1,3,1,3,3,3,3,4,4,4,4,4,4,4,4,4,4,4,4,4,4,4,4,4,4,4,4,4,4,4,4,4,4,4,4,4,4,4,4,4,4,4,4,4,4,4,4,4,4,4,4,4,4,4,4,4,4,4,4,4,4,1,0,3,1,2,4,4,1,1,2,0,1,4,1,2,2,0,1,3,1,0,0,1,2,3,3,2,0,4,4,4,4,4,4,4,4,4,4,4,4,4,4,4,4,4,4,4,4,4,2,3,2,0,2,2,1,0,4,1,3,4,4,0,3,1,1,4,4,4,4,4,4,2,3,1,3,4,2,4,3,4,0,4,4,4,4,4,4,4,4,4,4,4,4,4,4,4,4,4,4,4,4,4,4,4,4,4,4,4,4,4,4,4,4,2,0,1,1,3,2,0,3,3,4,4,4,4,4,4,4,4,4,4,4,2,3,0,3,3,3,2,3,0,1,0,1,1,3,0,3,1,3,3,3,0,3,3,3,3,3,0,4,4,4,4,4,4,4,4,4,4,4,4,4,4,4,4,4,4,4,4,4,4,4,4,4,4,4,4,4,4,4,4,4,4,4,4,4,4,4,4,0,2,2,3,0,2,2,3,2,3,3,3,3,3,3,3,BX571874.1/204902-204687,0
77,2,3,0,2,0,3,2,1,3,1,0,3,3,1,1,0,1,4,1,3,4,1,3,3,0,3,2,3,1,3,2,1,3,3,0,3,4,4,4,4,4,4,4,4,4,4,4,4,4,4,4,4,4,4,4,4,4,4,4,4,4,4,4,4,4,4,4,4,4,4,4,4,4,4,4,4,4,4,4,4,4,4,4,4,4,2,1,4,3,0,1,0,3,0,0,0,1,1,3,2,4,2,2,0,0,3,2,0,3,2,1,4,0,2,0,4,2,1,1,0,0,3,4,4,4,3,3,3,1,2,2,4,4,3,0,1,1,3,4,2,4,3,3,2,3,1,3,2,4,4,1,1,3,2,4,1,1,3,2,3,0,4,3,1,2,1,4,4,4,2,3,4,0,4,0,2,1,1,4,4,4,4,4,4,4,3,4,4,4,4,4,4,4,4,4,4,4,4,4,4,4,4,4,4,4,4,4,4,4,4,4,4,4,4,4,4,4,4,4,4,4,4,4,4,4,4,4,4,4,4,4,4,4,4,4,4,4,4,4,4,3,0,1,0,2,2,4,2,3,3,0,0,4,1,0,2,0,1,0,1,1,0,1,2,3,3,2,0,4,4,4,4,4,4,4,4,4,4,4,4,4,4,4,4,4,4,4,4,4,2,3,1,0,2,2,3,0,4,1,1,4,4,3,1,1,1,4,4,2,2,3,3,2,3,1,3,4,3,4,0,1,1,4,4,4,4,4,4,4,4,4,4,4,4,4,4,4,4,4,4,4,4,4,4,4,4,4,4,4,4,4,4,4,4,2,0,1,1,3,2,4,4,4,4,4,4,4,4,4,4,4,4,4,4,4,4,4,0,3,1,3,3,0,1,0,1,1,3,2,1,1,0,1,4,4,4,4,4,4,4,4,4,4,4,4,4,4,4,4,4,4,4,4,4,4,4,4,4,4,4,4,4,4,4,4,4,4,4,4,4,4,4,4,4,4,4,4,4,4,4,4,3,2,2,1,0,2,2,3,2,3,3,3,3,3,3,3,AEDL01000010.1/176871-177068,0
78,2,3,0,2,0,3,2,1,3,1,0,3,3,1,1,0,3,4,1,3,4,1,3,3,0,3,2,3,3,1,2,1,1,3,3,0,4,4,4,4,4,4,4,4,4,4,4,4,4,4,4,4,4,2,3,4,4,4,4,4,4,4,4,4,4,4,4,4,4,4,4,4,4,4,4,4,4,4,4,4,4,4,4,4,4,2,1,4,1,3,1,0,3,0,0,0,1,3,1,0,4,2,2,0,0,3,2,0,1,2,1,4,0,2,0,4,2,1,1,2,3,3,4,4,4,4,3,0,1,2,2,4,4,3,2,1,3,3,4,0,4,3,1,2,3,1,1,0,4,4,1,3,2,0,4,1,0,2,0,3,2,4,3,1,2,1,4,4,4,3,3,4,1,4,2,2,1,1,4,4,4,4,4,4,4,3,4,4,4,4,4,4,4,4,4,4,4,4,4,4,4,4,4,4,4,4,4,4,4,4,4,4,4,4,4,4,4,4,4,4,4,4,4,4,4,4,4,4,4,4,4,4,4,4,4,4,4,4,4,4,1,0,3,1,0,0,0,1,0,1,1,0,4,3,2,2,0,1,0,1,0,0,1,2,3,3,2,0,4,4,4,4,4,4,4,4,4,4,4,4,4,4,4,4,4,4,4,4,4,2,3,2,0,0,2,1,0,4,1,1,0,4,0,0,3,0,4,4,3,2,3,3,2,3,1,3,4,3,4,0,1,0,4,4,4,4,4,4,4,4,4,4,4,4,4,4,4,4,4,4,4,4,4,4,4,4,4,4,4,4,4,4,4,4,2,0,1,1,3,2,4,4,4,4,4,4,4,4,4,4,4,4,4,4,4,4,4,3,3,3,3,0,0,1,2,1,1,3,2,1,3,3,3,3,0,4,4,4,4,4,4,4,4,4,4,4,4,4,4,4,4,4,4,4,4,4,4,4,4,4,4,4,4,4,4,4,4,4,4,4,4,4,4,4,4,4,4,4,4,4,4,3,0,2,1,0,2,2,1,2,3,3,3,3,3,3,3,AGFS01022419.1/1352-1150,0
79,0,1,0,2,3,3,2,1,3,1,0,3,3,1,0,1,1,4,3,3,4,3,3,3,0,3,2,0,3,0,2,1,1,1,1,2,4,4,4,4,4,4,4,4,4,4,4,4,4,4,4,4,4,4,4,1,0,0,3,3,0,0,2,1,4,4,4,4,4,4,4,4,4,4,4,4,2,2,0,3,2,0,3,2,1,2,1,4,3,3,1,0,3,0,0,2,1,1,3,1,4,1,2,0,0,3,2,0,3,2,1,4,1,3,0,4,4,4,0,2,0,1,4,4,4,4,4,4,3,2,2,4,4,3,2,1,1,3,4,0,4,3,1,2,3,1,1,0,1,1,3,0,0,0,4,1,1,2,0,1,0,4,3,3,2,3,2,4,3,2,0,4,0,4,0,2,1,0,1,4,4,4,4,4,0,3,4,4,4,4,4,4,4,4,4,4,4,4,4,4,4,4,4,4,4,4,4,4,4,4,4,4,4,4,4,4,4,4,4,4,4,4,4,4,4,4,4,4,4,4,4,4,4,4,4,4,4,4,4,4,3,0,3,1,0,4,4,0,0,1,0,3,4,1,2,2,0,1,2,0,1,0,1,2,3,3,2,0,4,4,4,4,4,4,4,4,4,4,4,4,4,4,4,4,4,4,4,4,4,2,3,2,0,2,2,1,0,4,1,1,2,4,1,1,3,0,4,4,3,2,3,1,4,4,4,4,4,4,4,4,4,4,4,4,4,4,4,4,4,4,4,4,4,4,4,4,4,4,4,4,4,4,4,4,4,4,4,4,4,4,4,4,4,4,4,4,4,1,3,2,4,4,4,4,4,4,4,4,4,4,4,4,4,4,4,4,4,1,3,2,3,2,0,3,2,0,0,3,4,4,4,4,4,4,4,4,4,4,4,4,4,4,4,4,4,4,4,4,4,4,4,4,4,4,4,4,4,4,4,4,4,4,4,4,4,4,4,4,4,4,4,4,4,4,4,4,4,4,4,4,3,4,4,4,4,0,3,3,1,0,3,1,0,0,3,3,3,AAOS02000021.1/12016-11819,0
80,2,3,0,2,0,3,2,1,3,1,0,3,3,1,1,0,3,4,1,3,4,1,3,3,0,3,2,3,3,1,2,1,1,3,3,0,4,4,4,4,4,4,4,4,4,4,4,4,4,4,4,4,4,2,3,4,4,4,4,4,4,4,4,4,4,4,4,4,4,4,4,4,4,4,4,4,4,4,4,4,4,4,4,4,4,2,1,4,1,3,1,0,3,0,0,0,1,3,1,1,4,2,2,0,0,3,2,0,1,2,1,4,0,2,0,4,2,1,0,2,3,3,4,4,4,4,3,0,1,2,2,4,4,3,2,1,3,3,4,0,4,3,1,2,3,1,1,0,4,4,1,3,2,0,4,1,0,2,0,3,2,4,3,1,2,1,4,4,4,3,3,4,0,4,3,2,1,1,4,4,4,4,4,4,4,3,4,4,4,4,4,4,4,4,4,4,4,4,4,4,4,4,4,4,4,4,4,4,4,4,4,4,4,4,4,4,4,4,4,4,4,4,4,4,4,4,4,4,4,4,4,4,4,4,4,4,4,4,4,4,1,0,3,1,0,2,0,1,0,1,1,0,4,3,2,2,0,1,0,1,0,0,1,2,3,3,2,0,4,4,4,4,4,4,4,4,4,4,4,4,4,4,4,4,4,4,4,4,4,2,3,2,0,0,2,1,0,4,1,1,4,4,1,0,1,3,4,4,3,2,3,3,2,3,1,0,4,3,4,0,1,0,4,4,4,4,4,4,4,4,4,4,4,4,4,4,4,4,4,4,4,4,4,4,4,4,4,4,4,4,4,4,4,4,2,0,1,1,3,2,4,4,4,4,4,4,4,4,4,4,4,4,4,4,4,4,4,3,3,3,3,0,0,1,2,1,1,3,2,1,3,1,1,2,3,0,0,4,3,0,0,4,4,4,4,4,4,4,4,4,4,4,4,4,4,4,4,4,4,4,4,4,4,4,4,4,4,4,4,4,4,4,4,4,4,4,4,4,4,4,4,2,0,2,1,0,2,2,1,2,3,3,3,3,3,3,3,AFFZ01000099.1/63376-63170,0
81,2,3,0,2,0,3,2,1,3,1,0,3,3,1,1,0,3,4,1,3,4,1,3,3,0,3,2,3,3,1,2,1,1,3,3,0,4,4,4,4,4,4,4,4,4,4,4,4,4,4,4,4,4,2,3,4,4,4,4,4,4,4,4,4,4,4,4,4,4,4,4,4,4,4,4,4,4,4,4,4,4,4,4,4,4,2,1,4,1,3,1,0,3,0,0,0,1,3,1,1,4,2,2,0,0,3,2,0,1,2,1,4,0,2,0,4,2,1,1,2,3,3,4,4,4,4,3,0,1,2,2,4,4,3,2,1,3,3,4,0,4,3,1,2,3,1,1,0,4,4,1,3,2,0,4,1,0,2,0,3,2,4,3,1,2,1,4,4,4,3,3,4,0,4,3,2,1,1,4,4,4,4,4,4,4,3,4,4,4,4,4,4,4,4,4,4,4,4,4,4,4,4,4,4,4,4,4,4,4,4,4,4,4,4,4,4,4,4,4,4,4,4,4,4,4,4,4,4,4,4,4,4,4,4,4,4,4,4,4,4,1,0,3,1,0,2,0,1,0,1,1,0,4,3,2,2,0,1,0,1,0,0,1,2,3,3,2,0,4,4,4,4,4,4,4,4,4,4,4,4,4,4,4,4,4,4,4,4,4,2,3,2,0,0,2,1,0,4,1,1,4,4,1,0,1,3,4,4,3,2,3,3,2,3,1,0,4,3,4,0,1,0,4,4,4,4,4,4,4,4,4,4,4,4,4,4,4,4,4,4,4,4,4,4,4,4,4,4,4,4,4,4,4,4,2,0,1,1,3,2,4,4,4,4,4,4,4,4,4,4,4,4,4,4,4,4,4,3,3,3,3,0,0,1,2,1,1,3,2,1,3,1,1,2,3,0,0,4,3,0,0,4,4,4,4,4,4,4,4,4,4,4,4,4,4,4,4,4,4,4,4,4,4,4,4,4,4,4,4,4,4,4,4,4,4,4,4,4,4,4,4,2,0,2,1,0,2,2,1,2,3,3,3,3,3,3,3,AFDW01000035.1/42723-42929,0
82,2,3,4,4,4,2,2,1,3,1,0,3,3,1,0,1,1,4,3,3,4,1,3,3,0,3,2,3,1,0,2,1,1,1,1,3,3,0,2,4,4,4,4,4,4,4,4,4,4,2,2,0,1,2,1,4,4,4,4,4,4,4,4,4,4,4,4,4,4,4,4,4,4,4,4,4,4,4,4,4,4,4,4,4,4,2,1,4,3,0,1,0,3,0,0,0,1,3,3,1,4,4,2,0,0,3,2,0,1,2,1,4,4,4,4,4,0,1,0,0,4,4,4,4,4,4,1,0,0,2,2,4,4,3,2,1,1,3,4,2,4,1,1,2,3,1,1,0,4,4,0,1,3,3,4,1,3,2,0,3,0,4,0,3,0,2,1,4,2,3,4,4,4,4,0,2,1,3,4,4,4,4,4,4,4,3,4,4,4,4,4,4,4,4,4,4,4,4,4,4,4,4,4,4,4,4,4,4,4,4,4,4,4,4,4,4,4,4,4,4,4,4,4,4,4,4,4,4,4,4,4,4,4,4,4,4,4,4,4,4,3,0,3,1,0,4,4,0,1,1,3,1,4,1,2,2,2,1,2,0,0,0,1,2,3,1,2,0,4,4,4,4,4,4,4,4,4,4,4,4,4,4,4,4,4,4,4,4,4,2,3,3,0,2,2,1,0,4,1,1,2,4,1,1,3,3,4,4,4,0,3,3,4,4,4,4,4,4,4,4,4,4,4,4,4,4,4,4,4,4,4,4,4,4,4,4,4,4,4,4,4,4,4,4,4,4,4,4,4,4,4,4,4,4,4,4,4,1,1,0,4,4,4,4,4,4,4,4,4,4,4,4,4,4,4,4,4,3,0,0,1,0,0,0,2,1,1,2,2,2,3,3,3,4,4,4,4,4,4,4,4,4,4,4,4,4,4,4,4,4,4,4,4,4,4,4,4,4,4,4,4,4,4,4,4,4,4,4,4,4,4,4,4,4,4,4,4,4,4,4,4,0,2,1,1,1,2,2,1,3,3,3,2,3,3,2,3,AETC01000037.1/32904-32720,0
83,2,1,0,2,3,2,2,1,3,1,0,3,3,1,0,1,1,4,2,0,4,1,3,3,0,3,2,3,1,0,2,1,1,1,1,3,3,1,2,4,4,4,4,4,4,4,4,4,4,2,2,0,1,2,3,4,4,4,4,4,4,4,4,4,4,4,4,4,4,4,4,4,4,4,4,4,4,4,4,4,4,4,4,4,4,2,1,4,3,0,1,0,3,0,0,0,0,3,3,1,4,4,2,0,0,3,2,0,1,2,1,4,0,1,0,4,0,1,4,4,4,4,4,4,4,4,4,0,0,2,2,4,4,3,2,1,1,3,4,2,4,1,1,2,3,1,1,0,4,4,0,1,3,3,4,1,3,2,0,3,0,4,3,1,0,2,1,4,2,3,0,4,4,4,4,2,1,3,4,4,4,4,4,4,4,0,4,4,4,4,4,4,4,4,4,4,4,4,4,4,4,4,4,4,4,4,4,4,4,4,4,4,4,4,4,4,4,4,4,4,4,4,4,4,4,4,4,4,4,4,4,4,4,4,4,4,4,4,4,4,3,0,3,1,0,4,4,0,1,1,0,3,4,1,2,2,2,1,2,0,0,0,1,2,3,1,2,0,4,4,4,4,4,4,4,4,4,4,4,4,4,4,4,4,4,4,4,4,4,2,3,3,0,2,2,1,0,4,1,1,2,4,1,1,3,3,4,4,4,0,3,3,4,4,4,4,4,4,4,4,4,4,4,4,4,4,4,4,4,4,4,4,4,4,4,4,4,4,4,4,4,4,4,4,4,4,4,4,4,4,4,4,4,4,4,4,4,1,1,0,4,4,4,4,4,4,4,4,4,4,4,4,4,4,4,4,4,3,0,0,1,0,0,0,2,1,1,2,2,2,4,4,3,0,0,3,4,4,4,4,3,4,4,4,4,4,4,4,4,4,4,4,4,4,4,4,4,4,4,4,4,4,4,4,4,4,4,4,4,4,4,4,4,4,4,4,4,4,4,4,4,4,4,1,1,1,2,2,1,3,3,3,2,3,3,2,3,ADTM01000417.1/34517-34704,0
84,2,3,4,4,4,2,2,1,3,1,0,3,3,1,0,1,1,4,1,2,4,2,3,3,0,3,2,0,1,0,2,1,1,1,3,2,1,3,1,0,0,2,4,4,4,4,1,2,2,0,1,0,0,2,3,4,4,4,4,4,4,4,4,4,4,4,4,4,4,4,4,4,4,4,4,4,4,4,4,4,4,4,4,4,4,2,1,4,4,1,1,0,3,0,0,1,0,3,3,1,4,4,2,0,0,3,2,0,1,2,1,4,4,4,4,4,0,1,0,0,4,4,4,4,4,4,3,0,1,2,2,4,4,3,2,1,1,3,4,2,4,3,1,2,3,1,1,0,4,1,1,1,1,0,4,1,1,2,0,3,0,4,0,3,1,2,3,4,3,1,0,4,1,4,3,3,3,2,3,2,4,4,2,1,2,3,4,4,4,4,4,4,4,4,4,4,4,4,4,4,4,4,4,4,4,4,4,4,4,4,4,4,4,4,4,4,4,4,4,4,4,4,4,4,4,4,4,4,4,4,4,4,4,4,4,4,4,4,4,4,3,0,3,1,0,4,4,2,0,1,0,3,4,1,2,2,0,1,2,1,1,0,1,2,3,3,2,0,4,4,4,4,4,4,4,4,4,4,4,4,4,4,4,4,4,4,4,4,4,2,3,1,0,2,2,3,0,4,1,1,0,4,3,1,3,0,4,4,3,3,3,3,2,3,4,4,4,4,4,4,4,4,3,0,1,2,1,4,4,4,4,4,4,4,4,4,4,4,4,4,4,4,4,4,4,2,2,2,3,3,3,4,4,4,4,0,1,1,2,2,1,2,3,4,4,4,4,4,4,4,4,4,4,2,0,1,3,3,3,2,2,0,0,2,2,1,3,2,2,3,3,1,0,1,3,2,4,4,4,4,4,4,4,4,4,4,4,4,4,4,4,4,4,4,4,4,4,4,4,4,4,4,4,4,4,4,4,4,4,4,4,4,4,4,4,4,4,4,4,4,4,2,0,0,1,1,2,2,1,1,3,3,3,3,3,3,1,CP002124.1/86119-85896,0
85,2,3,0,2,0,3,2,1,3,1,0,3,3,1,1,0,1,4,3,3,4,0,3,3,0,3,2,3,3,3,2,1,3,1,1,2,4,4,4,4,4,4,4,4,4,4,4,4,4,4,4,4,4,4,4,4,4,4,4,4,4,4,4,4,4,4,4,4,4,4,4,4,4,4,4,4,4,4,4,4,4,4,4,4,4,2,1,4,3,3,1,0,3,0,0,0,1,1,1,0,4,2,2,0,0,3,2,0,1,2,1,4,0,2,0,4,2,1,1,2,3,3,4,4,4,4,3,0,1,2,2,4,4,3,2,1,3,3,4,0,4,3,1,2,3,1,1,0,4,4,1,0,2,0,4,1,0,2,0,3,2,4,3,1,2,1,4,4,4,3,3,4,1,4,2,2,1,1,4,4,4,4,4,4,4,3,4,4,4,4,4,4,4,4,4,4,4,4,4,4,4,4,4,4,4,4,4,4,4,4,4,4,4,4,4,4,4,4,4,4,4,4,4,4,4,4,4,4,4,4,4,4,4,4,4,4,4,4,4,4,1,0,3,1,0,0,0,1,0,1,1,0,4,3,2,2,0,1,0,3,0,0,1,2,3,3,2,0,4,4,4,4,4,4,4,4,4,4,4,4,4,4,4,4,4,4,4,4,4,2,3,2,0,0,2,1,0,4,1,1,0,4,1,0,3,3,4,4,3,2,3,3,2,3,1,0,4,0,4,0,1,0,4,4,4,4,4,4,4,4,4,4,4,4,4,4,4,4,4,4,4,4,4,4,4,4,4,4,4,4,4,4,4,4,2,0,1,1,3,2,4,4,4,4,4,4,4,4,4,4,4,4,4,4,4,4,4,3,3,3,3,2,0,3,0,1,1,3,2,1,1,3,3,1,4,4,4,4,4,4,4,4,4,4,4,4,4,4,4,4,4,4,4,4,4,4,4,4,4,4,4,4,4,4,4,4,4,4,4,4,4,4,4,4,4,4,4,4,4,4,4,2,2,2,1,0,2,2,3,0,3,3,3,3,3,3,3,CP000783.1/3698837-3698638,0
86,2,3,0,2,0,3,2,1,3,1,0,3,3,1,1,0,3,4,1,3,4,1,3,3,0,3,2,3,3,1,2,1,1,3,3,0,4,4,4,4,4,4,4,4,4,4,4,4,4,4,4,4,4,2,3,4,4,4,4,4,4,4,4,4,4,4,4,4,4,4,4,4,4,4,4,4,4,4,4,4,4,4,4,4,4,2,1,4,1,3,1,0,3,0,0,0,1,3,1,1,4,2,2,0,0,3,2,0,1,2,1,4,0,2,0,4,2,1,1,2,3,3,4,4,4,4,3,0,1,2,2,4,4,3,2,1,3,3,4,0,4,3,1,2,3,1,1,0,4,4,1,3,2,0,4,1,0,2,0,3,2,4,3,1,2,1,4,4,4,3,3,4,0,4,3,2,1,1,4,4,4,4,4,4,4,3,4,4,4,4,4,4,4,4,4,4,4,4,4,4,4,4,4,4,4,4,4,4,4,4,4,4,4,4,4,4,4,4,4,4,4,4,4,4,4,4,4,4,4,4,4,4,4,4,4,4,4,4,4,4,1,0,3,1,0,2,0,1,0,1,1,0,4,3,2,2,0,1,0,1,0,0,1,2,3,3,2,0,4,4,4,4,4,4,4,4,4,4,4,4,4,4,4,4,4,4,4,4,4,2,3,2,0,0,2,1,0,4,1,1,4,4,1,0,1,3,4,4,3,2,3,3,2,3,1,0,4,3,4,0,1,0,4,4,4,4,4,4,4,4,4,4,4,4,4,4,4,4,4,4,4,4,4,4,4,4,4,4,4,4,4,4,4,4,2,0,1,1,3,2,4,4,4,4,4,4,4,4,4,4,4,4,4,4,4,4,4,3,3,3,3,0,0,1,2,1,1,3,2,1,3,1,1,2,3,0,0,4,3,0,0,4,4,4,4,4,4,4,4,4,4,4,4,4,4,4,4,4,4,4,4,4,4,4,4,4,4,4,4,4,4,4,4,4,4,4,4,4,4,4,4,2,0,2,1,0,2,2,1,2,3,3,3,3,3,3,3,AFUY01000025.1/41262-41468,0
87,2,3,4,4,4,2,2,1,3,1,0,3,3,1,0,1,1,4,2,0,4,1,3,3,0,3,2,3,1,0,2,1,1,1,1,3,3,1,2,4,4,4,4,4,4,4,4,4,4,2,2,0,1,2,3,4,4,4,4,4,4,4,4,4,4,4,4,4,4,4,4,4,4,4,4,4,4,4,4,4,4,4,4,4,4,2,1,4,3,0,1,0,3,0,0,0,0,3,0,1,4,4,2,0,0,3,2,0,1,2,1,4,4,4,4,4,0,1,0,0,4,4,4,4,4,4,1,0,0,2,2,4,4,3,2,1,1,3,4,2,4,1,1,2,3,1,1,0,4,4,0,1,3,3,4,1,3,2,0,3,0,4,3,1,0,2,1,4,2,3,0,4,4,4,4,2,1,3,4,4,4,4,4,4,4,0,4,4,4,4,4,4,4,4,4,4,4,4,4,4,4,4,4,4,4,4,4,4,4,4,4,4,4,4,4,4,4,4,4,4,4,4,4,4,4,4,4,4,4,4,4,4,4,4,4,4,4,4,4,4,3,0,3,1,0,4,4,0,1,1,0,3,4,1,2,2,2,1,2,0,0,0,1,2,3,1,2,0,4,4,4,4,4,4,4,4,4,4,4,4,4,4,4,4,4,4,4,4,4,2,3,3,0,2,2,1,0,4,1,1,2,4,1,1,3,3,4,4,4,0,3,3,4,4,4,4,4,4,4,4,4,4,4,4,4,4,4,4,4,4,4,4,4,4,4,4,4,4,4,4,4,4,4,4,4,4,4,4,4,4,4,4,4,4,4,4,4,1,1,0,4,4,4,4,4,4,4,4,4,4,4,4,4,4,4,4,4,3,0,0,1,0,0,0,2,1,1,2,2,2,4,4,3,0,0,3,4,4,4,4,3,4,4,4,4,4,4,4,4,4,4,4,4,4,4,4,4,4,4,4,4,4,4,4,4,4,4,4,4,4,4,4,4,4,4,4,4,4,4,4,4,4,4,1,1,1,2,2,1,3,3,3,2,3,3,2,3,ADUD01000175.1/12969-13153,0
88,2,3,0,2,0,3,2,1,3,1,0,3,3,1,1,0,3,4,1,3,4,1,3,3,0,3,2,3,3,1,2,1,1,3,3,0,4,4,4,4,4,4,4,4,4,4,4,4,4,4,4,4,4,2,3,4,4,4,4,4,4,4,4,4,4,4,4,4,4,4,4,4,4,4,4,4,4,4,4,4,4,4,4,4,4,2,1,4,1,3,1,0,3,0,0,0,1,3,1,1,4,2,2,0,0,3,2,0,1,2,1,4,0,2,0,4,2,1,1,2,3,3,4,4,4,4,3,0,1,2,2,4,4,3,2,1,3,3,4,0,4,3,1,2,3,1,1,0,4,4,1,3,2,0,4,1,0,2,0,3,2,4,3,1,2,1,4,4,4,3,3,4,0,4,3,2,1,1,4,4,4,4,4,4,4,3,4,4,4,4,4,4,4,4,4,4,4,4,4,4,4,4,4,4,4,4,4,4,4,4,4,4,4,4,4,4,4,4,4,4,4,4,4,4,4,4,4,4,4,4,4,4,4,4,4,4,4,4,4,4,1,0,3,1,0,2,0,1,0,1,1,0,4,3,2,2,0,1,0,1,0,0,1,2,3,3,2,0,4,4,4,4,4,4,4,4,4,4,4,4,4,4,4,4,4,4,4,4,4,2,3,2,0,0,2,1,0,4,1,1,4,4,1,0,1,3,4,4,3,2,3,3,2,3,1,0,4,3,4,0,1,0,4,4,4,4,4,4,4,4,4,4,4,4,4,4,4,4,4,4,4,4,4,4,4,4,4,4,4,4,4,4,4,4,2,0,1,1,3,2,4,4,4,4,4,4,4,4,4,4,4,4,4,4,4,4,4,3,3,3,3,0,0,1,2,1,1,3,2,1,3,1,1,2,3,0,0,4,3,0,0,4,4,4,4,4,4,4,4,4,4,4,4,4,4,4,4,4,4,4,4,4,4,4,4,4,4,4,4,4,4,4,4,4,4,4,4,4,4,4,4,2,0,2,1,0,2,2,1,2,3,3,3,3,3,3,3,CU651637.1/4031586-4031792,0
89,0,1,0,2,3,3,2,1,3,1,0,3,3,1,0,1,1,4,3,3,4,3,3,3,0,3,2,0,3,0,2,1,1,1,1,2,4,4,4,4,4,4,4,4,4,4,4,4,4,4,4,4,4,4,4,1,0,0,3,3,0,0,2,1,4,4,4,4,4,4,4,4,4,4,4,4,2,2,0,3,2,0,3,2,1,2,1,4,3,3,1,0,3,0,0,2,1,1,3,1,4,1,2,0,0,3,2,0,3,2,1,4,1,3,0,4,4,4,0,2,0,1,4,4,4,4,4,4,3,2,2,4,4,3,2,1,1,3,4,0,4,3,1,2,3,1,1,0,1,1,3,0,0,0,4,1,1,2,0,1,0,4,3,3,2,3,2,4,3,2,0,4,0,4,0,2,1,0,1,4,4,4,4,4,0,3,4,4,4,4,4,4,4,4,4,4,4,4,4,4,4,4,4,4,4,4,4,4,4,4,4,4,4,4,4,4,4,4,4,4,4,4,4,4,4,4,4,4,4,4,4,4,4,4,4,4,4,4,4,4,3,0,3,1,0,4,4,0,0,1,0,3,4,1,2,2,0,1,2,0,1,0,1,2,3,3,2,0,4,4,4,4,4,4,4,4,4,4,4,4,4,4,4,4,4,4,4,4,4,2,3,2,0,2,2,1,0,4,1,1,2,4,1,1,3,0,4,4,3,2,3,1,4,4,4,4,4,4,4,4,4,4,4,4,4,4,4,4,4,4,4,4,4,4,4,4,4,4,4,4,4,4,4,4,4,4,4,4,4,4,4,4,4,4,4,4,4,1,3,2,4,4,4,4,4,4,4,4,4,4,4,4,4,4,4,4,4,1,3,2,3,2,0,3,2,0,0,3,4,4,4,4,4,4,4,4,4,4,4,4,4,4,4,4,4,4,4,4,4,4,4,4,4,4,4,4,4,4,4,4,4,4,4,4,4,4,4,4,4,4,4,4,4,4,4,4,4,4,4,4,3,4,4,4,4,0,3,3,1,0,3,1,0,0,3,3,3,CP000668.1/2562425-2562228,0
90,1,1,0,2,3,3,2,1,3,1,0,3,3,1,0,0,1,4,3,0,4,3,3,3,0,3,2,0,1,2,2,1,1,1,1,2,3,0,3,3,3,0,2,0,4,1,2,2,0,0,3,3,2,3,3,4,4,4,4,4,4,4,4,4,4,4,4,4,4,4,4,4,4,4,4,4,4,4,4,4,4,4,4,4,4,2,1,4,1,3,1,0,3,0,0,2,1,1,3,1,4,1,2,0,0,3,2,0,3,2,1,4,1,0,0,4,0,2,0,0,0,3,4,4,4,4,4,4,4,2,2,4,4,3,2,1,1,3,4,0,4,3,1,2,3,1,1,0,0,1,1,0,0,0,4,1,1,2,0,3,0,4,0,1,0,2,0,4,1,2,1,4,2,4,1,0,0,2,1,2,4,4,4,1,3,3,4,4,4,4,4,4,4,4,4,4,4,4,4,4,4,4,4,4,4,4,4,4,4,4,4,4,4,4,4,4,4,4,4,4,4,4,4,4,4,4,4,4,4,4,4,4,4,4,4,4,4,4,4,4,3,0,3,1,0,0,2,4,4,1,0,3,4,1,2,2,2,1,2,0,1,0,1,2,3,2,2,0,4,4,4,4,4,4,4,4,4,4,4,4,4,4,4,4,4,4,4,4,4,2,3,2,0,2,2,1,0,4,1,1,2,4,4,4,4,4,4,4,4,4,4,4,4,4,4,4,4,4,4,4,4,4,4,4,4,4,4,4,4,4,4,4,4,4,4,4,4,4,4,4,4,4,4,4,4,4,4,4,4,4,4,4,4,4,4,4,4,4,4,4,4,4,4,4,4,4,4,4,4,4,4,4,4,4,4,4,4,4,4,4,4,4,4,4,4,4,4,4,4,4,4,4,4,4,4,4,4,4,4,4,4,1,4,4,4,4,4,4,4,4,4,4,4,4,4,4,4,4,4,4,4,4,4,4,4,4,4,4,4,4,4,4,4,4,4,4,4,4,4,4,1,4,4,4,4,4,4,4,4,4,4,4,3,2,3,0,3,CP000826.1/4043316-4043144,0
91,2,1,0,2,3,2,2,1,3,1,0,3,3,1,0,1,1,4,2,0,4,1,3,3,0,3,2,3,1,0,2,1,1,1,1,3,3,1,2,4,4,4,4,4,4,4,4,4,4,2,2,0,1,2,3,4,4,4,4,4,4,4,4,4,4,4,4,4,4,4,4,4,4,4,4,4,4,4,4,4,4,4,4,4,4,2,1,4,3,0,1,0,3,0,0,0,0,3,3,1,4,4,2,0,0,3,2,0,1,2,1,4,0,1,0,4,0,1,4,4,4,4,4,4,4,4,4,0,0,2,2,4,4,3,2,1,1,3,4,2,4,1,1,2,3,1,1,0,4,4,0,1,3,3,4,1,3,2,0,3,0,4,3,1,0,2,1,4,2,3,0,4,4,4,4,2,1,3,4,4,4,4,4,4,4,0,4,4,4,4,4,4,4,4,4,4,4,4,4,4,4,4,4,4,4,4,4,4,4,4,4,4,4,4,4,4,4,4,4,4,4,4,4,4,4,4,4,4,4,4,4,4,4,4,4,4,4,4,4,4,3,0,3,1,0,4,4,0,1,1,0,3,4,1,2,2,2,1,2,0,0,0,1,2,3,1,2,0,4,4,4,4,4,4,4,4,4,4,4,4,4,4,4,4,4,4,4,4,4,2,3,3,0,2,2,1,0,4,1,1,2,4,1,1,3,3,4,4,4,0,3,3,4,4,4,4,4,4,4,4,4,4,4,4,4,4,4,4,4,4,4,4,4,4,4,4,4,4,4,4,4,4,4,4,4,4,4,4,4,4,4,4,4,4,4,4,4,1,1,0,4,4,4,4,4,4,4,4,4,4,4,4,4,4,4,4,4,3,0,0,1,0,0,0,2,1,1,2,2,2,4,4,3,0,0,3,4,4,4,4,3,4,4,4,4,4,4,4,4,4,4,4,4,4,4,4,4,4,4,4,4,4,4,4,4,4,4,4,4,4,4,4,4,4,4,4,4,4,4,4,4,4,4,1,1,1,2,2,1,3,3,3,2,3,3,2,3,AAJT02000043.1/35313-35500,0
92,2,3,0,2,0,3,2,1,3,1,0,3,3,1,1,0,1,4,1,3,4,1,3,3,0,3,2,3,3,1,2,1,1,0,1,0,4,4,4,4,4,4,4,4,4,4,4,4,4,4,4,4,4,3,2,4,4,4,4,4,4,4,4,4,4,4,4,4,4,4,4,4,4,4,4,4,4,4,4,4,4,4,4,4,4,2,1,4,1,3,1,0,3,0,0,0,1,1,1,3,2,2,2,0,0,3,2,0,1,2,1,4,0,2,0,4,2,1,1,2,0,3,4,4,4,3,3,0,2,2,2,4,4,3,2,1,1,3,4,0,4,3,3,2,1,1,1,0,4,1,1,0,2,0,4,0,1,2,0,3,2,4,0,0,3,0,1,4,0,3,1,4,4,4,4,4,4,4,4,4,4,4,4,4,4,4,2,1,3,3,2,1,2,4,4,4,4,4,4,4,4,4,4,4,4,4,4,4,4,4,4,4,4,4,4,4,4,4,4,4,4,4,4,4,4,4,4,4,4,4,4,4,4,0,3,2,1,2,2,0,1,0,3,1,0,4,4,1,0,1,3,2,4,1,2,2,2,1,0,3,0,0,1,2,3,3,2,0,4,4,4,4,4,4,4,4,4,4,4,4,4,4,4,4,4,4,4,4,4,2,3,2,0,2,2,1,0,4,1,1,0,4,1,1,1,1,4,4,3,2,3,3,2,3,1,1,4,0,4,0,4,4,4,4,4,4,4,4,4,4,4,4,4,4,4,4,4,4,4,4,4,4,4,4,4,4,4,4,4,4,4,4,4,4,2,0,1,1,3,2,0,3,3,2,4,4,4,4,4,4,4,4,4,1,3,3,1,3,3,3,0,3,0,1,0,1,3,3,2,3,1,2,3,3,0,4,4,4,4,4,4,4,4,4,4,4,4,4,4,4,4,4,4,4,4,4,4,4,4,4,4,4,4,4,4,4,4,4,4,4,4,4,4,4,4,4,4,4,4,4,4,1,2,2,1,0,0,2,3,2,3,3,3,3,3,3,3,ADBY01000025.1/153645-153864,0
93,2,3,0,2,3,2,2,1,3,1,0,3,3,1,0,1,1,4,2,0,4,1,3,3,0,3,2,3,1,0,2,1,1,1,1,3,3,1,2,4,4,4,4,4,4,4,4,4,4,2,2,0,1,2,3,4,4,4,4,4,4,4,4,4,4,4,4,4,4,4,4,4,4,4,4,4,4,4,4,4,4,4,4,4,4,2,1,4,3,0,1,0,3,0,0,0,0,3,3,1,4,4,2,0,0,3,2,0,1,2,1,4,0,1,0,4,0,1,4,4,4,4,4,4,4,4,4,0,0,2,2,4,4,3,2,1,1,3,4,2,4,1,1,2,3,1,1,0,4,4,0,1,3,3,4,1,3,2,0,3,0,4,3,1,0,2,1,4,2,3,0,4,4,4,4,2,1,3,4,4,4,4,4,4,4,0,4,4,4,4,4,4,4,4,4,4,4,4,4,4,4,4,4,4,4,4,4,4,4,4,4,4,4,4,4,4,4,4,4,4,4,4,4,4,4,4,4,4,4,4,4,4,4,4,4,4,4,4,4,4,3,0,3,1,0,4,4,0,1,1,0,3,4,1,2,2,2,1,2,0,0,0,1,2,3,1,2,0,4,4,4,4,4,4,4,4,4,4,4,4,4,4,4,4,4,4,4,4,4,2,3,3,0,2,2,1,0,4,1,1,2,4,1,1,3,3,4,4,4,0,3,3,4,4,4,4,4,4,4,4,4,4,4,4,4,4,4,4,4,4,4,4,4,4,4,4,4,4,4,4,4,4,4,4,4,4,4,4,4,4,4,4,4,4,4,4,4,1,1,0,4,4,4,4,4,4,4,4,4,4,4,4,4,4,4,4,4,3,0,0,1,0,0,0,2,1,1,2,2,2,4,4,3,0,0,3,4,4,4,4,3,4,4,4,4,4,4,4,4,4,4,4,4,4,4,4,4,4,4,4,4,4,4,4,4,4,4,4,4,4,4,4,4,4,4,4,4,4,4,4,4,4,4,1,1,1,2,2,1,3,3,3,2,3,3,2,3,AFAF01000014.1/1278470-1278657,0
94,2,3,0,2,0,3,0,1,3,1,0,3,3,1,1,0,3,4,1,3,4,1,3,3,0,3,2,3,3,1,2,1,1,3,3,0,4,4,4,4,4,4,4,4,4,4,4,4,4,4,4,4,4,2,3,4,4,4,4,4,4,4,4,4,4,4,4,4,4,4,4,4,4,4,4,4,4,4,4,4,4,4,4,4,4,2,1,4,1,3,1,0,3,0,0,0,1,3,1,1,4,2,2,0,0,3,2,0,1,2,1,4,0,2,0,4,2,1,1,2,3,3,4,4,4,4,3,0,1,2,2,4,4,3,2,1,3,3,4,0,4,3,1,2,3,1,1,0,4,4,1,3,2,0,4,1,0,2,0,3,2,4,3,1,2,1,4,4,4,3,3,4,0,4,3,2,1,1,4,4,4,4,4,4,4,3,4,4,4,4,4,4,4,4,4,4,4,4,4,4,4,4,4,4,4,4,4,4,4,4,4,4,4,4,4,4,4,4,4,4,4,4,4,4,4,4,4,4,4,4,4,4,4,4,4,4,4,4,4,4,1,0,3,1,0,2,0,1,0,1,1,0,4,3,2,2,0,1,0,1,0,0,1,2,3,3,2,0,4,4,4,4,4,4,4,4,4,4,4,4,4,4,4,4,4,4,4,4,4,2,3,2,0,0,2,1,0,4,1,1,4,4,1,0,1,3,4,4,3,2,3,3,2,3,1,0,4,3,4,0,1,0,4,4,4,4,4,4,4,4,4,4,4,4,4,4,4,4,4,4,4,4,4,4,4,4,4,4,4,4,4,4,4,4,2,0,1,1,3,2,4,4,4,4,4,4,4,4,4,4,4,4,4,4,4,4,4,3,3,3,3,0,0,1,2,1,1,3,2,1,3,1,1,2,3,0,0,4,3,0,0,4,4,4,4,4,4,4,4,4,4,4,4,4,4,4,4,4,4,4,4,4,4,4,4,4,4,4,4,4,4,4,4,4,4,4,4,4,4,4,4,2,0,2,1,0,2,2,1,2,3,3,3,3,3,3,3,AGTG01000002.1/39752-39958,0
95,2,3,4,4,4,2,2,1,3,1,0,3,3,1,0,1,1,4,2,0,4,1,3,3,0,3,2,3,1,0,2,1,1,1,1,3,3,1,2,4,4,4,4,4,4,4,4,4,4,2,2,0,1,2,3,4,4,4,4,4,4,4,4,4,4,4,4,4,4,4,4,4,4,4,4,4,4,4,4,4,4,4,4,4,4,2,1,4,3,0,1,0,3,0,0,0,0,3,3,1,4,4,2,0,0,3,2,0,1,2,1,4,4,4,4,4,0,1,0,0,4,4,4,4,4,4,1,0,0,2,2,4,4,3,2,1,1,3,4,2,4,1,1,2,3,1,1,0,4,4,0,1,3,3,4,1,3,2,0,3,0,4,3,1,0,2,4,4,4,1,3,4,3,4,0,2,1,3,4,4,4,4,4,4,4,0,4,4,4,4,4,4,4,4,4,4,4,4,4,4,4,4,4,4,4,4,4,4,4,4,4,4,4,4,4,4,4,4,4,4,4,4,4,4,4,4,4,4,4,4,4,4,4,4,4,4,4,4,4,4,3,0,3,1,0,4,4,0,1,1,1,3,4,1,2,2,2,1,2,0,0,0,1,2,3,1,2,0,4,4,4,4,4,4,4,4,4,4,4,4,4,4,4,4,4,4,4,4,4,2,3,3,0,2,2,1,0,4,1,1,2,4,1,1,3,3,4,4,4,0,3,3,4,4,4,4,4,4,4,4,4,4,4,4,4,4,4,4,4,4,4,4,4,4,4,4,4,4,4,4,4,4,4,4,4,4,4,4,4,4,4,4,4,4,4,4,4,1,1,0,4,4,4,4,4,4,4,4,4,4,4,4,4,4,4,4,4,3,0,0,1,0,0,0,2,1,1,2,2,2,4,4,3,1,0,3,4,4,4,4,3,4,4,4,4,4,4,4,4,4,4,4,4,4,4,4,4,4,4,4,4,4,4,4,4,4,4,4,4,4,4,4,4,4,4,4,4,4,4,4,4,4,4,1,1,1,2,2,1,3,3,3,2,3,3,2,3,AEJX01000091.1/7139-6955,0
96,2,1,0,2,3,2,2,1,3,1,0,3,3,1,0,1,1,4,2,0,4,1,3,3,0,3,2,3,1,0,2,1,1,1,1,3,3,1,2,4,4,4,4,4,4,4,4,4,4,2,2,0,1,2,3,4,4,4,4,4,4,4,4,4,4,4,4,4,4,4,4,4,4,4,4,4,4,4,4,4,4,4,4,4,4,2,1,4,3,0,1,0,3,0,0,0,0,3,3,1,4,4,2,0,0,3,2,0,1,2,1,4,0,1,0,4,0,1,4,4,4,4,4,4,4,4,4,0,0,2,2,4,4,3,2,1,1,3,4,2,4,1,1,2,3,1,1,0,4,4,0,1,3,3,4,1,3,2,0,3,0,4,3,1,0,2,1,4,2,3,0,4,4,4,4,2,1,3,4,4,4,4,4,4,4,0,4,4,4,4,4,4,4,4,4,4,4,4,4,4,4,4,4,4,4,4,4,4,4,4,4,4,4,4,4,4,4,4,4,4,4,4,4,4,4,4,4,4,4,4,4,4,4,4,4,4,4,4,4,4,3,0,3,1,0,4,4,0,1,1,0,3,4,1,2,2,2,1,2,0,0,0,1,2,3,1,2,0,4,4,4,4,4,4,4,4,4,4,4,4,4,4,4,4,4,4,4,4,4,2,3,3,0,2,2,1,0,4,1,1,2,4,1,1,3,3,4,4,4,0,3,3,4,4,4,4,4,4,4,4,4,4,4,4,4,4,4,4,4,4,4,4,4,4,4,4,4,4,4,4,4,4,4,4,4,4,4,4,4,4,4,4,4,4,4,4,4,1,1,0,4,4,4,4,4,4,4,4,4,4,4,4,4,4,4,4,4,3,0,0,1,0,0,0,2,1,1,2,2,2,4,4,3,0,0,3,4,4,4,4,3,4,4,4,4,4,4,4,4,4,4,4,4,4,4,4,4,4,4,4,4,4,4,4,4,4,4,4,4,4,4,4,4,4,4,4,4,4,4,4,4,4,4,1,1,1,2,2,1,3,3,3,2,3,3,2,3,CP001665.1/1182757-1182944,0
97,2,3,0,2,0,3,2,1,3,1,0,3,3,1,1,0,3,4,1,3,4,1,3,3,0,3,2,3,3,1,2,1,1,3,3,0,4,4,4,4,4,4,4,4,4,4,4,4,4,4,4,4,4,2,3,4,4,4,4,4,4,4,4,4,4,4,4,4,4,4,4,4,4,4,4,4,4,4,4,4,4,4,4,4,4,2,1,4,1,3,1,0,3,0,0,0,1,3,1,1,4,2,2,0,0,3,2,0,1,2,1,4,0,2,0,4,2,1,1,2,3,3,4,4,4,4,3,0,1,2,2,4,4,3,2,1,3,3,4,0,4,3,1,2,3,1,1,0,4,4,1,3,2,0,4,1,0,2,0,3,2,4,3,1,2,1,4,4,4,3,3,4,0,4,3,2,1,1,4,4,4,4,4,4,4,3,4,4,4,4,4,4,4,4,4,4,4,4,4,4,4,4,4,4,4,4,4,4,4,4,4,4,4,4,4,4,4,4,4,4,4,4,4,4,4,4,4,4,4,4,4,4,4,4,4,4,4,4,4,4,1,0,3,1,0,2,0,1,0,1,1,0,4,3,2,2,0,1,0,1,0,0,1,2,3,3,2,0,4,4,4,4,4,4,4,4,4,4,4,4,4,4,4,4,4,4,4,4,4,2,3,2,0,0,2,1,0,4,1,1,4,4,1,0,1,3,4,4,3,2,3,3,2,3,1,0,4,3,4,0,1,0,4,4,4,4,4,4,4,4,4,4,4,4,4,4,4,4,4,4,4,4,4,4,4,4,4,4,4,4,4,4,4,4,2,0,1,1,3,2,4,4,4,4,4,4,4,4,4,4,4,4,4,4,4,4,4,3,3,3,3,0,0,1,2,1,1,3,2,1,3,1,1,2,3,0,0,4,3,0,0,4,4,4,4,4,4,4,4,4,4,4,4,4,4,4,4,4,4,4,4,4,4,4,4,4,4,4,4,4,4,4,4,4,4,4,4,4,4,4,4,2,0,2,1,0,2,2,1,2,3,3,3,3,3,3,3,AFWC01000257.1/38000-38206,0
98,2,3,0,2,0,3,2,1,3,1,0,3,3,1,1,0,3,4,1,3,4,1,3,3,0,3,2,3,3,1,2,1,1,3,3,0,4,4,4,4,4,4,4,4,4,4,4,4,4,4,4,4,4,2,3,4,4,4,4,4,4,4,4,4,4,4,4,4,4,4,4,4,4,4,4,4,4,4,4,4,4,4,4,4,4,2,1,4,1,3,1,0,3,0,0,0,1,3,1,1,4,2,2,0,0,3,2,0,1,2,1,4,0,2,0,4,2,1,1,2,3,3,4,4,4,4,3,0,1,2,2,4,4,3,2,1,3,3,4,0,4,3,1,2,3,1,1,0,4,4,1,3,2,0,4,1,0,2,0,3,2,4,3,1,2,1,4,4,4,3,3,4,0,4,3,2,1,1,4,4,4,4,4,4,4,3,4,4,4,4,4,4,4,4,4,4,4,4,4,4,4,4,4,4,4,4,4,4,4,4,4,4,4,4,4,4,4,4,4,4,4,4,4,4,4,4,4,4,4,4,4,4,4,4,4,4,4,4,4,4,1,0,3,1,0,2,0,1,0,1,1,0,4,3,2,2,0,1,0,1,0,0,1,2,3,3,2,0,4,4,4,4,4,4,4,4,4,4,4,4,4,4,4,4,4,4,4,4,4,2,3,2,0,0,2,1,0,4,1,1,4,4,1,0,1,3,4,4,3,2,3,3,2,3,1,0,4,3,4,0,1,0,4,4,4,4,4,4,4,4,4,4,4,4,4,4,4,4,4,4,4,4,4,4,4,4,4,4,4,4,4,4,4,4,2,0,1,1,3,2,4,4,4,4,4,4,4,4,4,4,4,4,4,4,4,4,4,3,3,3,3,0,0,1,2,4,4,4,4,4,4,4,4,4,4,4,4,4,4,4,4,1,1,3,4,4,4,4,4,4,4,4,4,4,4,4,4,4,4,4,4,4,4,4,4,4,4,4,4,4,4,4,4,4,4,4,4,2,1,3,1,4,4,4,4,4,4,4,1,2,3,0,0,3,0,0,2,ADTX01000204.1/196-5,0
99,2,3,4,4,4,2,2,1,3,1,0,3,3,1,0,1,1,4,3,3,4,1,3,3,0,3,2,3,1,0,2,1,1,1,1,3,3,1,2,4,4,4,4,4,4,4,4,4,4,2,2,0,1,2,3,4,4,4,4,4,4,4,4,4,4,4,4,4,4,4,4,4,4,4,4,4,4,4,4,4,4,4,4,4,4,2,1,4,3,0,1,0,3,0,0,0,1,3,3,1,4,4,2,0,0,3,2,0,1,2,1,4,4,4,4,4,0,1,0,0,4,4,4,4,4,4,1,0,0,2,2,4,4,3,2,1,1,3,4,2,4,1,1,2,3,1,1,0,4,4,0,1,3,0,4,1,3,2,0,3,1,4,0,3,0,2,4,4,4,1,2,4,0,4,3,2,1,3,4,4,4,4,4,4,4,3,4,4,4,4,4,4,4,4,4,4,4,4,4,4,4,4,4,4,4,4,4,4,4,4,4,4,4,4,4,4,4,4,4,4,4,4,4,4,4,4,4,4,4,4,4,4,4,4,4,4,4,4,4,4,3,0,3,1,0,2,2,1,4,4,4,1,4,0,2,2,2,1,2,0,0,0,1,2,3,1,2,0,4,4,4,4,4,4,4,4,4,4,4,4,4,4,4,4,4,4,4,4,4,2,3,3,0,2,2,1,0,4,1,1,2,4,1,1,3,1,4,4,4,0,3,3,4,4,4,4,4,4,4,4,4,4,4,4,4,4,4,4,4,4,4,4,4,4,4,4,4,4,4,4,4,4,4,4,4,4,4,4,4,4,4,4,4,4,4,4,4,4,4,4,4,4,4,4,4,4,4,4,4,4,4,4,4,4,4,4,4,1,1,0,3,0,0,1,0,0,0,2,1,1,2,2,2,3,3,3,4,4,4,3,0,4,4,4,4,4,4,4,4,4,4,4,4,4,4,4,4,4,4,4,4,4,4,4,4,4,4,4,4,4,4,4,4,4,4,4,4,4,4,4,4,1,1,2,2,1,3,3,3,2,3,3,2,3,0,3,1,AGFT01034099.1/4254-4069,0
100,2,1,0,2,3,2,2,1,3,1,0,3,3,1,0,1,1,4,2,0,4,1,3,3,0,3,2,3,1,0,2,1,1,1,1,3,3,1,2,4,4,4,4,4,4,4,4,4,4,2,2,0,3,2,3,4,4,4,4,4,4,4,4,4,4,4,4,4,4,4,4,4,4,4,4,4,4,4,4,4,4,4,4,4,4,2,1,4,3,0,1,0,3,0,0,0,0,3,3,1,4,4,2,0,0,3,2,0,1,2,1,4,0,1,0,4,0,1,4,4,4,4,4,4,4,4,4,0,0,2,2,4,4,3,2,1,1,3,4,2,4,1,1,2,3,1,1,0,4,4,0,1,3,3,4,1,3,2,0,3,0,4,3,1,0,2,1,4,2,3,0,4,4,4,4,2,1,3,4,4,4,4,4,4,4,0,4,4,4,4,4,4,4,4,4,4,4,4,4,4,4,4,4,4,4,4,4,4,4,4,4,4,4,4,4,4,4,4,4,4,4,4,4,4,4,4,4,4,4,4,4,4,4,4,4,4,4,4,4,4,3,0,3,1,0,4,4,0,1,1,0,3,4,1,2,2,2,1,2,0,0,0,1,2,3,1,2,0,4,4,4,4,4,4,4,4,4,4,4,4,4,4,4,4,4,4,4,4,4,2,3,3,0,2,2,1,0,4,1,1,2,4,1,1,3,3,4,4,4,0,3,3,4,4,4,4,4,4,4,4,4,4,4,4,4,4,4,4,4,4,4,4,4,4,4,4,4,4,4,4,4,4,4,4,4,4,4,4,4,4,4,4,4,4,4,4,4,1,1,0,4,4,4,4,4,4,4,4,4,4,4,4,4,4,4,4,4,3,0,0,1,0,0,0,2,1,1,2,2,2,4,4,3,0,0,3,4,4,4,4,3,4,4,4,4,4,4,4,4,4,4,4,4,4,4,4,4,4,4,4,4,4,4,4,4,4,4,4,4,4,4,4,4,4,4,4,4,4,4,4,4,4,4,1,1,1,2,2,1,3,3,3,2,3,3,2,3,AP010953.1/3540262-3540075,0
101,2,3,0,2,0,3,2,1,3,1,0,3,3,1,1,0,3,4,1,3,4,1,3,3,0,3,2,3,3,1,2,1,1,3,3,0,4,4,4,4,4,4,4,4,4,4,4,4,4,4,4,4,4,2,3,4,4,4,4,4,4,4,4,4,4,4,4,4,4,4,4,4,4,4,4,4,4,4,4,4,4,4,4,4,4,2,1,4,1,3,1,0,3,0,0,0,1,3,1,1,4,2,2,0,0,3,2,0,1,2,1,4,0,2,0,4,2,1,1,2,3,3,4,4,4,4,3,0,1,2,2,4,4,3,2,1,3,3,4,0,4,3,1,2,3,1,1,0,4,4,1,3,2,0,4,1,0,2,0,3,2,4,3,1,2,1,4,4,4,3,3,4,0,4,3,2,1,1,4,4,4,4,4,4,4,3,4,4,4,4,4,4,4,4,4,4,4,4,4,4,4,4,4,4,4,4,4,4,4,4,4,4,4,4,4,4,4,4,4,4,4,4,4,4,4,4,4,4,4,4,4,4,4,4,4,4,4,4,4,4,1,0,3,1,0,2,0,1,0,1,1,0,4,3,2,2,0,1,0,1,0,0,1,2,3,3,2,0,4,4,4,4,4,4,4,4,4,4,4,4,4,4,4,4,4,4,4,4,4,2,3,2,0,0,2,1,0,4,1,1,4,4,1,0,1,3,4,4,3,2,3,3,2,3,1,0,4,3,4,0,1,0,4,4,4,4,4,4,4,4,4,4,4,4,4,4,4,4,4,4,4,4,4,4,4,4,4,4,4,4,4,4,4,4,2,0,1,1,3,2,4,4,4,4,4,4,4,4,4,4,4,4,4,4,4,4,4,3,3,3,3,0,0,1,2,1,1,3,2,1,3,1,1,2,3,0,0,4,3,0,0,4,4,4,4,4,4,4,4,4,4,4,4,4,4,4,4,4,4,4,4,4,4,4,4,4,4,4,4,4,4,4,4,4,4,4,4,4,4,4,4,2,0,2,1,0,2,2,1,2,3,3,3,3,3,3,3,AEZO01000039.1/167576-167782,0
102,2,3,0,2,0,3,2,1,3,1,0,3,3,1,1,0,3,4,1,3,4,1,3,3,0,3,2,3,3,1,2,1,1,3,3,0,4,4,4,4,4,4,4,4,4,4,4,4,4,4,4,4,4,2,3,4,4,4,4,4,4,4,4,4,4,4,4,4,4,4,4,4,4,4,4,4,4,4,4,4,4,4,4,4,4,2,1,4,1,3,1,0,3,0,0,0,1,3,1,1,4,2,2,0,0,3,2,0,1,2,1,4,0,2,0,4,2,1,1,2,3,3,4,4,4,4,3,0,1,2,2,4,4,3,2,1,3,3,4,0,4,3,1,2,3,1,1,0,4,4,1,3,2,0,4,1,0,2,0,3,2,4,3,1,2,1,4,4,4,3,3,4,0,4,3,2,1,1,4,4,4,4,4,4,4,3,4,4,4,4,4,4,4,4,4,4,4,4,4,4,4,4,4,4,4,4,4,4,4,4,4,4,4,4,4,4,4,4,4,4,4,4,4,4,4,4,4,4,4,4,4,4,4,4,4,4,4,4,4,4,1,0,3,1,0,2,0,1,0,1,1,0,4,3,2,2,0,1,0,1,0,0,1,2,3,3,2,0,4,4,4,4,4,4,4,4,4,4,4,4,4,4,4,4,4,4,4,4,4,2,3,2,0,0,2,1,0,4,1,1,4,4,1,0,1,3,4,4,3,2,3,3,2,3,1,0,4,3,4,0,1,0,4,4,4,4,4,4,4,4,4,4,4,4,4,4,4,4,4,4,4,4,4,4,4,4,4,4,4,4,4,4,4,4,2,0,1,1,3,2,4,4,4,4,4,4,4,4,4,4,4,4,4,4,4,4,4,3,3,3,3,0,0,1,2,1,1,3,2,1,3,1,1,2,3,0,0,4,3,0,0,4,4,4,4,4,4,4,4,4,4,4,4,4,4,4,4,4,4,4,4,4,4,4,4,4,4,4,4,4,4,4,4,4,4,4,4,4,4,4,4,2,0,2,1,0,2,2,1,2,3,3,3,3,3,3,3,AEZT01000044.1/153745-153539,0
103,2,3,0,2,0,3,2,1,3,1,0,3,3,1,1,0,3,4,1,3,4,1,3,3,0,3,2,3,3,1,2,1,1,3,3,0,4,4,4,4,4,4,4,4,4,4,4,4,4,4,4,4,4,2,3,4,4,4,4,4,4,4,4,4,4,4,4,4,4,4,4,4,4,4,4,4,4,4,4,4,4,4,4,4,4,2,1,4,1,3,1,0,3,0,0,0,1,3,1,1,4,2,2,0,0,3,2,0,1,2,1,4,0,2,0,4,2,1,1,2,3,3,4,4,4,4,3,0,1,2,2,4,4,3,2,1,3,3,4,0,4,3,1,2,3,1,1,0,4,4,1,3,2,0,4,1,0,2,0,3,2,4,3,1,2,1,4,4,4,3,3,4,0,4,3,2,1,1,4,4,4,4,4,4,4,3,4,4,4,4,4,4,4,4,4,4,4,4,4,4,4,4,4,4,4,4,4,4,4,4,4,4,4,4,4,4,4,4,4,4,4,4,4,4,4,4,4,4,4,4,4,4,4,4,4,4,4,4,4,4,1,0,3,1,0,2,0,1,0,1,1,0,4,3,2,2,0,1,0,1,0,0,1,2,3,3,2,0,4,4,4,4,4,4,4,4,4,4,4,4,4,4,4,4,4,4,4,4,4,2,3,2,0,0,2,1,0,4,1,1,4,4,1,0,1,3,4,4,3,2,3,3,2,3,1,0,4,3,4,0,1,0,4,4,4,4,4,4,4,4,4,4,4,4,4,4,4,4,4,4,4,4,4,4,4,4,4,4,4,4,4,4,4,4,2,0,1,1,3,2,4,4,4,4,4,4,4,4,4,4,4,4,4,4,4,4,4,3,3,3,3,0,0,1,2,1,1,3,2,1,3,1,1,2,3,0,0,4,3,0,0,4,4,4,4,4,4,4,4,4,4,4,4,4,4,4,4,4,4,4,4,4,4,4,4,4,4,4,4,4,4,4,4,4,4,4,4,4,4,4,4,2,0,2,1,0,2,2,1,2,3,3,3,3,3,3,3,ADAX01000160.1/24028-24234,0
104,2,3,0,2,0,3,2,1,3,1,0,3,3,1,1,0,1,4,3,3,4,0,3,3,0,3,2,3,3,3,2,1,3,1,1,2,4,4,4,4,4,4,4,4,4,4,4,4,4,4,4,4,4,4,4,4,4,4,4,4,4,4,4,4,4,4,4,4,4,4,4,4,4,4,4,4,4,4,4,4,4,4,4,4,4,2,1,4,3,3,1,0,3,0,0,0,1,1,1,0,4,2,2,0,0,3,2,0,1,2,1,4,0,2,0,4,2,1,1,2,3,3,4,4,4,4,3,0,1,2,2,4,4,3,2,1,3,3,4,0,4,3,1,2,3,1,1,0,4,4,1,0,2,0,4,1,0,2,0,3,2,4,3,1,2,1,4,4,4,3,3,4,1,4,2,2,1,1,4,4,4,4,4,4,4,3,4,4,4,4,4,4,4,4,4,4,4,4,4,4,4,4,4,4,4,4,4,4,4,4,4,4,4,4,4,4,4,4,4,4,4,4,4,4,4,4,4,4,4,4,4,4,4,4,4,4,4,4,4,4,1,0,3,1,0,0,0,1,0,1,1,0,4,3,2,2,0,1,0,3,0,0,1,2,3,3,2,0,4,4,4,4,4,4,4,4,4,4,4,4,4,4,4,4,4,4,4,4,4,2,3,2,0,0,2,1,0,4,1,1,0,4,1,0,3,3,4,4,3,2,3,3,2,3,1,0,4,0,4,0,1,0,4,4,4,4,4,4,4,4,4,4,4,4,4,4,4,4,4,4,4,4,4,4,4,4,4,4,4,4,4,4,4,4,2,0,1,1,3,2,4,4,4,4,4,4,4,4,4,4,4,4,4,4,4,4,4,3,3,3,3,0,2,3,0,1,1,3,2,1,1,3,3,1,4,4,4,4,4,4,4,4,4,4,4,4,4,4,4,4,4,4,4,4,4,4,4,4,4,4,4,4,4,4,4,4,4,4,4,4,4,4,4,4,4,4,4,4,4,4,4,2,2,2,1,0,2,2,3,0,3,3,3,3,3,3,3,AFMO01000226.1/3434-3235,0
105,2,3,0,2,0,3,2,1,3,1,0,3,3,1,1,0,3,4,1,3,4,1,3,3,0,3,2,3,3,1,2,1,1,3,3,0,4,4,4,4,4,4,4,4,4,4,4,4,4,4,4,4,4,2,3,4,4,4,4,4,4,4,4,4,4,4,4,4,4,4,4,4,4,4,4,4,4,4,4,4,4,4,4,4,4,2,1,4,1,3,1,0,3,0,0,0,1,3,1,1,4,2,2,0,0,3,2,0,1,2,1,4,0,2,0,4,2,1,1,2,3,3,4,4,4,4,3,0,1,2,2,4,4,3,2,1,3,3,4,0,4,3,1,2,3,1,1,0,4,4,1,3,2,0,4,1,0,2,0,3,2,4,3,1,2,1,4,4,4,3,3,4,0,4,3,2,1,1,4,4,4,4,4,4,4,3,4,4,4,4,4,4,4,4,4,4,4,4,4,4,4,4,4,4,4,4,4,4,4,4,4,4,4,4,4,4,4,4,4,4,4,4,4,4,4,4,4,4,4,4,4,4,4,4,4,4,4,4,4,4,1,0,3,1,0,2,0,1,0,1,1,0,4,3,2,2,0,1,0,1,0,0,1,2,3,3,2,0,4,4,4,4,4,4,4,4,4,4,4,4,4,4,4,4,4,4,4,4,4,2,3,2,0,0,2,1,0,4,1,1,4,4,1,0,1,3,4,4,3,2,3,3,2,3,1,0,4,3,4,0,1,0,4,4,4,4,4,4,4,4,4,4,4,4,4,4,4,4,4,4,4,4,4,4,4,4,4,4,4,4,4,4,4,4,2,0,1,1,3,2,4,4,4,4,4,4,4,4,4,4,4,4,4,4,4,4,4,3,3,3,3,0,0,1,2,4,4,4,4,4,4,4,4,4,4,4,4,4,4,4,4,1,1,3,4,4,4,4,4,4,4,4,4,4,4,4,4,4,4,4,4,4,4,4,4,4,4,4,4,4,4,4,4,4,4,4,4,2,1,3,1,4,4,4,4,4,4,4,1,2,3,0,0,3,0,0,2,ADUB01000086.1/197-6,0
106,2,3,4,4,4,2,2,1,3,1,0,3,3,1,0,1,1,4,1,3,4,1,3,3,0,3,2,3,1,0,2,1,1,1,1,3,3,1,2,4,4,4,4,4,4,4,4,4,4,2,2,0,1,2,3,4,4,4,4,4,4,4,4,4,4,4,4,4,4,4,4,4,4,4,4,4,4,4,4,4,4,4,4,4,4,2,1,4,3,0,1,0,3,0,0,0,1,3,3,1,4,4,2,0,0,3,2,0,1,2,1,4,4,4,4,4,0,1,0,0,0,0,4,4,4,4,4,4,0,2,2,4,4,3,2,1,1,3,4,2,4,1,1,2,3,1,1,0,4,4,0,1,3,0,4,1,3,2,0,3,1,4,0,3,0,2,4,4,4,1,2,4,0,4,3,2,1,3,4,4,4,4,4,4,4,3,4,4,4,4,4,4,4,4,4,4,4,4,4,4,4,4,4,4,4,4,4,4,4,4,4,4,4,4,4,4,4,4,4,4,4,4,4,4,4,4,4,4,4,4,4,4,4,4,4,4,4,4,4,4,3,0,3,1,0,4,4,4,2,2,0,1,4,0,2,2,2,1,2,0,0,0,1,2,3,1,2,0,4,4,4,4,4,4,4,4,4,4,4,4,4,4,4,4,4,4,4,4,4,2,3,3,0,2,2,1,0,4,1,1,2,4,1,1,3,1,4,4,0,3,3,3,4,4,4,4,4,4,4,4,1,0,4,4,4,4,4,4,4,4,4,4,4,4,4,4,4,4,4,4,4,4,4,4,4,4,4,4,4,4,4,4,4,4,4,4,4,4,4,4,4,4,4,4,4,4,4,4,4,4,4,4,4,4,4,4,4,4,3,2,0,1,0,0,0,2,1,1,2,2,2,3,3,3,3,3,4,4,4,4,4,4,4,4,4,4,4,4,4,4,4,4,4,4,4,4,4,4,4,4,4,4,4,4,4,4,4,4,4,4,4,4,4,4,4,4,4,4,4,4,4,0,1,1,1,2,2,1,3,3,3,2,3,3,2,3,0,ABWM02000010.1/334859-334674,0
107,2,3,4,4,4,2,2,1,3,1,0,3,3,1,0,1,1,4,3,3,4,1,3,3,0,3,2,3,1,0,2,1,1,1,1,3,3,0,2,4,4,4,4,4,4,4,4,4,4,2,2,0,1,2,1,4,4,4,4,4,4,4,4,4,4,4,4,4,4,4,4,4,4,4,4,4,4,4,4,4,4,4,4,4,4,2,1,4,3,0,1,0,3,0,0,0,1,3,3,1,4,4,2,0,0,3,2,0,1,2,1,4,4,4,4,4,0,1,0,0,4,4,4,4,4,4,1,0,0,2,2,4,4,3,2,1,1,3,4,2,4,1,1,2,3,1,1,0,4,4,0,1,3,3,4,1,3,2,0,3,0,4,0,3,0,2,1,4,2,3,4,4,4,4,0,2,1,3,4,4,4,4,4,4,4,3,4,4,4,4,4,4,4,4,4,4,4,4,4,4,4,4,4,4,4,4,4,4,4,4,4,4,4,4,4,4,4,4,4,4,4,4,4,4,4,4,4,4,4,4,4,4,4,4,4,4,4,4,4,4,3,0,3,1,0,4,4,0,1,1,3,1,4,1,2,2,2,1,2,0,0,0,1,2,3,1,2,0,4,4,4,4,4,4,4,4,4,4,4,4,4,4,4,4,4,4,4,4,4,2,3,3,0,2,2,1,0,4,1,1,2,4,4,4,4,4,4,4,4,4,4,4,4,4,4,4,4,4,4,4,4,4,4,4,4,4,4,4,4,4,4,4,4,4,4,4,4,4,4,4,4,4,4,4,4,4,4,4,4,4,4,4,4,4,4,4,4,4,4,4,4,4,4,4,4,4,4,4,4,4,4,4,4,4,4,4,4,4,4,4,4,4,4,4,4,4,4,4,4,4,4,4,4,4,4,4,4,4,4,4,4,1,4,4,4,4,4,4,4,4,4,4,4,4,4,4,4,4,4,4,4,4,4,4,4,4,4,4,4,4,4,4,4,4,4,4,4,4,4,4,1,4,4,4,4,4,4,4,4,4,4,4,3,3,0,3,3,AETL01000081.1/40307-40456,0
108,2,3,0,2,0,3,2,1,3,1,0,3,1,3,1,0,3,4,3,3,4,1,3,3,0,3,2,3,3,3,2,1,2,3,0,0,4,4,4,4,4,4,4,4,4,4,4,4,4,4,4,4,4,4,4,4,4,4,4,4,4,4,4,4,4,4,4,4,4,4,4,4,4,4,4,4,4,4,4,4,4,4,4,4,4,2,1,4,3,3,1,0,3,0,0,0,1,1,1,2,4,2,0,2,0,3,2,0,1,2,1,4,0,2,0,4,2,1,3,0,0,0,4,4,4,3,3,4,1,2,2,4,4,3,2,1,1,3,4,0,4,3,3,2,3,1,1,2,4,2,2,3,3,0,4,3,1,2,0,3,2,4,3,0,0,0,0,4,2,0,3,4,1,4,1,1,2,0,0,0,3,1,3,3,3,0,4,4,4,4,4,4,4,4,4,4,4,4,4,4,4,4,4,4,4,4,4,4,4,4,4,4,4,4,4,4,4,4,4,4,4,4,4,4,4,4,4,4,4,4,4,4,4,4,4,4,4,4,4,4,1,0,3,1,0,4,4,1,1,0,0,1,4,0,2,2,0,1,2,3,0,0,1,2,3,3,2,0,4,4,4,4,4,4,4,4,4,4,4,4,4,4,4,4,4,4,4,4,4,2,3,2,0,2,2,1,0,4,1,1,4,4,0,3,1,1,4,4,4,4,4,4,2,3,1,3,4,2,4,3,4,0,4,4,4,4,4,4,4,4,4,4,4,4,4,4,4,4,4,4,4,4,4,4,4,4,4,4,4,4,4,4,4,4,2,0,1,1,3,2,0,3,3,4,4,4,4,4,4,4,4,4,4,2,3,0,3,3,3,3,0,3,0,1,0,1,1,3,0,3,1,2,3,3,3,1,4,4,4,4,2,4,4,4,4,4,4,4,4,4,4,4,4,4,4,4,4,4,4,4,4,4,4,4,4,4,4,4,4,4,4,4,4,4,4,4,4,4,4,4,4,1,2,0,3,0,2,2,3,2,3,3,3,3,3,3,3,CACX01001895.1/193556-193345,0
109,2,3,4,4,4,2,2,1,3,1,0,3,3,1,0,1,1,4,2,0,4,1,3,3,0,3,2,3,1,0,2,1,1,1,1,3,3,1,2,4,4,4,4,4,4,4,4,4,4,2,2,0,1,2,3,4,4,4,4,4,4,4,4,4,4,4,4,4,4,4,4,4,4,4,4,4,4,4,4,4,4,4,4,4,4,2,1,4,3,0,1,0,3,0,0,0,0,3,0,1,4,4,2,0,0,3,2,0,1,2,1,4,4,4,4,4,0,1,0,0,4,4,4,4,4,4,1,0,0,2,2,4,4,3,2,1,1,3,4,2,4,1,1,2,3,1,1,0,4,4,0,1,3,3,4,1,3,2,0,3,0,4,3,1,0,2,1,4,2,3,0,4,4,4,4,2,1,3,4,4,4,4,4,4,4,0,4,4,4,4,4,4,4,4,4,4,4,4,4,4,4,4,4,4,4,4,4,4,4,4,4,4,4,4,4,4,4,4,4,4,4,4,4,4,4,4,4,4,4,4,4,4,4,4,4,4,4,4,4,4,3,0,3,1,0,4,4,0,1,1,0,3,4,1,2,2,2,1,2,0,0,0,1,2,3,1,2,0,4,4,4,4,4,4,4,4,4,4,4,4,4,4,4,4,4,4,4,4,4,2,3,3,0,2,2,1,0,4,1,1,2,4,1,1,3,3,4,4,4,0,3,3,4,4,4,4,4,4,4,4,4,4,4,4,4,4,4,4,4,4,4,4,4,4,4,4,4,4,4,4,4,4,4,4,4,4,4,4,4,4,4,4,4,4,4,4,4,1,1,0,4,4,4,4,4,4,4,4,4,4,4,4,4,4,4,4,4,3,0,0,1,0,0,0,2,1,1,2,2,2,4,4,3,0,0,3,4,4,4,4,3,4,4,4,4,4,4,4,4,4,4,4,4,4,4,4,4,4,4,4,4,4,4,4,4,4,4,4,4,4,4,4,4,4,4,4,4,4,4,4,4,4,4,1,1,1,2,2,1,3,3,3,2,3,3,2,3,ADAU01000086.1/163133-162949,0
110,2,3,0,2,0,3,2,1,3,1,0,3,3,1,1,0,3,4,1,3,4,1,3,3,0,3,2,3,3,1,2,1,1,3,3,0,4,4,4,4,4,4,4,4,4,4,4,4,4,4,4,4,4,2,3,4,4,4,4,4,4,4,4,4,4,4,4,4,4,4,4,4,4,4,4,4,4,4,4,4,4,4,4,4,4,2,1,4,1,3,1,0,3,0,0,0,1,3,1,1,4,2,2,0,0,3,2,0,1,2,1,4,0,2,0,4,2,1,1,2,3,3,4,4,4,4,3,0,1,2,2,4,4,3,2,1,3,3,4,0,4,3,1,2,3,1,1,0,4,4,1,3,2,0,4,1,0,2,0,3,2,4,3,1,2,1,4,4,4,3,3,4,0,4,3,2,1,1,4,4,4,4,4,4,4,3,4,4,4,4,4,4,4,4,4,4,4,4,4,4,4,4,4,4,4,4,4,4,4,4,4,4,4,4,4,4,4,4,4,4,4,4,4,4,4,4,4,4,4,4,4,4,4,4,4,4,4,4,4,4,1,0,3,1,0,2,0,1,0,1,1,0,4,3,2,2,0,1,0,1,0,0,1,2,3,3,2,0,4,4,4,4,4,4,4,4,4,4,4,4,4,4,4,4,4,4,4,4,4,2,3,2,0,0,2,1,0,4,1,1,4,4,1,0,1,3,4,4,3,2,3,3,2,3,1,0,4,3,4,0,1,0,4,4,4,4,4,4,4,4,4,4,4,4,4,4,4,4,4,4,4,4,4,4,4,4,4,4,4,4,4,4,4,4,2,0,1,1,3,2,4,4,4,4,4,4,4,4,4,4,4,4,4,4,4,4,4,3,3,3,3,0,0,1,2,1,1,3,2,1,3,1,1,2,3,0,0,4,3,0,0,4,4,4,4,4,4,4,4,4,4,4,4,4,4,4,4,4,4,4,4,4,4,4,4,4,4,4,4,4,4,4,4,4,4,4,4,4,4,4,4,2,0,2,1,0,2,2,1,2,3,3,3,3,3,3,3,AGTJ01000001.1/52469-52263,0
111,2,3,0,2,0,3,2,1,3,1,0,3,3,1,1,0,3,4,1,3,4,1,3,3,0,3,2,3,3,1,2,1,1,3,3,0,4,4,4,4,4,4,4,4,4,4,4,4,4,4,4,4,4,2,3,4,4,4,4,4,4,4,4,4,4,4,4,4,4,4,4,4,4,4,4,4,4,4,4,4,4,4,4,4,4,2,1,4,1,3,1,0,3,0,0,0,1,3,1,1,4,2,2,0,0,3,2,0,1,2,1,4,0,2,0,4,2,1,1,2,3,3,4,4,4,4,3,0,1,2,2,4,4,3,2,1,3,3,4,0,4,3,1,2,3,1,1,0,4,4,1,3,2,0,4,1,0,2,0,3,2,4,3,1,2,1,4,4,4,3,3,4,0,4,3,2,1,1,4,4,4,4,4,4,4,3,4,4,4,4,4,4,4,4,4,4,4,4,4,4,4,4,4,4,4,4,4,4,4,4,4,4,4,4,4,4,4,4,4,4,4,4,4,4,4,4,4,4,4,4,4,4,4,4,4,4,4,4,4,4,1,0,3,1,0,2,0,1,0,1,1,0,4,3,2,2,0,1,0,1,0,0,1,2,3,3,2,0,4,4,4,4,4,4,4,4,4,4,4,4,4,4,4,4,4,4,4,4,4,2,3,2,0,0,2,1,0,4,1,1,4,4,1,0,1,3,4,4,3,2,3,3,2,3,1,0,4,3,4,0,1,0,4,4,4,4,4,4,4,4,4,4,4,4,4,4,4,4,4,4,4,4,4,4,4,4,4,4,4,4,4,4,4,4,2,0,1,1,3,2,4,4,4,4,4,4,4,4,4,4,4,4,4,4,4,4,4,3,3,3,3,0,0,1,2,4,4,4,4,4,4,4,4,4,4,4,4,4,4,4,4,1,1,3,4,4,4,4,4,4,4,4,4,4,4,4,4,4,4,4,4,4,4,4,4,4,4,4,4,4,4,4,4,4,4,4,4,2,1,3,1,4,4,4,4,4,4,4,1,2,3,0,0,3,0,0,2,ADTS01000426.1/197-6,0
112,2,1,0,2,1,3,2,1,3,1,0,3,3,1,0,1,1,4,3,2,4,3,3,3,0,3,2,0,3,3,2,1,1,1,1,2,1,3,3,0,2,1,4,4,4,4,4,2,2,0,2,0,0,2,0,4,4,4,4,4,4,4,4,4,4,4,4,4,4,4,4,4,4,4,4,4,4,4,4,4,4,4,4,4,4,2,1,4,4,3,1,0,3,0,0,0,2,1,1,1,4,4,2,0,0,3,2,0,1,2,1,4,0,4,4,4,1,1,0,0,0,4,4,4,4,4,4,4,1,2,2,4,4,0,2,1,1,3,4,2,4,1,1,2,3,1,1,0,4,0,1,3,2,0,4,1,1,2,0,3,0,4,0,3,1,2,1,4,3,3,2,4,1,4,2,4,4,4,4,4,4,4,4,4,4,3,4,4,4,4,4,4,4,4,4,4,4,4,4,4,4,4,4,4,4,4,4,4,4,4,4,4,4,4,4,4,4,4,4,4,4,4,4,4,4,4,4,4,4,4,4,4,4,4,4,4,4,4,4,4,3,0,3,1,0,4,4,0,0,1,0,1,4,1,2,2,0,1,2,3,0,0,1,2,3,3,2,0,4,4,4,4,4,4,4,4,4,4,4,4,4,4,4,4,4,4,4,4,4,2,3,0,0,2,2,1,3,4,1,1,0,4,1,1,1,0,4,4,3,3,3,3,3,0,1,2,4,1,4,2,0,3,4,4,4,4,4,4,4,4,4,4,4,4,4,4,4,4,4,4,4,4,4,4,4,4,4,4,4,4,4,4,4,4,2,1,0,3,1,0,1,2,1,4,4,4,4,4,4,4,4,4,4,2,3,1,2,3,2,1,1,0,2,1,2,2,1,0,2,2,1,1,0,3,3,2,4,4,4,4,4,4,4,4,4,4,4,4,4,4,4,4,4,4,4,4,4,4,4,4,4,4,4,4,4,4,4,4,4,4,4,4,4,4,4,4,4,4,4,4,4,0,2,1,1,3,2,1,1,2,3,3,3,3,1,3,3,BAEF01000006.1/22125-22338,0
113,2,3,4,4,4,2,2,1,3,1,0,3,3,1,0,1,1,4,2,0,4,1,3,3,0,3,2,3,1,0,2,1,1,1,1,3,3,1,2,4,4,4,4,4,4,4,4,4,4,2,2,0,1,2,3,4,4,4,4,4,4,4,4,4,4,4,4,4,4,4,4,4,4,4,4,4,4,4,4,4,4,4,4,4,4,2,1,4,3,0,1,0,3,0,0,0,0,3,3,1,4,4,2,0,0,3,2,0,1,2,1,4,4,4,4,4,0,1,0,0,4,4,4,4,4,4,1,0,0,2,2,4,4,3,2,1,1,3,4,2,4,1,1,2,3,1,1,0,4,4,0,1,3,3,4,1,3,2,0,3,0,4,3,1,0,2,1,4,2,3,0,4,4,4,4,2,1,3,4,4,4,4,4,4,4,0,4,4,4,4,4,4,4,4,4,4,4,4,4,4,4,4,4,4,4,4,4,4,4,4,4,4,4,4,4,4,4,4,4,4,4,4,4,4,4,4,4,4,4,4,4,4,4,4,4,4,4,4,4,4,3,0,3,1,0,4,4,0,1,1,0,3,4,1,2,2,2,1,2,0,0,0,1,2,3,1,2,0,4,4,4,4,4,4,4,4,4,4,4,4,4,4,4,4,4,4,4,4,4,2,3,3,0,2,2,1,0,4,1,1,2,4,1,1,3,3,4,4,4,0,3,3,4,4,4,4,4,4,4,4,4,4,4,4,4,4,4,4,4,4,4,4,4,4,4,4,4,4,4,4,4,4,4,4,4,4,4,4,4,4,4,4,4,4,4,4,4,1,1,0,4,4,4,4,4,4,4,4,4,4,4,4,4,4,4,4,4,3,0,0,1,0,0,0,2,1,1,2,2,2,4,4,3,0,0,3,4,4,4,4,3,4,4,4,4,4,4,4,4,4,4,4,4,4,4,4,4,4,4,4,4,4,4,4,4,4,4,4,4,4,4,4,4,4,4,4,4,4,4,4,4,4,4,1,1,1,2,2,1,3,3,3,2,3,3,2,3,ABHU01000010.1/155507-155323,0
114,2,1,0,2,3,2,2,1,3,1,0,3,3,1,0,1,1,4,2,0,4,1,3,3,0,3,2,3,1,0,2,1,1,1,1,3,3,1,2,4,4,4,4,4,4,4,4,4,4,2,2,0,1,2,3,4,4,4,4,4,4,4,4,4,4,4,4,4,4,4,4,4,4,4,4,4,4,4,4,4,4,4,4,4,4,2,1,4,3,0,1,0,3,0,0,0,0,3,3,1,4,4,2,0,0,3,2,0,1,2,1,4,0,1,0,4,0,1,4,4,4,4,4,4,4,4,4,0,0,2,2,4,4,3,2,1,1,3,4,2,4,1,1,2,3,1,1,0,4,4,0,1,3,3,4,1,3,2,0,3,0,4,3,1,0,2,1,4,2,3,0,4,4,4,4,2,1,3,4,4,4,4,4,4,4,0,4,4,4,4,4,4,4,4,4,4,4,4,4,4,4,4,4,4,4,4,4,4,4,4,4,4,4,4,4,4,4,4,4,4,4,4,4,4,4,4,4,4,4,4,4,4,4,4,4,4,4,4,4,4,3,0,3,1,0,4,4,0,1,1,0,3,4,1,2,2,2,1,2,0,0,0,1,2,3,1,2,0,4,4,4,4,4,4,4,4,4,4,4,4,4,4,4,4,4,4,4,4,4,2,3,3,0,2,2,1,0,4,1,1,2,4,1,1,3,3,4,4,4,0,3,3,4,4,4,4,4,4,4,4,4,4,4,4,4,4,4,4,4,4,4,4,4,4,4,4,4,4,4,4,4,4,4,4,4,4,4,4,4,4,4,4,4,4,4,4,4,1,1,0,4,4,4,4,4,4,4,4,4,4,4,4,4,4,4,4,4,3,0,0,1,0,0,0,2,1,1,2,2,2,4,4,3,0,0,3,4,4,4,4,3,4,4,4,4,4,4,4,4,4,4,4,4,4,4,4,4,4,4,4,4,4,4,4,4,4,4,4,4,4,4,4,4,4,4,4,4,4,4,4,4,4,4,1,1,1,2,2,1,3,3,3,2,3,3,2,3,AEZL01000051.1/13445-13632,0
115,2,1,0,2,3,2,2,1,3,1,0,3,3,1,0,1,1,4,3,3,4,1,3,3,0,3,2,3,1,0,2,1,1,1,1,3,3,1,2,4,4,4,4,4,4,4,4,4,4,2,2,0,0,2,1,4,4,4,4,4,4,4,4,4,4,4,4,4,4,4,4,4,4,4,4,4,4,4,4,4,4,4,4,4,4,2,1,4,3,0,1,0,3,0,0,0,1,3,3,1,4,4,2,0,0,3,2,0,1,2,1,0,1,0,0,4,0,1,4,4,4,4,4,4,4,4,4,4,0,2,2,4,4,3,2,1,1,3,4,2,4,1,1,2,3,1,1,0,4,4,0,1,3,1,4,1,3,2,0,3,0,4,0,1,0,2,4,4,4,1,3,4,1,4,3,2,1,3,4,4,4,4,4,4,4,3,4,4,4,4,4,4,4,4,4,4,4,4,4,4,4,4,4,4,4,4,4,4,4,4,4,4,4,4,4,4,4,4,4,4,4,4,4,4,4,4,4,4,4,4,4,4,4,4,4,4,4,4,4,4,3,0,3,1,0,4,4,2,3,1,0,3,4,1,2,2,2,1,2,0,0,0,1,2,3,1,2,0,4,4,4,4,4,4,4,4,4,4,4,4,4,4,4,4,4,4,4,4,4,2,3,0,0,2,2,1,0,4,1,1,2,4,1,1,3,1,4,4,0,3,3,1,4,4,4,4,4,4,4,4,4,4,4,4,4,4,4,4,4,4,4,4,4,4,4,4,4,4,4,4,4,4,4,4,4,4,4,4,4,4,4,4,4,4,4,4,4,1,3,3,4,4,4,4,4,4,4,4,4,4,4,4,4,4,4,4,4,0,0,3,0,0,0,2,2,1,0,2,2,1,3,3,3,0,4,4,4,4,4,4,4,4,4,4,4,4,4,4,4,4,4,4,4,4,4,4,4,4,4,4,4,4,4,4,4,4,4,4,4,4,4,4,4,4,4,4,4,4,4,4,4,2,0,2,1,1,3,2,1,1,3,3,3,0,3,3,2,CP002824.1/183246-183057,0
116,0,1,0,2,3,3,2,1,3,1,0,3,3,1,0,1,1,4,3,3,4,3,3,3,0,3,2,0,3,0,2,1,1,1,1,2,4,4,4,4,4,4,4,4,4,4,4,4,4,4,4,4,4,4,4,1,0,0,3,3,0,0,2,1,4,4,4,4,4,4,4,4,4,4,4,4,2,2,0,3,2,0,3,2,1,2,1,4,3,3,1,0,3,0,0,2,1,1,3,1,4,1,2,0,0,3,2,0,3,2,1,4,1,3,0,4,4,4,0,2,0,1,4,4,4,4,4,4,3,2,2,4,4,3,2,1,1,3,4,0,4,3,1,2,3,1,1,0,1,1,3,0,0,0,4,1,1,2,0,1,0,4,3,3,2,3,2,4,3,2,0,4,0,4,0,2,1,0,1,4,4,4,4,4,0,3,4,4,4,4,4,4,4,4,4,4,4,4,4,4,4,4,4,4,4,4,4,4,4,4,4,4,4,4,4,4,4,4,4,4,4,4,4,4,4,4,4,4,4,4,4,4,4,4,4,4,4,4,4,4,3,0,3,1,0,4,4,0,0,1,0,3,4,1,2,2,0,1,2,0,1,0,1,2,3,3,2,0,4,4,4,4,4,4,4,4,4,4,4,4,4,4,4,4,4,4,4,4,4,2,3,2,0,2,2,1,0,4,1,1,2,4,1,1,3,0,4,4,3,2,3,1,4,4,4,4,4,4,4,4,4,4,4,4,4,4,4,4,4,4,4,4,4,4,4,4,4,4,4,4,4,4,4,4,4,4,4,4,4,4,4,4,4,4,4,4,4,1,3,2,4,4,4,4,4,4,4,4,4,4,4,4,4,4,4,4,4,1,3,2,3,2,0,3,2,0,0,3,4,4,4,4,4,4,4,4,4,4,4,4,4,4,4,4,4,4,4,4,4,4,4,4,4,4,4,4,4,4,4,4,4,4,4,4,4,4,4,4,4,4,4,4,4,4,4,4,4,4,4,4,3,4,4,4,4,0,3,3,1,0,3,1,0,0,3,3,3,ACNR01000020.1/143033-142836,0
117,2,3,0,2,0,3,2,1,3,1,0,3,3,1,1,0,3,4,1,3,4,1,3,3,0,3,2,3,3,1,2,1,1,3,3,0,4,4,4,4,4,4,4,4,4,4,4,4,4,4,4,4,4,2,3,4,4,4,4,4,4,4,4,4,4,4,4,4,4,4,4,4,4,4,4,4,4,4,4,4,4,4,4,4,4,2,1,4,1,3,1,0,3,0,0,0,1,3,1,1,4,2,2,0,0,3,2,0,1,2,1,4,0,2,0,4,2,1,1,2,3,3,4,4,4,4,3,0,1,2,2,4,4,3,2,1,3,3,4,0,4,3,1,2,3,1,1,0,4,4,1,3,2,0,4,1,0,2,0,3,2,4,3,1,2,1,4,4,4,3,3,4,0,4,3,2,1,1,4,4,4,4,4,4,4,3,4,4,4,4,4,4,4,4,4,4,4,4,4,4,4,4,4,4,4,4,4,4,4,4,4,4,4,4,4,4,4,4,4,4,4,4,4,4,4,4,4,4,4,4,4,4,4,4,4,4,4,4,4,4,1,0,3,1,0,2,0,1,0,1,1,0,4,3,2,2,0,1,0,1,0,0,1,2,3,3,2,0,4,4,4,4,4,4,4,4,4,4,4,4,4,4,4,4,4,4,4,4,4,2,3,2,0,0,2,1,0,4,1,1,4,4,1,0,1,3,4,4,3,2,3,3,2,3,1,0,4,3,4,0,1,0,4,4,4,4,4,4,4,4,4,4,4,4,4,4,4,4,4,4,4,4,4,4,4,4,4,4,4,4,4,4,4,4,2,0,1,1,3,2,4,4,4,4,4,4,4,4,4,4,4,4,4,4,4,4,4,3,3,3,3,0,0,1,2,1,1,3,2,1,3,1,1,2,3,0,0,4,3,0,0,4,4,4,4,4,4,4,4,4,4,4,4,4,4,4,4,4,4,4,4,4,4,4,4,4,4,4,4,4,4,4,4,4,4,4,4,4,4,4,4,2,0,2,1,0,2,2,1,2,3,3,3,3,3,3,3,AFGW01000065.1/59318-59112,0
118,2,1,0,2,3,2,2,1,3,1,0,3,3,1,0,1,1,4,2,0,4,1,3,3,0,3,2,3,1,0,2,1,1,1,1,3,3,1,2,4,4,4,4,4,4,4,4,4,4,2,2,0,1,2,3,4,4,4,4,4,4,4,4,4,4,4,4,4,4,4,4,4,4,4,4,4,4,4,4,4,4,4,4,4,4,2,1,4,3,0,1,0,3,0,0,0,0,3,3,1,4,4,2,0,0,3,2,0,1,2,1,4,0,1,0,4,0,1,4,4,4,4,4,4,4,4,4,0,0,2,2,4,4,3,2,1,1,3,4,2,4,1,1,2,3,1,1,0,4,4,0,1,3,3,4,1,3,2,0,3,0,4,3,1,0,2,1,4,2,3,0,4,4,4,4,2,1,3,4,4,4,4,4,4,4,0,4,4,4,4,4,4,4,4,4,4,4,4,4,4,4,4,4,4,4,4,4,4,4,4,4,4,4,4,4,4,4,4,4,4,4,4,4,4,4,4,4,4,4,4,4,4,4,4,4,4,4,4,4,4,3,0,3,1,0,4,4,0,1,1,0,3,4,1,2,2,2,1,2,0,0,0,1,2,3,1,2,0,4,4,4,4,4,4,4,4,4,4,4,4,4,4,4,4,4,4,4,4,4,2,3,3,0,2,2,1,0,4,1,1,2,4,1,1,3,3,4,4,4,0,3,3,4,4,4,4,4,4,4,4,4,4,4,4,4,4,4,4,4,4,4,4,4,4,4,4,4,4,4,4,4,4,4,4,4,4,4,4,4,4,4,4,4,4,4,4,4,1,1,0,4,4,4,4,4,4,4,4,4,4,4,4,4,4,4,4,4,3,0,0,1,0,0,0,2,1,1,2,2,2,4,4,3,0,0,3,4,4,4,4,3,4,4,4,4,4,4,4,4,4,4,4,4,4,4,4,4,4,4,4,4,4,4,4,4,4,4,4,4,4,4,4,4,4,4,4,4,4,4,4,4,4,4,1,1,1,2,2,1,3,3,3,2,3,3,2,3,ADWS01000006.1/35039-35226,0
119,2,3,0,2,3,2,2,1,3,1,0,3,3,1,0,1,1,4,2,0,4,1,3,3,0,3,2,3,1,0,2,1,1,1,1,3,3,1,2,4,4,4,4,4,4,4,4,4,4,2,2,0,1,2,3,4,4,4,4,4,4,4,4,4,4,4,4,4,4,4,4,4,4,4,4,4,4,4,4,4,4,4,4,4,4,2,1,4,3,0,1,0,3,0,0,0,0,3,3,1,4,4,2,0,0,3,2,0,1,2,1,4,0,1,0,4,0,1,4,4,4,4,4,4,4,4,4,0,0,2,2,4,4,3,2,1,1,3,4,2,4,1,1,2,3,1,1,0,4,4,0,1,3,3,4,1,3,2,0,3,0,4,3,1,0,2,1,4,2,3,0,4,4,4,4,2,1,3,4,4,4,4,4,4,4,0,4,4,4,4,4,4,4,4,4,4,4,4,4,4,4,4,4,4,4,4,4,4,4,4,4,4,4,4,4,4,4,4,4,4,4,4,4,4,4,4,4,4,4,4,4,4,4,4,4,4,4,4,4,4,3,0,3,1,0,4,4,0,1,1,0,3,4,1,2,2,2,1,2,0,0,0,1,2,3,1,2,0,4,4,4,4,4,4,4,4,4,4,4,4,4,4,4,4,4,4,4,4,4,2,3,3,0,2,2,1,0,4,1,1,2,4,1,1,3,3,4,4,4,0,3,3,4,4,4,4,4,4,4,4,4,4,4,4,4,4,4,4,4,4,4,4,4,4,4,4,4,4,4,4,4,4,4,4,4,4,4,4,4,4,4,4,4,4,4,4,4,1,1,0,4,4,4,4,4,4,4,4,4,4,4,4,4,4,4,4,4,3,0,0,1,0,0,0,2,1,1,2,2,2,4,4,3,0,0,3,4,4,4,4,3,4,4,4,4,4,4,4,4,4,4,4,4,4,4,4,4,4,4,4,4,4,4,4,4,4,4,4,4,4,4,4,4,4,4,4,4,4,4,4,4,4,4,1,1,1,2,2,1,3,3,3,2,3,3,2,3,AFAG01000033.1/32202-32015,0
120,2,3,0,2,0,3,2,1,3,1,0,3,3,1,1,0,3,4,1,3,4,1,3,3,0,3,2,3,3,1,2,1,1,3,3,0,4,4,4,4,4,4,4,4,4,4,4,4,4,4,4,4,4,2,3,4,4,4,4,4,4,4,4,4,4,4,4,4,4,4,4,4,4,4,4,4,4,4,4,4,4,4,4,4,4,2,1,4,1,3,1,0,3,0,0,0,1,3,1,1,4,2,2,0,0,3,2,0,1,2,1,4,0,2,0,4,2,1,1,2,3,3,4,4,4,4,3,0,1,2,2,4,4,3,2,1,3,3,4,0,4,3,1,2,3,1,1,0,4,4,1,3,2,0,4,1,0,2,0,3,2,4,3,1,2,1,4,4,4,3,3,4,1,4,3,2,1,1,4,4,4,4,4,4,4,3,4,4,4,4,4,4,4,4,4,4,4,4,4,4,4,4,4,4,4,4,4,4,4,4,4,4,4,4,4,4,4,4,4,4,4,4,4,4,4,4,4,4,4,4,4,4,4,4,4,4,4,4,4,4,1,0,3,1,0,2,0,1,0,1,1,0,4,3,2,2,0,1,0,1,0,0,1,2,3,3,2,0,4,4,4,4,4,4,4,4,4,4,4,4,4,4,4,4,4,4,4,4,4,2,3,2,0,0,2,1,0,4,1,1,4,4,1,0,1,3,4,4,3,2,3,3,2,3,1,0,4,3,4,0,1,0,4,4,4,4,4,4,4,4,4,4,4,4,4,4,4,4,4,4,4,4,4,4,4,4,4,4,4,4,4,4,4,4,2,0,1,1,3,2,4,4,4,4,4,4,4,4,4,4,4,4,4,4,4,4,4,3,3,3,3,0,0,1,2,1,1,3,2,1,3,1,1,2,3,0,0,4,3,0,0,4,4,4,4,4,4,4,4,4,4,4,4,4,4,4,4,4,4,4,4,4,4,4,4,4,4,4,4,4,4,4,4,4,4,4,4,4,4,4,4,2,0,2,1,0,2,2,1,2,3,3,3,3,3,3,3,CU928162.2/4422292-4422498,0
121,2,3,0,2,0,3,2,1,3,1,0,3,3,1,1,0,3,4,1,3,4,1,3,3,0,3,2,3,3,1,2,1,1,3,3,1,4,4,4,4,4,4,4,4,4,4,4,4,4,4,4,4,4,3,2,4,4,4,4,4,4,4,4,4,4,4,4,4,4,4,4,4,4,4,4,4,4,4,4,4,4,4,4,4,4,2,1,4,1,3,1,0,3,0,0,0,1,3,1,0,4,2,2,0,0,3,2,0,3,2,1,4,0,2,0,4,2,1,1,2,3,3,4,4,4,4,3,0,1,2,2,4,4,3,2,1,3,3,4,0,4,3,1,2,3,1,1,0,4,4,1,3,2,0,4,1,0,2,0,3,2,4,3,1,2,1,4,4,4,3,3,4,0,4,1,2,1,1,4,4,4,4,4,4,4,3,4,4,4,4,4,4,4,4,4,4,4,4,4,4,4,4,4,4,4,4,4,4,4,4,4,4,4,4,4,4,4,4,4,4,4,4,4,4,4,4,4,4,4,4,4,4,4,4,4,4,4,4,4,4,1,0,3,1,0,0,0,1,0,1,1,1,4,3,2,2,0,1,0,1,0,0,1,2,3,3,2,0,4,4,4,4,4,4,4,4,4,4,4,4,4,4,4,4,4,4,4,4,4,2,3,2,0,0,2,1,0,4,1,1,1,4,1,3,3,3,4,0,3,2,3,3,2,3,1,0,4,3,4,0,1,0,4,4,4,4,4,4,4,4,4,4,4,4,4,4,4,4,4,4,4,4,4,4,4,4,4,4,4,4,4,4,4,4,2,0,1,1,3,2,4,4,4,4,4,4,4,4,4,4,4,4,4,4,4,4,4,3,3,3,3,2,0,1,2,1,1,3,2,1,1,1,1,3,3,0,0,4,4,1,1,4,4,4,4,4,4,4,4,4,4,4,4,4,4,4,4,4,4,4,4,4,4,4,4,4,4,4,4,4,4,4,4,4,4,4,4,4,4,4,4,2,2,2,1,0,2,2,1,2,3,3,3,3,3,3,3,AERV01000008.1/36409-36616,0
122,2,3,0,2,0,3,2,1,3,1,0,3,3,1,1,0,3,4,1,3,4,1,3,3,0,3,2,3,3,1,2,1,1,3,3,1,4,4,4,4,4,4,4,4,4,4,4,4,4,4,4,4,4,2,3,4,4,4,4,4,4,4,4,4,4,4,4,4,4,4,4,4,4,4,4,4,4,4,4,4,4,4,4,4,4,2,1,4,1,3,1,0,3,0,0,0,1,3,1,2,4,2,2,0,0,3,2,0,3,2,1,4,0,2,0,4,2,1,1,2,3,0,4,4,1,3,3,0,1,2,2,4,4,3,2,1,3,3,4,0,4,3,1,2,3,1,1,0,4,4,1,3,2,0,4,3,0,2,0,3,2,4,3,1,2,1,0,4,3,3,3,3,0,4,3,2,3,1,4,4,4,4,4,4,4,3,4,4,4,4,4,4,4,4,4,4,4,4,4,4,4,4,4,4,4,4,4,4,4,4,4,4,4,4,4,4,4,4,4,4,4,4,4,4,4,4,4,4,4,4,4,4,4,4,4,4,4,4,4,4,1,0,3,1,0,0,0,1,0,1,1,0,4,3,2,2,0,1,0,3,3,0,1,2,3,3,2,0,4,4,4,4,4,4,4,4,4,4,4,4,4,4,4,4,4,4,4,4,4,2,3,2,0,0,2,1,0,4,1,1,1,4,0,0,3,3,4,4,3,2,3,3,2,3,1,0,4,0,4,0,1,0,4,4,4,4,4,4,4,4,4,4,4,4,4,4,4,4,4,4,4,4,4,4,4,4,4,4,4,4,4,4,4,4,2,0,1,1,3,2,4,4,4,4,4,4,4,4,4,4,4,4,4,4,4,4,4,3,3,3,3,0,0,1,2,1,1,3,2,1,1,1,3,2,0,3,3,4,3,1,0,4,4,4,4,4,4,4,4,4,4,4,4,4,4,4,4,4,4,4,4,4,4,4,4,4,4,4,4,4,4,4,4,4,4,4,4,4,4,4,4,2,1,2,1,0,2,2,1,2,3,3,3,3,3,3,3,CP002824.1/1646713-1646925,0
123,2,3,0,2,0,3,2,1,3,1,0,3,3,1,1,0,3,4,1,3,4,1,3,3,0,3,2,3,3,1,2,1,1,3,3,0,4,4,4,4,4,4,4,4,4,4,4,4,4,4,4,4,4,2,3,4,4,4,4,4,4,4,4,4,4,4,4,4,4,4,4,4,4,4,4,4,4,4,4,4,4,4,4,4,4,2,1,4,1,3,1,0,3,0,0,0,1,3,1,1,4,2,2,0,0,3,2,0,1,2,1,4,0,2,0,4,2,1,1,2,3,3,4,4,4,4,3,0,1,2,2,4,4,3,2,1,3,3,4,0,4,3,1,2,3,1,1,0,4,4,1,3,2,0,4,1,0,2,0,3,2,4,3,1,2,1,4,4,4,3,3,4,0,4,3,2,1,1,4,4,4,4,4,4,4,3,4,4,4,4,4,4,4,4,4,4,4,4,4,4,4,4,4,4,4,4,4,4,4,4,4,4,4,4,4,4,4,4,4,4,4,4,4,4,4,4,4,4,4,4,4,4,4,4,4,4,4,4,4,4,1,0,3,1,0,2,0,1,0,1,1,0,4,3,2,2,0,1,0,1,0,0,1,2,3,3,2,0,4,4,4,4,4,4,4,4,4,4,4,4,4,4,4,4,4,4,4,4,4,2,3,2,0,0,2,1,0,4,1,1,4,4,1,0,1,3,4,4,3,2,3,3,2,3,1,0,4,3,4,0,1,0,4,4,4,4,4,4,4,4,4,4,4,4,4,4,4,4,4,4,4,4,4,4,4,4,4,4,4,4,4,4,4,4,2,0,1,1,3,2,4,4,4,4,4,4,4,4,4,4,4,4,4,4,4,4,4,3,3,3,3,0,0,1,2,1,1,3,2,1,3,1,1,2,3,0,0,4,3,0,0,4,4,4,4,4,4,4,4,4,4,4,4,4,4,4,4,4,4,4,4,4,4,4,4,4,4,4,4,4,4,4,4,4,4,4,4,4,4,4,4,2,0,2,1,0,2,2,1,2,3,3,3,3,3,3,3,AEXD01000023.1/42737-42943,0
124,2,3,0,2,0,3,2,1,3,1,0,3,3,1,1,0,3,4,1,3,4,1,3,3,0,3,2,3,3,1,2,1,1,3,3,0,4,4,4,4,4,4,4,4,4,4,4,4,4,4,4,4,4,2,3,4,4,4,4,4,4,4,4,4,4,4,4,4,4,4,4,4,4,4,4,4,4,4,4,4,4,4,4,4,4,2,1,4,1,3,1,0,3,0,0,0,1,3,1,1,4,2,2,0,0,3,2,0,1,2,1,4,0,2,0,4,2,1,1,2,3,3,4,4,4,4,3,0,1,2,2,4,4,3,2,1,3,3,4,0,4,3,1,2,3,1,1,0,4,4,1,3,2,0,4,1,0,2,0,3,2,4,3,1,2,1,4,4,4,3,3,4,0,4,3,2,1,1,4,4,4,4,4,4,4,3,4,4,4,4,4,4,4,4,4,4,4,4,4,4,4,4,4,4,4,4,4,4,4,4,4,4,4,4,4,4,4,4,4,4,4,4,4,4,4,4,4,4,4,4,4,4,4,4,4,4,4,4,4,4,1,0,3,1,0,2,0,1,0,1,1,0,4,3,2,2,0,1,0,1,0,0,1,2,3,3,2,0,4,4,4,4,4,4,4,4,4,4,4,4,4,4,4,4,4,4,4,4,4,2,3,2,0,0,2,1,0,4,1,1,4,4,1,0,1,3,4,4,3,2,3,3,2,3,1,0,4,3,4,0,1,0,4,4,4,4,4,4,4,4,4,4,4,4,4,4,4,4,4,4,4,4,4,4,4,4,4,4,4,4,4,4,4,4,2,0,1,1,3,2,4,4,4,4,4,4,4,4,4,4,4,4,4,4,4,4,4,3,3,3,3,0,0,1,2,1,1,3,2,1,3,1,1,2,3,0,0,4,3,0,0,4,4,4,4,4,4,4,4,4,4,4,4,4,4,4,4,4,4,4,4,4,4,4,4,4,4,4,4,4,4,4,4,4,4,4,4,4,4,4,4,2,0,2,1,0,2,2,1,2,3,3,3,3,3,3,3,AGTH01000035.1/54103-53897,0
125,2,3,0,2,0,3,2,1,3,1,0,3,3,1,1,0,3,4,1,3,4,1,3,3,0,3,2,3,3,1,2,1,1,3,3,0,4,4,4,4,4,4,4,4,4,4,4,4,4,4,4,4,4,2,3,4,4,4,4,4,4,4,4,4,4,4,4,4,4,4,4,4,4,4,4,4,4,4,4,4,4,4,4,4,4,2,1,4,1,3,1,0,3,0,0,0,1,3,1,1,4,2,2,0,0,3,2,0,1,2,1,4,0,2,0,4,2,1,1,2,3,3,4,4,4,4,3,0,1,2,2,4,4,3,2,1,3,3,4,0,4,3,1,2,3,1,1,0,4,4,1,3,2,0,4,1,0,2,0,3,2,4,3,1,2,1,4,4,4,3,3,4,0,4,3,2,1,1,4,4,4,4,4,4,4,3,4,4,4,4,4,4,4,4,4,4,4,4,4,4,4,4,4,4,4,4,4,4,4,4,4,4,4,4,4,4,4,4,4,4,4,4,4,4,4,4,4,4,4,4,4,4,4,4,4,4,4,4,4,4,1,0,3,1,0,2,0,1,0,1,1,0,4,3,2,2,0,1,0,1,0,0,1,2,3,3,2,0,4,4,4,4,4,4,4,4,4,4,4,4,4,4,4,4,4,4,4,4,4,2,3,2,0,0,2,1,0,4,1,1,4,4,1,0,1,3,4,4,3,2,3,3,2,3,1,0,4,3,4,0,1,0,4,4,4,4,4,4,4,4,4,4,4,4,4,4,4,4,4,4,4,4,4,4,4,4,4,4,4,4,4,4,4,4,2,0,1,1,3,2,4,4,4,4,4,4,4,4,4,4,4,4,4,4,4,4,4,3,3,3,3,0,0,1,2,1,1,3,2,1,3,1,1,2,3,0,0,4,3,0,0,4,4,4,4,4,4,4,4,4,4,4,4,4,4,4,4,4,4,4,4,4,4,4,4,4,4,4,4,4,4,4,4,4,4,4,4,4,4,4,4,2,0,2,1,0,2,2,1,2,3,3,3,3,3,3,3,ACXH01000111.1/38997-39203,0
126,2,1,0,2,3,2,2,1,3,1,0,3,3,1,0,1,1,4,2,0,4,1,3,3,0,3,2,3,1,0,2,1,1,1,1,3,3,1,2,4,4,4,4,4,4,4,4,4,4,2,2,0,1,2,3,4,4,4,4,4,4,4,4,4,4,4,4,4,4,4,4,4,4,4,4,4,4,4,4,4,4,4,4,4,4,2,1,4,3,0,1,0,3,0,0,0,0,3,3,1,4,4,2,0,0,3,2,0,1,2,1,4,0,1,0,4,0,1,4,4,4,4,4,4,4,4,4,0,0,2,2,4,4,3,2,1,1,3,4,2,4,1,1,2,3,1,1,0,4,4,0,1,3,3,4,1,3,2,0,3,0,4,3,1,0,2,1,4,2,3,0,4,4,4,4,2,1,3,4,4,4,4,4,4,4,0,4,4,4,4,4,4,4,4,4,4,4,4,4,4,4,4,4,4,4,4,4,4,4,4,4,4,4,4,4,4,4,4,4,4,4,4,4,4,4,4,4,4,4,4,4,4,4,4,4,4,4,4,4,4,3,0,3,1,0,4,4,0,1,1,0,3,4,1,2,2,2,1,2,0,0,0,1,2,3,1,2,0,4,4,4,4,4,4,4,4,4,4,4,4,4,4,4,4,4,4,4,4,4,2,3,3,0,2,2,1,0,4,1,1,2,4,1,1,3,3,4,4,4,0,3,3,4,4,4,4,4,4,4,4,4,4,4,4,4,4,4,4,4,4,4,4,4,4,4,4,4,4,4,4,4,4,4,4,4,4,4,4,4,4,4,4,4,4,4,4,4,1,1,0,4,4,4,4,4,4,4,4,4,4,4,4,4,4,4,4,4,3,0,0,1,0,0,0,2,1,1,2,2,2,4,4,3,0,0,3,4,4,4,4,3,4,4,4,4,4,4,4,4,4,4,4,4,4,4,4,4,4,4,4,4,4,4,4,4,4,4,4,4,4,4,4,4,4,4,4,4,4,4,4,4,4,4,1,1,1,2,2,1,3,3,3,2,3,3,2,3,AEZS01000026.1/61378-61191,0
127,2,3,0,2,0,3,2,1,3,1,0,3,3,1,1,0,3,4,1,3,4,1,3,3,0,3,2,3,3,1,2,1,1,3,3,0,4,4,4,4,4,4,4,4,4,4,4,4,4,4,4,4,4,2,3,4,4,4,4,4,4,4,4,4,4,4,4,4,4,4,4,4,4,4,4,4,4,4,4,4,4,4,4,4,4,2,1,4,1,3,1,0,3,0,0,0,1,3,1,1,4,2,2,0,0,3,2,0,1,2,1,4,0,2,0,4,2,1,1,2,3,3,4,4,4,4,3,0,1,2,2,4,4,3,2,1,3,3,4,0,4,3,1,2,3,1,1,0,4,4,1,3,2,0,4,1,0,2,0,3,2,4,3,1,2,1,4,4,4,3,3,4,1,4,3,2,1,1,4,4,4,4,4,4,4,3,4,4,4,4,4,4,4,4,4,4,4,4,4,4,4,4,4,4,4,4,4,4,4,4,4,4,4,4,4,4,4,4,4,4,4,4,4,4,4,4,4,4,4,4,4,4,4,4,4,4,4,4,4,4,1,0,3,1,0,2,0,1,0,1,1,0,4,3,2,2,0,1,0,1,0,0,1,2,3,3,2,0,4,4,4,4,4,4,4,4,4,4,4,4,4,4,4,4,4,4,4,4,4,2,3,2,0,0,2,1,0,4,1,1,4,4,1,0,1,3,4,4,3,2,3,3,2,3,1,0,4,3,4,0,1,0,4,4,4,4,4,4,4,4,4,4,4,4,4,4,4,4,4,4,4,4,4,4,4,4,4,4,4,4,4,4,4,4,2,0,1,1,3,2,4,4,4,4,4,4,4,4,4,4,4,4,4,4,4,4,4,3,3,3,3,0,0,1,2,1,1,3,2,1,3,1,1,2,3,0,0,4,3,0,0,4,4,4,4,4,4,4,4,4,4,4,4,4,4,4,4,4,4,4,4,4,4,4,4,4,4,4,4,4,4,4,4,4,4,4,4,4,4,4,4,2,0,2,1,0,2,2,1,2,3,3,3,3,3,3,3,ADAV01000096.1/39260-39466,0
128,2,3,0,2,0,3,2,1,3,1,0,3,3,1,1,0,3,4,1,3,4,1,3,3,0,3,2,3,3,1,2,1,1,3,3,0,4,4,4,4,4,4,4,4,4,4,4,4,4,4,4,4,4,2,3,4,4,4,4,4,4,4,4,4,4,4,4,4,4,4,4,4,4,4,4,4,4,4,4,4,4,4,4,4,4,2,1,4,1,3,1,0,3,0,0,0,1,3,1,1,4,2,2,0,0,3,2,0,1,2,1,4,0,2,0,4,2,1,1,2,3,3,4,4,4,4,3,0,1,2,2,4,4,3,2,1,3,3,4,0,4,3,1,2,3,1,1,0,4,4,1,3,2,0,4,1,0,2,0,3,2,4,3,1,2,1,4,4,4,3,3,4,0,4,3,2,1,1,4,4,4,4,4,4,4,3,4,4,4,4,4,4,4,4,4,4,4,4,4,4,4,4,4,4,4,4,4,4,4,4,4,4,4,4,4,4,4,4,4,4,4,4,4,4,4,4,4,4,4,4,4,4,4,4,4,4,4,4,4,4,1,0,3,1,0,2,0,1,0,1,1,0,4,3,2,2,0,1,0,1,0,0,1,2,3,3,2,0,4,4,4,4,4,4,4,4,4,4,4,4,4,4,4,4,4,4,4,4,4,2,3,2,0,0,2,1,0,4,1,1,4,4,1,0,1,3,4,4,3,2,3,3,2,3,1,0,4,3,4,0,1,0,4,4,4,4,4,4,4,4,4,4,4,4,4,4,4,4,4,4,4,4,4,4,4,4,4,4,4,4,4,4,4,4,2,0,1,1,3,2,4,4,4,4,4,4,4,4,4,4,4,4,4,4,4,4,4,3,3,3,3,0,0,1,2,1,1,3,2,1,3,1,1,2,3,0,0,4,3,0,0,4,4,4,4,4,4,4,4,4,4,4,4,4,4,4,4,4,4,4,4,4,4,4,4,4,4,4,4,4,4,4,4,4,4,4,4,4,4,4,4,2,0,2,1,0,2,2,1,2,3,3,3,3,3,3,3,AFAT01000079.1/38601-38807,0
129,2,3,0,2,0,3,2,1,3,1,0,3,3,1,1,0,3,4,1,3,4,1,3,3,0,3,2,3,3,1,2,1,1,3,3,0,4,4,4,4,4,4,4,4,4,4,4,4,4,4,4,4,4,2,3,4,4,4,4,4,4,4,4,4,4,4,4,4,4,4,4,4,4,4,4,4,4,4,4,4,4,4,4,4,4,2,1,4,1,3,1,0,3,0,0,0,1,3,1,0,4,2,2,0,0,3,2,0,1,2,1,4,0,2,0,4,2,1,1,2,3,3,4,4,4,4,3,0,1,2,2,4,4,3,2,1,3,3,4,0,4,3,1,2,3,1,1,0,4,4,1,3,2,0,4,1,0,2,0,3,2,4,3,1,2,1,4,4,4,3,3,4,0,4,3,2,1,1,4,4,4,4,4,4,4,3,4,4,4,4,4,4,4,4,4,4,4,4,4,4,4,4,4,4,4,4,4,4,4,4,4,4,4,4,4,4,4,4,4,4,4,4,4,4,4,4,4,4,4,4,4,4,4,4,4,4,4,4,4,4,1,0,3,1,0,0,0,1,0,1,1,0,4,3,2,2,0,1,0,3,0,0,1,2,3,3,2,0,4,4,4,4,4,4,4,4,4,4,4,4,4,4,4,4,4,4,4,4,4,2,3,2,0,0,2,1,0,4,1,1,4,4,1,0,0,3,4,4,3,2,3,3,2,3,1,0,4,0,4,0,1,0,4,4,4,4,4,4,4,4,4,4,4,4,4,4,4,4,4,4,4,4,4,4,4,4,4,4,4,4,4,4,4,4,2,0,1,1,3,2,4,4,4,4,4,4,4,4,4,4,4,4,4,4,4,4,4,3,3,3,3,0,0,1,2,1,1,3,2,1,3,1,1,2,3,0,0,4,3,0,0,4,4,4,4,4,4,4,4,4,4,4,4,4,4,4,4,4,4,4,4,4,4,4,4,4,4,4,4,4,4,4,4,4,4,4,4,4,4,4,4,2,0,2,1,0,2,2,1,2,3,3,3,3,3,3,3,AEIA01000024.1/38937-39143,0
130,2,1,0,2,3,2,2,1,3,1,0,3,3,1,0,1,1,4,2,0,4,1,3,3,0,3,2,3,1,0,2,1,1,1,1,3,3,1,2,4,4,4,4,4,4,4,4,4,4,2,2,0,1,2,3,4,4,4,4,4,4,4,4,4,4,4,4,4,4,4,4,4,4,4,4,4,4,4,4,4,4,4,4,4,4,2,1,4,3,0,1,0,3,0,0,0,0,3,3,1,4,4,2,0,0,3,2,0,1,2,1,4,0,1,0,4,0,1,4,4,4,4,4,4,4,4,4,0,0,2,2,4,4,3,2,1,1,3,4,2,4,1,1,2,3,1,1,0,4,4,0,1,3,3,4,1,3,2,0,3,0,4,3,1,0,2,1,4,2,3,0,4,4,4,4,2,1,3,4,4,4,4,4,4,4,0,4,4,4,4,4,4,4,4,4,4,4,4,4,4,4,4,4,4,4,4,4,4,4,4,4,4,4,4,4,4,4,4,4,4,4,4,4,4,4,4,4,4,4,4,4,4,4,4,4,4,4,4,4,4,3,0,3,1,0,4,4,0,1,1,0,3,4,1,2,2,2,1,2,0,0,0,1,2,3,1,2,0,4,4,4,4,4,4,4,4,4,4,4,4,4,4,4,4,4,4,4,4,4,2,3,3,0,2,2,1,0,4,1,1,2,4,1,1,3,3,4,4,4,0,3,3,4,4,4,4,4,4,4,4,4,4,4,4,4,4,4,4,4,4,4,4,4,4,4,4,4,4,4,4,4,4,4,4,4,4,4,4,4,4,4,4,4,4,4,4,4,1,1,0,4,4,4,4,4,4,4,4,4,4,4,4,4,4,4,4,4,3,0,0,1,0,0,0,2,1,1,2,2,2,4,4,3,0,0,3,4,4,4,4,3,4,4,4,4,4,4,4,4,4,4,4,4,4,4,4,4,4,4,4,4,4,4,4,4,4,4,4,4,4,4,4,4,4,4,4,4,4,4,4,4,4,4,1,1,1,2,2,1,3,3,3,2,3,3,2,3,AFVH01000022.1/695742-695555,0
131,2,3,0,2,0,3,2,1,3,1,0,3,3,1,1,0,3,4,1,3,4,1,3,3,0,3,2,3,3,1,2,1,1,3,3,0,4,4,4,4,4,4,4,4,4,4,4,4,4,4,4,4,4,2,3,4,4,4,4,4,4,4,4,4,4,4,4,4,4,4,4,4,4,4,4,4,4,4,4,4,4,4,4,4,4,2,1,4,1,3,1,0,3,0,0,0,1,3,1,1,4,2,2,0,0,3,2,0,1,2,1,2,0,2,0,4,2,1,1,2,3,3,4,4,4,4,3,0,1,2,2,4,4,3,2,1,3,3,4,0,4,3,1,2,3,1,1,0,4,4,1,3,2,0,4,1,0,2,0,3,2,4,3,1,2,1,4,4,4,3,3,4,0,4,3,2,1,1,4,4,4,4,4,4,4,3,4,4,4,4,4,4,4,4,4,4,4,4,4,4,4,4,4,4,4,4,4,4,4,4,4,4,4,4,4,4,4,4,4,4,4,4,4,4,4,4,4,4,4,4,4,4,4,4,4,4,4,4,4,4,1,0,3,1,0,2,0,1,0,1,1,0,4,3,2,2,0,1,0,1,0,0,1,2,3,3,2,0,4,4,4,4,4,4,4,4,4,4,4,4,4,4,4,4,4,4,4,4,4,2,3,2,0,0,2,1,0,4,1,1,4,4,1,0,1,3,4,4,3,2,3,3,2,3,1,0,4,3,4,0,1,0,4,4,4,4,4,4,4,4,4,4,4,4,4,4,4,4,4,4,4,4,4,4,4,4,4,4,4,4,4,4,4,4,2,0,1,1,3,2,4,4,4,4,4,4,4,4,4,4,4,4,4,4,4,4,4,3,3,3,3,0,0,1,2,4,4,4,4,4,4,4,4,4,4,4,4,4,4,4,4,1,1,3,4,4,4,4,4,4,4,4,4,4,4,4,4,4,4,4,4,4,4,4,4,4,4,4,4,4,4,4,4,4,4,4,4,2,1,3,1,4,4,4,4,4,4,4,1,2,3,0,0,3,0,0,2,M90498.1/3570-3762,0
132,2,3,4,4,4,2,2,1,3,1,0,3,3,1,0,1,1,4,3,3,4,1,3,3,0,3,2,3,1,0,2,1,1,1,1,3,3,0,2,4,4,4,4,4,4,4,4,4,4,2,2,0,1,2,1,4,4,4,4,4,4,4,4,4,4,4,4,4,4,4,4,4,4,4,4,4,4,4,4,4,4,4,4,4,4,2,1,4,3,0,1,0,3,0,0,0,1,3,3,1,4,4,2,0,0,3,2,0,1,2,1,4,4,4,4,4,0,1,0,0,4,4,4,4,4,4,1,0,0,2,2,4,4,3,2,1,1,3,4,2,4,1,1,2,3,1,1,0,4,4,0,1,3,3,4,1,3,2,0,3,0,4,0,3,0,2,1,4,2,3,4,4,4,4,0,2,1,3,4,4,4,4,4,4,4,3,4,4,4,4,4,4,4,4,4,4,4,4,4,4,4,4,4,4,4,4,4,4,4,4,4,4,4,4,4,4,4,4,4,4,4,4,4,4,4,4,4,4,4,4,4,4,4,4,4,4,4,4,4,4,3,0,3,1,0,4,4,0,1,1,3,1,4,1,2,2,2,1,2,0,0,0,1,2,3,1,2,0,4,4,4,4,4,4,4,4,4,4,4,4,4,4,4,4,4,4,4,4,4,2,3,3,0,2,2,1,0,4,1,1,2,4,1,1,3,3,4,4,4,0,3,3,4,4,4,4,4,4,4,4,4,4,4,4,4,4,4,4,4,4,4,4,4,4,4,4,4,4,4,4,4,4,4,4,4,4,4,4,4,4,4,4,4,4,4,4,4,1,1,0,4,4,4,4,4,4,4,4,4,4,4,4,4,4,4,4,4,3,0,0,1,0,0,0,2,1,1,2,2,2,3,3,3,4,4,4,4,4,4,4,4,4,4,4,4,4,4,4,4,4,4,4,4,4,4,4,4,4,4,4,4,4,4,4,4,4,4,4,4,4,4,4,4,4,4,4,4,4,4,4,4,0,2,1,1,1,2,2,1,3,3,3,2,3,3,2,3,AESZ01000038.1/32893-32709,0
133,2,1,0,2,3,2,2,1,3,1,0,3,3,1,0,1,1,4,2,0,4,1,3,3,0,3,2,3,1,0,2,1,1,1,1,3,3,1,2,4,4,4,4,4,4,4,4,4,4,2,2,0,1,2,3,4,4,4,4,4,4,4,4,4,4,4,4,4,4,4,4,4,4,4,4,4,4,4,4,4,4,4,4,4,4,2,1,4,3,0,1,0,3,0,0,0,0,3,3,1,4,4,2,0,0,3,2,0,1,2,1,4,0,1,0,4,0,1,4,4,4,4,4,4,4,4,4,0,0,2,2,4,4,3,2,1,1,3,4,2,4,1,1,2,3,1,1,0,4,4,0,1,3,3,4,1,3,2,0,3,0,4,3,1,0,2,1,4,2,3,0,4,4,4,4,2,1,3,4,4,4,4,4,4,4,0,4,4,4,4,4,4,4,4,4,4,4,4,4,4,4,4,4,4,4,4,4,4,4,4,4,4,4,4,4,4,4,4,4,4,4,4,4,4,4,4,4,4,4,4,4,4,4,4,4,4,4,4,4,4,3,0,3,1,0,4,4,0,1,1,0,3,4,1,2,2,2,1,2,0,0,0,1,2,3,1,2,0,4,4,4,4,4,4,4,4,4,4,4,4,4,4,4,4,4,4,4,4,4,2,3,3,0,2,2,1,0,4,1,1,2,4,1,1,3,3,4,4,4,0,3,3,4,4,4,4,4,4,4,4,4,4,4,4,4,4,4,4,4,4,4,4,4,4,4,4,4,4,4,4,4,4,4,4,4,4,4,4,4,4,4,4,4,4,4,4,4,1,1,0,4,4,4,4,4,4,4,4,4,4,4,4,4,4,4,4,4,3,0,0,1,0,0,0,2,1,1,2,2,2,4,4,3,0,0,3,4,4,4,4,3,4,4,4,4,4,4,4,4,4,4,4,4,4,4,4,4,4,4,4,4,4,4,4,4,4,4,4,4,4,4,4,4,4,4,4,4,4,4,4,4,4,4,1,1,1,2,2,1,3,3,3,2,3,3,2,3,ADUP01000056.1/11426-11613,0
134,2,3,4,4,4,2,2,1,3,1,0,3,3,1,0,1,1,4,3,3,4,1,3,3,0,3,2,3,1,0,2,1,1,1,1,3,3,0,2,4,4,4,4,4,4,4,4,4,4,2,2,0,1,2,1,4,4,4,4,4,4,4,4,4,4,4,4,4,4,4,4,4,4,4,4,4,4,4,4,4,4,4,4,4,4,2,1,4,3,0,1,0,3,0,0,0,1,3,3,1,4,4,2,0,0,3,2,0,1,2,1,4,4,4,4,4,0,1,0,0,4,4,4,4,4,4,1,0,0,2,2,4,4,3,2,1,1,3,4,2,4,1,1,2,3,1,1,0,4,4,0,1,3,3,4,1,3,2,0,3,0,4,0,3,0,2,1,4,2,3,4,4,4,4,0,2,1,3,4,4,4,4,4,4,4,3,4,4,4,4,4,4,4,4,4,4,4,4,4,4,4,4,4,4,4,4,4,4,4,4,4,4,4,4,4,4,4,4,4,4,4,4,4,4,4,4,4,4,4,4,4,4,4,4,4,4,4,4,4,4,3,0,3,1,0,4,4,0,1,1,3,1,4,1,2,2,2,1,2,0,0,0,1,2,3,1,2,0,4,4,4,4,4,4,4,4,4,4,4,4,4,4,4,4,4,4,4,4,4,2,3,3,0,2,2,1,0,4,1,1,2,4,1,1,3,3,4,4,4,0,3,3,4,4,4,4,4,4,4,4,4,4,4,4,4,4,4,4,4,4,4,4,4,4,4,4,4,4,4,4,4,4,4,4,4,4,4,4,4,4,4,4,4,4,4,4,4,1,1,0,4,4,4,4,4,4,4,4,4,4,4,4,4,4,4,4,4,3,0,0,1,0,0,0,2,1,1,2,2,2,3,3,3,4,4,4,4,4,4,4,4,4,4,4,4,4,4,4,4,4,4,4,4,4,4,4,4,4,4,4,4,4,4,4,4,4,4,4,4,4,4,4,4,4,4,4,4,4,4,4,4,0,2,1,1,1,2,2,1,3,3,3,2,3,3,2,3,AETB01000017.1/40322-40506,0
135,2,3,0,2,0,3,2,1,3,1,0,3,3,1,1,0,3,4,1,3,4,1,3,3,0,3,2,3,3,1,2,1,1,3,3,0,4,4,4,4,4,4,4,4,4,4,4,4,4,4,4,4,4,2,3,4,4,4,4,4,4,4,4,4,4,4,4,4,4,4,4,4,4,4,4,4,4,4,4,4,4,4,4,4,4,2,1,4,1,3,1,0,3,0,0,0,1,3,1,1,4,2,2,0,0,3,2,0,1,2,1,4,0,2,0,4,2,1,1,2,3,3,4,4,4,4,3,0,1,2,2,4,4,3,2,1,3,3,4,0,4,3,1,2,3,1,1,0,4,4,1,3,2,0,4,1,0,2,0,3,2,4,3,1,2,1,4,4,4,3,3,4,0,4,3,2,1,1,4,4,4,4,4,4,4,3,4,4,4,4,4,4,4,4,4,4,4,4,4,4,4,4,4,4,4,4,4,4,4,4,4,4,4,4,4,4,4,4,4,4,4,4,4,4,4,4,4,4,4,4,4,4,4,4,4,4,4,4,4,4,1,0,3,1,0,2,0,1,0,1,1,0,4,3,2,2,0,1,0,1,0,0,1,2,3,3,2,0,4,4,4,4,4,4,4,4,4,4,4,4,4,4,4,4,4,4,4,4,4,2,3,2,0,0,2,1,0,4,1,1,4,4,1,0,1,3,4,4,3,2,3,3,2,3,1,0,4,3,4,0,1,0,4,4,4,4,4,4,4,4,4,4,4,4,4,4,4,4,4,4,4,4,4,4,4,4,4,4,4,4,4,4,4,4,2,0,1,1,3,2,4,4,4,4,4,4,4,4,4,4,4,4,4,4,4,4,4,3,3,3,3,0,0,1,2,1,1,3,2,1,3,1,1,2,3,0,0,4,3,0,0,4,4,4,4,4,4,4,4,4,4,4,4,4,4,4,4,4,4,4,4,4,4,4,4,4,4,4,4,4,4,4,4,4,4,4,4,4,4,4,4,2,0,2,1,0,2,2,1,2,3,3,3,3,3,3,3,AEZR01000039.1/183653-183447,0
136,2,1,0,2,3,2,2,1,3,1,0,3,3,1,0,1,1,4,2,0,4,1,3,3,0,3,2,3,1,0,2,1,1,1,1,3,3,1,2,4,4,4,4,4,4,4,4,4,4,2,2,0,1,2,3,4,4,4,4,4,4,4,4,4,4,4,4,4,4,4,4,4,4,4,4,4,4,4,4,4,4,4,4,4,4,2,1,4,3,0,1,0,3,0,0,0,0,3,3,1,4,4,2,0,0,3,2,0,1,2,1,4,0,1,0,4,0,1,4,4,4,4,4,4,4,4,4,0,0,2,2,4,4,3,2,1,1,3,4,2,4,1,1,2,3,1,1,0,4,4,0,1,3,3,4,1,3,2,0,3,0,4,3,1,0,2,1,4,2,3,0,4,4,4,4,2,1,3,4,4,4,4,4,4,4,0,4,4,4,4,4,4,4,4,4,4,4,4,4,4,4,4,4,4,4,4,4,4,4,4,4,4,4,4,4,4,4,4,4,4,4,4,4,4,4,4,4,4,4,4,4,4,4,4,4,4,4,4,4,4,3,0,3,1,0,4,4,0,1,1,0,3,4,1,2,2,2,1,2,0,0,0,1,2,3,1,2,0,4,4,4,4,4,4,4,4,4,4,4,4,4,4,4,4,4,4,4,4,4,2,3,3,0,2,2,1,0,4,1,1,2,4,1,1,3,3,4,4,4,0,3,3,4,4,4,4,4,4,4,4,4,4,4,4,4,4,4,4,4,4,4,4,4,4,4,4,4,4,4,4,4,4,4,4,4,4,4,4,4,4,4,4,4,4,4,4,4,1,1,0,4,4,4,4,4,4,4,4,4,4,4,4,4,4,4,4,4,3,0,0,1,0,0,0,2,1,1,2,2,2,4,4,3,0,0,3,4,4,4,4,3,4,4,4,4,4,4,4,4,4,4,4,4,4,4,4,4,4,4,4,4,4,4,4,4,4,4,4,4,4,4,4,4,4,4,4,4,4,4,4,4,4,4,1,1,1,2,2,1,3,3,3,2,3,3,2,3,AEHX01000056.1/188769-188582,0
137,2,3,4,4,4,2,2,1,3,1,0,3,3,1,0,1,1,4,2,0,4,1,3,3,0,3,2,3,1,0,2,1,1,1,1,3,3,1,2,4,4,4,4,4,4,4,4,4,4,2,2,0,1,2,3,4,4,4,4,4,4,4,4,4,4,4,4,4,4,4,4,4,4,4,4,4,4,4,4,4,4,4,4,4,4,2,1,4,3,0,1,0,3,0,0,0,0,3,3,1,4,4,2,0,0,3,2,0,1,2,1,4,4,4,4,4,0,1,0,0,4,4,4,4,4,4,1,0,0,2,2,4,4,3,2,1,1,3,4,2,4,1,1,2,3,1,1,0,4,4,0,1,3,3,4,1,3,2,0,3,0,4,3,1,0,2,1,4,2,3,0,4,4,4,4,2,1,3,4,4,4,4,4,4,4,0,4,4,4,4,4,4,4,4,4,4,4,4,4,4,4,4,4,4,4,4,4,4,4,4,4,4,4,4,4,4,4,4,4,4,4,4,4,4,4,4,4,4,4,4,4,4,4,4,4,4,4,4,4,4,3,0,3,1,0,4,4,0,1,1,0,3,4,1,2,2,2,1,2,0,0,0,1,2,3,1,2,0,4,4,4,4,4,4,4,4,4,4,4,4,4,4,4,4,4,4,4,4,4,2,3,3,0,2,2,1,0,4,1,1,2,4,1,1,3,3,4,4,4,0,3,3,4,4,4,4,4,4,4,4,4,4,4,4,4,4,4,4,4,4,4,4,4,4,4,4,4,4,4,4,4,4,4,4,4,4,4,4,4,4,4,4,4,4,4,4,4,1,1,0,4,4,4,4,4,4,4,4,4,4,4,4,4,4,4,4,4,3,0,0,1,0,0,0,2,1,1,2,2,2,4,4,3,0,0,3,4,4,4,4,3,4,4,4,4,4,4,4,4,4,4,4,4,4,4,4,4,4,4,4,4,4,4,4,4,4,4,4,4,4,4,4,4,4,4,4,4,4,4,4,4,4,4,1,1,1,2,2,1,3,3,3,2,3,3,2,3,ADVC01000655.1/34553-34737,0
138,2,1,0,2,3,2,2,1,3,1,0,3,3,1,0,1,1,4,2,0,4,1,3,3,0,3,2,3,1,0,2,1,1,1,1,3,3,1,2,4,4,4,4,4,4,4,4,4,4,2,2,0,1,2,3,4,4,4,4,4,4,4,4,4,4,4,4,4,4,4,4,4,4,4,4,4,4,4,4,4,4,4,4,4,4,2,1,4,3,0,1,0,3,0,0,0,0,3,3,1,4,4,2,0,0,3,2,0,1,2,1,4,0,1,0,4,0,1,4,4,4,4,4,4,4,4,4,0,0,2,2,4,4,3,2,1,1,3,4,2,4,1,1,2,3,1,1,0,4,4,0,1,3,3,4,1,3,2,0,3,0,4,3,1,0,2,1,4,2,3,0,4,4,4,4,2,1,3,4,4,4,4,4,4,4,0,4,4,4,4,4,4,4,4,4,4,4,4,4,4,4,4,4,4,4,4,4,4,4,4,4,4,4,4,4,4,4,4,4,4,4,4,4,4,4,4,4,4,4,4,4,4,4,4,4,4,4,4,4,4,3,0,3,1,0,4,4,0,1,1,0,3,4,1,2,2,2,1,2,0,0,0,1,2,3,1,2,0,4,4,4,4,4,4,4,4,4,4,4,4,4,4,4,4,4,4,4,4,4,2,3,3,0,2,2,1,0,4,1,1,2,4,1,1,3,3,4,4,4,0,3,3,4,4,4,4,4,4,4,4,4,4,4,4,4,4,4,4,4,4,4,4,4,4,4,4,4,4,4,4,4,4,4,4,4,4,4,4,4,4,4,4,4,4,4,4,4,1,1,0,4,4,4,4,4,4,4,4,4,4,4,4,4,4,4,4,4,3,0,0,1,0,0,0,2,1,1,2,2,2,4,4,3,0,0,3,4,4,4,4,3,4,4,4,4,4,4,4,4,4,4,4,4,4,4,4,4,4,4,4,4,4,4,4,4,4,4,4,4,4,4,4,4,4,4,4,4,4,4,4,4,4,4,1,1,1,2,2,1,3,3,3,2,3,3,2,3,ADUR01000045.1/72620-72807,0
139,2,3,0,2,0,3,2,1,3,1,0,3,3,1,1,0,3,4,1,3,4,1,3,3,0,3,2,3,3,1,2,1,1,3,3,1,4,4,4,4,4,4,4,4,4,4,4,4,4,4,4,4,4,3,2,4,4,4,4,4,4,4,4,4,4,4,4,4,4,4,4,4,4,4,4,4,4,4,4,4,4,4,4,4,4,2,1,4,1,3,1,0,3,0,0,0,1,3,1,0,4,2,2,0,0,3,2,0,3,2,1,4,0,2,0,4,2,1,1,2,3,3,4,4,4,4,3,0,1,2,2,4,4,3,2,1,3,3,4,0,4,3,1,2,3,1,1,0,4,4,1,3,2,0,4,1,0,2,0,3,2,4,3,1,2,1,4,4,4,3,3,4,0,4,1,2,1,1,4,4,4,4,4,4,4,3,4,4,4,4,4,4,4,4,4,4,4,4,4,4,4,4,4,4,4,4,4,4,4,4,4,4,4,4,4,4,4,4,4,4,4,4,4,4,4,4,4,4,4,4,4,4,4,4,4,4,4,4,4,4,1,0,3,1,0,0,0,1,0,1,1,1,4,3,2,2,0,1,0,1,0,0,1,2,3,3,2,0,4,4,4,4,4,4,4,4,4,4,4,4,4,4,4,4,4,4,4,4,4,2,3,2,0,0,2,1,0,4,1,1,1,4,1,3,3,3,4,0,3,2,3,3,2,3,1,0,4,3,4,0,1,0,4,4,4,4,4,4,4,4,4,4,4,4,4,4,4,4,4,4,4,4,4,4,4,4,4,4,4,4,4,4,4,4,2,0,1,1,3,2,4,4,4,4,4,4,4,4,4,4,4,4,4,4,4,4,4,3,3,3,3,2,0,1,2,1,1,3,2,1,1,1,1,3,3,0,0,4,4,1,1,4,4,4,4,4,4,4,4,4,4,4,4,4,4,4,4,4,4,4,4,4,4,4,4,4,4,4,4,4,4,4,4,4,4,4,4,4,4,4,4,2,2,2,1,0,2,2,1,2,3,3,3,3,3,3,3,AL627279.1/15325-15118,0
140,2,3,0,2,0,3,2,1,3,1,0,3,3,1,1,0,3,4,1,3,4,1,3,3,0,3,2,3,3,1,2,1,1,3,3,1,4,4,4,4,4,4,4,4,4,4,4,4,4,4,4,4,4,2,3,4,4,4,4,4,4,4,4,4,4,4,4,4,4,4,4,4,4,4,4,4,4,4,4,4,4,4,4,4,4,2,1,4,1,3,1,0,3,0,0,0,1,3,1,1,4,2,2,0,0,3,2,0,3,2,1,4,0,2,0,4,2,1,1,2,3,3,4,4,1,3,3,0,1,2,2,4,4,3,2,1,3,3,4,0,4,3,1,2,3,1,1,0,4,4,1,3,2,0,4,1,0,2,0,3,2,4,3,1,2,1,0,4,3,3,3,4,0,4,3,2,1,1,4,4,4,4,4,4,4,3,4,4,4,4,4,4,4,4,4,4,4,4,4,4,4,4,4,4,4,4,4,4,4,4,4,4,4,4,4,4,4,4,4,4,4,4,4,4,4,4,4,4,4,4,4,4,4,4,4,4,4,4,4,4,1,0,3,1,0,0,0,1,0,1,1,0,4,3,2,2,0,1,0,3,3,0,1,2,3,3,2,0,4,4,4,4,4,4,4,4,4,4,4,4,4,4,4,4,4,4,4,4,4,2,3,2,0,0,2,1,0,4,1,1,1,4,0,0,3,3,4,4,3,2,3,3,2,3,1,0,4,0,4,0,3,0,4,4,4,4,4,4,4,4,4,4,4,4,4,4,4,4,4,4,4,4,4,4,4,4,4,4,4,4,4,4,4,4,2,0,1,1,3,2,4,4,4,4,4,4,4,4,4,4,4,4,4,4,4,4,4,3,3,3,3,0,0,1,2,1,1,3,2,1,1,1,3,2,0,3,3,4,3,1,0,4,4,4,4,4,4,4,4,4,4,4,4,4,4,4,4,4,4,4,4,4,4,4,4,4,4,4,4,4,4,4,4,4,4,4,4,4,4,4,4,2,1,2,1,0,2,2,1,2,3,3,3,3,3,3,3,CP001891.1/5261908-5261697,0
141,4,4,4,2,3,3,2,1,3,1,0,3,3,1,0,0,1,4,3,2,4,2,3,3,0,3,2,0,3,3,2,1,2,3,3,2,1,3,0,0,1,3,2,2,1,0,0,0,3,0,3,3,3,3,1,4,4,4,4,4,4,4,4,4,4,4,4,4,4,4,4,4,4,4,4,4,4,4,4,4,4,4,4,4,4,2,1,4,4,3,1,0,3,0,0,1,0,3,1,3,4,2,2,0,0,3,2,0,3,2,1,4,1,0,0,4,4,4,4,4,4,0,0,4,2,0,0,0,2,2,2,4,4,3,2,1,1,3,4,0,4,3,1,2,3,1,1,0,4,1,1,0,2,0,4,1,1,2,0,3,0,4,0,1,0,2,2,4,2,1,4,4,4,4,4,4,4,4,4,4,4,4,4,4,4,4,2,3,2,0,0,0,0,4,4,4,4,4,4,4,4,4,4,4,4,4,4,4,4,4,4,4,4,4,4,4,4,4,4,4,4,4,4,4,4,4,4,4,4,4,4,4,4,1,2,0,0,1,3,3,3,0,3,1,0,0,2,4,4,1,0,3,4,1,2,2,0,1,2,0,1,0,1,2,3,3,2,0,4,4,4,4,4,4,4,4,4,4,4,4,4,4,4,4,4,4,4,4,4,2,3,2,0,2,2,1,0,4,1,1,2,4,1,1,3,0,4,4,4,4,3,3,4,4,4,4,4,4,4,4,4,4,4,4,4,4,4,4,4,4,4,4,4,4,4,4,4,4,4,4,4,4,4,4,4,4,4,4,4,4,4,4,4,4,4,4,4,1,0,2,4,4,4,4,4,4,4,4,4,4,4,4,4,4,4,4,4,3,3,0,1,2,1,2,2,1,1,0,2,0,2,2,2,0,2,1,2,4,0,3,3,4,4,4,4,4,4,4,4,4,4,4,4,4,4,4,4,4,4,4,4,4,4,4,4,4,4,4,4,4,4,4,4,4,4,4,4,4,4,4,4,1,3,3,1,3,2,2,1,1,2,1,2,3,2,0,3,BX950851.1/3645066-3644853,0
142,2,1,4,4,4,3,2,1,3,4,4,4,4,4,4,4,4,4,4,4,4,4,4,4,4,4,4,4,4,4,4,4,4,4,4,4,4,4,4,4,4,4,4,4,4,4,4,4,4,4,4,4,4,4,4,3,4,4,4,4,4,4,4,4,4,4,4,4,4,4,4,4,4,4,4,4,4,4,4,4,4,4,4,1,2,4,4,4,4,4,4,4,4,4,4,4,4,4,4,4,4,4,4,4,4,4,4,0,1,2,1,4,0,4,4,4,2,1,1,3,2,0,2,0,2,0,3,0,1,1,2,4,4,3,2,4,4,3,4,0,4,3,1,2,3,1,3,1,4,4,0,3,1,0,4,0,0,4,4,4,4,4,4,4,4,4,4,4,4,4,4,4,4,4,4,4,4,4,4,4,4,4,4,4,4,4,4,4,4,4,4,4,4,4,4,4,4,4,4,4,4,4,4,4,4,4,4,4,4,4,4,4,4,4,4,4,4,4,4,4,4,4,4,4,4,4,4,4,4,4,4,4,4,4,4,4,4,4,4,4,4,4,4,4,4,4,4,1,0,1,1,0,4,3,2,2,0,1,0,3,0,0,1,2,3,3,2,0,4,4,4,4,4,4,4,4,4,4,4,4,4,4,4,4,4,4,4,4,4,2,3,2,0,0,2,1,0,4,1,1,1,4,0,0,3,3,4,4,3,2,3,3,2,3,1,0,4,0,4,0,1,0,4,4,4,4,4,4,4,4,4,4,4,4,4,4,4,4,4,4,4,4,4,4,4,4,4,4,4,4,4,4,4,4,2,0,1,1,3,2,4,4,4,4,4,4,4,4,4,4,4,4,4,4,4,4,4,3,3,3,3,0,0,1,2,1,1,3,2,1,1,1,3,2,0,3,3,4,3,1,0,4,4,4,4,4,4,4,4,4,4,4,4,4,4,4,4,4,4,4,4,4,4,4,4,4,4,4,4,4,4,4,4,4,4,4,4,4,4,4,4,2,3,2,1,0,2,2,1,2,3,3,3,3,3,3,3,BAAX01019154.1/2-139,0
143,2,3,4,4,4,2,2,1,3,1,0,3,3,1,0,1,1,4,3,3,4,1,3,3,0,3,2,3,1,0,2,1,1,1,1,3,3,0,2,4,4,4,4,4,4,4,4,4,4,2,2,0,1,2,1,4,4,4,4,4,4,4,4,4,4,4,4,4,4,4,4,4,4,4,4,4,4,4,4,4,4,4,4,4,4,2,1,4,3,0,1,0,3,0,0,0,1,3,3,1,4,4,2,0,0,3,2,0,1,2,1,4,4,4,4,4,0,1,0,0,4,4,4,4,4,4,1,0,0,2,2,4,4,3,2,1,1,3,4,2,4,1,1,2,3,1,1,0,4,4,0,1,3,3,4,1,3,2,0,3,0,4,0,3,0,2,1,4,2,3,4,4,4,4,0,2,1,3,4,4,4,4,4,4,4,3,4,4,4,4,4,4,4,4,4,4,4,4,4,4,4,4,4,4,4,4,4,4,4,4,4,4,4,4,4,4,4,4,4,4,4,4,4,4,4,4,4,4,4,4,4,4,4,4,4,4,4,4,4,4,3,0,3,1,0,4,4,0,1,1,3,1,4,1,2,2,2,1,2,0,0,0,1,2,3,1,2,0,4,4,4,4,4,4,4,4,4,4,4,4,4,4,4,4,4,4,4,4,4,2,3,3,0,2,2,1,0,4,1,1,2,4,1,1,3,3,4,4,4,0,3,3,4,4,4,4,4,4,4,4,4,4,4,4,4,4,4,4,4,4,4,4,4,4,4,4,4,4,4,4,4,4,4,4,4,4,4,4,4,4,4,4,4,4,4,4,4,1,1,0,4,4,4,4,4,4,4,4,4,4,4,4,4,4,4,4,4,3,0,0,1,0,0,0,2,1,1,2,2,2,3,3,3,4,4,4,4,4,4,4,4,4,4,4,4,4,4,4,4,4,4,4,4,4,4,4,4,4,4,4,4,4,4,4,4,4,4,4,4,4,4,4,4,4,4,4,4,4,4,4,4,0,2,1,1,1,2,2,1,3,3,3,2,3,3,2,3,ABEW01000008.1/50137-50321,0
144,2,3,4,4,4,2,2,1,3,1,0,3,3,1,0,1,1,4,3,3,4,1,3,3,0,3,2,3,1,0,2,1,1,1,1,3,3,1,2,4,4,4,4,4,4,4,4,4,4,2,2,0,1,2,1,4,4,4,4,4,4,4,4,4,4,4,4,4,4,4,4,4,4,4,4,4,4,4,4,4,4,4,4,4,4,2,1,4,3,0,1,0,3,0,0,0,1,3,3,1,4,4,2,0,0,3,2,0,1,2,1,4,4,4,4,4,0,1,0,0,0,1,4,4,4,4,4,4,0,2,2,4,4,3,2,1,1,3,4,2,4,1,1,2,3,1,1,0,4,4,0,1,3,1,4,1,3,2,0,3,0,4,0,1,0,2,4,4,4,1,1,4,3,4,2,2,1,3,4,4,4,4,4,4,4,3,4,4,4,4,4,4,4,4,4,4,4,4,4,4,4,4,4,4,4,4,4,4,4,4,4,4,4,4,4,4,4,4,4,4,4,4,4,4,4,4,4,4,4,4,4,4,4,4,4,4,4,4,4,4,3,0,3,1,0,4,4,2,0,1,0,3,4,1,2,2,2,1,2,0,0,0,1,2,3,1,2,0,4,4,4,4,4,4,4,4,4,4,4,4,4,4,4,4,4,4,4,4,4,2,3,0,0,2,2,1,0,4,1,1,2,4,1,1,3,1,4,4,0,3,3,1,4,4,4,4,4,4,4,4,4,4,4,4,4,4,4,4,4,4,4,4,4,4,4,4,4,4,4,4,4,4,4,4,4,4,4,4,4,4,4,4,4,4,4,4,4,1,3,2,4,4,4,4,4,4,4,4,4,4,4,4,4,4,4,4,4,4,0,0,1,0,0,0,2,1,1,0,2,2,1,1,3,3,2,4,4,4,4,4,4,4,4,4,4,4,4,4,4,4,4,4,4,4,4,4,4,4,4,4,4,4,4,4,4,4,4,4,4,4,4,4,4,4,4,4,4,4,4,4,4,1,2,1,1,3,2,2,1,3,3,3,2,3,3,2,3,AFQK01000017.1/32290-32476,0
145,2,1,0,2,3,2,2,1,3,1,0,3,3,1,0,1,1,4,2,0,4,1,3,3,0,3,2,3,1,0,2,1,1,1,1,3,3,1,2,4,4,4,4,4,4,4,4,4,4,2,2,0,1,2,3,4,4,4,4,4,4,4,4,4,4,4,4,4,4,4,4,4,4,4,4,4,4,4,4,4,4,4,4,4,4,2,1,4,3,0,1,0,3,0,0,0,0,3,3,1,4,4,2,0,0,3,2,0,1,2,1,4,0,1,0,4,0,1,4,4,4,4,4,4,4,4,4,0,0,2,2,4,4,3,2,1,1,3,4,2,4,1,1,2,3,1,1,0,4,4,0,1,3,3,4,1,3,2,0,3,0,4,3,1,0,2,1,4,2,3,0,4,4,4,4,2,1,3,4,4,4,4,4,4,4,0,4,4,4,4,4,4,4,4,4,4,4,4,4,4,4,4,4,4,4,4,4,4,4,4,4,4,4,4,4,4,4,4,4,4,4,4,4,4,4,4,4,4,4,4,4,4,4,4,4,4,4,4,4,4,3,0,3,1,0,4,4,0,1,1,0,3,4,1,2,2,2,1,2,0,0,0,1,2,3,1,2,0,4,4,4,4,4,4,4,4,4,4,4,4,4,4,4,4,4,4,4,4,4,2,3,3,0,2,2,1,0,4,1,1,2,4,1,1,3,3,4,4,4,0,3,3,4,4,4,4,4,4,4,4,4,4,4,4,4,4,4,4,4,4,4,4,4,4,4,4,4,4,4,4,4,4,4,4,4,4,4,4,4,4,4,4,4,4,4,4,4,1,1,0,4,4,4,4,4,4,4,4,4,4,4,4,4,4,4,4,4,3,0,0,1,0,0,0,2,1,1,2,2,2,4,4,3,0,0,3,4,4,4,4,3,4,4,4,4,4,4,4,4,4,4,4,4,4,4,4,4,4,4,4,4,4,4,4,4,4,4,4,4,4,4,4,4,4,4,4,4,4,4,4,4,4,4,1,1,1,2,2,1,3,3,3,2,3,3,2,3,AFEB01000045.1/37172-36985,0
146,2,3,0,2,0,3,2,1,3,1,0,3,3,1,1,0,1,4,1,3,4,0,3,3,0,3,2,3,3,3,2,1,3,1,1,2,4,4,4,4,4,4,4,4,4,4,4,4,4,4,4,4,4,4,4,4,4,4,4,4,4,4,4,4,4,4,4,4,4,4,4,4,4,4,4,4,4,4,4,4,4,4,4,4,4,2,1,4,3,3,1,0,3,0,0,0,1,1,3,2,4,2,2,0,0,3,2,0,3,2,1,4,0,2,0,4,2,1,1,0,0,3,4,4,4,3,3,0,1,0,2,4,4,3,2,1,1,3,4,0,4,3,3,2,3,1,0,3,4,1,1,3,2,0,4,1,1,2,0,3,0,4,0,1,2,1,4,4,4,2,1,4,0,4,0,2,1,2,4,4,4,4,4,4,4,1,4,4,4,4,4,4,4,4,4,4,4,4,4,4,4,4,4,4,4,4,4,4,4,4,4,4,4,4,4,4,4,4,4,4,4,4,4,4,4,4,4,4,4,4,4,4,4,4,4,4,4,4,4,4,3,0,3,1,0,4,4,3,1,1,0,2,4,0,0,2,2,1,0,0,0,0,1,2,3,3,2,0,4,4,4,4,4,4,4,4,4,4,4,4,4,4,4,4,4,4,4,4,4,2,3,2,0,2,2,1,0,4,1,3,0,4,0,0,3,1,4,4,3,2,3,3,2,3,1,1,4,3,4,0,4,4,4,4,4,4,4,4,4,4,4,4,4,4,4,4,4,4,4,4,4,4,4,4,4,4,4,4,4,4,4,4,4,4,2,0,1,1,3,2,0,3,3,4,4,4,4,4,4,4,4,4,4,4,2,3,3,3,3,3,0,2,0,1,0,1,3,3,2,3,1,3,3,1,1,4,4,4,4,4,4,4,4,4,4,4,4,4,4,4,4,4,4,4,4,4,4,4,4,4,4,4,4,4,4,4,4,4,4,4,4,4,4,4,4,4,4,4,4,4,4,0,2,0,1,0,0,2,3,2,3,3,3,3,3,3,3,CP002505.1/4644130-4643926,0
147,2,3,3,2,1,4,4,4,3,1,0,3,3,1,0,0,3,4,3,2,4,1,3,3,0,3,2,3,0,2,2,3,1,1,0,0,0,3,3,3,2,3,4,4,4,4,3,2,2,2,0,0,1,0,3,4,4,4,4,4,4,4,4,4,4,4,4,4,4,4,4,4,4,4,4,4,4,4,4,4,4,4,4,4,4,0,1,4,1,0,1,0,3,0,0,0,0,1,1,1,4,4,2,0,0,3,2,0,3,4,4,4,4,4,4,4,2,1,1,0,0,0,4,4,4,2,3,0,0,2,2,4,4,3,2,1,1,3,4,0,4,1,1,2,3,1,1,0,0,1,0,1,1,0,4,3,0,2,0,3,0,4,3,3,1,2,1,4,3,3,3,1,2,4,0,2,1,1,4,4,4,4,4,4,4,3,4,4,4,4,4,4,4,4,4,4,4,4,4,4,4,4,4,4,4,4,4,4,4,4,4,4,4,4,4,4,4,4,4,4,4,4,4,4,4,4,4,4,4,4,4,4,4,4,4,4,4,4,4,4,3,0,3,1,0,4,4,0,0,1,0,1,4,0,2,2,2,1,2,0,1,0,1,2,3,3,2,0,4,4,4,4,4,4,4,4,4,4,4,4,4,4,4,4,4,4,4,4,4,2,3,2,0,2,2,1,0,4,1,1,0,4,1,1,3,0,4,4,3,4,4,4,4,4,4,4,4,4,4,4,4,4,4,4,4,4,4,4,4,4,4,4,4,4,4,4,4,4,4,4,4,4,4,4,4,4,4,4,4,4,4,4,4,4,4,4,4,4,4,4,4,4,4,4,4,4,4,4,4,4,4,4,4,4,4,4,4,4,4,4,4,4,4,4,4,4,4,4,4,4,4,4,4,4,4,4,4,4,4,4,4,0,3,2,4,4,4,4,4,4,4,4,4,4,4,4,4,4,4,4,4,4,4,4,4,4,4,4,4,4,4,4,4,4,4,4,4,0,3,3,0,4,4,4,4,4,4,4,4,4,4,4,3,1,3,3,3,ABXV02000027.1/34047-33876,0
148,3,1,0,2,3,3,2,1,3,1,0,3,3,1,0,0,1,4,3,3,4,3,3,3,0,3,2,3,1,2,2,3,1,1,0,1,0,0,3,0,3,2,2,4,4,2,3,2,2,2,0,0,1,0,3,4,4,4,4,4,4,4,4,4,4,4,4,4,4,4,4,4,4,4,4,4,4,4,4,4,4,4,4,4,4,0,1,4,1,0,1,0,3,0,0,2,1,1,0,0,4,4,2,0,0,3,2,0,1,2,1,4,4,1,0,4,2,0,2,4,4,4,4,4,4,4,3,0,0,2,2,4,4,3,2,1,1,3,4,0,4,1,1,2,3,1,1,0,4,0,1,0,3,1,4,0,3,2,0,3,0,1,3,1,2,1,1,4,3,3,1,4,2,4,2,2,1,1,4,4,4,4,4,4,4,3,4,4,4,4,4,4,4,4,4,4,4,4,4,4,4,4,4,4,4,4,4,4,4,4,4,4,4,4,4,4,4,4,4,4,4,4,4,4,4,4,4,4,4,4,4,4,4,4,4,4,4,4,4,4,3,0,3,1,0,4,4,0,0,1,0,1,4,0,2,2,2,1,2,0,1,0,1,2,3,2,2,0,4,4,4,4,4,4,4,4,4,4,4,4,4,4,4,4,4,4,4,4,4,2,3,2,0,2,2,1,0,4,1,1,0,4,1,1,3,3,4,4,1,0,3,3,1,3,1,3,4,3,4,3,3,0,4,4,4,4,4,4,4,4,4,4,4,4,4,4,4,4,4,4,4,4,4,4,4,4,4,4,4,4,4,4,4,4,2,0,2,0,2,0,0,0,0,2,0,2,0,3,4,2,0,0,3,0,3,3,2,0,1,2,0,2,1,2,2,0,0,3,0,3,1,3,1,0,2,3,4,4,4,4,0,4,4,4,4,4,4,4,4,4,4,4,4,4,4,4,4,4,4,4,4,4,4,4,4,4,4,4,4,4,4,4,4,4,4,4,4,4,4,4,4,0,2,0,3,0,3,3,1,1,2,1,3,1,3,1,1,ACLE01000032.1/115669-115437,0
149,2,3,0,2,0,3,2,1,3,1,0,3,1,1,1,0,1,4,3,3,4,0,3,3,0,3,2,0,1,0,2,1,3,3,2,2,1,1,0,3,3,0,0,4,4,2,2,1,3,0,0,3,3,3,0,4,4,4,4,4,4,4,4,4,4,4,4,4,4,4,4,4,4,4,4,4,4,4,4,4,4,4,4,4,4,2,1,4,3,3,1,0,3,0,0,0,1,1,1,0,4,2,2,2,0,3,2,0,1,2,1,4,0,2,0,4,2,1,1,2,0,3,4,4,3,3,3,0,2,0,2,4,4,3,2,1,1,3,4,0,4,3,3,2,3,1,1,0,4,3,2,3,0,0,4,1,1,2,0,3,2,4,3,3,2,0,2,4,3,0,0,4,3,4,2,3,4,4,4,4,4,4,4,4,4,4,4,4,4,4,4,4,4,4,4,4,4,4,4,4,4,4,4,4,4,4,4,4,4,4,4,4,4,4,4,4,4,4,4,4,4,4,4,4,4,4,4,4,4,4,4,4,4,4,4,4,4,4,4,4,1,0,3,1,0,4,4,1,0,3,0,1,4,1,2,2,2,1,0,3,0,0,1,2,3,3,2,0,4,4,4,4,4,4,4,4,4,4,4,4,4,4,4,4,4,4,4,4,4,2,3,2,0,2,2,1,0,4,1,3,2,4,0,3,0,3,4,4,3,2,3,3,2,3,1,3,4,0,4,3,1,4,4,4,4,4,4,4,4,4,4,4,4,4,4,4,4,4,4,4,4,4,4,4,4,4,4,4,4,4,4,4,4,4,2,0,1,1,3,2,0,0,4,4,4,4,4,4,4,4,4,4,4,4,0,0,3,3,3,3,0,2,0,1,0,1,3,3,2,1,1,1,3,3,3,3,4,4,4,4,4,4,4,4,4,4,4,4,4,4,4,4,4,4,4,4,4,4,4,4,4,4,4,4,4,4,4,4,4,4,4,4,4,4,4,4,4,4,4,4,4,1,2,2,1,0,0,2,3,2,3,3,3,3,3,3,3,ACNQ01000001.1/61971-62193,0
150,2,3,4,4,4,2,2,1,3,1,0,3,3,1,0,1,1,4,2,0,4,1,3,3,0,3,2,3,1,0,2,1,1,1,1,3,3,1,2,4,4,4,4,4,4,4,4,4,4,2,2,0,1,2,3,4,4,4,4,4,4,4,4,4,4,4,4,4,4,4,4,4,4,4,4,4,4,4,4,4,4,4,4,4,4,2,1,4,3,0,1,0,3,0,0,0,0,3,3,1,4,4,2,0,0,3,2,0,1,2,1,4,4,4,4,4,0,1,0,0,4,4,4,4,4,4,1,0,0,2,2,4,4,3,2,1,1,3,4,2,4,1,1,2,3,1,1,0,4,4,0,1,3,3,4,1,3,2,0,3,0,4,3,1,0,2,1,4,2,3,0,4,4,4,4,2,1,3,4,4,4,4,4,4,4,0,4,4,4,4,4,4,4,4,4,4,4,4,4,4,4,4,4,4,4,4,4,4,4,4,4,4,4,4,4,4,4,4,4,4,4,4,4,4,4,4,4,4,4,4,4,4,4,4,4,4,4,4,4,4,3,0,3,1,0,4,4,0,1,1,0,3,4,1,2,2,2,1,2,0,0,0,1,2,3,1,2,0,4,4,4,4,4,4,4,4,4,4,4,4,4,4,4,4,4,4,4,4,4,2,3,3,0,2,2,1,0,4,1,1,2,4,1,1,3,3,4,4,4,0,3,3,4,4,4,4,4,4,4,4,4,4,4,4,4,4,4,4,4,4,4,4,4,4,4,4,4,4,4,4,4,4,4,4,4,4,4,4,4,4,4,4,4,4,4,4,4,1,1,0,4,4,4,4,4,4,4,4,4,4,4,4,4,4,4,4,4,3,0,0,1,0,0,0,2,1,1,2,2,2,4,4,3,0,0,3,4,4,4,4,3,4,4,4,4,4,4,4,4,4,4,4,4,4,4,4,4,4,4,4,4,4,4,4,4,4,4,4,4,4,4,4,4,4,4,4,4,4,4,4,4,4,4,1,1,1,2,2,1,3,3,3,2,3,3,2,3,AGTL01000007.1/34637-34821,0
151,2,3,0,2,0,3,2,1,3,1,0,3,3,1,1,0,3,4,1,3,4,1,3,3,0,3,2,3,3,1,2,1,1,3,3,1,4,4,4,4,4,4,4,4,4,4,4,4,4,4,4,4,4,3,2,4,4,4,4,4,4,4,4,4,4,4,4,4,4,4,4,4,4,4,4,4,4,4,4,4,4,4,4,4,4,2,1,4,1,3,1,0,3,0,0,0,1,3,1,0,4,2,2,0,0,3,2,0,3,2,1,4,0,2,0,4,2,1,1,2,3,3,4,4,4,4,3,0,1,2,2,4,4,3,2,1,3,3,4,0,4,3,1,2,3,1,1,0,4,4,1,3,2,0,4,1,0,2,0,3,2,4,3,1,2,1,4,4,4,3,3,4,0,4,1,2,1,1,4,4,4,4,4,4,4,3,4,4,4,4,4,4,4,4,4,4,4,4,4,4,4,4,4,4,4,4,4,4,4,4,4,4,4,4,4,4,4,4,4,4,4,4,4,4,4,4,4,4,4,4,4,4,4,4,4,4,4,4,4,4,1,0,3,1,0,0,0,1,0,1,1,1,4,3,2,2,0,1,0,1,0,0,1,2,3,3,2,0,4,4,4,4,4,4,4,4,4,4,4,4,4,4,4,4,4,4,4,4,4,2,3,2,0,0,2,1,0,4,1,1,1,4,1,3,3,3,4,0,3,2,3,3,2,3,1,0,4,3,4,0,1,0,4,4,4,4,4,4,4,4,4,4,4,4,4,4,4,4,4,4,4,4,4,4,4,4,4,4,4,4,4,4,4,4,2,0,1,1,3,2,4,4,4,4,4,4,4,4,4,4,4,4,4,4,4,4,4,3,3,3,3,2,0,1,2,1,1,3,2,1,1,1,1,3,3,0,0,4,4,1,1,4,4,4,4,4,4,4,4,4,4,4,4,4,4,4,4,4,4,4,4,4,4,4,4,4,4,4,4,4,4,4,4,4,4,4,4,4,4,4,4,2,2,2,1,0,2,2,1,2,3,3,3,3,3,3,3,CP000026.1/3919861-3920068,0
152,2,3,0,2,0,3,2,1,3,1,0,3,3,1,1,0,3,4,1,3,4,1,3,3,0,3,2,3,3,1,2,1,1,3,3,0,4,4,4,4,4,4,4,4,4,4,4,4,4,4,4,4,4,2,3,4,4,4,4,4,4,4,4,4,4,4,4,4,4,4,4,4,4,4,4,4,4,4,4,4,4,4,4,4,4,2,1,4,1,3,1,0,3,0,0,0,1,3,1,1,4,2,2,0,0,3,2,0,1,2,1,4,0,2,0,4,2,1,1,2,3,3,4,4,4,4,3,0,1,2,2,4,4,3,2,1,3,3,4,0,4,3,1,2,3,1,1,0,4,4,1,3,2,0,4,1,0,2,0,3,2,4,3,1,2,1,4,4,4,3,3,4,0,4,3,2,1,1,4,4,4,4,4,4,4,3,4,4,4,4,4,4,4,4,4,4,4,4,4,4,4,4,4,4,4,4,4,4,4,4,4,4,4,4,4,4,4,4,4,4,4,4,4,4,4,4,4,4,4,4,4,4,4,4,4,4,4,4,4,4,1,0,3,1,0,2,0,1,0,1,1,0,4,3,2,2,0,1,0,1,0,0,1,2,3,3,2,0,4,4,4,4,4,4,4,4,4,4,4,4,4,4,4,4,4,4,4,4,4,2,3,2,0,0,2,1,0,4,1,1,4,4,1,0,1,3,4,4,3,2,3,3,2,3,1,0,4,3,4,0,1,0,4,4,4,4,4,4,4,4,4,4,4,4,4,4,4,4,4,4,4,4,4,4,4,4,4,4,4,4,4,4,4,4,2,0,1,1,3,2,4,4,4,4,4,4,4,4,4,4,4,4,4,4,4,4,4,3,3,3,3,0,0,1,2,1,1,3,2,1,3,1,1,2,3,0,0,4,3,0,0,4,4,4,4,4,4,4,4,4,4,4,4,4,4,4,4,4,4,4,4,4,4,4,4,4,4,4,4,4,4,4,4,4,4,4,4,4,4,4,4,2,0,2,1,0,2,2,1,2,3,3,3,3,3,3,3,ADUY01000393.1/16735-16529,0
153,2,3,4,4,4,2,2,1,3,1,0,3,3,1,0,1,1,4,3,3,4,1,3,3,0,3,2,3,1,0,2,1,1,1,1,3,3,1,2,4,4,4,4,4,4,4,4,4,4,2,2,0,1,2,3,4,4,4,4,4,4,4,4,4,4,4,4,4,4,4,4,4,4,4,4,4,4,4,4,4,4,4,4,4,4,2,1,4,3,0,1,0,3,0,0,0,1,3,3,1,4,4,2,0,0,3,2,0,1,2,1,4,4,4,4,4,0,1,0,0,0,0,4,4,4,4,4,4,0,2,2,4,4,3,2,1,1,3,4,2,4,1,1,2,3,1,1,0,4,4,0,1,3,0,4,1,3,2,0,3,1,4,0,3,0,2,4,4,4,1,2,4,3,4,3,2,1,3,4,4,4,4,4,4,4,3,4,4,4,4,4,4,4,4,4,4,4,4,4,4,4,4,4,4,4,4,4,4,4,4,4,4,4,4,4,4,4,4,4,4,4,4,4,4,4,4,4,4,4,4,4,4,4,4,4,4,4,4,4,4,3,0,3,1,0,4,4,4,2,2,0,1,4,0,2,2,2,1,2,0,0,0,1,2,3,1,2,0,4,4,4,4,4,4,4,4,4,4,4,4,4,4,4,4,4,4,4,4,4,2,3,3,0,2,2,1,0,4,1,1,2,4,1,1,3,1,4,4,4,0,4,4,4,4,4,3,4,3,4,1,1,0,4,4,4,4,4,4,4,4,4,4,4,4,4,4,4,4,4,4,4,4,4,4,4,4,4,4,4,4,4,4,4,4,4,4,4,4,4,4,4,4,4,4,4,4,4,4,4,4,4,4,4,4,4,4,4,3,2,0,1,0,0,0,2,1,1,2,2,2,3,3,3,3,4,4,4,4,4,4,4,4,4,4,4,4,4,4,4,4,4,4,4,4,4,4,4,4,4,4,4,4,4,4,4,4,4,4,4,4,4,4,4,4,4,4,4,4,4,4,4,3,0,1,1,1,2,2,1,3,3,3,2,3,3,2,3,CACR01002230.1/10197-10013,0
154,2,3,4,4,4,2,2,1,3,1,0,3,3,1,0,1,1,4,3,3,4,1,3,3,0,3,2,3,1,0,2,1,1,1,1,3,3,0,2,4,4,4,4,4,4,4,4,4,4,2,2,0,1,2,1,4,4,4,4,4,4,4,4,4,4,4,4,4,4,4,4,4,4,4,4,4,4,4,4,4,4,4,4,4,4,2,1,4,3,0,1,0,3,0,0,0,1,3,3,1,4,4,2,0,0,3,2,0,1,2,1,4,4,4,4,4,0,1,0,0,4,4,4,4,4,4,1,0,0,2,2,4,4,3,2,1,1,3,4,2,4,1,1,2,3,1,1,0,4,4,0,1,3,3,4,1,3,2,0,3,0,4,0,3,0,2,1,4,2,3,4,4,4,4,0,2,1,3,4,4,4,4,4,4,4,3,4,4,4,4,4,4,4,4,4,4,4,4,4,4,4,4,4,4,4,4,4,4,4,4,4,4,4,4,4,4,4,4,4,4,4,4,4,4,4,4,4,4,4,4,4,4,4,4,4,4,4,4,4,4,3,0,3,1,0,4,4,0,1,1,3,1,4,1,2,2,2,1,2,0,0,0,1,2,3,1,2,0,4,4,4,4,4,4,4,4,4,4,4,4,4,4,4,4,4,4,4,4,4,2,3,3,0,2,2,1,0,4,1,1,2,4,1,1,3,3,4,4,4,0,3,3,4,4,4,4,4,4,4,4,4,4,4,4,4,4,4,4,4,4,4,4,4,4,4,4,4,4,4,4,4,4,4,4,4,4,4,4,4,4,4,4,4,4,4,4,4,1,1,0,4,4,4,4,4,4,4,4,4,4,4,4,4,4,4,4,4,3,0,0,1,0,0,0,2,1,1,2,2,2,3,3,3,4,4,4,4,4,4,4,4,4,4,4,4,4,4,4,4,4,4,4,4,4,4,4,4,4,4,4,4,4,4,4,4,4,4,4,4,4,4,4,4,4,4,4,4,4,4,4,4,0,2,1,1,1,2,2,1,3,3,3,2,3,3,2,3,AM933173.1/2699421-2699237,0
155,2,3,0,2,0,3,2,1,3,1,0,3,3,1,1,0,3,4,1,3,4,1,3,3,0,3,2,3,3,1,2,1,1,3,3,0,4,4,4,4,4,4,4,4,4,4,4,4,4,4,4,4,4,2,3,4,4,4,4,4,4,4,4,4,4,4,4,4,4,4,4,4,4,4,4,4,4,4,4,4,4,4,4,4,4,2,1,4,1,3,1,0,3,0,0,0,1,3,1,1,4,2,2,0,0,3,2,0,1,2,1,4,0,2,0,4,2,1,1,2,3,3,4,4,4,4,3,0,1,2,2,4,4,3,2,1,3,3,4,0,4,3,1,2,3,1,1,0,4,4,1,3,2,0,4,1,0,2,0,3,2,4,3,1,2,1,4,4,4,3,3,4,0,4,3,2,1,1,4,4,4,4,4,4,4,3,4,4,4,4,4,4,4,4,4,4,4,4,4,4,4,4,4,4,4,4,4,4,4,4,4,4,4,4,4,4,4,4,4,4,4,4,4,4,4,4,4,4,4,4,4,4,4,4,4,4,4,4,4,4,1,0,3,1,0,2,0,1,0,1,1,0,4,3,2,2,0,1,0,1,0,0,1,2,3,3,2,0,4,4,4,4,4,4,4,4,4,4,4,4,4,4,4,4,4,4,4,4,4,2,3,2,0,0,2,1,0,4,1,1,4,4,1,0,1,3,4,4,3,2,3,3,2,3,1,0,4,3,4,0,1,0,4,4,4,4,4,4,4,4,4,4,4,4,4,4,4,4,4,4,4,4,4,4,4,4,4,4,4,4,4,4,4,4,2,0,1,1,3,2,4,4,4,4,4,4,4,4,4,4,4,4,4,4,4,4,4,3,3,3,3,0,0,1,2,1,1,3,2,1,3,1,1,2,3,0,0,4,3,0,0,4,4,4,4,4,4,4,4,4,4,4,4,4,4,4,4,4,4,4,4,4,4,4,4,4,4,4,4,4,4,4,4,4,4,4,4,4,4,4,4,2,0,2,1,0,2,2,1,2,3,3,3,3,3,3,3,AEUA01000080.1/39972-40178,0
156,2,3,0,2,0,3,2,1,3,1,0,3,3,1,1,0,3,4,1,3,4,1,3,3,0,3,2,3,3,1,2,1,1,3,3,0,4,4,4,4,4,4,4,4,4,4,4,4,4,4,4,4,4,2,3,4,4,4,4,4,4,4,4,4,4,4,4,4,4,4,4,4,4,4,4,4,4,4,4,4,4,4,4,4,4,2,1,4,1,3,1,0,3,0,0,0,1,3,1,1,4,2,2,0,0,3,2,0,1,2,1,4,0,2,0,4,2,1,1,2,3,3,4,4,4,4,3,0,1,2,2,4,4,3,2,1,3,3,4,0,4,3,1,2,3,1,1,0,4,4,1,3,2,0,4,1,0,2,0,3,2,4,3,1,2,1,4,4,4,3,3,4,0,4,3,2,1,1,4,4,4,4,4,4,4,3,4,4,4,4,4,4,4,4,4,4,4,4,4,4,4,4,4,4,4,4,4,4,4,4,4,4,4,4,4,4,4,4,4,4,4,4,4,4,4,4,4,4,4,4,4,4,4,4,4,4,4,4,4,4,1,0,3,1,0,2,0,1,0,1,1,0,4,3,2,2,0,1,0,1,0,0,1,2,3,3,2,0,4,4,4,4,4,4,4,4,4,4,4,4,4,4,4,4,4,4,4,4,4,2,3,2,0,0,2,1,0,4,1,1,4,4,1,0,1,3,4,4,3,2,3,3,2,3,1,0,4,3,4,0,1,0,4,4,4,4,4,4,4,4,4,4,4,4,4,4,4,4,4,4,4,4,4,4,4,4,4,4,4,4,4,4,4,4,2,0,1,1,3,2,4,4,4,4,4,4,4,4,4,4,4,4,4,4,4,4,4,3,3,3,3,0,0,1,2,1,1,3,2,1,3,1,1,2,3,0,0,4,3,0,0,4,4,4,4,4,4,4,4,4,4,4,4,4,4,4,4,4,4,4,4,4,4,4,4,4,4,4,4,4,4,4,4,4,4,4,4,4,4,4,4,2,0,2,1,0,2,2,1,2,3,3,3,3,3,3,3,CP001855.1/4006645-4006851,0
157,2,3,4,4,4,2,2,1,3,1,0,3,3,1,0,1,1,4,3,3,4,1,3,3,0,3,2,3,1,0,2,1,1,1,1,3,3,1,2,4,4,4,4,4,4,4,4,4,4,2,2,0,1,2,1,4,4,4,4,4,4,4,4,4,4,4,4,4,4,4,4,4,4,4,4,4,4,4,4,4,4,4,4,4,4,2,1,4,3,0,1,0,3,0,0,0,1,3,3,1,4,4,2,0,0,3,2,0,1,2,1,4,4,4,4,4,0,1,0,0,0,1,4,4,4,4,4,4,0,2,2,4,4,3,2,1,1,3,4,2,4,1,1,2,3,1,1,0,4,4,0,1,3,1,4,1,3,2,0,3,0,4,0,1,0,2,4,4,4,1,1,4,3,4,2,2,1,3,4,4,4,4,4,4,4,3,4,4,4,4,4,4,4,4,4,4,4,4,4,4,4,4,4,4,4,4,4,4,4,4,4,4,4,4,4,4,4,4,4,4,4,4,4,4,4,4,4,4,4,4,4,4,4,4,4,4,4,4,4,4,3,0,3,1,0,4,4,2,0,1,0,3,4,1,2,2,2,1,2,0,0,0,1,2,3,1,2,0,4,4,4,4,4,4,4,4,4,4,4,4,4,4,4,4,4,4,4,4,4,2,3,0,0,2,2,1,0,4,1,1,2,4,1,1,3,1,4,4,0,3,3,1,4,4,4,4,4,4,4,4,4,4,4,4,4,4,4,4,4,4,4,4,4,4,4,4,4,4,4,4,4,4,4,4,4,4,4,4,4,4,4,4,4,4,4,4,4,1,3,2,4,4,4,4,4,4,4,4,4,4,4,4,4,4,4,4,4,4,0,0,1,0,0,0,2,1,1,0,2,2,1,1,3,3,2,4,4,4,4,4,4,4,4,4,4,4,4,4,4,4,4,4,4,4,4,4,4,4,4,4,4,4,4,4,4,4,4,4,4,4,4,4,4,4,4,4,4,4,4,4,4,1,2,1,1,3,2,2,1,3,3,3,2,3,3,2,3,ACXA01000001.1/32238-32424,0
158,2,3,0,2,0,3,2,1,3,1,0,3,3,1,1,0,3,4,1,3,4,1,3,3,0,3,2,3,3,1,2,1,1,3,3,1,4,4,4,4,4,4,4,4,4,4,4,4,4,4,4,4,4,3,2,4,4,4,4,4,4,4,4,4,4,4,4,4,4,4,4,4,4,4,4,4,4,4,4,4,4,4,4,4,4,2,1,4,1,3,1,0,3,0,0,0,1,3,1,0,4,2,2,0,0,3,2,0,3,2,1,4,0,2,0,4,2,1,1,2,3,3,4,4,4,4,3,0,1,2,2,4,4,3,2,1,3,3,4,0,4,3,1,2,3,1,1,0,4,4,1,3,2,0,4,1,0,2,0,3,3,4,3,1,2,1,4,4,4,3,3,4,0,4,1,2,1,1,4,4,4,4,4,4,4,3,4,4,4,4,4,4,4,4,4,4,4,4,4,4,4,4,4,4,4,4,4,4,4,4,4,4,4,4,4,4,4,4,4,4,4,4,4,4,4,4,4,4,4,4,4,4,4,4,4,4,4,4,4,4,1,0,3,1,0,0,0,1,0,1,1,1,4,3,2,2,0,1,0,1,0,0,1,2,3,3,2,0,4,4,4,4,4,4,4,4,4,4,4,4,4,4,4,4,4,4,4,4,4,2,3,2,0,0,2,1,0,4,1,1,1,4,1,3,3,3,4,0,3,2,3,3,2,3,1,0,4,3,4,0,1,0,4,4,4,4,4,4,4,4,4,4,4,4,4,4,4,4,4,4,4,4,4,4,4,4,4,4,4,4,4,4,4,4,2,0,1,1,3,2,4,4,4,4,4,4,4,4,4,4,4,4,4,4,4,4,4,3,3,3,3,2,0,1,2,1,1,3,2,1,1,1,1,3,3,0,0,4,4,1,1,4,4,4,4,4,4,4,4,4,4,4,4,4,4,4,4,4,4,4,4,4,4,4,4,4,4,4,4,4,4,4,4,4,4,4,4,4,4,4,4,2,2,2,1,0,2,2,1,2,3,3,3,3,3,3,3,AM933173.1/3686558-3686351,0
159,2,3,0,2,0,3,2,1,3,1,0,3,3,1,1,0,3,4,1,3,4,1,3,3,0,3,2,3,3,1,2,1,1,3,3,0,4,4,4,4,4,4,4,4,4,4,4,4,4,4,4,4,4,2,3,4,4,4,4,4,4,4,4,4,4,4,4,4,4,4,4,4,4,4,4,4,4,4,4,4,4,4,4,4,4,2,1,4,1,3,1,0,3,0,0,0,1,3,1,1,4,2,2,0,0,3,2,0,1,2,1,4,0,2,0,4,2,1,1,2,3,3,4,4,4,4,3,0,1,2,2,4,4,3,2,1,3,3,4,0,4,3,1,2,3,1,1,0,4,4,1,3,2,0,4,1,0,2,0,3,2,4,3,1,2,1,4,4,4,3,3,4,0,4,3,2,1,1,4,4,4,4,4,4,4,3,4,4,4,4,4,4,4,4,4,4,4,4,4,4,4,4,4,4,4,4,4,4,4,4,4,4,4,4,4,4,4,4,4,4,4,4,4,4,4,4,4,4,4,4,4,4,4,4,4,4,4,4,4,4,1,0,3,1,0,2,0,1,0,1,1,0,4,3,2,2,0,1,0,1,0,0,1,2,3,3,2,0,4,4,4,4,4,4,4,4,4,4,4,4,4,4,4,4,4,4,4,4,4,2,3,2,0,0,2,1,0,4,1,1,4,4,1,0,1,3,4,4,3,2,3,3,2,3,1,0,4,3,4,0,1,0,4,4,4,4,4,4,4,4,4,4,4,4,4,4,4,4,4,4,4,4,4,4,4,4,4,4,4,4,4,4,4,4,2,0,1,1,3,2,4,4,4,4,4,4,4,4,4,4,4,4,4,4,4,4,4,3,3,3,3,0,0,1,2,1,1,3,2,1,3,1,1,2,3,0,0,4,3,0,0,4,4,4,4,4,4,4,4,4,4,4,4,4,4,4,4,4,4,4,4,4,4,4,4,4,4,4,4,4,4,4,4,4,4,4,4,4,4,4,4,2,0,2,1,0,2,2,1,2,3,3,3,3,3,3,3,AFDY01000044.1/41791-41997,0
160,2,3,0,2,0,3,2,1,3,1,0,3,3,1,1,0,3,4,1,3,4,1,3,3,0,3,2,3,3,1,2,1,1,3,3,0,4,4,4,4,4,4,4,4,4,4,4,4,4,4,4,4,4,2,3,4,4,4,4,4,4,4,4,4,4,4,4,4,4,4,4,4,4,4,4,4,4,4,4,4,4,4,4,4,4,2,1,4,1,3,1,0,3,0,0,0,1,3,1,1,4,2,2,0,0,3,2,0,1,2,1,4,0,2,0,4,2,1,1,2,3,3,4,4,4,4,3,0,1,2,2,4,4,3,2,1,3,3,4,0,4,3,1,2,3,1,1,0,4,4,1,3,2,0,4,1,0,2,0,3,2,4,3,1,2,1,4,4,4,3,3,4,0,4,3,2,1,1,4,4,4,4,4,4,4,3,4,4,4,4,4,4,4,4,4,4,4,4,4,4,4,4,4,4,4,4,4,4,4,4,4,4,4,4,4,4,4,4,4,4,4,4,4,4,4,4,4,4,4,4,4,4,4,4,4,4,4,4,4,4,1,0,3,1,0,2,0,1,0,1,1,0,4,3,2,2,0,1,0,1,0,0,1,2,3,3,2,0,4,4,4,4,4,4,4,4,4,4,4,4,4,4,4,4,4,4,4,4,4,2,3,2,0,0,2,1,0,4,1,1,4,4,1,0,1,3,4,4,3,2,3,3,2,3,1,0,4,3,4,0,1,0,4,4,4,4,4,4,4,4,4,4,4,4,4,4,4,4,4,4,4,4,4,4,4,4,4,4,4,4,4,4,4,4,2,0,1,1,3,2,4,4,4,4,4,4,4,4,4,4,4,4,4,4,4,4,4,3,3,3,3,0,0,1,2,1,1,3,2,1,3,1,1,2,3,0,0,4,3,0,0,4,4,4,4,4,4,4,4,4,4,4,4,4,4,4,4,4,4,4,4,4,4,4,4,4,4,4,4,4,4,4,4,4,4,4,4,4,4,4,4,2,0,2,1,0,2,2,1,2,3,3,3,3,3,3,3,ADUN01000087.1/38310-38516,0
161,2,3,4,4,4,2,2,1,3,1,0,3,3,1,0,1,1,4,3,3,4,1,3,3,0,3,2,3,1,0,2,1,1,1,1,0,3,0,2,4,4,4,4,4,4,4,4,4,4,4,1,2,0,2,1,4,4,4,4,4,4,4,4,4,4,4,4,4,4,4,4,4,4,4,4,4,4,4,4,4,4,4,4,4,4,2,1,4,3,0,1,0,3,0,0,0,1,3,3,1,4,4,2,0,0,3,2,0,1,2,1,4,4,4,4,4,0,1,3,0,0,0,4,4,4,4,4,4,0,2,2,4,4,3,2,1,1,3,4,2,4,1,1,2,3,1,1,0,4,4,0,1,3,2,4,1,3,2,0,4,4,4,3,1,0,3,0,4,2,1,2,4,1,4,3,2,1,3,4,4,4,4,4,4,4,0,4,4,4,4,4,4,4,4,4,4,4,4,4,4,4,4,4,4,4,4,4,4,4,4,4,4,4,4,4,4,4,4,4,4,4,4,4,4,4,4,4,4,4,4,4,4,4,4,4,4,4,4,4,4,3,3,3,1,0,2,4,0,0,1,1,1,4,1,2,2,2,1,2,0,1,0,1,2,3,3,2,0,4,4,4,4,4,4,4,4,4,4,4,4,4,4,4,4,4,4,4,4,4,2,3,0,0,2,2,1,0,4,1,1,2,4,1,1,3,2,4,4,4,0,3,3,4,4,4,4,4,4,4,4,4,4,4,4,4,4,4,4,4,4,4,4,4,4,4,4,4,4,4,4,4,4,4,4,4,4,4,4,4,4,4,4,4,4,4,4,4,1,1,0,4,4,4,4,4,4,4,4,4,4,4,4,4,4,4,4,4,3,1,0,1,0,0,0,2,2,1,0,2,2,2,3,3,0,0,3,4,4,4,4,4,4,4,4,4,4,4,4,4,4,4,4,4,4,4,4,4,4,4,4,4,4,4,4,4,4,4,4,4,4,4,4,4,4,4,4,4,4,4,4,4,1,1,1,1,3,2,1,1,3,3,3,2,3,3,2,3,FN543093.2/3287169-3286982,0
162,2,3,0,2,0,3,2,1,3,1,0,3,1,1,1,0,1,4,3,3,4,0,3,3,0,3,2,0,1,0,2,1,3,3,2,2,1,1,0,3,3,0,0,4,4,2,2,1,3,0,0,3,3,3,0,4,4,4,4,4,4,4,4,4,4,4,4,4,4,4,4,4,4,4,4,4,4,4,4,4,4,4,4,4,4,2,1,4,3,3,1,0,3,0,0,0,1,1,1,0,4,2,2,2,0,3,2,0,1,2,1,4,0,2,0,4,2,1,1,2,0,3,4,4,3,3,3,0,2,0,2,4,4,3,2,1,1,3,4,0,4,3,3,2,3,1,1,0,4,3,2,3,0,0,4,1,1,2,0,3,2,4,3,3,2,0,2,4,3,0,0,4,3,4,2,3,4,4,4,4,4,4,4,4,4,4,4,4,4,4,4,4,4,4,4,4,4,4,4,4,4,4,4,4,4,4,4,4,4,4,4,4,4,4,4,4,4,4,4,4,4,4,4,4,4,4,4,4,4,4,4,4,4,4,4,4,4,4,4,4,1,0,3,1,0,4,4,1,0,3,0,1,4,1,2,2,2,1,0,3,0,0,1,2,3,3,2,0,4,4,4,4,4,4,4,4,4,4,4,4,4,4,4,4,4,4,4,4,4,2,3,2,0,2,2,1,0,4,1,3,2,4,0,3,0,3,4,4,3,2,3,3,2,3,1,3,4,0,4,3,1,4,4,4,4,4,4,4,4,4,4,4,4,4,4,4,4,4,4,4,4,4,4,4,4,4,4,4,4,4,4,4,4,4,2,0,1,1,3,2,0,0,4,4,4,4,4,4,4,4,4,4,4,4,0,0,3,3,3,3,0,2,0,1,0,1,3,3,2,1,1,1,3,3,3,3,4,4,4,4,4,4,4,4,4,4,4,4,4,4,4,4,4,4,4,4,4,4,4,4,4,4,4,4,4,4,4,4,4,4,4,4,4,4,4,4,4,4,4,4,4,1,2,2,1,0,0,2,3,2,3,3,3,3,3,3,3,CP000720.1/222226-222448,0
163,2,3,0,2,0,3,2,1,3,1,0,3,3,1,1,0,3,4,1,3,4,1,3,3,0,3,2,3,3,1,2,1,1,3,3,0,4,4,4,4,4,4,4,4,4,4,4,4,4,4,4,4,4,2,3,4,4,4,4,4,4,4,4,4,4,4,4,4,4,4,4,4,4,4,4,4,4,4,4,4,4,4,4,4,4,2,1,4,1,3,1,0,3,0,0,0,1,3,1,1,4,2,2,0,0,3,2,0,1,2,1,4,0,2,0,4,2,1,1,2,3,3,4,4,4,4,3,0,1,2,2,4,4,3,2,1,3,3,4,0,4,3,1,2,3,1,1,0,4,4,1,3,2,0,4,1,0,2,0,3,2,4,3,1,2,1,4,4,4,3,3,4,0,4,3,2,1,1,4,4,4,4,4,4,4,3,4,4,4,4,4,4,4,4,4,4,4,4,4,4,4,4,4,4,4,4,4,4,4,4,4,4,4,4,4,4,4,4,4,4,4,4,4,4,4,4,4,4,4,4,4,4,4,4,4,4,4,4,4,4,1,0,3,1,0,2,0,1,0,1,1,0,4,3,2,2,0,1,0,1,0,0,1,2,3,3,2,0,4,4,4,4,4,4,4,4,4,4,4,4,4,4,4,4,4,4,4,4,4,2,3,2,0,0,2,1,0,4,1,1,4,4,1,0,1,3,4,4,3,2,3,3,2,3,1,0,4,3,4,0,1,0,4,4,4,4,4,4,4,4,4,4,4,4,4,4,4,4,4,4,4,4,4,4,4,4,4,4,4,4,4,4,4,4,2,0,1,1,3,2,4,4,4,4,4,4,4,4,4,4,4,4,4,4,4,4,4,3,3,3,3,0,0,1,2,1,1,3,2,1,3,1,1,2,3,0,0,4,3,0,0,4,4,4,4,4,4,4,4,4,4,4,4,4,4,4,4,4,4,4,4,4,4,4,4,4,4,4,4,4,4,4,4,4,4,4,4,4,4,4,4,2,0,2,1,0,2,2,1,2,3,3,3,3,3,3,3,ADAY01000142.1/39718-39924,0
164,0,1,0,2,3,3,2,1,3,1,0,3,3,1,0,1,1,4,3,1,4,3,3,3,0,3,2,0,3,0,2,3,1,1,1,2,4,4,4,4,4,4,4,4,4,4,4,4,4,4,4,4,4,4,4,1,3,2,3,0,0,0,2,1,4,4,4,4,4,4,4,4,4,4,4,4,2,2,0,0,3,0,3,2,1,0,1,4,3,3,1,0,3,0,0,2,1,1,0,1,4,1,2,0,0,3,2,0,3,2,1,4,1,3,0,4,4,4,0,2,0,1,4,4,4,4,4,4,3,2,2,4,4,3,0,1,1,3,4,0,4,3,1,2,3,1,1,0,1,1,1,0,0,0,4,1,1,2,0,3,0,4,3,1,2,3,2,4,1,2,0,4,0,4,3,2,1,0,4,4,4,4,4,4,1,1,4,4,4,4,4,4,4,4,4,4,4,4,4,4,4,4,4,4,4,4,4,4,4,4,4,4,4,4,4,4,4,4,4,4,4,4,4,4,4,4,4,4,4,4,4,4,4,4,4,4,4,4,4,4,3,0,3,1,0,4,4,0,0,1,0,3,4,1,2,2,0,1,2,0,1,0,1,2,3,3,2,0,4,4,4,4,4,4,4,4,4,4,4,4,4,4,4,4,4,4,4,4,4,2,3,2,0,2,2,3,2,4,1,1,2,4,1,1,3,0,4,4,3,2,3,1,4,4,4,4,4,4,4,4,4,4,4,4,4,4,4,4,4,4,4,4,4,4,4,4,4,4,4,4,4,4,4,4,4,4,4,4,4,4,4,4,4,4,4,4,4,1,3,2,4,4,4,4,4,4,4,4,4,4,4,4,4,4,4,4,4,1,3,2,3,2,0,3,2,0,4,4,4,4,4,4,2,3,0,2,4,4,4,4,3,4,4,4,4,4,4,4,4,4,4,4,4,4,4,4,4,4,4,4,4,4,4,4,4,4,4,4,4,4,4,4,4,4,4,4,4,4,4,4,4,4,4,4,4,4,4,3,1,0,3,1,0,0,3,0,3,CACZ01000044.1/138024-137828,0
165,2,3,0,2,0,3,2,1,3,1,0,3,3,1,1,0,3,4,1,3,4,1,3,3,0,3,2,3,3,1,2,1,1,3,3,0,4,4,4,4,4,4,4,4,4,4,4,4,4,4,4,4,4,2,3,4,4,4,4,4,4,4,4,4,4,4,4,4,4,4,4,4,4,4,4,4,4,4,4,4,4,4,4,4,4,2,1,4,1,3,1,0,3,0,0,0,1,3,1,1,4,2,2,0,0,3,2,0,1,2,1,4,0,2,0,4,2,1,1,2,3,3,4,4,4,4,3,0,1,2,2,4,4,3,2,1,3,3,4,0,4,3,1,2,3,1,1,0,4,4,1,3,2,0,4,1,0,2,0,3,2,4,3,1,2,1,4,4,4,3,3,4,0,4,3,2,1,1,4,4,4,4,4,4,4,3,4,4,4,4,4,4,4,4,4,4,4,4,4,4,4,4,4,4,4,4,4,4,4,4,4,4,4,4,4,4,4,4,4,4,4,4,4,4,4,4,4,4,4,4,4,4,4,4,4,4,4,4,4,4,1,0,3,1,0,2,0,1,0,1,1,0,4,3,2,2,0,1,0,1,0,0,1,2,3,3,2,0,4,4,4,4,4,4,4,4,4,4,4,4,4,4,4,4,4,4,4,4,4,2,3,2,0,0,2,1,0,4,1,1,4,4,1,0,1,3,4,4,3,2,3,3,2,3,1,0,4,3,4,0,1,0,4,4,4,4,4,4,4,4,4,4,4,4,4,4,4,4,4,4,4,4,4,4,4,4,4,4,4,4,4,4,4,4,2,0,1,1,3,2,4,4,4,4,4,4,4,4,4,4,4,4,4,4,4,4,4,4,4,4,4,4,4,4,4,4,4,4,4,4,4,4,4,4,4,4,4,4,4,4,4,4,4,4,4,4,4,4,4,4,4,4,4,4,4,4,4,4,4,4,4,4,4,4,4,4,4,4,4,4,4,4,4,4,4,4,4,4,4,4,4,4,4,4,4,4,4,4,4,4,4,4,3,3,3,3,0,ADTP01000336.1/175-3,0
166,2,3,4,4,4,2,2,1,3,1,0,3,3,1,0,1,1,4,3,3,4,1,3,3,0,3,2,3,1,0,2,1,1,1,1,3,3,0,2,4,4,4,4,4,4,4,4,4,4,2,2,0,3,2,1,4,4,4,4,4,4,4,4,4,4,4,4,4,4,4,4,4,4,4,4,4,4,4,4,4,4,4,4,4,4,2,1,4,3,0,1,0,3,0,0,0,1,3,3,1,4,4,2,0,0,3,2,0,1,2,1,4,4,4,4,4,0,1,0,0,4,4,4,4,4,4,1,0,0,2,2,4,4,3,2,1,1,3,4,2,4,1,1,2,3,1,1,0,4,4,0,1,3,3,4,1,3,2,0,3,0,4,0,3,0,2,1,4,2,3,4,4,4,4,0,2,1,3,4,4,4,4,4,4,4,3,4,4,4,4,4,4,4,4,4,4,4,4,4,4,4,4,4,4,4,4,4,4,4,4,4,4,4,4,4,4,4,4,4,4,4,4,4,4,4,4,4,4,4,4,4,4,4,4,4,4,4,4,4,4,3,0,3,1,0,4,4,0,1,1,3,1,4,1,2,2,2,1,2,0,0,0,1,2,3,1,2,0,4,4,4,4,4,4,4,4,4,4,4,4,4,4,4,4,4,4,4,4,4,2,3,3,0,2,2,1,0,4,1,1,2,4,1,1,3,3,4,4,4,0,3,3,1,1,0,3,4,0,4,0,1,0,4,4,4,4,4,4,4,4,4,4,4,4,4,4,4,4,4,4,4,4,4,4,4,4,4,4,4,4,4,4,4,4,0,0,2,1,1,2,2,4,4,4,4,4,4,4,4,4,4,4,4,4,4,2,3,3,3,0,2,1,1,1,2,2,1,1,3,3,0,3,3,1,1,0,4,4,4,3,0,4,4,4,4,4,4,4,4,4,4,4,4,4,4,4,4,4,4,4,4,4,4,4,4,4,4,4,4,4,4,4,4,4,4,4,4,4,4,4,4,0,1,0,0,0,2,1,1,2,2,2,3,3,3,0,2,AFCS01000874.1/2299-2096,0
167,2,3,4,4,4,3,2,1,3,1,0,3,3,1,0,1,1,4,3,1,4,2,1,3,0,3,2,0,3,3,2,1,2,1,3,2,3,3,2,0,3,2,0,4,4,4,1,2,3,1,2,1,3,3,3,4,4,4,4,4,4,4,4,4,4,4,4,4,4,4,4,4,4,4,4,4,4,4,4,4,4,4,4,4,4,2,1,2,1,3,1,0,3,0,0,1,0,1,3,1,4,1,2,0,0,3,2,0,1,2,1,4,1,4,4,4,0,1,0,0,2,0,4,4,4,4,0,0,2,2,2,4,4,3,2,1,1,3,4,0,4,3,1,2,3,1,1,0,4,1,3,0,1,0,4,1,1,2,0,3,0,4,0,1,0,2,3,4,1,3,2,4,1,4,3,0,3,2,1,0,4,4,2,1,3,3,4,4,4,4,4,4,4,4,4,4,4,4,4,4,4,4,4,4,4,4,4,4,4,4,4,4,4,4,4,4,4,4,4,4,4,4,4,4,4,4,4,4,4,4,4,4,4,4,4,4,4,4,4,4,3,0,3,1,0,4,4,0,0,1,0,3,4,1,2,2,2,1,2,0,1,0,1,2,3,3,2,0,4,4,4,4,4,4,4,4,4,4,4,4,4,4,4,4,4,4,4,4,4,2,3,2,0,2,2,1,0,4,1,1,0,4,4,4,4,4,4,4,4,4,4,4,4,4,4,4,4,4,4,4,4,4,4,4,4,4,4,4,4,4,4,4,4,4,4,4,4,4,4,4,4,4,4,4,4,4,4,4,4,4,4,4,4,4,4,4,4,4,4,4,4,4,4,4,4,4,4,4,4,4,4,4,4,4,4,4,4,4,4,4,4,4,4,4,4,4,4,4,4,4,4,4,4,4,4,4,4,4,4,4,4,1,4,4,4,4,4,4,4,4,4,4,4,4,4,4,4,4,4,4,4,4,4,4,4,4,4,4,4,4,4,4,4,4,4,4,4,4,4,4,1,4,4,4,4,4,4,4,4,4,4,4,3,0,3,3,1,ACPB02022086.1/3798-3629,0
168,2,3,0,2,0,3,2,1,3,1,0,3,3,1,1,0,3,4,1,3,4,1,3,3,0,3,2,3,3,1,2,1,1,3,3,1,4,4,4,4,4,4,4,4,4,4,4,4,4,4,4,4,4,2,3,4,4,4,4,4,4,4,4,4,4,4,4,4,4,4,4,4,4,4,4,4,4,4,4,4,4,4,4,4,4,2,1,4,1,3,1,0,3,0,0,0,1,3,1,1,4,2,2,0,0,3,2,0,3,2,1,4,0,2,0,4,2,1,1,2,3,3,4,4,1,3,3,0,1,2,2,4,4,3,2,1,3,3,4,0,4,3,1,2,3,1,1,0,4,4,1,3,2,0,4,1,0,2,0,3,2,4,3,1,2,1,0,4,3,3,3,4,0,4,3,2,1,1,4,4,4,4,4,4,4,3,4,4,4,4,4,4,4,4,4,4,4,4,4,4,4,4,4,4,4,4,4,4,4,4,4,4,4,4,4,4,4,4,4,4,4,4,4,4,4,4,4,4,4,4,4,4,4,4,4,4,4,4,4,4,1,0,3,1,0,0,0,1,0,1,1,0,4,3,2,2,0,1,0,3,3,0,1,2,3,3,2,0,4,4,4,4,4,4,4,4,4,4,4,4,4,4,4,4,4,4,4,4,4,2,3,2,0,0,2,1,0,4,1,1,1,4,0,0,3,3,4,4,3,2,3,3,2,3,1,0,4,0,4,0,1,0,4,4,4,4,4,4,4,4,4,4,4,4,4,4,4,4,4,4,4,4,4,4,4,4,4,4,4,4,4,4,4,4,2,0,1,1,3,2,4,4,4,4,4,4,4,4,4,4,4,4,4,4,4,4,4,3,3,3,3,0,0,1,2,1,1,3,2,1,1,1,3,2,0,3,3,4,3,1,0,4,4,4,4,4,4,4,4,4,4,4,4,4,4,4,4,4,4,4,4,4,4,4,4,4,4,4,4,4,4,4,4,4,4,4,4,4,4,4,4,2,1,2,1,0,2,2,1,2,3,3,3,3,3,3,3,CP002910.1/5161687-5161898,0
169,2,3,4,4,4,2,2,1,3,1,0,3,3,1,0,1,1,4,2,0,4,1,3,3,0,3,2,3,1,0,2,1,1,1,1,3,3,1,2,4,4,4,4,4,4,4,4,4,4,2,2,0,1,2,3,4,4,4,4,4,4,4,4,4,4,4,4,4,4,4,4,4,4,4,4,4,4,4,4,4,4,4,4,4,4,2,1,4,3,0,1,0,3,0,0,0,0,3,3,1,4,4,2,0,0,3,2,0,1,2,1,4,4,4,4,4,0,1,0,0,4,4,4,4,4,4,1,0,0,2,2,4,4,3,2,1,1,3,4,2,4,1,1,2,3,1,1,0,4,4,0,1,3,3,4,1,3,2,0,3,0,4,3,1,0,2,1,4,2,3,0,4,4,4,4,2,1,3,4,4,4,4,4,4,4,0,4,4,4,4,4,4,4,4,4,4,4,4,4,4,4,4,4,4,4,4,4,4,4,4,4,4,4,4,4,4,4,4,4,4,4,4,4,4,4,4,4,4,4,4,4,4,4,4,4,4,4,4,4,4,3,0,3,1,0,4,4,0,1,1,0,3,4,1,2,2,2,1,2,0,0,0,1,2,3,1,2,0,4,4,4,4,4,4,4,4,4,4,4,4,4,4,4,4,4,4,4,4,4,2,3,3,0,2,2,1,0,4,1,1,2,4,1,1,3,3,4,4,4,0,3,3,4,4,4,4,4,4,4,4,4,4,4,4,4,4,4,4,4,4,4,4,4,4,4,4,4,4,4,4,4,4,4,4,4,4,4,4,4,4,4,4,4,4,4,4,4,1,1,0,4,4,4,4,4,4,4,4,4,4,4,4,4,4,4,4,4,3,0,0,1,0,0,0,2,1,1,2,2,2,4,4,3,0,0,3,4,4,4,4,3,4,4,4,4,4,4,4,4,4,4,4,4,4,4,4,4,4,4,4,4,4,4,4,4,4,4,4,4,4,4,4,4,4,4,4,4,4,4,4,4,4,4,1,1,1,2,2,1,3,3,3,2,3,3,2,3,AEUC01000050.1/89405-89221,0
170,2,3,0,2,0,3,2,1,3,1,0,3,3,1,1,0,3,4,1,3,4,1,3,3,0,3,2,1,3,1,2,1,1,3,3,0,4,4,4,4,4,4,4,4,4,4,4,4,4,4,4,4,4,2,3,4,4,4,4,4,4,4,4,4,4,4,4,4,4,4,4,4,4,4,4,4,4,4,4,4,4,4,4,4,4,2,1,4,1,3,1,0,3,0,0,0,1,3,1,0,4,2,2,0,0,3,2,0,1,2,1,4,0,2,0,4,2,1,1,2,3,3,4,4,4,4,3,0,1,2,2,4,4,3,2,1,3,3,4,0,4,3,1,2,3,1,1,0,4,4,1,3,2,0,4,1,0,2,0,3,2,4,3,1,2,1,4,4,4,3,3,4,1,4,2,2,1,1,4,4,4,4,4,4,4,3,4,4,4,4,4,4,4,4,4,4,4,4,4,4,4,4,4,4,4,4,4,4,4,4,4,4,4,4,4,4,4,4,4,4,4,4,4,4,4,4,4,4,4,4,4,4,4,4,4,4,4,4,4,4,1,0,3,1,0,0,0,1,0,1,1,0,4,3,2,2,0,1,0,1,0,0,1,2,3,3,2,0,4,4,4,4,4,4,4,4,4,4,4,4,4,4,4,4,4,4,4,4,4,2,3,2,0,0,2,1,0,4,1,1,0,4,0,0,3,0,4,4,3,2,3,3,2,3,1,3,4,3,4,0,1,0,4,4,4,4,4,4,4,4,4,4,4,4,4,4,4,4,4,4,4,4,4,4,4,4,4,4,4,4,4,4,4,4,2,0,1,1,3,2,4,4,4,4,4,4,4,4,4,4,4,4,4,4,4,4,4,3,3,3,3,0,0,1,2,1,1,3,2,1,3,3,3,3,0,4,4,4,4,4,4,4,4,4,4,4,4,4,4,4,4,4,4,4,4,4,4,4,4,4,4,4,4,4,4,4,4,4,4,4,4,4,4,4,4,4,4,4,4,4,4,3,0,2,1,0,2,2,1,2,3,3,3,3,3,3,3,AEXB01000002.1/16098-15896,0
171,2,3,0,2,0,3,2,1,3,1,0,3,3,1,1,0,1,4,1,3,4,3,1,3,0,3,2,1,3,3,2,1,3,3,1,2,4,4,4,4,4,4,4,4,4,4,4,4,4,4,4,4,4,4,4,4,4,4,4,4,4,4,4,4,4,4,4,4,4,4,4,4,4,4,4,4,4,4,4,4,4,4,4,4,4,2,1,4,3,3,1,0,3,0,0,0,1,1,3,2,4,2,2,0,0,3,2,0,1,2,1,4,0,2,0,4,2,1,1,0,3,3,4,4,4,4,3,0,1,2,2,4,4,3,2,1,1,3,4,0,4,0,1,2,3,1,1,2,4,4,0,3,3,0,4,3,3,2,0,3,2,4,0,0,2,1,4,4,4,4,4,4,3,4,3,2,1,3,4,4,4,4,4,4,4,3,4,4,4,4,4,4,4,4,4,4,4,4,4,4,4,4,4,4,4,4,4,4,4,4,4,4,4,4,4,4,4,4,4,4,4,4,4,4,4,4,4,4,4,4,4,4,4,4,4,4,4,4,4,4,1,0,3,1,2,4,4,4,1,3,2,3,4,3,2,2,0,1,2,3,0,0,1,2,3,3,2,0,4,4,4,4,4,4,4,4,4,4,4,4,4,4,4,4,4,4,4,4,4,2,3,2,2,2,2,1,0,4,1,1,4,4,3,3,0,0,4,4,0,2,3,3,2,3,1,3,4,3,4,3,1,0,4,4,4,4,4,4,4,4,4,4,4,4,4,4,4,4,4,4,4,4,4,4,4,4,4,4,4,4,4,4,4,4,2,0,1,1,3,2,0,3,3,4,4,4,4,4,4,4,4,4,4,4,3,3,3,0,3,3,2,1,0,1,2,1,3,3,2,1,1,2,1,3,2,2,4,4,4,4,3,4,4,4,4,4,4,4,4,4,4,4,4,4,4,4,4,4,4,4,4,4,4,4,4,4,4,4,4,4,4,4,4,4,4,4,4,4,4,4,4,1,2,2,3,0,0,2,1,2,3,3,3,3,3,3,3,CP002038.1/4542010-4541808,0
172,2,3,0,2,0,3,2,1,3,1,0,3,3,1,1,0,3,4,1,3,4,1,3,3,0,3,2,3,3,1,2,1,1,3,3,0,4,4,4,4,4,4,4,4,4,4,4,4,4,4,4,4,4,2,3,4,4,4,4,4,4,4,4,4,4,4,4,4,4,4,4,4,4,4,4,4,4,4,4,4,4,4,4,4,4,2,1,4,1,3,1,0,3,0,0,0,1,3,1,1,4,2,2,0,0,3,2,0,1,2,1,4,0,2,0,4,2,1,1,2,3,3,4,4,4,4,3,0,1,2,2,4,4,3,2,1,3,3,4,0,4,3,1,2,3,1,1,0,4,4,1,3,2,0,4,1,0,2,0,3,2,4,3,1,2,1,4,4,4,3,3,4,0,4,3,2,1,1,4,4,4,4,4,4,4,3,4,4,4,4,4,4,4,4,4,4,4,4,4,4,4,4,4,4,4,4,4,4,4,4,4,4,4,4,4,4,4,4,4,4,4,4,4,4,4,4,4,4,4,4,4,4,4,4,4,4,4,4,4,4,1,0,3,1,0,2,0,1,0,1,1,0,4,3,2,2,0,1,0,1,0,0,1,2,3,3,2,0,4,4,4,4,4,4,4,4,4,4,4,4,4,4,4,4,4,4,4,4,4,2,3,2,0,0,2,1,0,4,1,1,4,4,1,0,1,3,4,4,3,2,3,3,2,3,1,0,4,3,4,0,1,0,4,4,4,4,4,4,4,4,4,4,4,4,4,4,4,4,4,4,4,4,4,4,4,4,4,4,4,4,4,4,4,4,2,0,1,1,3,2,4,4,4,4,4,4,4,4,4,4,4,4,4,4,4,4,4,3,3,3,3,0,0,1,2,1,1,3,2,1,3,1,1,2,3,0,0,4,3,0,0,4,4,4,4,4,4,4,4,4,4,4,4,4,4,4,4,4,4,4,4,4,4,4,4,4,4,4,4,4,4,4,4,4,4,4,4,4,4,4,4,2,0,0,1,0,2,2,1,2,3,3,3,3,3,3,3,AFGY01000058.1/57833-57627,0
173,2,3,4,4,4,2,2,1,3,1,0,3,3,1,0,1,1,4,2,0,4,1,3,3,0,3,2,3,1,0,2,1,1,1,1,3,3,1,2,4,4,4,4,4,4,4,4,4,4,2,2,0,1,2,3,4,4,4,4,4,4,4,4,4,4,4,4,4,4,4,4,4,4,4,4,4,4,4,4,4,4,4,4,4,4,2,1,4,3,0,1,0,3,0,0,0,0,3,3,1,4,4,2,0,0,3,2,0,1,2,1,4,4,4,4,4,0,1,0,0,4,4,4,4,4,4,1,0,0,2,2,4,4,3,2,1,1,3,4,2,4,1,1,2,3,1,1,0,4,4,0,1,3,3,4,1,3,2,0,3,0,4,3,1,0,2,1,4,2,3,0,4,4,4,4,2,1,3,4,4,4,4,4,4,4,0,4,4,4,4,4,4,4,4,4,4,4,4,4,4,4,4,4,4,4,4,4,4,4,4,4,4,4,4,4,4,4,4,4,4,4,4,4,4,4,4,4,4,4,4,4,4,4,4,4,4,4,4,4,4,3,0,3,1,0,4,4,0,1,1,0,3,4,1,2,2,2,1,2,0,0,0,1,2,3,1,2,0,4,4,4,4,4,4,4,4,4,4,4,4,4,4,4,4,4,4,4,4,4,2,3,3,0,2,2,1,0,4,1,1,2,4,1,1,3,3,4,4,4,0,3,3,4,4,4,4,4,4,4,4,4,4,4,4,4,4,4,4,4,4,4,4,4,4,4,4,4,4,4,4,4,4,4,4,4,4,4,4,4,4,4,4,4,4,4,4,4,1,1,0,4,4,4,4,4,4,4,4,4,4,4,4,4,4,4,4,4,3,0,0,1,0,0,0,2,1,1,2,2,2,4,4,3,0,0,3,4,4,4,4,3,4,4,4,4,4,4,4,4,4,4,4,4,4,4,4,4,4,4,4,4,4,4,4,4,4,4,4,4,4,4,4,4,4,4,4,4,4,4,4,4,4,4,1,1,1,2,2,1,3,3,3,2,3,3,2,3,ADAY01000110.1/37398-37214,0
174,2,3,0,2,0,3,2,1,3,1,0,3,3,1,1,0,3,4,1,3,4,1,3,3,0,3,2,3,3,1,2,1,1,3,3,0,4,4,4,4,4,4,4,4,4,4,4,4,4,4,4,4,4,2,3,4,4,4,4,4,4,4,4,4,4,4,4,4,4,4,4,4,4,4,4,4,4,4,4,4,4,4,4,4,4,2,1,4,1,3,1,0,3,0,0,0,1,3,1,1,4,2,2,0,0,3,2,0,1,2,1,4,0,2,0,4,2,1,1,2,3,3,4,4,4,4,3,0,1,2,2,4,4,3,2,1,3,3,4,0,4,3,1,2,3,1,1,0,4,4,1,3,2,0,4,1,0,2,0,3,2,4,3,1,2,1,4,4,4,3,3,4,0,4,3,2,1,1,4,4,4,4,4,4,4,3,4,4,4,4,4,4,4,4,4,4,4,4,4,4,4,4,4,4,4,4,4,4,4,4,4,4,4,4,4,4,4,4,4,4,4,4,4,4,4,4,4,4,4,4,4,4,4,4,4,4,4,4,4,4,1,0,3,1,0,2,0,1,0,1,1,0,4,3,2,2,0,1,0,1,0,0,1,2,3,3,2,0,4,4,4,4,4,4,4,4,4,4,4,4,4,4,4,4,4,4,4,4,4,2,3,2,0,0,2,1,0,4,1,1,4,4,1,0,1,3,4,4,3,2,3,3,2,3,1,0,4,3,4,0,1,0,4,4,4,4,4,4,4,4,4,4,4,4,4,4,4,4,4,4,4,4,4,4,4,4,4,4,4,4,4,4,4,4,2,0,1,1,3,2,4,4,4,4,4,4,4,4,4,4,4,4,4,4,4,4,4,3,3,3,3,0,0,1,2,1,1,3,2,1,3,1,1,2,3,0,0,4,3,0,0,4,4,4,4,4,4,4,4,4,4,4,4,4,4,4,4,4,4,4,4,4,4,4,4,4,4,4,4,4,4,4,4,4,4,4,4,4,4,4,4,2,0,2,1,0,2,2,1,2,3,3,3,3,3,3,3,AEFJ01000100.1/5848-6054,0
175,4,4,4,4,4,4,4,4,4,4,4,4,4,4,4,4,4,4,4,4,4,4,4,4,4,4,4,4,4,4,4,4,4,4,4,4,4,4,4,4,4,4,4,4,4,4,4,4,4,4,4,4,4,4,4,4,4,4,4,4,4,4,4,4,4,4,4,4,4,4,4,4,4,4,4,4,4,4,4,4,4,4,4,4,4,4,4,4,4,4,4,4,4,4,4,4,4,4,4,4,4,4,4,4,4,4,4,4,4,4,4,4,4,4,4,4,4,4,4,4,4,4,4,4,4,4,4,4,4,2,2,4,4,3,2,1,1,3,4,0,4,3,1,2,3,1,1,0,1,1,2,0,0,0,4,1,1,2,0,3,0,4,0,3,3,2,1,4,3,2,1,4,2,4,1,0,0,2,1,2,4,4,4,1,3,3,4,4,4,4,4,4,4,4,4,4,4,4,4,4,4,4,4,4,4,4,4,4,4,4,4,4,4,4,4,4,4,4,4,4,4,4,4,4,4,4,4,4,4,4,4,4,4,4,4,4,4,4,4,4,3,0,3,1,0,0,2,4,4,1,0,3,4,1,2,2,0,1,2,0,1,0,1,2,3,3,2,0,4,4,4,4,4,4,4,4,4,4,4,4,4,4,4,4,4,4,4,4,4,2,3,2,0,2,2,1,0,4,1,1,4,4,4,4,4,4,4,4,4,4,4,4,4,4,4,4,4,4,4,4,4,4,4,4,4,4,4,4,4,4,4,4,4,4,4,4,4,4,4,4,4,4,4,4,4,4,4,4,4,4,4,4,4,4,4,4,4,4,4,4,4,4,4,4,4,4,4,4,4,4,4,4,4,4,4,4,4,4,4,4,4,4,4,4,4,4,4,4,4,4,4,4,4,4,4,4,4,4,4,4,4,4,4,4,4,4,4,4,4,4,4,4,4,4,4,4,4,4,4,4,4,4,4,4,4,4,4,4,4,4,4,4,4,4,4,4,4,4,4,4,4,4,4,4,4,4,4,4,4,4,4,4,4,4,4,4,4,ACCC01000004.1/95641-95562,0
176,2,3,4,4,4,2,2,1,3,1,0,3,3,1,0,1,1,4,2,0,4,1,3,3,0,3,2,3,1,0,2,1,1,1,1,3,3,1,2,4,4,4,4,4,4,4,4,4,4,2,2,0,1,2,3,4,4,4,4,4,4,4,4,4,4,4,4,4,4,4,4,4,4,4,4,4,4,4,4,4,4,4,4,4,4,2,1,4,3,0,1,0,3,0,0,0,0,3,0,1,4,4,2,0,0,3,2,0,1,2,1,4,4,4,4,4,0,1,0,0,4,4,4,4,4,4,1,0,0,2,2,4,4,3,2,1,1,3,4,2,4,1,1,2,3,1,1,0,4,4,0,1,3,3,4,1,3,2,0,3,0,4,3,1,0,2,1,4,2,3,0,4,4,4,4,2,1,3,4,4,4,4,4,4,4,0,4,4,4,4,4,4,4,4,4,4,4,4,4,4,4,4,4,4,4,4,4,4,4,4,4,4,4,4,4,4,4,4,4,4,4,4,4,4,4,4,4,4,4,4,4,4,4,4,4,4,4,4,4,4,3,0,3,1,0,4,4,0,1,1,0,3,4,1,2,2,2,1,2,0,0,0,1,2,3,1,2,0,4,4,4,4,4,4,4,4,4,4,4,4,4,4,4,4,4,4,4,4,4,2,3,3,0,2,2,1,0,4,1,1,2,4,1,1,3,3,4,4,4,0,3,3,4,4,4,4,4,4,4,4,4,4,4,4,4,4,4,4,4,4,4,4,4,4,4,4,4,4,4,4,4,4,4,4,4,4,4,4,4,4,4,4,4,4,4,4,4,1,1,0,4,4,4,4,4,4,4,4,4,4,4,4,4,4,4,4,4,3,0,0,1,0,0,0,2,1,1,2,2,2,4,4,3,0,0,3,4,4,4,4,3,4,4,4,4,4,4,4,4,4,4,4,4,4,4,4,4,4,4,4,4,4,4,4,4,4,4,4,4,4,4,4,4,4,4,4,4,4,4,4,4,4,4,1,1,1,2,2,1,3,3,3,2,3,3,2,3,AEHT01000046.1/28970-28786,0
177,2,3,4,4,4,2,2,1,3,1,0,3,3,1,0,1,1,4,3,3,4,1,3,3,0,3,2,3,1,0,2,1,1,1,1,3,3,0,2,4,4,4,4,4,4,4,4,4,4,2,2,0,1,2,1,4,4,4,4,4,4,4,4,4,4,4,4,4,4,4,4,4,4,4,4,4,4,4,4,4,4,4,4,4,4,2,1,4,3,0,1,0,3,0,0,0,1,3,3,1,4,4,2,0,0,3,2,0,1,2,1,4,4,4,4,4,0,1,0,0,4,4,4,4,4,4,1,0,0,2,2,4,4,3,2,1,1,3,4,2,4,1,1,2,3,1,1,0,4,4,0,1,3,3,4,1,3,2,0,3,0,4,0,3,0,2,1,4,2,3,4,4,4,4,0,2,1,3,4,4,4,4,4,4,4,3,4,4,4,4,4,4,4,4,4,4,4,4,4,4,4,4,4,4,4,4,4,4,4,4,4,4,4,4,4,4,4,4,4,4,4,4,4,4,4,4,4,4,4,4,4,4,4,4,4,4,4,4,4,4,3,0,3,1,0,4,4,0,1,1,3,1,4,1,2,2,2,1,2,0,0,0,1,2,3,1,2,0,4,4,4,4,4,4,4,4,4,4,4,4,4,4,4,4,4,4,4,4,4,2,3,3,0,2,2,1,0,4,1,1,2,4,1,1,3,3,4,4,4,0,3,3,4,4,4,4,4,4,4,4,4,4,4,4,4,4,4,4,4,4,4,4,4,4,4,4,4,4,4,4,4,4,4,4,4,4,4,4,4,4,4,4,4,4,4,4,4,1,1,0,4,4,4,4,4,4,4,4,4,4,4,4,4,4,4,4,4,3,0,0,1,0,0,0,2,1,1,2,2,2,3,3,3,0,4,4,4,4,4,4,4,2,1,1,1,2,2,1,2,0,0,3,0,0,2,2,3,0,3,3,2,3,3,3,1,2,2,1,1,1,0,0,0,3,1,2,2,2,3,3,3,0,2,1,1,1,2,2,1,3,3,3,2,3,3,2,3,AFCQ01001598.1/1900-1675,0
178,2,1,0,2,3,2,2,1,3,1,0,3,3,1,0,1,1,4,2,0,4,1,3,3,0,3,2,3,1,0,2,1,1,1,1,3,3,1,2,4,4,4,4,4,4,4,4,4,4,2,2,0,1,2,3,4,4,4,4,4,4,4,4,4,4,4,4,4,4,4,4,4,4,4,4,4,4,4,4,4,4,4,4,4,4,2,1,4,3,0,1,0,3,0,0,0,0,3,3,1,4,4,2,0,0,3,2,0,1,2,1,4,0,1,0,4,0,1,4,4,4,4,4,4,4,4,4,0,0,2,2,4,4,3,2,1,1,3,4,2,4,1,1,2,3,1,1,0,4,4,0,1,3,3,4,1,3,2,2,3,0,4,3,1,0,2,1,4,2,3,0,4,4,4,4,2,1,3,4,4,4,4,4,4,4,0,4,4,4,4,4,4,4,4,4,4,4,4,4,4,4,4,4,4,4,4,4,4,4,4,4,4,4,4,4,4,4,4,4,4,4,4,4,4,4,4,4,4,4,4,4,4,4,4,4,4,4,4,4,4,3,0,3,1,0,4,4,0,1,1,0,3,4,1,2,2,2,1,2,0,0,0,1,2,3,1,2,0,4,4,4,4,4,4,4,4,4,4,4,4,4,4,4,4,4,4,4,4,4,2,3,3,0,2,2,1,0,4,1,1,2,4,1,1,3,3,4,4,4,0,3,3,4,4,4,4,4,4,4,4,4,4,4,4,4,4,4,4,4,4,4,4,4,4,4,4,4,4,4,4,4,4,4,4,4,4,4,4,4,4,4,4,4,4,4,4,4,1,1,0,4,4,4,4,4,4,4,4,4,4,4,4,4,4,4,4,4,3,0,0,1,0,0,0,2,1,1,2,2,2,4,4,3,0,0,3,4,4,4,4,3,4,4,4,4,4,4,4,4,4,4,4,4,4,4,4,4,4,4,4,4,4,4,4,4,4,4,4,4,4,4,4,4,4,4,4,4,4,4,4,4,4,4,1,1,1,2,2,1,3,3,3,2,3,3,2,3,AFDU01000019.1/1057371-1057184,0
179,2,3,4,4,4,2,2,1,3,1,0,3,3,1,0,1,1,4,3,3,4,1,3,3,0,3,2,3,1,0,2,1,1,1,1,3,3,0,2,4,4,4,4,4,4,4,4,4,4,2,2,0,1,2,1,4,4,4,4,4,4,4,4,4,4,4,4,4,4,4,4,4,4,4,4,4,4,4,4,4,4,4,4,4,4,2,1,4,3,0,1,0,3,0,0,0,1,3,3,1,4,4,2,0,0,3,2,0,1,2,1,4,4,4,4,4,0,1,0,0,4,4,4,4,4,4,1,0,0,2,2,4,4,3,2,1,1,3,4,2,4,1,1,2,3,1,1,0,4,4,0,1,3,3,4,1,3,2,0,3,0,4,0,3,0,2,1,4,2,3,4,4,4,4,0,2,1,3,4,4,4,4,4,4,4,3,4,4,4,4,4,4,4,4,4,4,4,4,4,4,4,4,4,4,4,4,4,4,4,4,4,4,4,4,4,4,4,4,4,4,4,4,4,4,4,4,4,4,4,4,4,4,4,4,4,4,4,4,4,4,3,0,3,1,0,4,4,0,1,1,3,1,4,1,2,2,2,1,2,0,0,0,1,2,3,1,2,0,4,4,4,4,4,4,4,4,4,4,4,4,4,4,4,4,4,4,4,4,4,2,3,3,0,2,2,1,0,4,1,1,2,4,1,1,3,3,4,4,4,0,3,3,4,4,4,4,4,4,4,4,4,4,4,4,4,4,4,4,4,4,4,4,4,4,4,4,4,4,4,4,4,4,4,4,4,4,4,4,4,4,4,4,4,4,4,4,4,1,1,0,4,4,4,4,4,4,4,4,4,4,4,4,4,4,4,4,4,3,0,0,1,0,0,0,2,1,1,2,2,2,3,3,3,4,4,4,4,4,4,4,4,4,4,4,4,4,4,4,4,4,4,4,4,4,4,4,4,4,4,4,4,4,4,4,4,4,4,4,4,4,4,4,4,4,4,4,4,4,4,4,4,0,2,1,1,1,2,2,1,3,3,3,2,3,3,2,3,AETT01000008.1/40318-40502,0
180,2,1,0,2,3,2,2,1,3,1,0,3,3,1,0,1,1,4,2,0,4,1,3,3,0,3,2,3,1,0,2,1,1,1,1,3,3,1,2,4,4,4,4,4,4,4,4,4,4,2,2,0,1,2,3,4,4,4,4,4,4,4,4,4,4,4,4,4,4,4,4,4,4,4,4,4,4,4,4,4,4,4,4,4,4,2,1,4,3,0,1,0,3,0,0,0,0,3,3,1,4,4,2,0,0,3,2,0,1,2,1,4,0,1,0,4,0,1,4,4,4,4,4,4,4,4,4,0,0,2,2,4,4,3,2,1,1,3,4,2,4,1,1,2,3,1,1,0,4,4,0,1,3,3,4,1,3,2,0,3,0,4,3,1,0,2,1,4,2,3,0,4,4,4,4,2,1,3,4,4,4,4,4,4,4,0,4,4,4,4,4,4,4,4,4,4,4,4,4,4,4,4,4,4,4,4,4,4,4,4,4,4,4,4,4,4,4,4,4,4,4,4,4,4,4,4,4,4,4,4,4,4,4,4,4,4,4,4,4,4,3,0,3,1,0,4,4,0,1,1,0,3,4,1,2,2,2,1,2,0,0,0,1,2,3,1,2,0,4,4,4,4,4,4,4,4,4,4,4,4,4,4,4,4,4,4,4,4,4,2,3,3,0,2,2,1,0,4,1,1,2,4,1,1,3,3,4,4,4,0,3,3,4,4,4,4,4,4,4,4,4,4,4,4,4,4,4,4,4,4,4,4,4,4,4,4,4,4,4,4,4,4,4,4,4,4,4,4,4,4,4,4,4,4,4,4,4,1,1,0,4,4,4,4,4,4,4,4,4,4,4,4,4,4,4,4,4,3,0,0,1,0,0,0,2,1,1,2,2,2,4,4,3,0,0,3,4,4,4,4,3,4,4,4,4,4,4,4,4,4,4,4,4,4,4,4,4,4,4,4,4,4,4,4,4,4,4,4,4,4,4,4,4,4,4,4,4,4,4,4,4,4,4,1,1,1,2,2,1,3,3,3,2,3,3,2,3,ADTS01000118.1/28667-28480,0
181,2,3,4,4,4,2,2,1,3,1,0,3,3,1,0,1,1,4,3,3,4,1,3,3,0,3,2,3,1,0,2,1,1,1,1,3,3,0,2,4,4,4,4,4,4,4,4,4,4,2,2,0,1,2,1,4,4,4,4,4,4,4,4,4,4,4,4,4,4,4,4,4,4,4,4,4,4,4,4,4,4,4,4,4,4,2,1,4,3,0,1,0,3,0,0,0,1,3,3,1,4,4,2,0,0,3,2,0,1,2,1,4,4,4,4,4,0,1,0,0,4,4,4,4,4,4,1,0,0,2,2,4,4,3,2,1,1,3,4,2,4,1,1,2,3,1,1,0,4,4,0,1,3,3,4,1,3,2,0,3,0,4,0,3,0,2,1,4,2,3,4,4,4,4,0,2,1,3,4,4,4,4,4,4,4,3,4,4,4,4,4,4,4,4,4,4,4,4,4,4,4,4,4,4,4,4,4,4,4,4,4,4,4,4,4,4,4,4,4,4,4,4,4,4,4,4,4,4,4,4,4,4,4,4,4,4,4,4,4,4,3,0,3,1,0,4,4,0,1,1,3,1,4,1,2,2,2,1,2,0,0,0,1,2,3,1,2,0,4,4,4,4,4,4,4,4,4,4,4,4,4,4,4,4,4,4,4,4,4,2,3,3,0,2,2,1,0,4,1,1,2,4,4,4,4,4,4,4,4,4,4,4,4,4,4,4,4,4,4,4,4,4,4,4,4,4,4,4,4,4,4,4,4,4,4,4,4,4,4,4,4,4,4,4,4,4,4,4,4,4,4,4,4,4,4,4,4,4,4,4,4,4,4,4,4,4,4,4,4,4,4,4,4,4,4,4,4,4,4,4,4,4,4,4,4,4,4,4,4,4,4,4,4,4,4,4,4,4,4,4,4,1,4,4,4,4,4,4,4,4,4,4,4,4,4,4,4,4,4,4,4,4,4,4,4,4,4,4,4,4,4,4,4,4,4,4,4,4,4,4,1,4,4,4,4,4,4,4,4,4,4,4,3,3,0,3,3,AFCM01001000.1/206-57,0
182,2,1,0,2,3,2,2,1,3,1,0,3,3,1,0,1,1,4,2,0,4,1,3,3,0,3,2,3,1,0,2,1,1,1,1,3,3,1,2,4,4,4,4,4,4,4,4,4,4,2,2,0,1,2,3,4,4,4,4,4,4,4,4,4,4,4,4,4,4,4,4,4,4,4,4,4,4,4,4,4,4,4,4,4,4,2,1,4,3,0,1,0,3,0,0,0,0,3,3,1,4,4,2,0,0,3,2,0,1,2,1,4,0,1,0,4,0,1,4,4,4,4,4,4,4,4,4,0,0,2,2,4,4,3,2,1,1,3,4,2,4,1,1,2,3,1,1,0,4,4,0,1,3,3,4,1,3,2,0,3,0,4,3,1,0,2,1,4,2,3,0,4,4,4,4,2,1,3,4,4,4,4,4,4,4,0,4,4,4,4,4,4,4,4,4,4,4,4,4,4,4,4,4,4,4,4,4,4,4,4,4,4,4,4,4,4,4,4,4,4,4,4,4,4,4,4,4,4,4,4,4,4,4,4,4,4,4,4,4,4,3,0,3,1,0,4,4,0,1,1,0,3,4,1,2,2,2,1,2,0,0,0,1,2,3,1,2,0,4,4,4,4,4,4,4,4,4,4,4,4,4,4,4,4,4,4,4,4,4,2,3,3,0,2,2,1,0,4,1,1,2,4,1,1,3,3,4,4,4,0,3,3,4,4,4,4,4,4,4,4,4,4,4,4,4,4,4,4,4,4,4,4,4,4,4,4,4,4,4,4,4,4,4,4,4,4,4,4,4,4,4,4,4,4,4,4,4,1,1,0,4,4,4,4,4,4,4,4,4,4,4,4,4,4,4,4,4,3,0,0,1,0,0,0,2,1,1,2,2,2,4,4,3,0,0,3,4,4,4,4,3,4,4,4,4,4,4,4,4,4,4,4,4,4,4,4,4,4,4,4,4,4,4,4,4,4,4,4,4,4,4,4,4,4,4,4,4,4,4,4,4,4,4,1,1,1,2,2,1,3,3,3,2,3,3,2,3,AFVG01000041.1/563949-563762,0
183,2,3,0,2,0,3,2,1,3,1,0,3,3,1,1,0,3,4,1,3,4,1,3,3,0,3,2,3,3,1,2,1,1,3,3,0,4,4,4,4,4,4,4,4,4,4,4,4,4,4,4,4,4,2,3,4,4,4,4,4,4,4,4,4,4,4,4,4,4,4,4,4,4,4,4,4,4,4,4,4,4,4,4,4,4,2,1,4,1,3,1,0,3,0,0,0,1,3,1,1,4,2,2,0,0,3,2,0,1,2,1,4,0,2,0,4,2,1,1,2,3,3,4,4,4,4,3,0,1,2,2,4,4,3,2,1,3,3,4,0,4,3,1,2,3,1,1,0,4,4,1,3,2,0,4,1,0,2,0,3,2,4,3,1,2,1,4,4,4,3,3,4,0,4,3,2,1,1,4,4,4,4,4,4,4,3,4,4,4,4,4,4,4,4,4,4,4,4,4,4,4,4,4,4,4,4,4,4,4,4,4,4,4,4,4,4,4,4,4,4,4,4,4,4,4,4,4,4,4,4,4,4,4,4,4,4,4,4,4,4,1,0,3,1,0,2,0,1,0,1,1,0,4,3,2,2,0,1,0,1,0,0,1,2,3,3,2,0,4,4,4,4,4,4,4,4,4,4,4,4,4,4,4,4,4,4,4,4,4,2,3,2,0,0,2,1,0,4,1,1,4,4,1,0,1,3,4,4,3,2,3,3,2,3,1,0,4,3,4,0,1,0,4,4,4,4,4,4,4,4,4,4,4,4,4,4,4,4,4,4,4,4,4,4,4,4,4,4,4,4,4,4,4,4,2,0,1,1,3,2,4,4,4,4,4,4,4,4,4,4,4,4,4,4,4,4,4,3,3,3,3,0,0,1,2,1,1,3,2,1,3,1,1,2,3,0,0,4,3,0,0,4,4,4,4,4,4,4,4,4,4,4,4,4,4,4,4,4,4,4,4,4,4,4,4,4,4,4,4,4,4,4,4,4,4,4,4,4,4,4,4,2,0,2,1,0,2,2,1,2,3,3,3,3,3,3,3,AFRL01000015.1/38058-38264,0
184,2,3,4,4,4,2,2,1,3,1,0,3,3,1,0,1,1,4,2,0,4,1,3,3,0,3,2,3,1,0,2,1,1,1,1,3,3,1,2,4,4,4,4,4,4,4,4,4,4,2,2,0,1,2,3,4,4,4,4,4,4,4,4,4,4,4,4,4,4,4,4,4,4,4,4,4,4,4,4,4,4,4,4,4,4,2,1,4,3,0,1,0,3,0,0,0,0,3,3,1,4,4,2,0,0,3,2,0,1,2,1,4,4,4,4,4,0,1,0,0,4,4,4,4,4,4,1,0,0,2,2,4,4,3,2,1,1,3,4,2,4,1,1,2,3,1,1,0,4,4,0,1,3,3,4,1,3,2,0,3,0,4,3,1,0,2,1,4,2,3,0,4,4,4,4,2,1,3,4,4,4,4,4,4,4,0,4,4,4,4,4,4,4,4,4,4,4,4,4,4,4,4,4,4,4,4,4,4,4,4,4,4,4,4,4,4,4,4,4,4,4,4,4,4,4,4,4,4,4,4,4,4,4,4,4,4,4,4,4,4,3,0,3,1,0,4,4,0,1,1,0,3,4,1,2,2,2,1,2,0,0,0,1,2,3,1,2,0,4,4,4,4,4,4,4,4,4,4,4,4,4,4,4,4,4,4,4,4,4,2,3,3,0,2,2,1,0,4,1,1,2,4,1,1,3,3,4,4,4,0,3,3,4,4,4,4,4,4,4,4,4,4,4,4,4,4,4,4,4,4,4,4,4,4,4,4,4,4,4,4,4,4,4,4,4,4,4,4,4,4,4,4,4,4,4,4,4,1,1,0,4,4,4,4,4,4,4,4,4,4,4,4,4,4,4,4,4,3,0,0,1,0,0,0,2,1,1,2,2,2,4,4,3,0,0,3,4,4,4,4,3,4,4,4,4,4,4,4,4,4,4,4,4,4,4,4,4,4,4,4,4,4,4,4,4,4,4,4,4,4,4,4,4,4,4,4,4,4,4,4,4,4,4,1,1,1,2,2,1,3,3,3,2,3,3,2,3,ABHT01000007.1/146194-146010,0
185,2,3,0,2,0,3,2,1,3,1,0,3,3,1,1,0,3,4,1,3,4,1,3,3,0,3,2,3,3,1,2,1,1,3,3,1,4,4,4,4,4,4,4,4,4,4,4,4,4,4,4,4,4,2,3,4,4,4,4,4,4,4,4,4,4,4,4,4,4,4,4,4,4,4,4,4,4,4,4,4,4,4,4,4,4,2,1,4,1,3,1,0,3,0,0,0,1,3,1,1,4,2,2,0,0,3,2,0,3,2,1,4,0,2,0,4,2,1,1,2,3,3,4,4,1,3,3,0,1,2,2,4,4,3,2,1,3,3,4,0,4,3,1,2,3,1,1,0,4,4,1,3,2,0,4,1,0,2,0,3,2,4,3,1,2,1,0,4,3,3,3,4,0,4,3,2,1,1,4,4,4,4,4,4,4,3,4,4,4,4,4,4,4,4,4,4,4,4,4,4,4,4,4,4,4,4,4,4,4,4,4,4,4,4,4,4,4,4,4,4,4,4,4,4,4,4,4,4,4,4,4,4,4,4,4,4,4,4,4,4,1,0,3,1,0,0,0,1,0,1,1,0,4,3,2,2,0,1,0,3,3,0,1,2,3,3,2,0,4,4,4,4,4,4,4,4,4,4,4,4,4,4,4,4,4,4,4,4,4,2,3,2,0,0,2,1,0,4,1,1,1,4,0,0,3,3,4,4,3,2,3,3,2,3,1,0,4,0,4,0,1,0,4,4,4,4,4,4,4,4,4,4,4,4,4,4,4,4,4,4,4,4,4,4,4,4,4,4,4,4,4,4,4,4,2,0,1,1,3,2,4,4,4,4,4,4,4,4,4,4,4,4,4,4,4,4,4,3,3,3,3,0,0,1,2,1,1,3,2,1,1,1,3,2,0,3,3,4,3,1,0,4,4,4,4,4,4,4,4,4,4,4,4,4,4,4,4,4,4,4,4,4,4,4,4,4,4,4,4,4,4,4,4,4,4,4,4,4,4,4,4,2,1,2,1,0,2,2,1,2,3,3,3,3,3,3,3,ACXA01000084.1/47529-47318,0
186,2,3,0,2,0,3,2,1,3,1,0,3,3,1,1,0,3,4,1,3,4,1,3,3,0,3,2,3,3,1,2,1,1,3,3,0,4,4,4,4,4,4,4,4,4,4,4,4,4,4,4,4,4,2,3,4,4,4,4,4,4,4,4,4,4,4,4,4,4,4,4,4,4,4,4,4,4,4,4,4,4,4,4,4,4,2,1,4,1,3,1,0,3,0,0,0,1,3,1,1,4,2,2,0,0,3,2,0,1,2,1,4,0,2,0,4,2,1,1,2,3,3,4,4,4,4,3,0,1,2,2,4,4,3,2,1,3,3,4,0,4,3,1,2,3,1,1,0,4,4,1,3,2,0,4,1,0,2,0,3,2,4,3,1,2,1,4,4,4,3,3,4,0,4,3,2,1,1,4,4,4,4,4,4,4,3,4,4,4,4,4,4,4,4,4,4,4,4,4,4,4,4,4,4,4,4,4,4,4,4,4,4,4,4,4,4,4,4,4,4,4,4,4,4,4,4,4,4,4,4,4,4,4,4,4,4,4,4,4,4,1,0,3,1,0,2,0,1,0,1,1,0,4,3,2,2,0,1,0,1,0,0,1,2,3,3,2,0,4,4,4,4,4,4,4,4,4,4,4,4,4,4,4,4,4,4,4,4,4,2,3,2,0,0,2,1,0,4,1,1,4,4,1,0,1,3,4,4,3,2,3,3,2,3,1,0,4,3,4,0,1,0,4,4,4,4,4,4,4,4,4,4,4,4,4,4,4,4,4,4,4,4,4,4,4,4,4,4,4,4,4,4,4,4,2,0,1,1,3,2,4,4,4,4,4,4,4,4,4,4,4,4,4,4,4,4,4,3,3,3,3,0,0,1,2,1,1,3,2,1,3,1,1,2,3,0,0,4,3,0,0,4,4,4,4,4,4,4,4,4,4,4,4,4,4,4,4,4,4,4,4,4,4,4,4,4,4,4,4,4,4,4,4,4,4,4,4,4,4,4,4,2,0,2,1,0,2,2,1,2,3,3,3,3,3,3,3,AERT01000002.1/43288-43494,0
187,2,3,0,2,0,3,2,1,3,1,0,3,3,1,1,0,1,4,1,3,4,3,1,3,0,3,2,1,3,3,2,1,3,3,1,2,4,4,4,4,4,4,4,4,4,4,4,4,4,4,4,4,4,4,4,4,4,4,4,4,4,4,4,4,4,4,4,4,4,4,4,4,4,4,4,4,4,4,4,4,4,4,4,4,4,2,1,4,3,3,1,0,3,0,0,3,1,1,3,2,4,2,2,0,0,3,2,0,3,2,1,4,0,2,0,4,2,1,1,0,0,3,4,4,4,3,3,2,0,2,2,4,4,3,2,1,1,3,4,0,4,3,1,2,3,1,1,0,4,4,0,1,3,1,4,1,0,2,0,3,2,4,0,0,2,0,3,4,2,1,0,4,0,4,0,3,1,3,4,4,4,4,4,4,4,1,4,4,4,4,4,4,4,4,4,4,4,4,4,4,4,4,4,4,4,4,4,4,4,4,4,4,4,4,4,4,4,4,4,4,4,4,4,4,4,4,4,4,4,4,4,4,4,4,4,4,4,4,4,4,1,0,3,1,2,2,2,1,3,3,3,1,4,1,2,2,0,1,0,3,0,0,1,2,3,3,2,0,4,4,4,4,4,4,4,4,4,4,4,4,4,4,4,4,4,4,4,4,4,2,3,2,0,2,2,1,0,4,1,1,4,4,0,3,3,1,4,4,3,2,3,3,2,3,1,3,4,2,4,0,1,0,4,4,4,4,4,4,4,4,4,4,4,4,4,4,4,4,4,4,4,4,4,4,4,4,4,4,4,4,4,4,4,4,2,0,1,1,3,2,0,3,4,4,4,4,4,4,4,4,4,4,4,4,4,0,3,3,3,3,1,0,0,1,2,1,3,3,0,1,1,2,3,3,3,0,4,4,4,4,3,4,4,4,4,4,4,4,4,4,4,4,4,4,4,4,4,4,4,4,4,4,4,4,4,4,4,4,4,4,4,4,4,4,4,4,4,4,4,4,4,1,2,2,3,0,0,2,1,2,3,3,3,3,3,3,3,CP001657.1/4495416-4495208,0
188,2,1,0,2,3,2,2,1,3,1,0,3,3,1,0,1,1,4,2,0,4,1,3,3,0,3,2,3,1,0,2,1,1,1,1,3,3,1,2,4,4,4,4,4,4,4,4,4,4,2,2,0,1,2,3,4,4,4,4,4,4,4,4,4,4,4,4,4,4,4,4,4,4,4,4,4,4,4,4,4,4,4,4,4,4,2,1,4,3,0,1,0,3,0,0,0,0,3,3,1,4,4,2,0,0,3,2,0,1,2,1,4,0,1,0,4,0,1,4,4,4,4,4,4,4,4,4,0,0,2,2,4,4,3,2,1,1,3,4,2,4,1,1,2,3,1,1,0,4,4,0,1,3,3,4,1,3,2,0,3,0,4,3,1,0,2,1,4,2,3,0,4,4,4,4,2,1,3,4,4,4,4,4,4,4,0,4,4,4,4,4,4,4,4,4,4,4,4,4,4,4,4,4,4,4,4,4,4,4,4,4,4,4,4,4,4,4,4,4,4,4,4,4,4,4,4,4,4,4,4,4,4,4,4,4,4,4,4,4,4,3,0,3,1,0,4,4,0,1,1,0,3,4,1,2,2,2,1,2,0,0,0,1,2,3,1,2,0,4,4,4,4,4,4,4,4,4,4,4,4,4,4,4,4,4,4,4,4,4,2,3,3,0,2,2,1,0,4,1,1,2,4,1,1,3,3,4,4,4,0,3,3,4,4,4,4,4,4,4,4,4,4,4,4,4,4,4,4,4,4,4,4,4,4,4,4,4,4,4,4,4,4,4,4,4,4,4,4,4,4,4,4,4,4,4,4,4,1,1,0,4,4,4,4,4,4,4,4,4,4,4,4,4,4,4,4,4,3,0,0,1,0,0,0,2,1,1,2,2,2,4,4,3,0,0,3,4,4,4,4,3,4,4,4,4,4,4,4,4,4,4,4,4,4,4,4,4,4,4,4,4,4,4,4,4,4,4,4,4,4,4,4,4,4,4,4,4,4,4,4,4,4,4,1,1,1,2,2,1,3,3,3,2,3,3,2,3,AFDV01000048.1/453831-453644,0
189,2,3,0,2,0,3,2,1,3,1,0,3,3,1,1,0,1,4,1,3,4,1,3,3,0,3,2,3,3,3,2,1,3,3,1,2,4,4,4,4,4,4,4,4,4,4,4,4,4,4,4,4,4,4,4,4,4,4,4,4,4,4,4,4,4,4,4,4,4,4,4,4,4,4,4,4,4,4,4,4,4,4,4,4,4,2,1,4,3,0,1,0,3,0,0,0,1,1,3,2,4,2,2,0,0,3,2,0,1,2,1,4,0,2,0,4,2,1,1,0,0,3,4,4,4,3,3,3,2,2,2,4,4,3,0,1,1,3,4,2,4,3,3,2,3,1,3,2,4,4,1,1,3,2,4,1,1,3,2,3,0,4,3,1,2,1,4,4,4,2,0,4,0,4,0,2,3,1,4,4,4,4,4,4,4,3,4,4,4,4,4,4,4,4,4,4,4,4,4,4,4,4,4,4,4,4,4,4,4,4,4,4,4,4,4,4,4,4,4,4,4,4,4,4,4,4,4,4,4,4,4,4,4,4,4,4,4,4,4,4,3,0,1,0,2,2,4,2,3,3,0,3,4,1,0,2,0,1,0,1,1,0,1,2,3,3,2,0,4,4,4,4,4,4,4,4,4,4,4,4,4,4,4,4,4,4,4,4,4,2,3,1,2,2,2,3,0,4,1,1,4,4,3,1,3,1,4,4,2,2,3,3,2,3,1,3,4,0,4,0,1,1,4,4,4,4,4,4,4,4,4,4,4,4,4,4,4,4,4,4,4,4,4,4,4,4,4,4,4,4,4,4,4,4,2,0,1,1,3,2,4,4,4,4,4,4,4,4,4,4,4,4,4,4,4,4,4,0,3,1,3,3,0,1,0,1,1,3,2,1,3,3,3,4,4,4,4,4,4,4,4,4,4,4,4,4,4,4,4,4,4,4,4,4,4,4,4,4,4,4,4,4,4,4,4,4,4,4,4,4,4,4,4,4,4,4,4,4,4,4,4,3,0,2,1,0,2,2,3,2,3,3,3,3,3,3,3,CAEI01000128.1/66455-66652,0
190,2,3,0,2,0,3,2,1,3,1,0,3,3,1,1,0,3,4,1,3,4,1,3,3,0,3,2,3,3,1,2,1,1,3,3,0,4,4,4,4,4,4,4,4,4,4,4,4,4,4,4,4,4,2,3,4,4,4,4,4,4,4,4,4,4,4,4,4,4,4,4,4,4,4,4,4,4,4,4,4,4,4,4,4,4,2,1,4,1,3,1,0,3,0,0,0,1,3,1,1,4,2,2,0,0,3,2,0,1,2,1,4,0,2,0,4,2,1,1,2,3,3,4,4,4,4,3,0,1,2,2,4,4,3,2,1,3,3,4,0,4,3,1,2,3,1,1,0,4,4,1,3,2,0,4,1,0,2,0,3,2,4,3,1,2,1,4,4,4,3,3,4,0,4,3,2,1,1,4,4,4,4,4,4,4,3,4,4,4,4,4,4,4,4,4,4,4,4,4,4,4,4,4,4,4,4,4,4,4,4,4,4,4,4,4,4,4,4,4,4,4,4,4,4,4,4,4,4,4,4,4,4,4,4,4,4,4,4,4,4,1,0,3,1,0,2,0,1,0,1,1,0,4,3,2,2,0,1,0,1,0,0,1,2,3,3,2,0,4,4,4,4,4,4,4,4,4,4,4,4,4,4,4,4,4,4,4,4,4,2,3,2,0,0,2,1,0,4,1,1,4,4,1,0,1,3,4,4,3,2,3,3,2,3,1,0,4,3,4,0,1,0,4,4,4,4,4,4,4,4,4,4,4,4,4,4,4,4,4,4,4,4,4,4,4,4,4,4,4,4,4,4,4,4,2,0,1,1,3,2,4,4,4,4,4,4,4,4,4,4,4,4,4,4,4,4,4,3,3,3,3,0,0,1,2,1,3,3,2,1,3,1,1,2,3,0,0,4,3,0,0,4,4,4,4,4,4,4,4,4,4,4,4,4,4,4,4,4,4,4,4,4,4,4,4,4,4,4,4,4,4,4,4,4,4,4,4,4,4,4,4,2,0,2,1,0,2,2,1,2,3,3,3,3,3,3,3,AERN01000098.1/41515-41721,0
191,2,3,4,4,4,2,2,1,3,1,0,3,3,1,0,1,1,4,3,3,4,1,3,3,0,3,2,3,1,0,2,1,1,1,1,3,3,0,2,4,4,4,4,4,4,4,4,4,4,2,2,0,1,2,1,4,4,4,4,4,4,4,4,4,4,4,4,4,4,4,4,4,4,4,4,4,4,4,4,4,4,4,4,4,4,2,1,4,3,0,1,0,3,0,0,0,1,3,3,1,4,4,2,0,0,3,2,0,1,2,1,4,4,4,4,4,0,1,0,0,4,4,4,4,4,4,1,0,0,2,2,4,4,3,2,1,1,3,4,2,4,1,1,2,3,1,1,0,4,4,0,1,3,3,4,1,3,2,0,3,0,4,0,3,0,2,1,4,2,3,4,4,4,4,0,2,1,3,4,4,4,4,4,4,4,3,4,4,4,4,4,4,4,4,4,4,4,4,4,4,4,4,4,4,4,4,4,4,4,4,4,4,4,4,4,4,4,4,4,4,4,4,4,4,4,4,4,4,4,4,4,4,4,4,4,4,4,4,4,4,3,0,3,1,0,4,4,0,1,1,3,1,4,1,2,2,2,1,2,0,0,0,1,2,3,1,2,0,4,4,4,4,4,4,4,4,4,4,4,4,4,4,4,4,4,4,4,4,4,2,3,3,0,2,2,1,0,4,1,1,2,4,1,1,3,3,4,4,4,0,3,3,4,4,4,4,4,4,4,4,4,4,4,4,4,4,4,4,4,4,4,4,4,4,4,4,4,4,4,4,4,4,4,4,4,4,4,4,4,4,4,4,4,4,4,4,4,1,1,0,4,4,4,4,4,4,4,4,4,4,4,4,4,4,4,4,4,3,0,0,1,0,0,0,2,1,1,2,2,2,3,3,3,4,4,4,4,4,4,4,4,4,4,4,4,4,4,4,4,4,4,4,4,4,4,4,4,4,4,4,4,4,4,4,4,4,4,4,4,4,4,4,4,4,4,4,4,4,4,4,4,0,2,1,1,1,2,2,1,3,3,3,2,3,3,2,3,AESJ01000018.1/400413-400229,0
192,2,3,0,2,0,3,2,1,3,1,0,3,3,1,1,0,3,4,1,3,4,1,3,3,0,3,2,3,3,1,2,1,1,3,3,0,4,4,4,4,4,4,4,4,4,4,4,4,4,4,4,4,4,2,3,4,4,4,4,4,4,4,4,4,4,4,4,4,4,4,4,4,4,4,4,4,4,4,4,4,4,4,4,4,4,2,1,4,1,3,1,0,3,0,0,0,1,3,1,1,4,2,2,0,0,3,2,0,1,2,1,4,0,2,0,4,2,1,1,2,3,3,4,4,4,4,3,0,1,2,2,4,4,3,2,1,3,3,4,0,4,3,1,2,3,1,1,0,4,4,1,3,2,0,4,1,0,2,0,3,2,4,3,1,2,1,4,4,4,3,3,4,0,4,3,2,1,1,4,4,4,4,4,4,4,3,4,4,4,4,4,4,4,4,4,4,4,4,4,4,4,4,4,4,4,4,4,4,4,4,4,4,4,4,4,4,4,4,4,4,4,4,4,4,4,4,4,4,4,4,4,4,4,4,4,4,4,4,4,4,1,0,3,1,0,2,0,1,0,1,1,0,4,3,2,2,0,1,0,1,0,0,1,2,3,3,2,0,4,4,4,4,4,4,4,4,4,4,4,4,4,4,4,4,4,4,4,4,4,2,3,2,0,0,2,1,0,4,1,1,4,4,1,0,1,3,4,4,3,2,3,3,2,3,1,0,4,3,4,0,1,0,4,4,4,4,4,4,4,4,4,4,4,4,4,4,4,4,4,4,4,4,4,4,4,4,4,4,4,4,4,4,4,4,2,0,1,1,3,2,4,4,4,4,4,4,4,4,4,4,4,4,4,4,4,4,4,3,3,3,3,0,0,1,2,1,1,3,2,1,3,1,1,2,3,0,0,4,3,0,0,4,4,4,4,4,4,4,4,4,4,4,4,4,4,4,4,4,4,4,4,4,4,4,4,4,4,4,4,4,4,4,4,4,4,4,4,4,4,4,4,2,0,2,1,0,2,2,1,2,3,3,3,3,3,3,3,AE014075.1/4486596-4486802,0
193,2,3,0,2,0,3,2,1,3,1,0,3,3,1,1,0,3,4,1,3,4,1,3,3,0,3,2,3,3,1,2,1,1,3,3,0,4,4,4,4,4,4,4,4,4,4,4,4,4,4,4,4,4,2,3,4,4,4,4,4,4,4,4,4,4,4,4,4,4,4,4,4,4,4,4,4,4,4,4,4,4,4,4,4,4,2,1,4,1,3,1,0,3,0,0,0,1,3,3,0,4,2,2,0,0,3,2,0,1,2,1,4,0,2,0,4,2,1,1,2,3,3,4,4,4,4,3,0,1,2,2,4,4,3,2,1,3,3,4,0,4,3,1,2,3,1,1,0,4,4,1,3,2,0,4,1,0,2,0,3,2,4,3,1,2,1,4,4,4,3,3,4,3,4,3,2,1,1,4,4,4,4,4,4,4,3,4,4,4,4,4,4,4,4,4,4,4,4,4,4,4,4,4,4,4,4,4,4,4,4,4,4,4,4,4,4,4,4,4,4,4,4,4,4,4,4,4,4,4,4,4,4,4,4,4,4,4,4,4,4,1,0,3,1,0,2,0,1,0,1,1,0,4,3,2,2,0,1,0,1,0,0,1,2,3,3,2,0,4,4,4,4,4,4,4,4,4,4,4,4,4,4,4,4,4,4,4,4,4,2,3,2,0,0,2,1,0,4,1,1,4,4,1,0,1,3,4,4,3,2,3,3,2,3,1,0,4,3,4,0,1,0,4,4,4,4,4,4,4,4,4,4,4,4,4,4,4,4,4,4,4,4,4,4,4,4,4,4,4,4,4,4,4,4,2,0,1,1,3,2,4,4,4,4,4,4,4,4,4,4,4,4,4,4,4,4,4,3,3,3,3,0,0,1,2,1,1,3,2,1,3,1,1,2,3,0,0,4,3,0,0,4,4,4,4,4,4,4,4,4,4,4,4,4,4,4,4,4,4,4,4,4,4,4,4,4,4,4,4,4,4,4,4,4,4,4,4,4,4,4,4,2,0,2,1,0,2,2,1,2,3,3,3,3,3,3,3,AEJZ01000155.1/2143-2349,0
194,2,3,4,4,4,2,2,1,3,1,0,3,3,1,0,1,1,4,3,3,4,1,3,3,0,3,2,3,1,0,2,1,1,1,1,3,3,0,2,4,4,4,4,4,4,4,4,4,4,2,2,0,3,2,1,4,4,4,4,4,4,4,4,4,4,4,4,4,4,4,4,4,4,4,4,4,4,4,4,4,4,4,4,4,4,2,1,4,3,0,1,0,3,0,0,0,1,3,3,1,4,4,2,0,0,3,2,0,1,2,1,4,4,4,4,4,0,1,0,0,4,4,4,4,4,4,1,0,0,2,2,4,4,3,2,1,1,3,4,2,4,1,1,2,3,1,1,0,4,4,0,1,3,3,4,1,3,2,0,3,0,4,0,3,0,2,1,4,2,3,4,4,4,4,0,2,1,3,4,4,4,4,4,4,4,3,4,4,4,4,4,4,4,4,4,4,4,4,4,4,4,4,4,4,4,4,4,4,4,4,4,4,4,4,4,4,4,4,4,4,4,4,4,4,4,4,4,4,4,4,4,4,4,4,4,4,4,4,4,4,3,0,3,1,0,4,4,0,1,1,3,1,4,1,2,2,2,1,2,0,0,0,1,2,3,1,2,0,4,4,4,4,4,4,4,4,4,4,4,4,4,4,4,4,4,4,4,4,4,2,3,3,0,2,2,1,0,4,1,1,2,4,1,1,3,3,4,4,4,0,3,3,4,4,4,4,4,4,4,4,4,4,4,4,4,4,4,4,4,4,4,4,4,4,4,4,4,4,4,4,4,4,4,4,4,4,4,4,4,4,4,4,4,4,4,4,4,1,1,0,4,4,4,4,4,4,4,4,4,4,4,4,4,4,4,4,4,3,0,0,1,0,0,0,2,1,1,2,2,2,3,3,3,4,4,4,4,4,4,4,4,4,4,4,4,4,4,4,4,4,4,4,4,4,4,4,4,4,4,4,4,4,4,4,4,4,4,4,4,4,4,4,4,4,4,4,4,4,4,4,4,0,2,1,1,1,2,2,1,3,3,3,2,3,3,2,3,ABEH02000006.1/207958-208142,0
195,2,3,0,2,0,3,2,1,3,1,0,3,3,1,1,0,3,4,1,3,4,1,3,3,0,3,2,3,3,1,2,1,1,0,3,1,4,4,4,4,4,4,4,4,4,4,4,4,4,4,4,4,4,3,2,4,4,4,4,4,4,4,4,4,4,4,4,4,4,4,4,4,4,4,4,4,4,4,4,4,4,4,4,4,4,2,1,4,1,3,1,0,3,0,0,0,1,3,1,0,4,2,2,0,0,3,2,0,3,2,1,4,0,2,0,4,2,1,1,2,3,3,4,4,4,4,3,0,1,2,2,4,4,3,2,1,3,3,4,0,4,3,1,2,3,1,1,0,4,4,1,3,2,0,4,1,0,2,0,3,2,4,3,1,2,1,4,4,4,3,1,4,3,4,3,2,1,1,4,4,4,4,4,4,4,3,4,4,4,4,4,4,4,4,4,4,4,4,4,4,4,4,4,4,4,4,4,4,4,4,4,4,4,4,4,4,4,4,4,4,4,4,4,4,4,4,4,4,4,4,4,4,4,4,4,4,4,4,4,4,1,0,3,1,0,0,0,1,0,1,1,0,4,3,2,2,0,1,0,3,0,0,1,2,3,3,2,0,4,4,4,4,4,4,4,4,4,4,4,4,4,4,4,4,4,4,4,4,4,2,3,2,0,0,2,1,0,4,1,1,1,4,0,3,3,3,4,0,3,2,3,3,2,3,1,0,4,3,4,0,1,0,4,4,4,4,4,4,4,4,4,4,4,4,4,4,4,4,4,4,4,4,4,4,4,4,4,4,4,4,4,4,4,4,2,0,1,1,3,2,4,4,4,4,4,4,4,4,4,4,4,4,4,4,4,4,4,4,3,3,3,2,0,1,2,1,1,3,2,1,3,1,1,3,1,0,4,4,4,1,1,4,4,4,4,4,4,4,4,4,4,4,4,4,4,4,4,4,4,4,4,4,4,4,4,4,4,4,4,4,4,4,4,4,4,4,4,4,4,4,4,2,0,2,1,2,2,2,1,2,3,3,3,3,3,3,3,ABWL02000011.1/35142-35347,0
196,2,1,0,2,3,2,2,1,3,1,0,3,3,1,0,1,1,4,2,0,4,1,3,3,0,3,2,3,1,0,2,1,1,1,1,3,3,1,2,4,4,4,4,4,4,4,4,4,4,2,2,0,1,2,3,4,4,4,4,4,4,4,4,4,4,4,4,4,4,4,4,4,4,4,4,4,4,4,4,4,4,4,4,4,4,2,1,4,3,0,1,0,3,0,0,0,0,3,3,1,4,4,2,0,0,3,2,0,1,2,1,4,0,1,0,4,0,1,4,4,4,4,4,4,4,4,4,0,0,2,2,4,4,3,2,1,1,3,4,2,4,1,1,2,3,1,1,0,4,4,0,1,3,3,4,1,3,2,0,3,0,4,3,1,0,2,1,4,2,3,0,4,4,4,4,2,1,3,4,4,4,4,4,4,4,0,4,4,4,4,4,4,4,4,4,4,4,4,4,4,4,4,4,4,4,4,4,4,4,4,4,4,4,4,4,4,4,4,4,4,4,4,4,4,4,4,4,4,4,4,4,4,4,4,4,4,4,4,4,4,3,0,3,1,0,4,4,0,1,1,0,3,4,1,2,2,2,1,2,0,0,0,1,2,3,1,2,0,4,4,4,4,4,4,4,4,4,4,4,4,4,4,4,4,4,4,4,4,4,2,3,3,0,2,2,1,0,4,1,1,2,4,1,1,3,3,4,4,4,0,3,3,4,4,4,4,4,4,4,4,4,4,4,4,4,4,4,4,4,4,4,4,4,4,4,4,4,4,4,4,4,4,4,4,4,4,4,4,4,4,4,4,4,4,4,4,4,1,1,0,4,4,4,4,4,4,4,4,4,4,4,4,4,4,4,4,4,3,0,0,1,0,0,0,2,1,1,2,2,2,4,4,3,0,0,3,4,4,4,4,3,4,4,4,4,4,4,4,4,4,4,4,4,4,4,4,4,4,4,4,4,4,4,4,4,4,4,4,4,4,4,4,4,4,4,4,4,4,4,4,4,4,4,1,1,1,2,2,1,3,3,3,2,3,3,2,3,ADWU01000003.1/35064-35251,0
197,2,3,0,2,0,3,2,1,3,1,0,3,3,1,1,0,3,4,1,3,4,1,3,3,0,3,2,3,3,1,2,1,1,3,3,0,4,4,4,4,4,4,4,4,4,4,4,4,4,4,4,4,4,2,3,4,4,4,4,4,4,4,4,4,4,4,4,4,4,4,4,4,4,4,4,4,4,4,4,4,4,4,4,4,4,2,1,4,1,3,1,0,3,0,0,0,1,3,1,1,4,2,2,0,0,3,2,0,1,2,1,4,0,2,0,4,2,1,1,2,3,3,4,4,4,4,3,0,1,2,2,4,4,3,2,1,3,3,4,0,4,3,1,2,3,1,1,0,4,4,1,3,2,0,4,1,0,2,0,3,2,4,3,1,2,1,4,4,4,3,3,4,0,4,3,2,1,1,4,4,4,4,4,4,4,3,4,4,4,4,4,4,4,4,4,4,4,4,4,4,4,4,4,4,4,4,4,4,4,4,4,4,4,4,4,4,4,4,4,4,4,4,4,4,4,4,4,4,4,4,4,4,4,4,4,4,4,4,4,4,1,0,3,1,0,2,0,1,0,1,1,0,4,3,2,2,0,1,0,1,0,0,1,2,3,3,2,0,4,4,4,4,4,4,4,4,4,4,4,4,4,4,4,4,4,4,4,4,4,2,3,2,0,0,2,1,0,4,1,1,4,4,1,0,1,3,4,4,3,2,3,3,2,3,1,0,4,3,4,0,1,0,4,4,4,4,4,4,4,4,4,4,4,4,4,4,4,4,4,4,4,4,4,4,4,4,4,4,4,4,4,4,4,4,2,0,1,1,3,2,4,4,4,4,4,4,4,4,4,4,4,4,4,4,4,4,4,3,3,3,3,0,0,1,2,1,1,3,2,1,3,1,1,2,3,0,0,4,3,0,0,4,4,4,4,4,4,4,4,4,4,4,4,4,4,4,4,4,4,4,4,4,4,4,4,4,4,4,4,4,4,4,4,4,4,4,4,4,4,4,4,2,0,2,1,0,2,2,1,2,3,3,3,3,3,3,3,ACDM01000094.1/39486-39692,0
198,2,3,0,2,0,3,2,1,3,1,0,3,3,1,1,0,3,4,1,3,4,1,3,3,0,3,2,3,3,1,2,1,1,3,3,0,4,4,4,4,4,4,4,4,4,4,4,4,4,4,4,4,4,2,3,4,4,4,4,4,4,4,4,4,4,4,4,4,4,4,4,4,4,4,4,4,4,4,4,4,4,4,4,4,4,2,1,4,1,3,1,0,3,0,0,0,1,3,1,1,4,2,2,0,0,3,2,0,1,2,1,4,0,2,0,4,2,1,1,2,3,3,4,4,4,4,3,0,1,2,2,4,4,3,2,1,3,3,4,0,4,3,1,2,3,1,1,0,4,4,1,3,2,0,4,1,0,2,0,3,2,4,3,1,2,1,4,4,4,3,3,4,0,4,3,2,1,1,4,4,4,4,4,4,4,3,4,4,4,4,4,4,4,4,4,4,4,4,4,4,4,4,4,4,4,4,4,4,4,4,4,4,4,4,4,4,4,4,4,4,4,4,4,4,4,4,4,4,4,4,4,4,4,4,4,4,4,4,4,4,1,0,3,1,0,2,0,1,0,1,1,0,4,3,2,2,0,1,0,1,0,0,1,2,3,3,2,0,4,4,4,4,4,4,4,4,4,4,4,4,4,4,4,4,4,4,4,4,4,2,3,2,0,0,2,1,0,4,1,1,4,4,1,0,1,3,4,4,3,2,3,3,2,3,1,0,4,3,4,0,1,0,4,4,4,4,4,4,4,4,4,4,4,4,4,4,4,4,4,4,4,4,4,4,4,4,4,4,4,4,4,4,4,4,2,0,1,1,3,2,4,4,4,4,4,4,4,4,4,4,4,4,4,4,4,4,4,3,3,3,3,0,0,1,2,1,1,3,2,1,3,1,1,2,3,0,0,4,3,0,0,4,4,4,4,4,4,4,4,4,4,4,4,4,4,4,4,4,4,4,4,4,4,4,4,4,4,4,4,4,4,4,4,4,4,4,4,4,4,4,4,2,0,2,1,0,2,2,1,2,3,3,3,3,3,3,3,AFVA01000013.1/95989-96195,0
199,2,1,0,2,3,2,2,1,3,1,0,3,3,1,0,1,1,4,2,0,4,1,3,3,0,3,2,3,1,0,2,1,1,1,1,3,3,1,2,4,4,4,4,4,4,4,4,4,4,2,2,0,3,2,3,4,4,4,4,4,4,4,4,4,4,4,4,4,4,4,4,4,4,4,4,4,4,4,4,4,4,4,4,4,4,2,1,4,3,0,1,0,3,0,0,0,0,3,3,1,4,4,2,0,0,3,2,0,1,2,1,4,0,1,0,4,0,1,4,4,4,4,4,4,4,4,4,0,0,2,2,4,4,3,2,1,1,3,4,2,4,1,1,2,3,1,1,0,4,4,0,1,3,3,4,1,3,2,0,3,0,4,3,1,0,2,1,4,2,3,0,4,4,4,4,2,1,3,4,4,4,4,4,4,4,0,4,4,4,4,4,4,4,4,4,4,4,4,4,4,4,4,4,4,4,4,4,4,4,4,4,4,4,4,4,4,4,4,4,4,4,4,4,4,4,4,4,4,4,4,4,4,4,4,4,4,4,4,4,4,3,0,3,1,0,4,4,0,1,1,0,3,4,1,2,2,2,1,2,0,0,0,1,2,3,1,2,0,4,4,4,4,4,4,4,4,4,4,4,4,4,4,4,4,4,4,4,4,4,2,3,3,0,2,2,1,0,4,1,1,2,4,1,1,3,3,4,4,4,0,3,3,4,4,4,4,4,4,4,4,4,4,4,4,4,4,4,4,4,4,4,4,4,4,4,4,4,4,4,4,4,4,4,4,4,4,4,4,4,4,4,4,4,4,4,4,4,1,1,0,4,4,4,4,4,4,4,4,4,4,4,4,4,4,4,4,4,3,0,0,1,0,0,0,2,1,1,2,2,2,4,4,3,0,0,3,4,4,4,4,3,4,4,4,4,4,4,4,4,4,4,4,4,4,4,4,4,4,4,4,4,4,4,4,4,4,4,4,4,4,4,4,4,4,4,4,4,4,4,4,4,4,4,1,1,1,2,2,1,3,3,3,2,3,3,2,3,AFAI01000032.1/38555-38742,0
200,2,3,4,4,4,2,2,1,3,1,0,3,3,1,0,1,1,4,1,0,4,1,3,3,0,3,2,3,1,0,2,1,1,1,1,3,3,1,2,4,4,4,4,4,4,4,4,4,4,2,2,0,1,2,3,4,4,4,4,4,4,4,4,4,4,4,4,4,4,4,4,4,4,4,4,4,4,4,4,4,4,4,4,4,4,2,1,4,3,0,1,0,3,0,0,0,0,0,1,1,4,4,2,0,0,3,2,0,1,2,1,4,4,4,4,4,0,1,0,0,4,4,4,4,4,4,1,0,0,2,2,4,4,3,2,1,1,3,4,2,4,1,1,2,3,1,1,0,4,4,0,1,3,3,4,1,3,2,0,3,0,4,3,1,0,2,1,4,2,3,0,4,4,4,4,2,1,3,4,4,4,4,4,4,4,0,4,4,4,4,4,4,4,4,4,4,4,4,4,4,4,4,4,4,4,4,4,4,4,4,4,4,4,4,4,4,4,4,4,4,4,4,4,4,4,4,4,4,4,4,4,4,4,4,4,4,4,4,4,4,3,0,3,1,0,4,4,0,1,1,0,3,4,1,2,2,2,1,2,0,0,0,1,2,3,1,2,0,4,4,4,4,4,4,4,4,4,4,4,4,4,4,4,4,4,4,4,4,4,2,3,3,0,2,2,1,0,4,1,1,2,4,1,1,3,3,4,4,4,0,3,3,4,4,4,4,4,4,4,4,4,4,4,4,4,4,4,4,4,4,4,4,4,4,4,4,4,4,4,4,4,4,4,4,4,4,4,4,4,4,4,4,4,4,4,4,4,1,1,0,4,4,4,4,4,4,4,4,4,4,4,4,4,4,4,4,4,1,0,0,1,0,0,0,2,1,1,2,2,2,4,4,3,0,0,3,4,4,4,4,3,4,4,4,4,4,4,4,4,4,4,4,4,4,4,4,4,4,4,4,4,4,4,4,4,4,4,4,4,4,4,4,4,4,4,4,4,4,4,4,4,4,4,1,1,1,2,2,1,3,3,3,2,3,3,2,3,AEME01000001.1/2998160-2998344,0
201,2,3,3,2,1,4,4,4,3,1,0,3,3,1,0,3,1,4,3,3,4,3,3,3,0,3,2,0,3,2,2,3,3,2,1,1,3,0,3,4,4,4,4,4,4,4,4,4,4,4,3,3,0,0,0,4,4,4,4,4,4,4,4,4,4,4,4,4,4,4,4,4,4,4,4,4,4,4,4,4,4,4,4,4,4,2,1,4,1,3,1,0,3,0,0,2,1,1,3,1,4,1,2,0,0,3,2,0,3,4,4,4,4,4,4,4,2,1,1,0,0,0,4,4,2,0,0,0,2,2,2,4,4,3,2,1,1,3,4,0,4,3,1,2,3,1,1,0,0,1,1,0,0,0,4,1,1,2,0,3,0,4,0,1,0,2,1,4,3,1,0,4,1,4,2,1,0,0,2,3,2,4,0,1,3,3,4,4,4,4,4,4,4,4,4,4,4,4,4,4,4,4,4,4,4,4,4,4,4,4,4,4,4,4,4,4,4,4,4,4,4,4,4,4,4,4,4,4,4,4,4,4,4,4,4,4,4,4,4,4,3,0,3,1,0,0,2,1,4,4,0,3,4,3,2,2,2,1,2,0,1,0,1,2,3,2,2,0,4,4,4,4,4,4,4,4,4,4,4,4,4,4,4,4,4,4,4,4,4,2,3,2,0,2,2,1,0,4,1,1,2,4,1,1,3,0,4,4,4,4,4,3,1,3,1,3,4,0,4,0,1,4,4,4,4,4,4,4,4,4,4,4,4,4,4,4,4,4,4,4,4,4,4,4,4,4,4,4,4,4,4,4,4,4,2,2,2,2,3,2,4,4,4,4,4,4,4,4,4,4,4,4,4,4,4,4,4,0,3,2,0,3,0,2,1,1,3,4,4,4,4,4,4,4,4,4,4,4,4,4,4,4,4,4,4,4,4,4,4,4,4,4,4,4,4,4,4,4,4,4,4,4,4,4,4,4,4,4,4,4,4,4,4,4,4,4,4,4,4,4,3,4,4,4,4,4,0,2,2,1,3,0,1,3,3,1,0,AENX01000076.1/9680-9874,0
202,2,3,0,2,0,3,2,1,3,1,0,3,3,1,1,0,3,4,1,3,4,1,3,3,0,3,2,3,3,1,2,1,1,3,3,0,4,4,4,4,4,4,4,4,4,4,4,4,4,4,4,4,4,2,3,4,4,4,4,4,4,4,4,4,4,4,4,4,4,4,4,4,4,4,4,4,4,4,4,4,4,4,4,4,4,2,1,4,1,3,1,0,3,0,0,0,1,3,1,1,4,2,2,0,0,3,2,0,1,2,1,4,0,2,0,4,2,1,1,2,3,3,4,4,4,4,3,0,1,2,2,4,4,3,2,1,3,3,4,0,4,3,1,2,3,1,1,0,4,4,1,3,2,0,4,1,0,2,0,3,2,4,3,1,2,1,4,4,4,3,3,4,0,4,3,2,1,1,4,4,4,4,4,4,4,3,4,4,4,4,4,4,4,4,4,4,4,4,4,4,4,4,4,4,4,4,4,4,4,4,4,4,4,4,4,4,4,4,4,4,4,4,4,4,4,4,4,4,4,4,4,4,4,4,4,4,4,4,4,4,1,0,3,1,0,2,0,1,0,1,1,0,4,3,2,2,0,1,0,1,0,0,1,2,3,3,2,0,4,4,4,4,4,4,4,4,4,4,4,4,4,4,4,4,4,4,4,4,4,2,3,2,0,0,2,1,0,4,1,1,4,4,1,0,1,3,4,4,3,2,3,3,2,3,1,0,4,3,4,0,1,0,4,4,4,4,4,4,4,4,4,4,4,4,4,4,4,4,4,4,4,4,4,4,4,4,4,4,4,4,4,4,4,4,2,0,1,1,3,2,4,4,4,4,4,4,4,4,4,4,4,4,4,4,4,4,4,3,3,3,3,0,0,1,2,1,1,3,2,1,3,1,1,2,3,0,0,4,3,0,0,4,4,4,4,4,4,4,4,4,4,4,4,4,4,4,4,4,4,4,4,4,4,4,4,4,4,4,4,4,4,4,4,4,4,4,4,4,4,4,4,2,0,2,1,0,2,2,1,2,3,3,3,3,3,3,3,AEHZ01000087.1/39885-40091,0
203,2,1,0,2,3,2,2,1,3,1,0,3,3,1,0,1,1,4,1,0,4,3,3,3,0,3,2,3,1,0,2,1,1,1,1,3,3,1,2,4,4,4,4,4,4,4,4,4,4,2,2,0,1,2,1,4,4,4,4,4,4,4,4,4,4,4,4,4,4,4,4,4,4,4,4,4,4,4,4,4,4,4,4,4,4,2,1,4,3,0,1,0,3,0,0,0,0,3,3,1,4,4,2,0,0,3,2,0,1,2,1,4,0,1,0,4,0,1,4,4,4,4,4,4,4,4,4,0,0,2,2,4,4,3,2,1,1,3,4,2,4,1,1,2,3,1,1,0,4,4,0,1,3,3,4,1,3,2,0,3,0,4,3,1,0,2,4,4,4,1,3,4,3,4,0,2,1,3,4,4,4,4,4,4,4,0,4,4,4,4,4,4,4,4,4,4,4,4,4,4,4,4,4,4,4,4,4,4,4,4,4,4,4,4,4,4,4,4,4,4,4,4,4,4,4,4,4,4,4,4,4,4,4,4,4,4,4,4,4,4,3,0,3,1,0,4,4,0,1,1,1,3,4,1,2,2,2,1,2,0,0,0,1,2,3,1,2,0,4,4,4,4,4,4,4,4,4,4,4,4,4,4,4,4,4,4,4,4,4,2,3,3,0,2,2,1,0,4,1,1,2,4,1,1,3,3,4,4,4,0,3,3,4,4,4,4,4,4,4,4,4,4,4,4,4,4,4,4,4,4,4,4,4,4,4,4,4,4,4,4,4,4,4,4,4,4,4,4,4,4,4,4,4,4,4,4,4,1,1,0,4,4,4,4,4,4,4,4,4,4,4,4,4,4,4,4,4,3,0,0,1,0,0,0,2,1,1,2,2,2,4,4,3,1,0,3,4,4,4,4,3,4,4,4,4,4,4,4,4,4,4,4,4,4,4,4,4,4,4,4,4,4,4,4,4,4,4,4,4,4,4,4,4,4,4,4,4,4,4,4,4,4,4,1,1,1,2,2,1,3,3,3,2,3,3,2,3,ABKX01000003.1/52209-52396,0
204,2,1,0,2,3,2,2,1,3,1,0,3,3,1,0,1,1,4,2,0,4,1,3,3,0,3,2,3,1,0,2,1,1,1,1,3,3,1,2,4,4,4,4,4,4,4,4,4,4,2,2,0,1,2,3,4,4,4,4,4,4,4,4,4,4,4,4,4,4,4,4,4,4,4,4,4,4,4,4,4,4,4,4,4,4,2,1,4,3,0,1,0,3,0,0,0,0,3,3,1,4,4,2,0,0,3,2,0,1,2,1,4,0,1,0,4,0,1,4,4,4,4,4,4,4,4,4,0,0,2,2,4,4,3,2,1,1,3,4,2,4,1,1,2,3,1,1,0,4,4,0,1,3,3,4,1,3,2,0,3,0,4,3,1,0,2,1,4,2,3,0,4,4,4,4,2,1,3,4,4,4,4,4,4,4,0,4,4,4,4,4,4,4,4,4,4,4,4,4,4,4,4,4,4,4,4,4,4,4,4,4,4,4,4,4,4,4,4,4,4,4,4,4,4,4,4,4,4,4,4,4,4,4,4,4,4,4,4,4,4,3,0,3,1,0,4,4,0,1,1,0,3,4,1,2,2,2,1,2,0,0,0,1,2,3,1,2,0,4,4,4,4,4,4,4,4,4,4,4,4,4,4,4,4,4,4,4,4,4,2,3,3,0,2,2,1,0,4,1,1,2,4,1,1,3,3,4,4,4,0,3,3,4,4,4,4,4,4,4,4,4,4,4,4,4,4,4,4,4,4,4,4,4,4,4,4,4,4,4,4,4,4,4,4,4,4,4,4,4,4,4,4,4,4,4,4,4,1,1,0,4,4,4,4,4,4,4,4,4,4,4,4,4,4,4,4,4,3,0,0,1,0,0,0,2,1,1,2,2,2,4,4,3,0,0,3,4,4,4,4,3,4,4,4,4,4,4,4,4,4,4,4,4,4,4,4,4,4,4,4,4,4,4,4,4,4,4,4,4,4,4,4,4,4,4,4,4,4,4,4,4,4,4,1,1,1,2,2,1,3,3,3,2,3,3,2,3,CU928145.2/2914561-2914374,0
205,2,3,4,4,4,2,2,1,3,1,0,3,3,1,0,1,1,4,3,3,4,1,3,3,0,3,2,3,1,0,2,1,1,1,1,3,3,0,2,4,4,4,4,4,4,4,4,4,4,2,2,0,1,2,1,4,4,4,4,4,4,4,4,4,4,4,4,4,4,4,4,4,4,4,4,4,4,4,4,4,4,4,4,4,4,2,1,4,3,0,1,0,3,0,0,0,1,3,3,1,4,4,2,0,0,3,2,0,1,2,1,4,4,4,4,4,0,1,0,0,4,4,4,4,4,4,1,0,0,2,2,4,4,3,2,1,1,3,4,2,4,1,1,2,3,1,1,0,4,4,0,1,3,3,4,1,3,2,0,3,0,4,0,3,0,2,1,4,2,3,4,4,4,4,0,2,1,3,4,4,4,4,4,4,4,3,4,4,4,4,4,4,4,4,4,4,4,4,4,4,4,4,4,4,4,4,4,4,4,4,4,4,4,4,4,4,4,4,4,4,4,4,4,4,4,4,4,4,4,4,4,4,4,4,4,4,4,4,4,4,3,0,3,1,0,4,4,0,1,1,3,1,4,1,2,2,2,1,2,0,0,0,1,2,3,1,2,0,4,4,4,4,4,4,4,4,4,4,4,4,4,4,4,4,4,4,4,4,4,2,3,3,0,2,2,1,0,4,1,1,2,4,1,1,3,3,4,4,4,0,3,3,4,4,4,4,4,4,4,4,4,4,4,4,4,4,4,4,4,4,4,4,4,4,4,4,4,4,4,4,4,4,4,4,4,4,4,4,4,4,4,4,4,4,4,4,4,1,1,0,4,4,4,4,4,4,4,4,4,4,4,4,4,4,4,4,4,3,0,0,1,0,0,0,2,1,1,2,2,2,3,3,3,4,4,4,4,4,4,4,4,4,4,4,4,4,4,4,4,4,4,4,4,4,4,4,4,4,4,4,4,4,4,4,4,4,4,4,4,4,4,4,4,4,4,4,4,4,4,4,4,0,2,1,1,1,2,2,1,3,3,3,2,3,3,2,3,AESM01000020.1/40322-40506,0
206,2,3,4,4,4,3,2,1,3,1,0,3,3,1,3,1,1,4,3,2,4,1,3,3,0,3,2,0,3,3,2,1,1,1,1,2,1,0,3,3,2,4,4,4,4,4,4,4,1,2,2,3,3,2,0,4,4,4,4,4,4,4,4,4,4,4,4,4,4,4,4,4,4,4,4,4,4,4,4,4,4,4,4,4,4,2,1,4,4,3,1,0,3,0,0,0,0,0,1,3,4,4,2,0,0,3,2,0,1,2,1,4,0,4,4,4,4,1,1,0,0,0,4,4,4,4,4,4,1,2,2,4,4,3,2,1,1,3,4,2,4,1,1,2,3,1,1,0,4,1,1,1,0,0,4,1,1,2,0,3,0,4,0,3,1,2,1,4,3,3,2,4,1,4,3,3,3,2,1,0,4,4,0,1,2,3,4,4,4,4,4,4,4,4,4,4,4,4,4,4,4,4,4,4,4,4,4,4,4,4,4,4,4,4,4,4,4,4,4,4,4,4,4,4,4,4,4,4,4,4,4,4,4,4,4,4,4,4,4,4,3,0,3,1,0,0,2,4,4,1,0,3,4,1,2,2,0,1,2,3,0,0,1,2,3,3,2,0,4,4,4,4,4,4,4,4,4,4,4,4,4,4,4,4,4,4,4,4,4,2,3,3,0,2,2,1,0,4,1,1,4,4,0,1,1,3,4,4,3,0,3,3,1,1,1,2,4,1,4,2,1,2,4,4,4,4,4,4,4,4,4,4,4,4,4,4,4,4,4,4,4,4,4,4,4,4,4,4,4,4,4,4,4,4,0,2,2,1,0,3,3,3,1,2,1,4,4,4,4,4,4,4,2,3,1,2,1,2,1,0,3,0,0,1,2,2,1,0,2,2,1,0,3,1,2,4,4,4,4,4,4,4,4,4,4,4,4,4,4,4,4,4,4,4,4,4,4,4,4,4,4,4,4,4,4,4,4,4,4,4,4,4,4,4,4,4,4,4,4,4,4,1,2,1,1,3,2,1,1,2,3,3,3,3,1,3,3,CP002433.1/3248766-3248549,0
207,2,3,0,2,0,3,2,1,3,1,0,3,3,1,1,0,3,4,1,3,4,1,3,3,0,3,2,3,3,1,2,1,1,3,3,1,4,4,4,4,4,4,4,4,4,4,4,4,4,4,4,4,4,3,2,4,4,4,4,4,4,4,4,4,4,4,4,4,4,4,4,4,4,4,4,4,4,4,4,4,4,4,4,4,4,2,1,4,1,3,1,0,3,0,0,0,1,3,1,0,4,2,2,0,0,3,2,0,3,2,1,4,0,2,0,4,2,1,1,2,3,3,4,4,4,4,3,0,1,2,2,4,4,3,2,1,3,3,4,0,4,3,1,2,3,1,1,0,4,4,1,3,2,0,4,1,0,2,0,3,2,4,3,1,2,1,4,4,4,3,3,4,0,4,1,2,1,1,4,4,4,4,4,4,4,3,4,4,4,4,4,4,4,4,4,4,4,4,4,4,4,4,4,4,4,4,4,4,4,4,4,4,4,4,4,4,4,4,4,4,4,4,4,4,4,4,4,4,4,4,4,4,4,4,4,4,4,4,4,4,1,0,3,1,0,0,0,1,0,1,1,1,4,3,2,2,0,1,0,1,0,0,1,2,3,3,2,0,4,4,4,4,4,4,4,4,4,4,4,4,4,4,4,4,4,4,4,4,4,2,3,2,0,0,2,1,0,4,1,1,1,4,1,3,3,3,4,0,3,2,3,3,2,3,1,0,4,3,4,0,1,0,4,4,4,4,4,4,4,4,4,4,4,4,4,4,4,4,4,4,4,4,4,4,4,4,4,4,4,4,4,4,4,4,2,0,1,1,3,2,4,4,4,4,4,4,4,4,4,4,4,4,4,4,4,4,4,3,3,3,3,2,0,1,2,1,1,0,2,1,1,1,1,3,3,0,0,4,4,1,1,4,4,4,4,4,4,4,4,4,4,4,4,4,4,4,4,4,4,4,4,4,4,4,4,4,4,4,4,4,4,4,4,4,4,4,4,4,4,4,4,2,2,2,1,0,2,2,1,2,3,3,3,3,3,3,3,CP001144.1/4170255-4170462,0
208,2,3,0,2,0,3,2,1,3,1,0,3,3,1,1,0,3,4,1,3,4,1,3,3,0,3,2,3,3,1,2,1,1,3,3,3,4,4,4,4,4,4,4,4,4,4,4,4,4,4,4,4,4,2,3,4,4,4,4,4,4,4,4,4,4,4,4,4,4,4,4,4,4,4,4,4,4,4,4,4,4,4,4,4,4,2,1,4,1,3,1,0,3,0,0,0,1,3,1,0,4,2,2,0,0,3,2,0,3,2,1,4,0,2,0,4,2,1,1,2,3,0,4,4,1,3,3,0,1,2,2,4,4,3,2,1,3,3,4,0,4,3,1,2,3,1,1,0,4,4,1,3,2,0,4,3,0,2,0,3,2,4,3,1,2,1,0,4,3,3,3,4,1,4,0,3,0,3,2,4,4,4,4,3,1,3,4,4,4,4,4,4,4,4,4,4,4,4,4,4,4,4,4,4,4,4,4,4,4,4,4,4,4,4,4,4,4,4,4,4,4,4,4,4,4,4,4,4,4,4,4,4,4,4,4,4,4,4,4,4,1,0,3,1,0,0,0,1,0,1,1,0,4,3,2,2,0,1,0,3,0,0,1,2,3,3,2,0,4,4,4,4,4,4,4,4,4,4,4,4,4,4,4,4,4,4,4,4,4,2,3,2,0,0,2,1,0,4,1,1,1,4,0,0,3,3,4,4,3,2,3,3,2,3,1,0,4,0,4,0,1,0,4,4,4,4,4,4,4,4,4,4,4,4,4,4,4,4,4,4,4,4,4,4,4,4,4,4,4,4,4,4,4,4,2,0,1,1,3,2,4,4,4,4,4,4,4,4,4,4,4,4,4,4,4,4,4,3,3,3,3,0,0,1,2,1,1,3,2,1,1,1,3,2,0,3,3,4,3,1,0,4,4,4,4,4,4,4,4,4,4,4,4,4,4,4,4,4,4,4,4,4,4,4,4,4,4,4,4,4,4,4,4,4,4,4,4,4,4,4,4,2,1,2,1,0,2,2,1,2,3,3,3,3,3,3,3,AEWW01015060.1/2632-2418,0
209,2,3,4,4,4,2,2,1,3,1,0,3,3,1,0,1,1,4,1,2,4,2,3,3,0,3,2,0,1,0,2,1,1,1,3,2,1,2,1,0,0,4,4,4,4,4,4,2,1,2,2,0,1,0,0,4,4,4,4,4,4,4,4,4,4,4,4,4,4,4,4,4,4,4,4,4,4,4,4,4,4,4,4,4,4,2,1,2,1,1,1,0,3,0,0,1,0,3,3,1,4,4,2,0,0,3,2,0,1,2,1,4,4,4,4,4,0,1,0,0,4,4,4,4,4,4,3,0,1,2,2,4,4,3,2,1,1,3,4,2,4,3,1,2,3,1,1,0,4,1,1,1,1,0,4,1,1,2,0,3,0,4,0,3,1,2,3,4,3,1,0,4,1,4,3,3,3,2,3,2,4,4,0,1,2,3,4,4,4,4,4,4,4,4,4,4,4,4,4,4,4,4,4,4,4,4,4,4,4,4,4,4,4,4,4,4,4,4,4,4,4,4,4,4,4,4,4,4,4,4,4,4,4,4,4,4,4,4,4,4,3,0,3,1,0,4,4,2,0,1,0,3,4,1,2,2,0,1,2,1,0,0,1,2,3,3,2,0,4,4,4,4,4,4,4,4,4,4,4,4,4,4,4,4,4,4,4,4,4,2,3,3,0,2,2,1,0,4,1,1,4,4,4,0,1,1,4,4,3,2,3,3,1,1,2,3,4,3,4,0,1,2,4,4,4,4,4,4,4,4,4,4,4,4,4,4,4,4,4,4,4,4,4,4,4,4,4,4,4,4,4,4,4,4,1,2,2,2,3,3,1,3,2,1,1,2,4,4,4,4,2,1,2,3,0,0,3,3,1,0,2,0,0,2,2,1,1,2,2,3,3,1,0,3,3,4,4,4,4,4,4,4,4,4,4,4,4,4,4,4,4,4,4,4,4,4,4,4,4,4,4,4,4,4,4,4,4,4,4,4,4,4,4,4,4,4,4,4,4,4,4,2,0,0,1,1,2,2,1,1,3,2,3,3,1,0,3,FN434113.1/2697264-2697042,0
210,2,3,0,2,0,3,2,1,3,1,0,3,3,1,1,0,3,4,1,3,4,1,3,3,0,3,2,3,3,1,2,1,1,3,3,1,4,4,4,4,4,4,4,4,4,4,4,4,4,4,4,4,4,2,3,4,4,4,4,4,4,4,4,4,4,4,4,4,4,4,4,4,4,4,4,4,4,4,4,4,4,4,4,4,4,2,1,4,1,3,1,0,3,0,0,0,1,3,1,1,4,2,2,0,0,3,2,0,3,2,1,4,0,2,0,4,2,1,1,2,3,3,4,4,1,3,3,0,1,2,2,4,4,3,2,1,3,3,4,0,4,3,1,2,3,1,1,0,4,4,1,3,2,0,4,1,0,2,0,3,2,4,3,1,2,1,0,4,3,3,3,4,0,4,3,2,1,1,4,4,4,4,4,4,4,3,4,4,4,4,4,4,4,4,4,4,4,4,4,4,4,4,4,4,4,4,4,4,4,4,4,4,4,4,4,4,4,4,4,4,4,4,4,4,4,4,4,4,4,4,4,4,4,4,4,4,4,4,4,4,1,0,3,1,0,0,0,1,0,1,1,0,4,3,2,2,0,1,0,3,3,0,1,2,3,3,2,0,4,4,4,4,4,4,4,4,4,4,4,4,4,4,4,4,4,4,4,4,4,2,3,2,0,0,2,1,0,4,1,1,1,4,0,0,3,3,4,4,3,2,3,3,2,3,1,0,4,0,4,0,1,0,4,4,4,4,4,4,4,4,4,4,4,4,4,4,4,4,4,4,4,4,4,4,4,4,4,4,4,4,4,4,4,4,2,0,1,1,3,2,4,4,4,4,4,4,4,4,4,4,4,4,4,4,4,4,4,3,3,3,3,0,0,1,2,1,1,3,2,1,1,1,3,2,0,3,3,4,3,1,0,4,4,4,4,4,4,4,4,4,4,4,4,4,4,4,4,4,4,4,4,4,4,4,4,4,4,4,4,4,4,4,4,4,4,4,4,4,4,4,4,2,1,2,1,0,2,2,1,2,3,3,3,3,3,3,3,AP006725.1/164420-164631,0
211,2,1,0,2,3,2,2,1,3,1,0,3,3,1,0,1,1,4,2,0,4,1,3,3,0,3,2,3,1,0,2,1,1,1,1,3,3,1,2,4,4,4,4,4,4,4,4,4,4,2,2,0,1,2,3,4,4,4,4,4,4,4,4,4,4,4,4,4,4,4,4,4,4,4,4,4,4,4,4,4,4,4,4,4,4,2,1,4,3,0,1,0,3,0,0,0,0,3,0,1,4,4,2,0,0,3,2,0,1,2,1,4,0,1,0,4,0,1,4,4,4,4,4,4,4,4,4,0,0,2,2,4,4,3,2,1,1,3,4,2,4,1,1,2,3,1,1,0,4,4,0,1,3,3,4,1,3,2,0,3,0,4,3,1,0,2,1,4,2,3,0,4,4,4,4,2,1,3,4,4,4,4,4,4,4,0,4,4,4,4,4,4,4,4,4,4,4,4,4,4,4,4,4,4,4,4,4,4,4,4,4,4,4,4,4,4,4,4,4,4,4,4,4,4,4,4,4,4,4,4,4,4,4,4,4,4,4,4,4,4,3,0,3,1,0,4,4,0,1,1,0,3,4,1,2,2,2,1,2,0,0,0,1,2,3,1,2,0,4,4,4,4,4,4,4,4,4,4,4,4,4,4,4,4,4,4,4,4,4,2,3,3,0,2,2,1,0,4,1,1,2,4,1,1,3,3,4,4,4,0,3,3,4,4,4,4,4,4,4,4,4,4,4,4,4,4,4,4,4,4,4,4,4,4,4,4,4,4,4,4,4,4,4,4,4,4,4,4,4,4,4,4,4,4,4,4,4,1,1,0,4,4,4,4,4,4,4,4,4,4,4,4,4,4,4,4,4,3,0,0,1,0,0,0,2,1,1,2,2,2,4,4,3,0,0,3,4,4,4,4,3,4,4,4,4,4,4,4,4,4,4,4,4,4,4,4,4,4,4,4,4,4,4,4,4,4,4,4,4,4,4,4,4,4,4,4,4,4,4,4,4,4,4,1,1,1,2,2,1,3,3,3,2,3,3,2,3,AGSG01000183.1/1478-1291,0
212,2,1,0,2,3,2,2,1,3,1,0,3,3,1,2,1,1,4,2,0,4,1,3,3,0,3,2,3,1,0,2,1,1,1,1,3,3,1,2,4,4,4,4,4,4,4,4,4,4,2,2,0,1,2,3,4,4,4,4,4,4,4,4,4,4,4,4,4,4,4,4,4,4,4,4,4,4,4,4,4,4,4,4,4,4,2,1,4,3,0,1,0,3,0,0,0,0,3,4,3,4,1,2,0,0,3,2,0,1,2,1,4,0,1,0,4,0,1,4,4,4,4,4,4,4,4,4,0,0,2,2,4,4,3,2,1,1,3,4,2,4,1,1,2,3,1,1,0,4,4,0,1,3,3,4,1,3,2,0,3,0,4,3,1,0,2,1,4,2,3,0,4,4,4,4,2,1,3,4,4,4,4,4,4,4,0,4,4,4,4,4,4,4,4,4,4,4,4,4,4,4,4,4,4,4,4,4,4,4,4,4,4,4,4,4,4,4,4,4,4,4,4,4,4,4,4,4,4,4,4,4,4,4,4,4,4,4,4,4,4,3,0,3,1,0,4,4,0,1,1,0,3,4,1,2,2,2,1,2,0,0,0,1,2,3,1,2,0,4,4,4,4,4,4,4,4,4,4,4,4,4,4,4,4,4,4,4,4,4,2,3,3,0,2,2,1,0,4,1,1,2,4,1,1,3,3,4,4,4,0,3,3,4,4,4,4,4,4,4,4,4,4,4,4,4,4,4,4,4,4,4,4,4,4,4,4,4,4,4,4,4,4,4,4,4,4,4,4,4,4,4,4,4,4,4,4,4,1,1,0,4,4,4,4,4,4,4,4,4,4,4,4,4,4,4,4,4,3,0,0,1,0,0,0,2,1,1,2,2,2,4,4,3,0,0,3,4,4,4,4,3,4,4,4,4,4,4,4,4,4,4,4,4,4,4,4,4,4,4,4,4,4,4,4,4,4,4,4,4,4,4,4,4,4,4,4,4,4,4,4,4,4,4,1,1,1,2,2,1,3,3,3,2,3,3,2,3,CU928162.2/2948350-2948163,0
213,2,3,4,4,4,2,2,1,3,1,0,3,3,1,0,1,1,4,1,3,4,1,3,3,0,3,2,3,1,0,2,1,1,1,1,3,3,1,2,4,4,4,4,4,4,4,4,4,4,2,2,0,1,2,1,4,4,4,4,4,4,4,4,4,4,4,4,4,4,4,4,4,4,4,4,4,4,4,4,4,4,4,4,4,4,2,1,4,3,0,1,0,3,0,0,0,1,3,3,1,4,4,2,0,0,3,2,0,1,2,1,4,4,4,4,4,0,1,0,0,0,0,4,4,4,4,4,4,0,2,2,4,4,3,2,1,1,3,4,2,4,1,1,2,3,1,1,0,4,4,0,1,3,0,4,1,3,2,0,3,3,4,0,3,3,2,1,4,4,2,3,4,0,4,0,2,1,3,4,4,4,4,4,4,4,3,4,4,4,4,4,4,4,4,4,4,4,4,4,4,4,4,4,4,4,4,4,4,4,4,4,4,4,4,4,4,4,4,4,4,4,4,4,4,4,4,4,4,4,4,4,4,4,4,4,4,4,4,4,4,3,0,3,1,0,4,4,2,2,1,3,1,4,1,2,2,2,1,2,0,0,0,1,2,3,1,2,0,4,4,4,4,4,4,4,4,4,4,4,4,4,4,4,4,4,4,4,4,4,2,3,0,0,2,2,1,0,4,1,1,2,4,1,1,3,1,4,4,4,0,3,3,4,4,4,4,4,4,4,4,4,4,4,4,4,4,4,4,4,4,4,4,4,4,4,4,4,4,4,4,4,4,4,4,4,4,4,4,4,4,4,4,4,4,4,4,4,4,4,2,1,4,4,4,4,4,4,4,4,4,4,4,4,4,4,4,0,3,0,0,1,0,0,0,2,1,1,2,2,2,3,0,3,3,4,4,4,4,4,4,4,4,4,4,4,4,4,4,4,4,4,4,4,4,4,4,4,4,4,4,4,4,4,4,4,4,4,4,4,4,4,4,4,4,4,4,4,4,4,4,4,3,0,1,1,1,2,2,1,3,3,3,2,3,3,2,3,CP000653.1/3309705-3309519,0
214,2,3,0,2,0,3,2,1,3,1,0,3,3,1,1,0,3,4,1,3,4,1,3,3,0,3,2,3,3,1,2,1,1,3,3,0,4,4,4,4,4,4,4,4,4,4,4,4,4,4,4,4,4,2,3,4,4,4,4,4,4,4,4,4,4,4,4,4,4,4,4,4,4,4,4,4,4,4,4,4,4,4,4,4,4,2,1,4,1,3,1,0,3,0,0,0,1,3,1,1,4,2,2,0,0,3,2,0,1,2,1,4,0,2,0,4,2,1,1,2,3,3,4,4,4,4,3,0,1,2,2,4,4,3,2,1,3,3,4,0,4,3,1,2,3,1,1,0,4,4,1,3,2,0,4,1,0,2,0,3,2,4,3,1,2,1,4,4,4,3,3,4,0,4,3,2,1,1,4,4,4,4,4,4,4,3,4,4,4,4,4,4,4,4,4,4,4,4,4,4,4,4,4,4,4,4,4,4,4,4,4,4,4,4,4,4,4,4,4,4,4,4,4,4,4,4,4,4,4,4,4,4,4,4,4,4,4,4,4,4,1,0,3,1,0,2,0,1,0,1,1,0,4,3,2,2,0,1,0,1,0,0,1,2,3,3,2,0,4,4,4,4,4,4,4,4,4,4,4,4,4,4,4,4,4,4,4,4,4,2,3,2,0,0,2,1,0,4,1,1,4,4,1,0,1,3,4,4,3,2,3,3,2,3,1,0,4,3,4,0,1,0,4,4,4,4,4,4,4,4,4,4,4,4,4,4,4,4,4,4,4,4,4,4,4,4,4,4,4,4,4,4,4,4,2,0,1,1,3,2,4,4,4,4,4,4,4,4,4,4,4,4,4,4,4,4,4,3,3,3,3,0,0,1,2,1,1,3,2,1,3,1,1,2,3,0,0,4,3,0,0,4,4,4,4,4,4,4,4,4,4,4,4,4,4,4,4,4,4,4,4,4,4,4,4,4,4,4,4,4,4,4,4,4,4,4,4,4,4,4,4,2,0,2,1,0,2,2,1,2,3,3,3,3,3,3,3,AE005174.2/4848834-4849040,0
215,2,3,0,2,0,3,2,1,3,1,0,3,3,1,1,0,1,4,1,1,4,3,1,3,0,3,2,3,3,3,2,1,3,3,1,2,4,4,4,4,4,4,4,4,4,4,4,4,4,4,4,4,4,4,4,4,4,4,4,4,4,4,4,4,4,4,4,4,4,4,4,4,4,4,4,4,4,4,4,4,4,4,4,4,4,2,1,4,3,3,1,0,3,0,0,0,1,1,3,2,4,2,2,0,0,3,2,0,1,2,1,4,0,2,0,4,2,1,1,0,3,3,4,4,4,4,3,0,1,2,2,4,4,3,2,1,1,3,4,2,4,0,1,2,3,1,1,0,4,4,2,3,3,0,4,3,3,2,0,3,2,4,0,0,2,3,2,4,1,4,4,4,4,4,3,2,3,3,4,4,4,4,4,4,4,3,4,4,4,4,4,4,4,4,4,4,4,4,4,4,4,4,4,4,4,4,4,4,4,4,4,4,4,4,4,4,4,4,4,4,4,4,4,4,4,4,4,4,4,4,4,4,4,4,4,4,4,4,4,4,1,0,3,1,2,4,4,4,1,2,2,3,4,3,2,2,0,1,2,3,0,0,3,2,3,3,2,0,4,4,4,4,4,4,4,4,4,4,4,4,4,4,4,4,4,4,4,4,4,2,3,2,2,2,2,1,0,4,1,1,4,4,3,3,0,0,4,4,0,2,3,3,2,3,1,3,4,3,4,3,1,0,4,4,4,4,4,4,4,4,4,4,4,4,4,4,4,4,4,4,4,4,4,4,4,4,4,4,4,4,4,4,4,4,2,0,1,1,3,2,0,3,3,4,4,4,4,4,4,4,4,4,4,4,3,3,3,0,3,3,2,1,0,1,2,1,3,3,2,3,1,2,1,3,2,2,4,4,4,4,3,4,4,4,4,4,4,4,4,4,4,4,4,4,4,4,4,4,4,4,4,4,4,4,4,4,4,4,4,4,4,4,4,4,4,4,4,4,4,4,4,1,2,2,1,0,0,2,1,2,3,3,3,3,3,3,3,CP001836.1/4426841-4426638,0
216,2,3,0,2,0,3,2,1,3,1,0,3,3,1,1,0,3,4,1,3,4,1,3,3,0,3,2,3,3,1,2,1,1,3,3,1,4,4,4,4,4,4,4,4,4,4,4,4,4,4,4,4,4,3,2,4,4,4,4,4,4,4,4,4,4,4,4,4,4,4,4,4,4,4,4,4,4,4,4,4,4,4,4,4,4,2,1,4,1,3,1,0,3,0,0,0,1,3,1,0,4,2,2,0,0,3,2,0,3,2,1,4,0,2,0,4,2,1,1,2,3,3,4,4,4,4,3,0,1,2,2,4,4,3,2,1,3,3,4,0,4,3,1,2,3,1,1,0,4,4,1,3,2,0,4,1,0,2,0,3,2,4,3,1,2,1,4,4,4,3,3,4,0,4,1,2,1,1,4,4,4,4,4,4,4,3,4,4,4,4,4,4,4,4,4,4,4,4,4,4,4,4,4,4,4,4,4,4,4,4,4,4,4,4,4,4,4,4,4,4,4,4,4,4,4,4,4,4,4,4,4,4,4,4,4,4,4,4,4,4,1,0,3,1,0,0,0,1,0,1,1,1,4,3,2,2,0,1,0,1,0,0,1,2,3,3,2,0,4,4,4,4,4,4,4,4,4,4,4,4,4,4,4,4,4,4,4,4,4,2,3,2,0,0,2,1,0,4,1,1,1,4,1,3,3,3,4,0,3,2,3,3,2,3,1,0,4,3,4,0,1,0,4,4,4,4,4,4,4,4,4,4,4,4,4,4,4,4,4,4,4,4,4,4,4,4,4,4,4,4,4,4,4,4,2,0,1,1,3,2,4,4,4,4,4,4,4,4,4,4,4,4,4,4,4,4,4,3,3,3,3,2,0,1,2,1,1,3,2,1,1,1,1,3,3,0,0,4,4,1,1,4,4,4,4,4,4,4,4,4,4,4,4,4,4,4,4,4,4,4,4,4,4,4,4,4,4,4,4,4,4,4,4,4,4,4,4,4,4,4,4,2,2,2,1,0,2,2,1,2,3,3,3,3,3,3,3,AESQ01000013.1/39710-39917,0
217,2,3,0,2,0,3,2,1,3,1,0,3,3,1,1,0,3,4,1,3,4,1,3,3,0,3,2,3,3,1,2,1,1,3,3,0,4,4,4,4,4,4,4,4,4,4,4,4,4,4,4,4,4,2,3,4,4,4,4,4,4,4,4,4,4,4,4,4,4,4,4,4,4,4,4,4,4,4,4,4,4,4,4,4,4,2,1,4,1,3,1,0,3,0,0,0,1,3,1,1,4,2,2,0,0,3,2,0,1,2,1,4,0,2,0,4,2,1,1,2,3,3,4,4,4,4,3,0,1,2,2,4,4,3,2,1,3,3,4,0,4,3,1,2,3,1,1,0,4,4,1,3,2,0,4,1,0,2,0,3,2,4,3,1,2,1,4,4,4,3,3,4,0,4,3,2,1,1,4,4,4,4,4,4,4,3,4,4,4,4,4,4,4,4,4,4,4,4,4,4,4,4,4,4,4,4,4,4,4,4,4,4,4,4,4,4,4,4,4,4,4,4,4,4,4,4,4,4,4,4,4,4,4,4,4,4,4,4,4,4,1,0,3,1,0,2,0,1,0,1,1,0,4,3,2,2,0,1,0,1,0,0,1,2,3,3,2,0,4,4,4,4,4,4,4,4,4,4,4,4,4,4,4,4,4,4,4,4,4,2,3,2,0,0,2,1,0,4,1,1,4,4,1,0,1,3,4,4,3,2,3,3,2,3,1,0,4,3,4,0,1,0,4,4,4,4,4,4,4,4,4,4,4,4,4,4,4,4,4,4,4,4,4,4,4,4,4,4,4,4,4,4,4,4,2,0,1,1,3,2,4,4,4,4,4,4,4,4,4,4,4,4,4,4,4,4,4,3,3,3,3,0,0,1,2,1,1,3,2,1,3,1,1,2,3,0,0,4,3,0,0,4,4,4,4,4,4,4,4,4,4,4,4,4,4,4,4,4,4,4,4,4,4,4,4,4,4,4,4,4,4,4,4,4,4,4,4,4,4,4,4,2,0,2,1,0,2,2,1,2,3,3,3,3,3,3,3,AFVG01000054.1/163289-163495,0
218,2,3,0,2,0,3,2,1,3,1,0,3,3,1,1,0,3,4,1,3,4,1,3,3,0,3,2,3,3,1,2,1,1,3,3,0,4,4,4,4,4,4,4,4,4,4,4,4,4,4,4,4,4,2,3,4,4,4,4,4,4,4,4,4,4,4,4,4,4,4,4,4,4,4,4,4,4,4,4,4,4,4,4,4,4,2,1,4,1,3,1,0,3,0,0,0,1,3,1,1,4,2,2,0,0,3,2,0,1,2,1,4,0,2,0,4,2,1,1,2,3,3,4,4,4,4,3,0,1,2,2,4,4,3,2,1,3,3,4,0,4,3,1,2,3,1,1,0,4,4,1,3,2,0,4,1,0,2,0,3,2,4,3,1,2,1,4,4,4,3,3,4,0,4,3,2,1,1,4,4,4,4,4,4,4,3,4,4,4,4,4,4,4,4,4,4,4,4,4,4,4,4,4,4,4,4,4,4,4,4,4,4,4,4,4,4,4,4,4,4,4,4,4,4,4,4,4,4,4,4,4,4,4,4,4,4,4,4,4,4,1,0,3,1,0,2,0,1,0,1,1,0,4,3,2,2,0,1,0,1,0,0,1,2,3,3,2,0,4,4,4,4,4,4,4,4,4,4,4,4,4,4,4,4,4,4,4,4,4,2,3,2,0,0,2,1,0,4,1,1,4,4,1,0,1,3,4,4,3,2,3,3,2,3,1,0,4,3,4,0,1,0,4,4,4,4,4,4,4,4,4,4,4,4,4,4,4,4,4,4,4,4,4,4,4,4,4,4,4,4,4,4,4,4,2,0,1,1,3,2,4,4,4,4,4,4,4,4,4,4,4,4,4,4,4,4,4,3,3,3,3,0,0,1,2,1,1,3,2,1,3,1,1,2,3,0,0,4,3,0,0,4,4,4,4,4,4,4,4,4,4,4,4,4,4,4,4,4,4,4,4,4,4,4,4,4,4,4,4,4,4,4,4,4,4,4,4,4,4,4,4,2,0,2,1,0,2,2,1,2,3,3,3,3,3,3,3,AEZJ01000047.1/39180-39386,0
219,2,3,4,4,4,2,2,1,3,1,0,3,3,1,0,1,1,4,2,0,4,1,3,3,0,3,2,3,1,0,2,1,1,1,1,3,3,1,2,4,4,4,4,4,4,4,4,4,4,2,2,0,1,2,3,4,4,4,4,4,4,4,4,4,4,4,4,4,4,4,4,4,4,4,4,4,4,4,4,4,4,4,4,4,4,2,1,4,3,0,1,0,3,0,0,0,0,3,3,1,4,4,2,0,0,3,2,0,1,2,1,4,4,4,4,4,0,1,0,0,4,4,4,4,4,4,1,0,0,2,2,4,4,3,2,1,1,3,4,2,4,1,1,2,3,1,1,0,4,4,0,1,3,3,4,1,3,2,0,3,0,4,3,1,0,2,1,4,2,3,0,4,4,4,4,2,1,3,4,4,4,4,4,4,4,0,4,4,4,4,4,4,4,4,4,4,4,4,4,4,4,4,4,4,4,4,4,4,4,4,4,4,4,4,4,4,4,4,4,4,4,4,4,4,4,4,4,4,4,4,4,4,4,4,4,4,4,4,4,4,3,0,3,1,0,4,4,0,1,1,0,3,4,1,2,2,2,1,2,0,0,0,1,2,3,1,2,0,4,4,4,4,4,4,4,4,4,4,4,4,4,4,4,4,4,4,4,4,4,2,3,3,0,2,2,1,0,4,1,1,2,4,1,1,3,3,4,4,4,0,3,3,4,4,4,4,4,4,4,4,4,4,4,4,4,4,4,4,4,4,4,4,4,4,4,4,4,4,4,4,4,4,4,4,4,4,4,4,4,4,4,4,4,4,4,4,4,1,1,0,4,4,4,4,4,4,4,4,4,4,4,4,4,4,4,4,4,3,0,0,1,0,0,0,2,1,1,2,2,2,4,4,3,0,0,3,4,4,4,4,3,4,4,4,4,4,4,4,4,4,4,4,4,4,4,4,4,4,4,4,4,4,4,4,4,4,4,4,4,4,4,4,4,4,4,4,4,4,4,4,4,4,4,1,1,1,2,2,1,3,3,3,2,3,3,2,3,ADVB01000450.1/17021-16837,0
220,2,1,0,2,0,4,4,4,4,4,4,4,4,4,4,4,4,4,4,4,4,4,4,4,4,4,4,4,4,4,4,4,4,4,4,4,4,4,4,4,4,4,4,4,4,4,4,4,4,4,4,4,4,4,4,4,4,4,4,4,4,4,4,4,4,4,4,4,4,4,4,4,4,4,4,4,4,4,4,4,4,4,4,4,4,4,4,4,4,4,4,4,4,4,4,4,4,4,4,4,4,4,4,4,4,4,4,4,4,4,4,4,4,4,4,4,2,1,1,2,3,3,4,4,4,4,3,0,1,2,2,4,4,3,2,1,3,3,4,0,4,3,1,2,3,1,1,0,4,4,1,3,2,0,4,1,0,2,0,3,2,4,3,1,2,1,4,4,4,3,3,4,1,4,2,2,1,1,4,4,4,4,4,4,4,3,4,4,4,4,4,4,4,4,4,4,4,4,4,4,4,4,4,4,4,4,4,4,4,4,4,4,4,4,4,4,4,4,4,4,4,4,4,4,4,4,4,4,4,4,4,4,4,4,4,4,4,4,4,4,1,0,3,1,0,2,0,1,0,1,1,0,4,3,2,2,0,1,0,1,0,0,1,2,3,3,2,0,4,4,4,4,4,4,4,4,4,4,4,4,4,4,4,4,4,4,4,4,4,2,3,2,0,0,2,1,0,4,1,1,0,4,0,0,3,0,4,4,3,2,3,3,2,3,1,3,4,3,4,0,1,0,4,4,4,4,4,4,4,4,4,4,4,4,4,4,4,4,4,4,4,4,4,4,4,4,4,4,4,4,4,4,4,4,2,0,1,1,3,2,4,4,4,4,4,4,4,4,4,4,4,4,4,4,4,4,4,3,3,3,3,0,0,1,2,1,1,3,2,1,3,3,3,3,0,4,4,4,4,4,4,4,4,4,4,4,4,4,4,4,4,4,4,4,4,4,4,4,4,4,4,4,4,4,4,4,4,4,4,4,4,4,4,4,4,4,4,4,4,4,4,3,0,2,1,0,2,2,1,2,3,3,3,3,3,3,3,AEWW01016019.1/24-168,0
221,2,3,0,2,0,3,2,1,3,1,0,3,3,1,1,0,1,4,1,3,4,1,3,3,0,3,2,3,3,3,2,1,1,3,3,0,4,4,4,4,4,4,4,4,4,4,4,4,4,4,4,4,4,4,2,4,4,4,4,4,4,4,4,4,4,4,4,4,4,4,4,4,4,4,4,4,4,4,4,4,4,4,4,4,4,2,1,4,3,3,1,0,3,0,0,0,1,1,1,3,2,2,2,0,0,3,2,0,1,2,1,4,0,2,0,4,2,1,1,2,0,3,4,4,4,3,3,0,0,2,2,4,4,3,2,1,1,3,4,0,4,3,3,2,1,1,1,0,4,1,1,0,2,0,4,0,1,2,0,3,2,4,3,1,0,2,1,4,2,3,3,4,2,4,1,3,4,4,4,4,4,4,4,4,4,4,3,2,1,0,2,1,4,4,4,4,4,4,4,4,4,4,4,4,4,4,4,4,4,4,4,4,4,4,4,4,4,4,4,4,4,4,4,4,4,4,4,4,4,4,4,4,4,4,1,2,1,0,2,0,1,0,3,1,0,4,4,1,0,1,3,1,4,1,2,2,2,1,0,3,0,0,1,2,3,3,2,0,4,4,4,4,4,4,4,4,4,4,4,4,4,4,4,4,4,4,4,4,4,2,3,2,0,2,2,1,0,4,1,1,2,4,1,1,1,1,4,4,3,2,3,3,2,3,1,1,4,3,4,0,4,4,4,4,4,4,4,4,4,4,4,4,4,4,4,4,4,4,4,4,4,4,4,4,4,4,4,4,4,4,4,4,4,4,2,0,1,1,3,2,0,3,3,2,4,4,4,4,4,4,4,4,4,1,3,3,3,3,3,3,0,3,0,1,0,1,3,3,2,1,1,0,1,1,2,4,4,4,4,4,4,4,4,4,4,4,4,4,4,4,4,4,4,4,4,4,4,4,4,4,4,4,4,4,4,4,4,4,4,4,4,4,4,4,4,4,4,4,4,4,4,1,2,2,1,0,0,2,3,2,3,3,3,3,3,3,3,CP000826.1/198017-198236,0
222,2,3,0,2,0,3,2,1,3,1,0,3,3,1,1,0,3,4,1,3,4,1,3,3,0,3,2,3,3,1,2,1,1,3,3,1,4,4,4,4,4,4,4,4,4,4,4,4,4,4,4,4,4,3,2,4,4,4,4,4,4,4,4,4,4,4,4,4,4,4,4,4,4,4,4,4,4,4,4,4,4,4,4,4,4,2,1,4,1,3,1,0,3,0,0,0,1,3,1,0,4,2,2,0,0,3,2,0,3,2,1,4,0,2,0,4,2,1,1,2,3,3,4,4,4,4,3,0,1,2,2,4,4,3,2,1,3,3,4,0,4,3,1,2,3,1,1,0,4,4,1,3,2,0,4,1,0,2,0,3,2,4,3,1,2,1,4,4,4,3,3,4,0,4,1,2,1,1,4,4,4,4,4,4,4,3,4,4,4,4,4,4,4,4,4,4,4,4,4,4,4,4,4,4,4,4,4,4,4,4,4,4,4,4,4,4,4,4,4,4,4,4,4,4,4,4,4,4,4,4,4,4,4,4,4,4,4,4,4,4,1,0,3,1,0,0,0,1,0,1,1,1,4,3,2,2,0,1,0,1,0,0,1,2,3,3,2,0,4,4,4,4,4,4,4,4,4,4,4,4,4,4,4,4,4,4,4,4,4,2,3,2,0,0,2,1,0,4,1,1,1,4,1,3,3,3,4,0,3,2,3,3,2,3,1,0,4,3,4,0,1,0,4,4,4,4,4,4,4,4,4,4,4,4,4,4,4,4,4,4,4,4,4,4,4,4,4,4,4,4,4,4,4,4,2,0,1,1,3,2,4,4,4,4,4,4,4,4,4,4,4,4,4,4,4,4,4,3,3,3,3,2,0,1,2,1,1,3,2,1,1,1,1,3,3,0,0,4,4,1,1,4,4,4,4,4,4,4,4,4,4,4,4,4,4,4,4,4,4,4,4,4,4,4,4,4,4,4,4,4,4,4,4,4,4,4,4,4,4,4,4,2,2,2,1,0,2,2,1,2,3,3,3,3,3,3,3,AETO01000009.1/39707-39914,0
223,2,3,4,4,4,2,2,1,3,1,0,3,3,1,0,1,1,4,3,3,4,1,3,3,0,3,2,3,1,0,2,1,1,1,1,3,3,0,2,4,4,4,4,4,4,4,4,4,4,2,2,0,1,2,1,4,4,4,4,4,4,4,4,4,4,4,4,4,4,4,4,4,4,4,4,4,4,4,4,4,4,4,4,4,4,2,1,4,3,0,1,0,3,0,0,0,1,3,3,1,4,4,2,0,0,3,2,0,1,2,1,4,4,4,4,4,0,1,0,0,4,4,4,4,4,4,1,0,0,2,2,4,4,3,2,1,1,3,4,2,4,1,1,2,3,1,1,0,4,4,0,1,3,3,4,1,3,2,0,3,0,4,0,3,0,2,1,4,2,3,4,4,4,4,0,2,1,3,4,4,4,4,4,4,4,3,4,4,4,4,4,4,4,4,4,4,4,4,4,4,4,4,4,4,4,4,4,4,4,4,4,4,4,4,4,4,4,4,4,4,4,4,4,4,4,4,4,4,4,4,4,4,4,4,4,4,4,4,4,4,3,0,3,1,0,4,4,0,1,1,3,1,4,1,2,2,2,1,2,0,0,0,1,2,3,1,2,0,4,4,4,4,4,4,4,4,4,4,4,4,4,4,4,4,4,4,4,4,4,2,3,3,0,2,2,1,0,4,1,1,2,4,1,1,3,3,4,4,4,0,3,3,4,4,4,4,4,4,4,4,4,4,4,4,4,4,4,4,4,4,4,4,4,4,4,4,4,4,4,4,4,4,4,4,4,4,4,4,4,4,4,4,4,4,4,4,4,1,1,0,4,4,4,4,4,4,4,4,4,4,4,4,4,4,4,4,4,3,0,0,1,0,0,0,2,1,1,2,2,2,3,3,3,4,4,4,4,4,4,4,4,4,4,4,4,4,4,4,4,4,4,4,4,4,4,4,4,4,4,4,4,4,4,4,4,4,4,4,4,4,4,4,4,4,4,4,4,4,4,4,4,0,2,1,1,1,2,2,1,3,3,3,2,3,3,2,3,FR775230.1/76556-76372,0
224,2,3,0,2,0,3,2,1,3,1,0,3,3,1,1,0,3,4,1,3,4,1,3,3,0,3,2,3,3,1,2,1,1,3,3,1,4,4,4,4,4,4,4,4,4,4,4,4,4,4,4,4,4,3,2,4,4,4,4,4,4,4,4,4,4,4,4,4,4,4,4,4,4,4,4,4,4,4,4,4,4,4,4,4,4,2,1,4,1,3,1,0,3,0,0,0,1,3,1,0,4,2,2,0,0,3,2,0,3,2,1,4,0,2,0,4,2,1,1,2,3,3,4,4,4,4,3,0,1,2,2,4,4,3,2,1,3,3,4,0,4,3,1,2,3,1,1,0,4,4,1,3,2,0,4,1,0,2,0,3,2,4,3,1,2,1,4,4,4,3,3,4,0,4,1,2,1,1,4,4,4,4,4,4,4,3,4,4,4,4,4,4,4,4,4,4,4,4,4,4,4,4,4,4,4,4,4,4,4,4,4,4,4,4,4,4,4,4,4,4,4,4,4,4,4,4,4,4,4,4,4,4,4,4,4,4,4,4,4,4,1,0,3,1,0,0,0,1,0,1,1,1,4,3,2,2,0,1,0,1,0,0,1,2,3,3,2,0,4,4,4,4,4,4,4,4,4,4,4,4,4,4,4,4,4,4,4,4,4,2,3,2,0,0,2,1,0,4,1,1,1,4,1,3,3,3,4,0,3,2,3,3,2,3,1,0,4,3,4,0,1,0,4,4,4,4,4,4,4,4,4,4,4,4,4,4,4,4,4,4,4,4,4,4,4,4,4,4,4,4,4,4,4,4,2,0,1,1,3,2,4,4,4,4,4,4,4,4,4,4,4,4,4,4,4,4,4,3,3,3,3,2,0,1,2,1,1,3,2,1,1,1,1,3,3,0,0,4,4,1,1,4,4,4,4,4,4,4,4,4,4,4,4,4,4,4,4,4,4,4,4,4,4,4,4,4,4,4,4,4,4,4,4,4,4,4,4,4,4,4,4,2,2,2,1,0,2,2,1,2,3,3,3,3,3,3,3,AETM01000035.1/2362-2155,0
225,2,3,4,4,4,2,2,1,3,1,0,3,3,1,0,1,1,4,3,3,4,1,3,3,0,3,2,3,1,0,2,1,1,1,1,3,3,0,2,4,4,4,4,4,4,4,4,4,4,2,2,0,1,2,1,4,4,4,4,4,4,4,4,4,4,4,4,4,4,4,4,4,4,4,4,4,4,4,4,4,4,4,4,4,4,2,1,4,3,0,1,0,3,0,0,0,1,3,3,1,4,4,2,0,0,3,2,0,1,2,1,4,4,4,4,4,0,1,0,0,4,4,4,4,4,4,1,0,0,2,2,4,4,3,2,1,1,3,4,2,4,1,1,2,3,1,1,0,4,4,0,1,3,3,4,1,3,2,0,3,0,4,0,3,0,2,1,4,2,4,4,4,3,4,1,2,1,3,4,4,4,4,4,4,4,3,4,4,4,4,4,4,4,4,4,4,4,4,4,4,4,4,4,4,4,4,4,4,4,4,4,4,4,4,4,4,4,4,4,4,4,4,4,4,4,4,4,4,4,4,4,4,4,4,4,4,4,4,4,4,3,0,3,1,0,4,4,0,1,1,3,1,4,1,2,2,2,1,2,0,0,0,1,2,3,1,2,0,4,4,4,4,4,4,4,4,4,4,4,4,4,4,4,4,4,4,4,4,4,2,3,3,0,2,2,1,0,4,1,1,2,4,1,1,3,3,4,4,4,0,3,3,4,4,4,4,4,4,4,4,4,4,4,4,4,4,4,4,4,4,4,4,4,4,4,4,4,4,4,4,4,4,4,4,4,4,4,4,4,4,4,4,4,4,4,4,4,1,1,0,4,4,4,4,4,4,4,4,4,4,4,4,4,4,4,4,4,1,0,0,1,0,0,0,2,1,1,2,2,2,3,3,3,4,4,4,4,4,4,4,4,4,4,4,4,4,4,4,4,4,4,4,4,4,4,4,4,4,4,4,4,4,4,4,4,4,4,4,4,4,4,4,4,4,4,4,4,4,4,4,4,0,0,1,1,1,2,2,1,3,3,3,2,3,3,2,3,FR877557.1/2563758-2563574,0
226,2,3,4,4,4,2,2,1,3,1,0,3,3,1,0,1,1,4,3,3,4,1,3,3,0,3,2,3,1,0,2,1,1,1,1,3,3,1,2,4,4,4,4,4,4,4,4,4,4,2,2,0,1,2,3,4,4,4,4,4,4,4,4,4,4,4,4,4,4,4,4,4,4,4,4,4,4,4,4,4,4,4,4,4,4,2,1,4,3,0,1,0,3,0,0,0,1,3,3,1,4,4,2,0,0,3,2,0,1,2,1,4,4,4,4,4,0,1,0,0,0,0,4,4,4,4,4,4,0,2,2,4,4,3,2,1,1,3,4,2,4,1,1,2,3,1,1,0,4,4,0,1,3,0,4,1,3,2,0,3,3,4,0,3,3,2,4,4,4,1,0,4,0,4,3,2,1,3,4,4,4,4,4,4,4,3,4,4,4,4,4,4,4,4,4,4,4,4,4,4,4,4,4,4,4,4,4,4,4,4,4,4,4,4,4,4,4,4,4,4,4,4,4,4,4,4,4,4,4,4,4,4,4,4,4,4,4,4,4,4,3,0,3,1,0,2,2,1,4,4,4,1,4,0,2,2,2,1,2,0,0,0,1,2,3,1,2,0,4,4,4,4,4,4,4,4,4,4,4,4,4,4,4,4,4,4,4,4,4,2,3,3,0,2,2,1,0,4,1,1,2,4,1,1,3,3,4,4,4,0,3,3,4,4,4,4,4,4,4,4,4,4,4,4,4,4,4,4,4,4,4,4,4,4,4,4,4,4,4,4,4,4,4,4,4,4,4,4,4,4,4,4,4,4,4,4,4,1,1,4,4,4,4,4,4,4,4,4,4,4,4,4,4,4,4,4,4,0,3,2,0,1,0,0,0,2,1,1,2,2,2,3,3,3,3,3,4,4,4,4,4,4,4,4,4,4,4,4,4,4,4,4,4,4,4,4,4,4,4,4,4,4,4,4,4,4,4,4,4,4,4,4,4,4,4,4,4,4,4,4,4,0,1,1,1,2,2,1,3,3,3,2,3,3,2,3,0,AFHR01000058.1/259430-259245,0
227,2,3,0,2,0,3,2,1,3,1,0,3,3,1,1,0,3,4,1,3,4,1,3,3,0,3,2,3,3,1,2,1,1,3,3,0,4,4,4,4,4,4,4,4,4,4,4,4,4,4,4,4,4,2,3,4,4,4,4,4,4,4,4,4,4,4,4,4,4,4,4,4,4,4,4,4,4,4,4,4,4,4,4,4,4,2,1,4,1,3,1,0,3,0,0,0,1,3,1,1,4,2,2,0,0,3,2,0,1,2,1,4,0,2,0,4,2,1,1,2,3,3,4,4,4,4,3,0,1,2,2,4,4,3,2,1,3,3,4,0,4,3,1,2,3,1,1,0,4,4,1,3,2,0,4,1,0,2,0,3,2,4,3,1,2,1,4,4,4,3,3,4,0,4,3,2,1,1,4,4,4,4,4,4,4,3,4,4,4,4,4,4,4,4,4,4,4,4,4,4,4,4,4,4,4,4,4,4,4,4,4,4,4,4,4,4,4,4,4,4,4,4,4,4,4,4,4,4,4,4,4,4,4,4,4,4,4,4,4,4,1,0,3,1,0,2,0,1,0,1,1,0,4,3,2,2,0,1,0,1,0,0,1,2,3,3,2,0,4,4,4,4,4,4,4,4,4,4,4,4,4,4,4,4,4,4,4,4,4,2,3,2,0,0,2,1,0,4,1,1,4,4,1,0,1,3,4,4,3,2,3,3,2,3,1,0,4,3,4,0,1,0,4,4,4,4,4,4,4,4,4,4,4,4,4,4,4,4,4,4,4,4,4,4,4,4,4,4,4,4,4,4,4,4,2,0,1,1,3,2,4,4,4,4,4,4,4,4,4,4,4,4,4,4,4,4,4,3,3,3,3,0,0,1,2,1,1,3,2,1,3,1,1,2,3,0,0,4,3,0,0,4,4,4,4,4,4,4,4,4,4,4,4,4,4,4,4,4,4,4,4,4,4,4,4,4,4,4,4,4,4,4,4,4,4,4,4,4,4,4,4,2,0,2,1,0,2,2,1,2,3,3,3,3,3,3,3,ADAZ01000145.1/28316-28522,0
228,2,3,0,2,0,3,2,1,3,1,0,3,3,1,1,0,3,4,1,3,4,1,3,3,0,3,2,3,3,1,2,1,1,3,3,1,4,4,4,4,4,4,4,4,4,4,4,4,4,4,4,4,4,2,3,4,4,4,4,4,4,4,4,4,4,4,4,4,4,4,4,4,4,4,4,4,4,4,4,4,4,4,4,4,4,2,1,4,1,3,1,0,3,0,0,0,1,3,1,1,4,2,2,0,0,3,2,0,3,2,1,4,0,2,0,4,2,1,1,2,3,3,4,4,1,3,3,0,1,2,2,4,4,3,2,1,3,3,4,0,4,3,1,2,3,1,1,0,4,4,1,3,2,0,4,1,0,2,0,3,2,4,3,1,2,1,0,4,3,3,3,4,0,4,3,2,1,1,4,4,4,4,4,4,4,3,4,4,4,4,4,4,4,4,4,4,4,4,4,4,4,4,4,4,4,4,4,4,4,4,4,4,4,4,4,4,4,4,4,4,4,4,4,4,4,4,4,4,4,4,4,4,4,4,4,4,4,4,4,4,1,0,3,1,0,0,0,1,0,1,1,0,4,3,2,2,0,1,0,3,3,0,1,2,3,3,2,0,4,4,4,4,4,4,4,4,4,4,4,4,4,4,4,4,4,4,4,4,4,2,3,2,0,0,2,1,0,4,1,1,1,4,0,0,3,3,4,4,3,2,3,3,2,3,1,0,4,0,4,0,1,0,4,4,4,4,4,4,4,4,4,4,4,4,4,4,4,4,4,4,4,4,4,4,4,4,4,4,4,4,4,4,4,4,2,0,1,1,3,2,4,4,4,4,4,4,4,4,4,4,4,4,4,4,4,4,4,3,3,3,3,0,0,1,2,1,1,3,2,1,1,1,3,2,0,3,3,4,3,1,0,4,4,4,4,4,4,4,4,4,4,4,4,4,4,4,4,4,4,4,4,4,4,4,4,4,4,4,4,4,4,4,4,4,4,4,4,4,4,4,4,2,1,2,1,0,2,2,1,2,3,3,3,3,3,3,3,AFBO01000656.1/231-20,0
229,2,1,0,2,3,2,2,1,3,1,0,3,3,1,0,1,1,4,2,0,4,1,3,3,0,3,2,3,1,0,2,1,1,1,1,3,3,1,2,4,4,4,4,4,4,4,4,4,4,2,2,0,1,2,3,4,4,4,4,4,4,4,4,4,4,4,4,4,4,4,4,4,4,4,4,4,4,4,4,4,4,4,4,4,4,2,1,4,3,0,1,0,3,0,0,0,0,3,3,1,4,4,2,0,0,3,2,0,1,2,1,4,0,1,0,4,0,1,4,4,4,4,4,4,4,4,4,0,0,2,2,4,4,3,2,1,1,3,4,2,4,1,1,2,3,1,1,0,4,4,0,1,3,3,4,1,3,2,0,3,0,4,3,1,0,2,1,4,2,3,0,4,4,4,4,2,1,3,4,4,4,4,4,4,4,0,4,4,4,4,4,4,4,4,4,4,4,4,4,4,4,4,4,4,4,4,4,4,4,4,4,4,4,4,4,4,4,4,4,4,4,4,4,4,4,4,4,4,4,4,4,4,4,4,4,4,4,4,4,4,3,0,3,1,0,4,4,0,1,1,0,3,4,1,2,2,2,1,2,0,0,0,1,2,3,1,2,0,4,4,4,4,4,4,4,4,4,4,4,4,4,4,4,4,4,4,4,4,4,2,3,3,0,2,2,1,0,4,1,1,2,4,1,1,3,3,4,4,4,0,3,3,4,4,4,4,4,4,4,4,4,4,4,4,4,4,4,4,4,4,4,4,4,4,4,4,4,4,4,4,4,4,4,4,4,4,4,4,4,4,4,4,4,4,4,4,4,1,1,0,4,4,4,4,4,4,4,4,4,4,4,4,4,4,4,4,4,3,0,0,1,0,0,0,2,1,1,2,2,2,4,4,3,0,0,3,4,4,4,4,3,4,4,4,4,4,4,4,4,4,4,4,4,4,4,4,4,4,4,4,4,4,4,4,4,4,4,4,4,4,4,4,4,4,4,4,4,4,4,4,4,4,4,1,1,1,2,2,1,3,3,3,2,3,3,2,3,ADUV01000006.1/174549-174362,0
230,2,3,0,2,0,3,2,1,3,1,0,3,3,1,1,0,1,4,3,1,4,1,3,3,0,3,2,0,1,0,2,1,0,3,0,3,4,4,4,4,4,4,4,4,4,4,4,4,4,4,4,4,4,4,2,4,4,4,4,4,4,4,4,4,4,4,4,4,4,4,4,4,4,4,4,4,4,4,4,4,4,4,4,4,4,0,1,4,3,3,1,0,3,0,0,0,1,1,3,0,4,2,2,0,0,3,2,0,3,2,1,4,0,2,0,4,2,1,1,2,0,3,4,4,4,3,0,3,1,2,2,4,4,3,2,1,1,3,4,0,4,4,1,2,3,1,1,0,4,1,2,3,3,0,4,3,1,2,0,3,2,4,0,0,0,1,4,4,4,4,4,4,0,4,1,1,0,3,4,4,4,4,4,4,4,3,4,4,4,4,4,4,4,4,4,4,4,4,4,4,4,4,4,4,4,4,4,4,4,4,4,4,4,4,4,4,4,4,4,4,4,4,4,4,4,4,4,4,4,4,4,4,4,4,4,4,4,4,4,4,1,0,3,1,0,4,4,1,1,0,0,1,4,0,2,2,0,1,2,0,0,0,1,2,3,3,2,0,4,4,4,4,4,4,4,4,4,4,4,4,4,4,4,4,4,4,4,4,4,2,3,2,0,2,2,1,0,4,1,1,4,4,0,3,1,1,4,4,4,4,4,4,2,3,1,3,4,2,4,3,4,0,4,4,4,4,4,4,4,4,4,4,4,4,4,4,4,4,4,4,4,4,4,4,4,4,4,4,4,4,4,4,4,4,2,0,1,1,3,2,0,3,3,2,4,4,4,4,4,4,4,4,3,0,3,0,3,3,3,3,0,3,2,1,0,1,1,3,2,3,0,3,3,3,3,3,4,4,4,3,0,4,4,4,4,4,4,4,4,4,4,4,4,4,4,4,4,4,4,4,4,4,4,4,4,4,4,4,4,4,4,4,4,4,4,4,4,4,4,4,4,0,3,0,1,2,2,2,3,2,3,3,3,3,3,3,2,ACLE01000052.1/57124-56920,0
231,2,3,0,2,0,3,2,1,3,1,0,3,3,1,1,0,1,4,1,3,4,3,1,3,0,3,2,3,3,3,2,1,3,3,1,2,4,4,4,4,4,4,4,4,4,4,4,4,4,4,4,4,4,4,4,4,4,4,4,4,4,4,4,4,4,4,4,4,4,4,4,4,4,4,4,4,4,4,4,4,4,4,4,4,4,2,1,4,3,3,1,0,3,0,0,0,1,1,3,2,4,2,2,0,0,3,2,0,1,2,1,4,0,2,0,4,2,1,1,0,3,3,4,4,4,4,3,0,1,2,2,4,4,3,2,1,1,3,4,2,4,2,1,2,3,3,1,2,4,4,2,3,3,0,4,3,3,2,0,3,2,4,0,0,2,3,2,4,3,3,2,4,3,4,3,3,4,4,4,4,4,4,4,4,4,4,4,4,4,4,4,4,4,4,4,4,4,4,4,4,4,4,4,4,4,4,4,4,4,4,4,4,4,4,4,4,4,4,4,4,4,4,4,4,4,4,4,4,4,4,4,4,4,4,4,4,4,4,4,4,1,0,3,1,2,4,4,4,1,2,2,3,4,3,2,0,0,1,2,1,0,0,1,2,3,3,2,0,4,4,4,4,4,4,4,4,4,4,4,4,4,4,4,4,4,4,4,4,4,2,3,2,2,2,2,1,0,4,1,1,4,4,3,3,0,0,4,4,0,2,3,3,2,3,1,3,4,3,4,3,1,0,4,4,4,4,4,4,4,4,4,4,4,4,4,4,4,4,4,4,4,4,4,4,4,4,4,4,4,4,4,4,4,4,2,0,1,1,3,2,0,3,1,4,4,4,4,4,4,4,4,4,4,4,3,3,3,0,3,3,2,1,0,1,2,1,3,3,2,3,1,2,1,3,2,2,4,4,4,4,3,4,4,4,4,4,4,4,4,4,4,4,4,4,4,4,4,4,4,4,4,4,4,4,4,4,4,4,4,4,4,4,4,4,4,4,4,4,4,4,4,1,2,2,1,0,0,2,1,2,3,3,3,3,3,3,3,CP001655.1/214363-214566,0
232,2,3,4,4,4,2,2,1,3,1,0,3,3,1,0,1,1,4,2,0,4,1,3,3,0,3,2,3,1,0,2,1,1,1,1,3,3,1,2,4,4,4,4,4,4,4,4,4,4,2,2,0,1,2,3,4,4,4,4,4,4,4,4,4,4,4,4,4,4,4,4,4,4,4,4,4,4,4,4,4,4,4,4,4,4,2,1,4,3,0,1,0,3,0,0,0,0,3,0,1,4,4,2,0,0,3,2,0,1,2,1,4,4,4,4,4,0,1,0,0,4,4,4,4,4,4,1,0,0,2,2,4,4,3,2,1,1,3,4,2,4,1,1,2,3,1,1,0,4,4,0,1,3,3,4,1,3,2,0,3,0,4,3,1,0,2,1,4,2,3,0,4,4,4,4,2,1,3,4,4,4,4,4,4,4,0,4,4,4,4,4,4,4,4,4,4,4,4,4,4,4,4,4,4,4,4,4,4,4,4,4,4,4,4,4,4,4,4,4,4,4,4,4,4,4,4,4,4,4,4,4,4,4,4,4,4,4,4,4,4,3,0,3,1,0,4,4,0,1,1,0,3,4,1,2,2,2,1,2,0,0,0,1,2,3,1,2,0,4,4,4,4,4,4,4,4,4,4,4,4,4,4,4,4,4,4,4,4,4,2,3,3,0,2,2,1,0,4,1,1,4,4,4,4,4,4,4,4,4,2,1,3,3,3,0,3,4,3,4,1,1,0,4,4,4,4,4,4,4,4,4,4,4,4,4,4,4,4,4,4,4,4,4,4,4,4,4,4,4,4,4,4,4,4,3,0,0,1,4,4,4,4,4,4,4,4,4,4,4,4,4,4,4,4,4,4,4,4,4,4,4,0,0,0,2,1,1,2,2,2,4,4,3,0,0,3,4,4,4,4,3,4,4,4,4,4,4,4,4,4,4,4,4,4,4,4,4,4,4,4,4,4,4,4,4,4,4,4,4,4,4,4,4,4,4,4,4,4,4,4,4,4,4,1,1,1,2,2,1,3,3,3,2,3,3,2,3,CP000946.1/1221584-1221768,0
233,2,3,4,4,4,2,2,1,3,1,0,3,3,1,0,1,1,4,2,0,4,1,3,3,0,3,2,3,1,0,2,1,1,1,1,3,3,1,2,4,4,4,4,4,4,4,4,4,4,2,2,0,1,2,3,4,4,4,4,4,4,4,4,4,4,4,4,4,4,4,4,4,4,4,4,4,4,4,4,4,4,4,4,4,4,2,1,4,3,0,1,0,3,0,0,0,0,3,3,1,4,4,2,0,0,3,2,0,1,2,1,4,4,4,4,4,0,1,0,0,4,4,4,4,4,4,1,0,0,2,2,4,4,3,2,1,1,3,4,2,4,1,1,2,3,1,1,0,4,4,0,1,3,3,4,1,3,2,0,3,0,4,3,1,0,2,1,4,2,3,0,4,4,4,4,2,1,3,4,4,4,4,4,4,4,0,4,4,4,4,4,4,4,4,4,4,4,4,4,4,4,4,4,4,4,4,4,4,4,4,4,4,4,4,4,4,4,4,4,4,4,4,4,4,4,4,4,4,4,4,4,4,4,4,4,4,4,4,4,4,3,0,3,1,0,4,4,0,1,1,0,3,4,1,2,2,2,1,2,0,0,0,1,2,3,1,2,0,4,4,4,4,4,4,4,4,4,4,4,4,4,4,4,4,4,4,4,4,4,2,3,3,0,2,2,1,0,4,1,1,2,4,1,1,3,3,4,4,4,0,3,3,4,4,4,4,4,4,4,4,4,4,4,4,4,4,4,4,4,4,4,4,4,4,4,4,4,4,4,4,4,4,4,4,4,4,4,4,4,4,4,4,4,4,4,4,4,1,1,0,4,4,4,4,4,4,4,4,4,4,4,4,4,4,4,4,4,3,0,0,1,0,0,0,2,1,1,2,2,2,4,4,3,0,0,3,4,4,4,4,3,4,4,4,4,4,4,4,4,4,4,4,4,4,4,4,4,4,4,4,4,4,4,4,4,4,4,4,4,4,4,4,4,4,4,4,4,4,4,4,4,4,4,1,1,1,2,2,1,3,3,3,2,3,3,2,3,AGTG01000020.1/34582-34766,0
234,2,3,0,2,0,3,2,1,3,1,0,3,3,1,1,0,3,4,1,3,4,1,3,3,0,3,2,3,3,1,2,1,1,3,3,0,4,4,4,4,4,4,4,4,4,4,4,4,4,4,4,4,4,2,3,4,4,4,4,4,4,4,4,4,4,4,4,4,4,4,4,4,4,4,4,4,4,4,4,4,4,4,4,4,4,2,1,4,1,3,1,0,3,0,0,0,1,3,1,1,4,2,2,0,0,3,2,0,1,2,1,4,0,2,0,4,2,1,1,2,3,3,4,4,4,4,3,0,1,2,2,4,4,3,2,1,3,3,4,0,4,3,1,2,3,1,1,0,4,4,1,3,2,0,4,1,0,2,0,3,2,4,3,1,2,1,4,4,4,3,3,4,0,4,3,2,1,1,4,4,4,4,4,4,4,3,4,4,4,4,4,4,4,4,4,4,4,4,4,4,4,4,4,4,4,4,4,4,4,4,4,4,4,4,4,4,4,4,4,4,4,4,4,4,4,4,4,4,4,4,4,4,4,4,4,4,4,4,4,4,1,0,3,1,0,2,0,1,0,1,1,0,4,3,2,2,0,1,0,1,0,0,1,2,3,3,2,0,4,4,4,4,4,4,4,4,4,4,4,4,4,4,4,4,4,4,4,4,4,2,3,2,0,0,2,1,0,4,1,1,4,4,1,0,1,3,4,4,3,2,3,3,2,3,1,0,4,3,4,0,1,0,4,4,4,4,4,4,4,4,4,4,4,4,4,4,4,4,4,4,4,4,4,4,4,4,4,4,4,4,4,4,4,4,2,0,1,1,3,2,4,4,4,4,4,4,4,4,4,4,4,4,4,4,4,4,4,3,3,3,3,0,0,1,2,1,1,3,2,1,3,1,1,2,3,0,0,4,3,0,0,4,4,4,4,4,4,4,4,4,4,4,4,4,4,4,4,4,4,4,4,4,4,4,4,4,4,4,4,4,4,4,4,4,4,4,4,4,4,4,4,2,0,2,1,0,2,2,1,2,3,3,3,3,3,3,3,AEZI01000034.1/203823-204029,0
235,2,3,4,4,4,2,2,1,3,1,0,3,3,1,0,1,1,4,3,3,4,1,3,3,0,3,2,3,1,0,2,1,1,1,1,3,3,0,2,4,4,4,4,4,4,4,4,4,4,2,2,0,1,2,1,4,4,4,4,4,4,4,4,4,4,4,4,4,4,4,4,4,4,4,4,4,4,4,4,4,4,4,4,4,4,2,1,4,3,0,1,0,3,0,0,0,1,3,3,1,4,4,2,0,0,3,2,0,1,2,1,4,4,4,4,4,0,1,0,0,4,4,4,4,4,4,1,0,0,2,2,4,4,3,2,1,1,3,4,2,4,1,1,2,3,1,1,0,4,4,0,1,3,3,4,1,3,2,0,3,0,4,0,3,0,2,1,4,2,3,4,4,4,4,0,2,1,3,4,4,4,4,4,4,4,3,4,4,4,4,4,4,4,4,4,4,4,4,4,4,4,4,4,4,4,4,4,4,4,4,4,4,4,4,4,4,4,4,4,4,4,4,4,4,4,4,4,4,4,4,4,4,4,4,4,4,4,4,4,4,3,0,3,1,0,4,4,0,1,1,3,1,4,1,2,2,2,1,2,0,0,0,1,2,3,1,2,0,4,4,4,4,4,4,4,4,4,4,4,4,4,4,4,4,4,4,4,4,4,2,3,3,0,2,2,1,0,4,1,1,2,4,1,1,3,3,4,4,4,0,3,3,4,4,4,4,4,4,4,4,4,4,4,4,4,4,4,4,4,4,4,4,4,4,4,4,4,4,4,4,4,4,4,4,4,4,4,4,4,4,4,4,4,4,4,4,4,1,1,0,4,4,4,4,4,4,4,4,4,4,4,4,4,4,4,4,4,3,0,0,1,0,0,0,2,1,1,2,2,2,3,3,3,4,4,4,4,4,4,4,4,4,4,4,4,4,4,4,4,4,4,4,4,4,4,4,4,4,4,4,4,4,4,4,4,4,4,4,4,4,4,4,4,4,4,4,4,4,4,4,4,0,2,1,1,1,2,2,1,3,3,3,2,3,3,2,3,AESV01000046.1/40319-40503,0
236,2,3,0,2,0,3,2,1,3,1,0,3,3,1,1,0,3,4,1,3,4,1,3,3,0,3,2,3,3,1,2,1,1,3,3,0,4,4,4,4,4,4,4,4,4,4,4,4,4,4,4,4,4,2,3,4,4,4,4,4,4,4,4,4,4,4,4,4,4,4,4,4,4,4,4,4,4,4,4,4,4,4,4,4,4,2,1,4,1,3,1,0,3,0,0,0,1,3,1,1,4,2,2,0,0,3,2,0,1,2,1,4,0,2,0,4,2,1,1,2,3,3,4,4,4,4,3,0,1,2,2,4,4,3,2,1,3,3,4,0,4,3,1,2,3,1,1,0,4,4,1,3,2,0,4,1,0,2,0,3,2,4,3,1,2,1,4,4,4,3,3,4,1,4,3,2,1,1,4,4,4,4,4,4,4,3,4,4,4,4,4,4,4,4,4,4,4,4,4,4,4,4,4,4,4,4,4,4,4,4,4,4,4,4,4,4,4,4,4,4,4,4,4,4,4,4,4,4,4,4,4,4,4,4,4,4,4,4,4,4,1,0,3,1,0,2,0,1,0,1,1,0,4,3,2,2,0,1,0,1,0,0,1,2,3,3,2,0,4,4,4,4,4,4,4,4,4,4,4,4,4,4,4,4,4,4,4,4,4,2,3,2,0,0,2,1,0,4,1,1,4,4,1,0,1,3,4,4,3,2,3,3,2,3,1,0,4,3,4,0,1,0,4,4,4,4,4,4,4,4,4,4,4,4,4,4,4,4,4,4,4,4,4,4,4,4,4,4,4,4,4,4,4,4,2,0,1,1,3,2,4,4,4,4,4,4,4,4,4,4,4,4,4,4,4,4,4,3,3,3,3,0,0,1,2,1,1,3,2,1,3,1,1,2,3,0,0,4,3,0,0,4,4,4,4,4,4,4,4,4,4,4,4,4,4,4,4,4,4,4,4,4,4,4,4,4,4,4,4,4,4,4,4,4,4,4,4,4,4,4,4,2,0,2,1,0,2,2,1,2,3,3,3,3,3,3,3,CAFL01000115.1/38673-38879,0
237,2,3,4,4,4,2,2,1,3,1,0,3,3,1,0,1,1,4,2,0,4,1,3,3,0,3,2,3,1,0,2,1,1,1,1,3,3,1,2,4,4,4,4,4,4,4,4,4,4,2,2,0,1,2,3,4,4,4,4,4,4,4,4,4,4,4,4,4,4,4,4,4,4,4,4,4,4,4,4,4,4,4,4,4,4,2,1,4,3,0,1,0,3,0,0,0,0,3,0,1,4,4,2,0,0,3,2,0,1,2,1,4,4,4,4,4,0,1,0,0,4,4,4,4,4,4,1,0,0,2,2,4,4,3,2,1,1,3,4,2,4,1,1,2,3,1,1,0,4,4,0,1,3,3,4,1,3,2,0,3,0,4,3,1,0,2,1,4,2,3,0,4,4,4,4,2,1,3,4,4,4,4,4,4,4,0,4,4,4,4,4,4,4,4,4,4,4,4,4,4,4,4,4,4,4,4,4,4,4,4,4,4,4,4,4,4,4,4,4,4,4,4,4,4,4,4,4,4,4,4,4,4,4,4,4,4,4,4,4,4,3,0,3,1,0,4,4,0,1,1,0,3,4,1,2,2,2,1,2,0,0,0,1,2,3,1,2,0,4,4,4,4,4,4,4,4,4,4,4,4,4,4,4,4,4,4,4,4,4,2,3,3,0,2,2,1,0,4,1,1,2,4,1,1,3,3,4,4,4,0,3,3,4,4,4,4,4,4,4,4,4,4,4,4,4,4,4,4,4,4,4,4,4,4,4,4,4,4,4,4,4,4,4,4,4,4,4,4,4,4,4,4,4,4,4,4,4,1,1,0,4,4,4,4,4,4,4,4,4,4,4,4,4,4,4,4,4,3,0,0,1,0,0,0,2,1,1,2,2,2,4,4,3,0,0,3,4,4,4,4,3,4,4,4,4,4,4,4,4,4,4,4,4,4,4,4,4,4,4,4,4,4,4,4,4,4,4,4,4,4,4,4,4,4,4,4,4,4,4,4,4,4,4,1,1,1,2,2,1,3,3,3,2,3,3,2,3,ADTZ01000465.1/12965-13149,0
238,2,3,0,2,0,3,2,1,3,1,0,3,1,1,1,0,1,4,3,3,4,0,3,3,0,3,2,0,1,0,2,1,3,3,2,2,1,1,0,3,3,0,0,4,4,2,2,1,3,0,0,3,3,3,0,4,4,4,4,4,4,4,4,4,4,4,4,4,4,4,4,4,4,4,4,4,4,4,4,4,4,4,4,4,4,2,1,4,3,3,1,0,3,0,0,0,1,1,1,0,4,2,2,2,0,3,2,0,1,2,1,4,0,2,0,4,2,1,1,2,0,3,4,4,3,3,3,0,2,0,2,4,4,3,2,1,1,3,4,0,4,3,3,2,3,1,1,0,4,3,2,3,0,0,4,1,1,2,0,3,2,4,3,3,2,0,2,4,3,0,0,4,3,4,2,3,4,4,4,4,4,4,4,4,4,4,4,4,4,4,4,4,4,4,4,4,4,4,4,4,4,4,4,4,4,4,4,4,4,4,4,4,4,4,4,4,4,4,4,4,4,4,4,4,4,4,4,4,4,4,4,4,4,4,4,4,4,4,4,4,1,0,3,1,0,4,4,1,0,3,0,1,4,1,2,2,2,1,0,3,0,0,1,2,3,3,2,0,4,4,4,4,4,4,4,4,4,4,4,4,4,4,4,4,4,4,4,4,4,2,3,2,0,2,2,1,0,4,1,3,2,4,0,3,0,3,4,4,3,2,3,3,2,3,1,3,4,0,4,3,1,4,4,4,4,4,4,4,4,4,4,4,4,4,4,4,4,4,4,4,4,4,4,4,4,4,4,4,4,4,4,4,4,4,2,0,1,1,3,2,0,0,4,4,4,4,4,4,4,4,4,4,4,4,0,0,3,3,3,3,0,2,0,1,0,1,3,3,2,1,1,1,3,3,3,3,4,4,4,4,4,4,4,4,4,4,4,4,4,4,4,4,4,4,4,4,4,4,4,4,4,4,4,4,4,4,4,4,4,4,4,4,4,4,4,4,4,4,4,4,4,1,2,2,1,0,0,2,3,2,3,3,3,3,3,3,3,AL590842.1/4324746-4324524,0
239,2,3,4,4,4,2,2,1,3,1,0,3,3,1,0,1,1,4,3,3,4,1,3,3,0,3,2,3,1,0,2,1,1,1,1,3,3,0,2,4,4,4,4,4,4,4,4,4,4,2,2,0,1,2,1,4,4,4,4,4,4,4,4,4,4,4,4,4,4,4,4,4,4,4,4,4,4,4,4,4,4,4,4,4,4,2,1,4,3,0,1,0,3,0,0,0,1,3,3,1,4,4,2,0,0,3,2,0,1,2,1,4,4,4,4,4,0,1,0,0,4,4,4,4,4,4,1,0,0,2,2,4,4,3,2,1,1,3,4,2,4,1,1,2,3,1,3,0,4,4,0,1,3,3,4,1,3,2,0,3,0,4,0,3,0,2,1,4,2,3,4,4,4,4,0,2,1,3,4,4,4,4,4,4,4,3,4,4,4,4,4,4,4,4,4,4,4,4,4,4,4,4,4,4,4,4,4,4,4,4,4,4,4,4,4,4,4,4,4,4,4,4,4,4,4,4,4,4,4,4,4,4,4,4,4,4,4,4,4,4,3,0,3,1,0,4,4,0,1,1,3,1,4,1,2,2,2,1,2,0,0,0,1,2,3,1,2,0,4,4,4,4,4,4,4,4,4,4,4,4,4,4,4,4,4,4,4,4,4,2,3,3,0,2,2,1,0,4,1,1,2,4,1,1,3,3,4,4,4,0,3,3,4,4,4,4,4,4,4,4,4,4,4,4,4,4,4,4,4,4,4,4,4,4,4,4,4,4,4,4,4,4,4,4,4,4,4,4,4,4,4,4,4,4,4,4,4,1,1,0,4,4,4,4,4,4,4,4,4,4,4,4,4,4,4,4,4,3,0,0,1,0,0,0,2,1,1,2,2,2,3,3,3,4,4,4,4,4,4,4,4,4,4,4,4,4,4,4,4,4,4,4,4,4,4,4,4,4,4,4,4,4,4,4,4,4,4,4,4,4,4,4,4,4,4,4,4,4,4,4,4,0,2,1,1,1,2,2,1,3,3,3,2,3,3,2,3,CAAS01000222.1/1358-1542,0
240,2,3,0,2,0,3,2,1,3,1,0,3,3,1,1,0,3,4,1,3,4,1,3,3,0,3,2,3,3,1,2,1,1,3,3,0,4,4,4,4,4,4,4,4,4,4,4,4,4,4,4,4,4,2,3,4,4,4,4,4,4,4,4,4,4,4,4,4,4,4,4,4,4,4,4,4,4,4,4,4,4,4,4,4,4,2,1,4,1,3,1,0,3,0,0,0,1,3,1,1,4,2,2,0,0,3,2,0,1,2,1,4,0,2,0,4,2,1,1,2,3,3,4,4,4,4,3,0,1,2,2,4,4,3,2,1,3,3,4,0,4,3,1,2,3,1,1,0,4,4,1,3,2,0,4,1,0,2,0,3,2,4,3,1,2,1,4,4,4,3,3,4,0,4,3,2,1,1,4,4,4,4,4,4,4,3,4,4,4,4,4,4,4,4,4,4,4,4,4,4,4,4,4,4,4,4,4,4,4,4,4,4,4,4,4,4,4,4,4,4,4,4,4,4,4,4,4,4,4,4,4,4,4,4,4,4,4,4,4,4,1,0,3,1,0,2,0,1,0,1,1,0,4,3,2,2,0,1,0,1,0,0,1,2,3,3,2,0,4,4,4,4,4,4,4,4,4,4,4,4,4,4,4,4,4,4,4,4,4,2,3,2,0,0,2,1,0,4,1,1,4,4,1,0,1,3,4,4,3,2,3,3,2,3,1,0,4,3,4,0,1,0,4,4,4,4,4,4,4,4,4,4,4,4,4,4,4,4,4,4,4,4,4,4,4,4,4,4,4,4,4,4,4,4,2,0,1,1,3,2,4,4,4,4,4,4,4,4,4,4,4,4,4,4,4,4,4,3,3,3,3,0,0,1,2,1,1,3,2,1,3,1,1,2,3,0,0,4,3,0,0,4,4,4,4,4,4,4,4,4,4,4,4,4,4,4,4,4,4,4,4,4,4,4,4,4,4,4,4,4,4,4,4,4,4,4,4,4,4,4,4,2,0,2,1,0,2,2,1,2,3,3,3,3,3,3,3,AFSO01000035.1/38727-38933,0
241,2,3,0,2,0,3,2,1,3,1,0,3,3,1,1,0,3,4,1,3,4,1,3,3,0,3,2,3,3,1,2,1,1,3,3,1,4,4,4,4,4,4,4,4,4,4,4,4,4,4,4,4,4,3,2,4,4,4,4,4,4,4,4,4,4,4,4,4,4,4,4,4,4,4,4,4,4,4,4,4,4,4,4,4,4,2,1,4,1,3,1,0,3,0,0,0,1,3,1,0,4,2,2,0,0,3,2,0,3,2,1,4,0,2,0,4,2,1,1,2,3,3,4,4,4,4,3,0,1,2,2,4,4,3,2,1,3,3,4,0,4,3,1,2,3,1,1,0,4,4,1,3,2,0,4,1,0,2,0,3,2,4,3,1,2,1,4,4,4,3,3,4,0,4,1,2,1,1,4,4,4,4,4,4,4,3,4,4,4,4,4,4,4,4,4,4,4,4,4,4,4,4,4,4,4,4,4,4,4,4,4,4,4,4,4,4,4,4,4,4,4,4,4,4,4,4,4,4,4,4,4,4,4,4,4,4,4,4,4,4,1,0,3,1,0,0,0,1,0,1,1,1,4,3,2,2,0,1,0,1,0,0,1,2,3,3,2,0,4,4,4,4,4,4,4,4,4,4,4,4,4,4,4,4,4,4,4,4,4,2,3,2,0,0,2,1,0,4,1,1,1,4,1,3,3,3,4,0,3,2,3,3,2,3,1,0,4,3,4,0,1,0,4,4,4,4,4,4,4,4,4,4,4,4,4,4,4,4,4,4,4,4,4,4,4,4,4,4,4,4,4,4,4,4,2,0,1,1,3,2,4,4,4,4,4,4,4,4,4,4,4,4,4,4,4,4,4,3,3,3,3,2,0,1,2,1,1,3,2,1,1,1,1,3,3,0,0,4,4,1,1,4,4,4,4,4,4,4,4,4,4,4,4,4,4,4,4,4,4,4,4,4,4,4,4,4,4,4,4,4,4,4,4,4,4,4,4,4,4,4,4,2,2,2,1,0,2,2,1,2,3,3,3,3,3,3,3,AETG01000078.1/53127-52920,0
242,2,3,0,2,0,3,2,1,3,1,0,3,3,1,1,0,3,4,1,3,4,1,3,3,0,3,2,3,3,1,2,1,1,3,3,0,4,4,4,4,4,4,4,4,4,4,4,4,4,4,4,4,4,2,3,4,4,4,4,4,4,4,4,4,4,4,4,4,4,4,4,4,4,4,4,4,4,4,4,4,4,4,4,4,4,2,1,4,1,3,1,0,3,0,0,0,1,3,1,1,4,2,2,0,0,3,2,0,1,2,1,4,0,2,0,4,2,1,1,2,3,3,4,4,4,4,3,0,1,2,2,4,4,3,2,1,3,3,4,0,4,3,1,2,3,1,1,0,4,4,1,3,2,0,4,1,0,2,0,3,2,4,3,1,2,1,4,4,4,3,3,4,0,4,3,2,1,1,4,4,4,4,4,4,4,3,4,4,4,4,4,4,4,4,4,4,4,4,4,4,4,4,4,4,4,4,4,4,4,4,4,4,4,4,4,4,4,4,4,4,4,4,4,4,4,4,4,4,4,4,4,4,4,4,4,4,4,4,4,4,1,0,3,1,0,2,0,1,0,1,1,0,4,3,2,2,0,1,0,1,0,0,1,2,3,3,2,0,4,4,4,4,4,4,4,4,4,4,4,4,4,4,4,4,4,4,4,4,4,2,3,2,0,0,2,1,0,4,1,1,4,4,1,0,1,3,4,4,3,2,3,3,2,3,1,0,4,3,4,0,1,0,4,4,4,4,4,4,4,4,4,4,4,4,4,4,4,4,4,4,4,4,4,4,4,4,4,4,4,4,4,4,4,4,2,0,1,1,3,2,4,4,4,4,4,4,4,4,4,4,4,4,4,4,4,4,4,3,3,3,3,0,0,1,2,1,1,3,2,1,3,1,1,2,3,0,0,4,3,0,0,4,4,4,4,4,4,4,4,4,4,4,4,4,4,4,4,4,4,4,4,4,4,4,4,4,4,4,4,4,4,4,4,4,4,4,4,4,4,4,4,2,0,2,1,0,2,2,1,2,3,3,3,3,3,3,3,AGTK01000019.1/38101-38307,0
243,2,3,0,2,0,3,2,1,3,1,0,3,3,1,3,0,3,4,1,3,4,1,3,3,0,3,2,3,3,1,2,1,1,3,3,0,4,4,4,4,4,4,4,4,4,4,4,4,4,4,4,4,4,2,3,4,4,4,4,4,4,4,4,4,4,4,4,4,4,4,4,4,4,4,4,4,4,4,4,4,4,4,4,4,4,2,1,4,1,3,1,0,3,0,0,0,1,3,1,1,4,2,2,0,0,3,2,0,1,2,1,4,0,2,0,4,2,1,1,2,3,3,4,4,4,4,3,0,1,2,2,4,4,3,2,1,3,3,4,0,4,3,1,2,3,1,1,0,4,4,1,3,2,0,4,1,0,2,0,3,2,4,3,1,2,1,4,4,4,3,3,4,0,4,3,2,1,1,4,4,4,4,4,4,4,3,4,4,4,4,4,4,4,4,4,4,4,4,4,4,4,4,4,4,4,4,4,4,4,4,4,4,4,4,4,4,4,4,4,4,4,4,4,4,4,4,4,4,4,4,4,4,4,4,4,4,4,4,4,4,1,0,3,1,0,2,0,1,0,1,1,0,4,3,2,2,0,1,0,1,0,0,1,2,3,3,2,0,4,4,4,4,4,4,4,4,4,4,4,4,4,4,4,4,4,4,4,4,4,2,3,2,0,0,2,1,0,4,1,1,4,4,1,0,1,3,4,4,3,2,3,3,2,3,1,0,4,3,4,0,1,0,4,4,4,4,4,4,4,4,4,4,4,4,4,4,4,4,4,4,4,4,4,4,4,4,4,4,4,4,4,4,4,4,2,0,1,1,3,2,4,4,4,4,4,4,4,4,4,4,4,4,4,4,4,4,4,3,3,3,3,0,0,1,2,1,1,3,2,1,3,1,1,2,3,0,0,4,3,0,0,4,4,4,4,4,4,4,4,4,4,4,4,4,4,4,4,4,4,4,4,4,4,4,4,4,4,4,4,4,4,4,4,4,4,4,4,4,4,4,4,2,0,2,1,0,2,2,1,2,3,3,3,3,3,3,3,AAMK02000016.1/66107-65901,0
244,2,3,0,2,0,3,2,1,3,1,0,3,3,1,1,0,3,4,1,3,4,1,3,3,0,3,2,3,3,1,2,1,1,3,3,1,4,4,4,4,4,4,4,4,4,4,4,4,4,4,4,4,4,3,2,4,4,4,4,4,4,4,4,4,4,4,4,4,4,4,4,4,4,4,4,4,4,4,4,4,4,4,4,4,4,2,1,4,1,3,1,0,3,0,0,0,1,3,1,0,4,2,2,0,0,3,2,0,3,2,1,4,0,2,0,4,2,1,1,2,3,3,4,4,4,4,3,0,1,2,2,4,4,3,2,1,3,3,4,0,4,3,1,2,3,1,1,0,4,4,1,3,2,0,4,1,0,2,0,3,2,4,3,1,2,1,4,4,4,3,3,4,0,4,1,2,1,1,4,4,4,4,4,4,4,3,4,4,4,4,4,4,4,4,4,4,4,4,4,4,4,4,4,4,4,4,4,4,4,4,4,4,4,4,4,4,4,4,4,4,4,4,4,4,4,4,4,4,4,4,4,4,4,4,4,4,4,4,4,4,1,0,3,1,0,0,0,1,0,1,1,1,4,3,2,2,0,1,0,1,0,0,1,2,3,3,2,0,4,4,4,4,4,4,4,4,4,4,4,4,4,4,4,4,4,4,4,4,4,2,3,2,0,0,2,1,0,4,1,1,1,4,1,3,3,3,4,0,3,2,3,3,2,3,1,0,4,3,4,0,1,0,4,4,4,4,4,4,4,4,4,4,4,4,4,4,4,4,4,4,4,4,4,4,4,4,4,4,4,4,4,4,4,4,2,0,1,1,3,2,4,4,4,4,4,4,4,4,4,4,4,4,4,4,4,4,4,3,3,3,3,2,0,1,2,1,1,3,2,1,1,1,1,3,3,0,0,4,4,1,1,4,4,4,4,4,4,4,4,4,4,4,4,4,4,4,4,4,4,4,4,4,4,4,4,4,4,4,4,4,4,4,4,4,4,4,4,4,4,4,4,2,2,2,1,0,2,2,1,2,3,3,3,3,3,3,3,AFCI01001800.1/289-496,0
245,2,3,0,2,0,3,2,1,3,1,0,3,3,1,1,0,3,4,1,3,4,1,3,3,0,3,2,3,3,1,2,1,1,3,3,0,4,4,4,4,4,4,4,4,4,4,4,4,4,4,4,4,4,2,3,4,4,4,4,4,4,4,4,4,4,4,4,4,4,4,4,4,4,4,4,4,4,4,4,4,4,4,4,4,4,2,1,4,1,3,1,0,3,0,0,0,1,3,1,1,4,2,2,0,0,3,2,0,1,2,1,4,0,2,0,4,2,1,1,2,3,3,4,4,4,4,3,0,1,2,2,4,4,3,2,1,3,3,4,0,4,3,1,2,3,1,1,0,4,4,1,3,2,0,4,1,0,2,0,3,2,4,3,1,2,1,4,4,4,3,3,4,0,4,3,2,1,1,4,4,4,4,4,4,4,3,4,4,4,4,4,4,4,4,4,4,4,4,4,4,4,4,4,4,4,4,4,4,4,4,4,4,4,4,4,4,4,4,4,4,4,4,4,4,4,4,4,4,4,4,4,4,4,4,4,4,4,4,4,4,1,0,3,1,0,2,0,1,0,1,1,0,4,3,2,2,0,1,0,1,0,0,1,2,3,3,2,0,4,4,4,4,4,4,4,4,4,4,4,4,4,4,4,4,4,4,4,4,4,2,3,2,0,0,2,1,0,4,1,1,4,4,1,0,1,3,4,4,3,2,3,3,2,3,1,0,4,3,4,0,1,0,4,4,4,4,4,4,4,4,4,4,4,4,4,4,4,4,4,4,4,4,4,4,4,4,4,4,4,4,4,4,4,4,2,0,1,1,3,2,4,4,4,4,4,4,4,4,4,4,4,4,4,4,4,4,4,3,3,3,3,0,0,1,2,1,1,3,2,1,3,1,1,2,3,0,0,4,3,0,0,4,4,4,4,4,4,4,4,4,4,4,4,4,4,4,4,4,4,4,4,4,4,4,4,4,4,4,4,4,4,4,4,4,4,4,4,4,4,4,4,2,0,2,1,0,2,2,1,2,3,3,3,3,3,3,3,AFRK01000012.1/42874-43080,0
246,2,1,0,2,3,2,2,1,3,1,0,3,3,1,0,1,1,4,3,3,4,1,3,3,0,3,2,3,1,0,2,1,1,1,1,0,3,3,2,4,4,4,4,4,4,4,4,4,4,4,1,2,0,2,1,4,4,4,4,4,4,4,4,4,4,4,4,4,4,4,4,4,4,4,4,4,4,4,4,4,4,4,4,4,4,2,1,4,3,0,1,0,3,0,0,0,1,3,3,1,4,4,2,0,0,3,2,0,1,2,1,4,4,4,4,4,0,1,3,1,4,4,4,4,4,4,0,0,0,2,2,4,4,3,2,1,1,3,4,2,4,1,1,2,3,1,1,0,4,4,0,1,3,2,4,1,3,2,0,4,4,4,3,1,0,3,0,4,2,1,2,4,1,4,3,2,1,3,4,4,4,4,4,4,4,0,4,4,4,4,4,4,4,4,4,4,4,4,4,4,4,4,4,4,4,4,4,4,4,4,4,4,4,4,4,4,4,4,4,4,4,4,4,4,4,4,4,4,4,4,4,4,4,4,4,4,4,4,4,4,3,3,3,1,0,4,4,2,0,0,1,1,4,1,2,2,2,1,2,0,1,0,1,2,3,3,2,0,4,4,4,4,4,4,4,4,4,4,4,4,4,4,4,4,4,4,4,4,4,2,3,0,0,2,2,1,0,4,1,1,2,4,1,1,3,2,4,4,4,0,3,3,4,4,4,4,4,4,4,4,4,4,4,4,4,4,4,4,4,4,4,4,4,4,4,4,4,4,4,4,4,4,4,4,4,4,4,4,4,4,4,4,4,4,4,4,4,1,1,0,4,4,4,4,4,4,4,4,4,4,4,4,4,4,4,4,4,3,1,0,1,0,0,0,2,2,1,0,2,2,2,3,3,0,0,3,4,4,4,4,4,4,4,4,4,4,4,4,4,4,4,4,4,4,4,4,4,4,4,4,4,4,4,4,4,4,4,4,4,4,4,4,4,4,4,4,4,4,4,4,4,1,1,1,1,3,2,1,1,3,3,3,2,3,3,2,3,AFMO01000239.1/26426-26615,0
247,2,3,0,2,0,3,2,1,3,1,0,3,3,1,1,0,3,4,1,3,4,1,3,3,0,3,2,3,3,1,2,1,1,3,3,0,4,4,4,4,4,4,4,4,4,4,4,4,4,4,4,4,4,2,3,4,4,4,4,4,4,4,4,4,4,4,4,4,4,4,4,4,4,4,4,4,4,4,4,4,4,4,4,4,4,2,1,4,1,3,1,0,3,0,0,0,1,3,1,1,4,2,2,0,0,3,2,0,1,2,1,4,0,2,0,4,2,1,1,2,3,3,4,4,4,4,3,0,1,2,2,4,4,3,2,1,3,3,4,0,4,3,1,2,3,1,1,0,4,4,1,3,2,0,4,1,0,2,0,3,2,4,3,1,2,1,4,4,4,3,3,4,0,4,3,2,1,1,4,4,4,4,4,4,4,3,4,4,4,4,4,4,4,4,4,4,4,4,4,4,4,4,4,4,4,4,4,4,4,4,4,4,4,4,4,4,4,4,4,4,4,4,4,4,4,4,4,4,4,4,4,4,4,4,4,4,4,4,4,4,1,0,3,1,0,2,0,1,0,1,1,0,4,3,2,2,0,1,0,1,0,0,1,2,3,3,2,0,4,4,4,4,4,4,4,4,4,4,4,4,4,4,4,4,4,4,4,4,4,2,3,2,0,0,2,1,0,4,1,1,4,4,1,0,1,3,4,4,3,2,3,3,2,3,1,0,4,3,4,0,1,0,4,4,4,4,4,4,4,4,4,4,4,4,4,4,4,4,4,4,4,4,4,4,4,4,4,4,4,4,4,4,4,4,2,0,1,1,3,2,4,4,4,4,4,4,4,4,4,4,4,4,4,4,4,4,4,3,3,3,3,0,0,1,2,1,1,3,2,1,3,1,1,2,3,0,0,4,3,0,0,4,4,4,4,4,4,4,4,4,4,4,4,4,4,4,4,4,4,4,4,4,4,4,4,4,4,4,4,4,4,4,4,4,4,4,4,4,4,4,4,2,0,2,1,0,2,2,1,2,3,3,3,3,3,3,3,AFUX01000026.1/38058-38264,0
248,2,1,0,2,3,2,2,1,3,1,0,3,3,1,0,1,1,4,2,0,4,1,3,3,0,3,2,3,1,0,2,1,1,1,1,3,3,1,2,4,4,4,4,4,4,4,4,4,4,2,2,0,1,2,3,4,4,4,4,4,4,4,4,4,4,4,4,4,4,4,4,4,4,4,4,4,4,4,4,4,4,4,4,4,4,2,1,4,3,0,1,0,3,0,0,0,0,3,3,1,4,4,2,0,0,3,2,0,1,2,1,4,0,1,0,4,0,1,4,4,4,4,4,4,4,4,4,0,0,2,2,4,4,3,2,1,1,3,4,2,4,1,1,2,3,1,1,0,4,4,0,1,3,3,4,1,3,2,0,3,0,4,3,1,0,2,1,4,2,3,0,4,4,4,4,2,1,3,4,4,4,4,4,4,4,0,4,4,4,4,4,4,4,4,4,4,4,4,4,4,4,4,4,4,4,4,4,4,4,4,4,4,4,4,4,4,4,4,4,4,4,4,4,4,4,4,4,4,4,4,4,4,4,4,4,4,4,4,4,4,3,0,3,1,0,4,4,0,1,1,0,3,4,1,2,2,2,1,2,0,0,0,1,2,3,1,2,0,4,4,4,4,4,4,4,4,4,4,4,4,4,4,4,4,4,4,4,4,4,2,3,3,0,2,2,1,0,4,1,1,2,4,1,1,3,3,4,4,4,0,3,3,4,4,4,4,4,4,4,4,4,4,4,4,4,4,4,4,4,4,4,4,4,4,4,4,4,4,4,4,4,4,4,4,4,4,4,4,4,4,4,4,4,4,4,4,4,1,1,0,4,4,4,4,4,4,4,4,4,4,4,4,4,4,4,4,4,3,0,0,1,0,0,0,2,1,1,2,2,2,4,4,3,0,0,3,4,4,4,4,3,4,4,4,4,4,4,4,4,4,4,4,4,4,4,4,4,4,4,4,4,4,4,4,4,4,4,4,4,4,4,4,4,4,4,4,4,4,4,4,4,4,4,1,1,1,2,2,1,3,3,3,2,3,3,2,3,ADUA01000051.1/12995-13182,0
249,2,1,0,2,3,2,2,1,3,1,0,3,3,1,0,1,1,4,2,0,4,1,3,3,0,3,2,3,1,0,2,1,1,1,1,3,3,1,2,4,4,4,4,4,4,4,4,4,4,2,2,0,1,2,3,4,4,4,4,4,4,4,4,4,4,4,4,4,4,4,4,4,4,4,4,4,4,4,4,4,4,4,4,4,4,2,1,4,3,0,1,0,3,0,0,0,0,3,3,1,4,4,2,0,0,3,2,0,1,2,1,4,0,1,0,4,0,1,4,4,4,4,4,4,4,4,4,0,0,2,2,4,4,3,2,1,1,3,4,2,4,1,1,2,3,1,1,0,4,4,0,1,3,3,4,1,3,2,0,3,0,4,3,1,0,2,1,4,2,3,0,4,4,4,4,2,1,3,4,4,4,4,4,4,4,0,4,4,4,4,4,4,4,4,4,4,4,4,4,4,4,4,4,4,4,4,4,4,4,4,4,4,4,4,4,4,4,4,4,4,4,4,4,4,4,4,4,4,4,4,4,4,4,4,4,4,4,4,4,4,3,0,3,1,0,4,4,0,1,1,0,3,4,1,2,2,2,1,2,0,0,0,1,2,3,1,2,0,4,4,4,4,4,4,4,4,4,4,4,4,4,4,4,4,4,4,4,4,4,2,3,3,0,2,2,1,0,4,1,1,2,4,1,1,3,3,4,4,4,0,3,3,4,4,4,4,4,4,4,4,4,4,4,4,4,4,4,4,4,4,4,4,4,4,4,4,4,4,4,4,4,4,4,4,4,4,4,4,4,4,4,4,4,4,4,4,4,1,1,0,4,4,4,4,4,4,4,4,4,4,4,4,4,4,4,4,4,3,0,0,1,0,0,0,2,1,1,2,2,2,4,4,3,0,0,3,4,4,4,4,3,4,4,4,4,4,4,4,4,4,4,4,4,4,4,4,4,4,4,4,4,4,4,4,4,4,4,4,4,4,4,4,4,4,4,4,4,4,4,4,4,4,4,1,1,1,2,2,1,3,3,3,2,3,3,2,3,CP002185.1/2862422-2862235,0
250,2,3,0,2,0,3,2,1,3,1,0,3,3,1,1,0,3,4,1,3,4,1,3,3,0,3,2,3,3,1,2,1,1,3,3,1,4,4,4,4,4,4,4,4,4,4,4,4,4,4,4,4,4,3,2,4,4,4,4,4,4,4,4,4,4,4,4,4,4,4,4,4,4,4,4,4,4,4,4,4,4,4,4,4,4,2,1,4,1,3,1,0,3,0,0,0,1,3,1,0,4,2,2,0,0,3,2,0,3,2,1,4,0,2,0,4,2,1,1,2,3,3,4,4,4,4,3,0,1,2,2,4,4,3,2,1,3,3,4,0,4,3,1,2,3,1,1,0,4,4,1,3,2,0,4,1,0,2,0,3,2,4,3,1,2,1,4,4,4,3,3,4,0,4,1,2,1,1,4,4,4,4,4,4,4,3,4,4,4,4,4,4,4,4,4,4,4,4,4,4,4,4,4,4,4,4,4,4,4,4,4,4,4,4,4,4,4,4,4,4,4,4,4,4,4,4,4,4,4,4,4,4,4,4,4,4,4,4,4,4,1,0,3,1,0,0,0,1,0,1,1,1,4,3,2,2,0,1,0,1,0,0,1,2,3,3,2,0,4,4,4,4,4,4,4,4,4,4,4,4,4,4,4,4,4,4,4,4,4,2,3,2,0,0,2,1,0,4,1,1,1,4,1,3,3,3,4,0,3,2,3,3,2,3,1,0,4,3,4,0,1,0,4,4,4,4,4,4,4,4,4,4,4,4,4,4,4,4,4,4,4,4,4,4,4,4,4,4,4,4,4,4,4,4,2,0,1,1,3,2,4,4,4,4,4,4,4,4,4,4,4,4,4,4,4,4,4,3,3,3,3,2,0,1,2,1,1,3,2,1,1,1,1,3,3,0,0,4,4,1,1,4,4,4,4,4,4,4,4,4,4,4,4,4,4,4,4,4,4,4,4,4,4,4,4,4,4,4,4,4,4,4,4,4,4,4,4,4,4,4,4,2,2,2,1,0,2,2,1,2,3,3,3,3,3,3,3,AESN01000029.1/14887-15094,0
251,2,3,0,2,0,3,2,1,3,1,0,3,3,1,1,0,3,4,1,3,4,1,3,3,0,3,2,3,3,1,2,1,1,3,3,0,4,4,4,4,4,4,4,4,4,4,4,4,4,4,4,4,4,2,3,4,4,4,4,4,4,4,4,4,4,4,4,4,4,4,4,4,4,4,4,4,4,4,4,4,4,4,4,4,4,2,1,4,1,3,1,0,3,0,0,0,1,3,1,1,4,2,2,0,0,3,2,0,1,2,1,4,0,2,0,4,2,1,1,2,3,3,4,4,4,4,3,0,1,2,2,4,4,3,2,1,3,3,4,0,4,3,1,2,3,1,1,0,4,4,1,3,2,0,4,1,0,2,0,3,2,4,3,1,2,1,4,4,4,3,3,4,0,4,3,2,1,1,4,4,4,4,4,4,4,3,4,4,4,4,4,4,4,4,4,4,4,4,4,4,4,4,4,4,4,4,4,4,4,4,4,4,4,4,4,4,4,4,4,4,4,4,4,4,4,4,4,4,4,4,4,4,4,4,4,4,4,4,4,4,1,0,3,1,0,2,0,1,0,1,1,0,4,3,2,2,0,1,0,1,0,0,1,2,3,3,2,0,4,4,4,4,4,4,4,4,4,4,4,4,4,4,4,4,4,4,4,4,4,2,3,2,0,0,2,1,0,4,1,1,4,4,1,0,1,3,4,4,3,2,3,3,2,3,1,0,4,3,4,0,1,0,4,4,4,4,4,4,4,4,4,4,4,4,4,4,4,4,4,4,4,4,4,4,4,4,4,4,4,4,4,4,4,4,2,0,1,1,3,2,4,4,4,4,4,4,4,4,4,4,4,4,4,4,4,4,4,3,3,3,3,0,0,1,2,1,1,3,2,1,3,1,1,2,3,0,0,4,3,0,0,4,4,4,4,4,4,4,4,4,4,4,4,4,4,4,4,4,4,4,4,4,4,4,4,4,4,4,4,4,4,4,4,4,4,4,4,4,4,4,4,2,0,2,1,0,2,2,1,2,3,3,3,3,3,3,3,ABHQ01000006.1/62153-62359,0
252,2,3,0,2,0,3,2,1,3,1,0,3,3,1,1,0,3,4,1,3,4,1,3,3,0,3,2,3,3,1,2,1,1,3,3,1,4,4,4,4,4,4,4,4,4,4,4,4,4,4,4,4,4,3,2,4,4,4,4,4,4,4,4,4,4,4,4,4,4,4,4,4,4,4,4,4,4,4,4,4,4,4,4,4,4,2,1,4,1,3,1,0,3,0,0,0,1,3,1,0,4,2,2,0,0,3,2,0,3,2,1,4,0,2,0,4,2,1,1,2,3,3,4,4,4,4,3,0,1,2,2,4,4,3,2,1,3,3,4,0,4,3,1,2,3,1,1,0,4,4,1,3,2,0,4,1,0,2,0,3,2,4,3,1,2,1,4,4,4,3,3,4,0,4,1,2,1,1,4,4,4,4,4,4,4,3,4,4,4,4,4,4,4,4,4,4,4,4,4,4,4,4,4,4,4,4,4,4,4,4,4,4,4,4,4,4,4,4,4,4,4,4,4,4,4,4,4,4,4,4,4,4,4,4,4,4,4,4,4,4,1,0,3,1,0,0,0,1,0,1,1,1,4,3,2,2,0,1,0,1,0,0,1,2,3,3,2,0,4,4,4,4,4,4,4,4,4,4,4,4,4,4,4,4,4,4,4,4,4,2,3,2,0,0,2,1,0,4,1,1,1,4,1,3,3,3,4,0,3,2,3,3,2,3,1,0,4,3,4,0,1,0,4,4,4,4,4,4,4,4,4,4,4,4,4,4,4,4,4,4,4,4,4,4,4,4,4,4,4,4,4,4,4,4,2,0,1,1,3,2,4,4,4,4,4,4,4,4,4,4,4,4,4,4,4,4,4,3,3,3,3,2,0,1,2,1,1,3,2,1,1,1,1,3,3,0,0,4,4,1,1,4,4,4,4,4,4,4,4,4,4,4,4,4,4,4,4,4,4,4,4,4,4,4,4,4,4,4,4,4,4,4,4,4,4,4,4,4,4,4,4,2,2,2,1,0,2,2,1,2,3,3,3,3,3,3,3,AFCT01002171.1/317-524,0
253,2,3,4,4,4,2,2,1,3,1,0,3,3,1,0,1,1,4,3,3,4,1,3,3,0,3,2,3,1,0,2,1,1,1,1,3,3,0,2,4,4,4,4,4,4,4,4,4,4,2,2,0,1,2,1,4,4,4,4,4,4,4,4,4,4,4,4,4,4,4,4,4,4,4,4,4,4,4,4,4,4,4,4,4,4,2,1,4,3,0,1,0,3,0,0,0,1,3,3,1,4,4,2,0,0,3,2,0,1,2,1,4,4,4,4,4,0,1,0,0,4,4,4,4,4,4,1,0,0,2,2,4,4,3,2,1,1,3,4,2,4,1,1,2,3,1,1,0,4,4,0,1,3,3,4,1,3,2,0,3,0,4,0,3,0,2,1,4,2,3,4,4,4,4,0,2,1,3,4,4,4,4,4,4,4,3,4,4,4,4,4,4,4,4,4,4,4,4,4,4,4,4,4,4,4,4,4,4,4,4,4,4,4,4,4,4,4,4,4,4,4,4,4,4,4,4,4,4,4,4,4,4,4,4,4,4,4,4,4,4,3,0,3,1,0,4,4,0,1,1,3,1,4,1,2,2,2,1,2,0,0,0,1,2,3,1,2,0,4,4,4,4,4,4,4,4,4,4,4,4,4,4,4,4,4,4,4,4,4,2,3,3,0,2,2,1,0,4,1,1,2,4,1,1,3,3,4,4,4,0,3,3,4,4,4,4,4,4,4,4,4,4,4,4,4,4,4,4,4,4,4,4,4,4,4,4,4,4,4,4,4,4,4,4,4,4,4,4,4,4,4,4,4,4,4,4,4,1,1,0,4,4,4,4,4,4,4,4,4,4,4,4,4,4,4,4,4,3,0,0,1,0,0,0,2,1,1,2,2,2,3,3,3,4,4,4,4,4,4,4,4,4,4,4,4,4,4,4,4,4,4,4,4,4,4,4,4,4,4,4,4,4,4,4,4,4,4,4,4,4,4,4,4,4,4,4,4,4,4,4,4,0,2,1,1,1,2,2,1,3,3,3,2,3,3,2,3,ABFG01000004.1/33314-33498,0
254,2,3,4,4,4,2,2,1,3,1,0,3,3,1,0,1,1,4,3,3,4,1,3,3,0,3,2,3,1,0,2,1,1,1,1,3,3,0,2,4,4,4,4,4,4,4,4,4,4,2,2,0,1,2,1,4,4,4,4,4,4,4,4,4,4,4,4,4,4,4,4,4,4,4,4,4,4,4,4,4,4,4,4,4,4,2,1,4,3,0,1,0,3,0,0,0,1,3,3,1,4,4,2,0,0,3,2,0,1,2,1,4,4,4,4,4,0,1,0,0,4,4,4,4,4,4,1,0,0,2,2,4,4,3,2,1,1,3,4,2,4,1,1,2,3,1,3,0,4,4,0,1,3,3,4,1,3,2,0,3,0,4,0,3,0,2,1,4,2,3,4,4,4,4,0,2,1,3,4,4,4,4,4,4,4,3,4,4,4,4,4,4,4,4,4,4,4,4,4,4,4,4,4,4,4,4,4,4,4,4,4,4,4,4,4,4,4,4,4,4,4,4,4,4,4,4,4,4,4,4,4,4,4,4,4,4,4,4,4,4,3,0,3,1,0,4,4,0,1,1,3,1,4,1,2,2,2,1,2,0,0,0,1,2,3,1,2,0,4,4,4,4,4,4,4,4,4,4,4,4,4,4,4,4,4,4,4,4,4,2,3,3,0,2,2,1,0,4,1,1,2,4,1,1,3,3,4,4,4,0,3,3,4,4,4,4,4,4,4,4,4,4,4,4,4,4,4,4,4,4,4,4,4,4,4,4,4,4,4,4,4,4,4,4,4,4,4,4,4,4,4,4,4,4,4,4,4,1,1,0,4,4,4,4,4,4,4,4,4,4,4,4,4,4,4,4,4,3,0,0,1,0,0,0,2,1,1,2,2,2,3,3,3,4,4,4,4,4,4,4,4,4,4,4,4,4,4,4,4,4,4,4,4,4,4,4,4,4,4,4,4,4,4,4,4,4,4,4,4,4,4,4,4,4,4,4,4,4,4,4,4,0,2,1,1,1,2,2,1,3,3,3,2,3,3,2,3,AE014613.1/332915-333099,0
255,2,3,4,4,4,2,2,1,3,1,0,3,3,1,0,1,1,4,2,0,4,1,3,3,0,3,2,3,1,0,2,1,1,1,1,3,3,1,2,4,4,4,4,4,4,4,4,4,4,2,2,0,1,2,3,4,4,4,4,4,4,4,4,4,4,4,4,4,4,4,4,4,4,4,4,4,4,4,4,4,4,4,4,4,4,2,1,4,3,0,1,0,3,0,0,0,0,3,0,1,4,4,2,0,0,3,2,0,1,2,1,4,4,4,4,4,0,1,0,0,4,4,4,4,4,4,1,0,0,2,2,4,4,3,2,1,1,3,4,2,4,1,1,2,3,1,1,0,4,4,0,1,3,3,4,1,3,2,0,3,0,4,3,1,0,2,1,4,2,3,0,4,4,4,4,2,1,3,4,4,4,4,4,4,4,0,4,4,4,4,4,4,4,4,4,4,4,4,4,4,4,4,4,4,4,4,4,4,4,4,4,4,4,4,4,4,4,4,4,4,4,4,4,4,4,4,4,4,4,4,4,4,4,4,4,4,4,4,4,4,3,0,3,1,0,4,4,0,1,1,0,3,4,1,2,2,2,1,2,0,0,0,1,2,3,1,2,0,4,4,4,4,4,4,4,4,4,4,4,4,4,4,4,4,4,4,4,4,4,2,3,3,0,2,2,1,0,4,1,1,2,4,1,1,3,3,4,4,4,0,3,3,4,4,4,4,4,4,4,4,4,4,4,4,4,4,4,4,4,4,4,4,4,4,4,4,4,4,4,4,4,4,4,4,4,4,4,4,4,4,4,4,4,4,4,4,4,1,1,0,4,4,4,4,4,4,4,4,4,4,4,4,4,4,4,4,4,3,0,0,1,0,0,0,2,1,1,2,2,2,4,4,3,0,0,3,4,4,4,4,3,4,4,4,4,4,4,4,4,4,4,4,4,4,4,4,4,4,4,4,4,4,4,4,4,4,4,4,4,4,4,4,4,4,4,4,4,4,4,4,4,4,4,1,1,1,2,2,1,3,3,3,2,3,3,2,3,AFAH01000030.1/1222538-1222354,0
256,2,3,0,2,0,3,2,1,3,1,0,3,3,1,1,0,3,4,1,3,4,1,3,3,0,3,2,3,3,1,2,1,1,3,3,0,4,4,4,4,4,4,4,4,4,4,4,4,4,4,4,4,4,2,3,4,4,4,4,4,4,4,4,4,4,4,4,4,4,4,4,4,4,4,4,4,4,4,4,4,4,4,4,4,4,2,1,4,1,3,1,0,3,0,0,0,1,3,1,1,4,2,2,0,0,3,2,0,1,2,1,4,0,2,0,4,2,1,1,2,3,3,4,4,4,4,3,0,1,2,2,4,4,3,2,1,3,3,4,0,4,3,1,2,3,1,1,0,4,4,1,3,2,0,4,1,0,2,0,3,2,4,3,1,2,1,4,4,4,3,3,4,0,4,3,2,1,1,4,4,4,4,4,4,4,3,4,4,4,4,4,4,4,4,4,4,4,4,4,4,4,4,4,4,4,4,4,4,4,4,4,4,4,4,4,4,4,4,4,4,4,4,4,4,4,4,4,4,4,4,4,4,4,4,4,4,4,4,4,4,1,0,3,1,0,2,0,1,0,1,1,0,4,3,2,2,0,1,0,1,0,0,1,2,3,3,2,0,4,4,4,4,4,4,4,4,4,4,4,4,4,4,4,4,4,4,4,4,4,2,3,2,0,0,2,1,0,4,1,1,4,4,1,0,1,3,4,4,3,2,3,3,2,3,1,0,4,3,4,0,1,0,4,4,4,4,4,4,4,4,4,4,4,4,4,4,4,4,4,4,4,4,4,4,4,4,4,4,4,4,4,4,4,4,2,0,1,1,3,2,4,4,4,4,4,4,4,4,4,4,4,4,4,4,4,4,4,3,3,3,3,0,0,1,2,1,1,3,2,1,3,1,1,2,3,0,0,4,3,0,0,4,4,4,4,4,4,4,4,4,4,4,4,4,4,4,4,4,4,4,4,4,4,4,4,4,4,4,4,4,4,4,4,4,4,4,4,4,4,4,4,2,0,2,1,0,2,2,1,2,3,3,3,3,3,3,3,AFDZ01000024.1/42009-42215,0
257,2,1,0,2,3,2,2,1,3,1,0,3,3,1,0,1,1,4,2,0,4,1,3,3,0,3,2,3,1,0,2,1,1,1,1,3,3,1,2,4,4,4,4,4,4,4,4,4,4,2,2,0,1,2,3,4,4,4,4,4,4,4,4,4,4,4,4,4,4,4,4,4,4,4,4,4,4,4,4,4,4,4,4,4,4,2,1,4,3,0,1,0,3,0,0,0,0,3,3,1,4,4,2,0,0,3,2,0,1,2,1,4,0,1,0,4,0,1,4,4,4,4,4,4,4,4,4,0,0,2,2,4,4,3,2,1,1,3,4,2,4,1,1,2,3,1,1,0,4,4,0,1,3,3,4,1,3,2,0,3,0,4,3,1,0,2,1,4,2,3,0,4,4,4,4,2,1,3,4,4,4,4,4,4,4,0,4,4,4,4,4,4,4,4,4,4,4,4,4,4,4,4,4,4,4,4,4,4,4,4,4,4,4,4,4,4,4,4,4,4,4,4,4,4,4,4,4,4,4,4,4,4,4,4,4,4,4,4,4,4,3,0,3,1,0,4,4,0,1,1,0,3,4,1,2,2,2,1,2,0,0,0,1,2,3,1,2,0,4,4,4,4,4,4,4,4,4,4,4,4,4,4,4,4,4,4,4,4,4,2,3,3,0,2,2,1,0,4,1,1,2,4,1,1,3,3,4,4,4,0,3,3,4,4,4,4,4,4,4,4,4,4,4,4,4,4,4,4,4,4,4,4,4,4,4,4,4,4,4,4,4,4,4,4,4,4,4,4,4,4,4,4,4,4,4,4,4,1,1,0,4,4,4,4,4,4,4,4,4,4,4,4,4,4,4,4,4,3,0,0,1,0,0,0,2,1,1,2,2,2,4,4,3,0,0,3,4,4,4,4,3,4,4,4,4,4,4,4,4,4,4,4,4,4,4,4,4,4,4,4,4,4,4,4,4,4,4,4,4,4,4,4,4,4,4,4,4,4,4,4,4,4,4,1,1,1,2,2,1,3,3,3,2,3,3,2,3,AP009240.1/2950124-2949937,0
258,0,1,0,2,3,3,2,1,3,1,0,3,3,1,0,1,1,4,3,3,4,3,3,3,0,3,2,0,3,0,2,1,1,1,1,2,4,4,4,4,4,4,4,4,4,4,4,4,4,4,4,4,4,4,4,1,0,0,3,3,0,0,2,1,4,4,4,4,4,4,4,4,4,4,4,4,2,2,0,3,2,0,3,2,1,2,1,4,3,3,1,0,3,0,0,2,1,1,3,1,4,1,2,0,0,3,2,0,3,2,1,4,1,3,0,4,4,4,0,2,0,1,4,4,4,4,4,4,3,2,2,4,4,3,2,1,1,3,4,0,4,3,1,2,3,1,1,0,1,1,3,0,0,0,4,1,1,2,0,1,0,4,3,3,2,3,2,4,3,2,0,4,0,4,0,2,1,0,1,4,4,4,4,4,0,3,4,4,4,4,4,4,4,4,4,4,4,4,4,4,4,4,4,4,4,4,4,4,4,4,4,4,4,4,4,4,4,4,4,4,4,4,4,4,4,4,4,4,4,4,4,4,4,4,4,4,4,4,4,4,3,0,3,1,0,4,4,0,0,1,0,3,4,1,2,2,0,1,2,0,1,0,1,2,3,3,2,0,4,4,4,4,4,4,4,4,4,4,4,4,4,4,4,4,4,4,4,4,4,2,3,2,0,2,2,1,0,4,1,1,2,4,1,1,3,0,4,4,3,2,3,1,4,4,4,4,4,4,4,4,4,4,4,4,4,4,4,4,4,4,4,4,4,4,4,4,4,4,4,4,4,4,4,4,4,4,4,4,4,4,4,4,4,4,4,4,4,1,3,2,4,4,4,4,4,4,4,4,4,4,4,4,4,4,4,4,4,1,3,2,3,2,0,3,2,0,0,3,4,4,4,4,4,4,4,4,4,4,4,4,4,4,4,4,4,4,4,4,4,4,4,4,4,4,4,4,4,4,4,4,4,4,4,4,4,4,4,4,4,4,4,4,4,4,4,4,4,4,4,4,3,4,4,4,4,0,3,3,1,0,3,1,0,0,3,3,3,CP000308.1/2643721-2643524,0
259,2,1,0,2,3,2,2,1,3,1,0,3,3,1,0,1,1,4,2,0,4,1,3,3,0,3,2,3,1,0,2,1,1,1,1,3,3,1,2,4,4,4,4,4,4,4,4,4,4,2,2,0,1,2,3,4,4,4,4,4,4,4,4,4,4,4,4,4,4,4,4,4,4,4,4,4,4,4,4,4,4,4,4,4,4,2,1,4,3,0,1,0,3,0,0,0,0,3,3,1,4,4,2,0,0,3,2,0,1,2,1,4,0,1,0,4,0,1,4,4,4,4,4,4,4,4,4,0,0,2,2,4,4,3,2,1,1,3,4,2,4,1,1,2,3,1,1,0,4,4,0,1,3,3,4,1,3,2,0,3,0,4,3,1,0,2,4,4,4,1,3,4,3,4,0,2,1,3,4,4,4,4,4,4,4,0,4,4,4,4,4,4,4,4,4,4,4,4,4,4,4,4,4,4,4,4,4,4,4,4,4,4,4,4,4,4,4,4,4,4,4,4,4,4,4,4,4,4,4,4,4,4,4,4,4,4,4,4,4,4,3,0,3,1,0,4,4,0,1,1,0,3,4,1,2,2,2,1,2,0,0,0,1,2,3,1,2,0,4,4,4,4,4,4,4,4,4,4,4,4,4,4,4,4,4,4,4,4,4,2,3,3,0,2,2,1,0,4,1,1,2,4,1,1,3,3,4,4,4,0,3,3,4,4,4,4,4,4,4,4,4,4,4,4,4,4,4,4,4,4,4,4,4,4,4,4,4,4,4,4,4,4,4,4,4,4,4,4,4,4,4,4,4,4,4,4,4,1,1,0,4,4,4,4,4,4,4,4,4,4,4,4,4,4,4,4,4,3,0,0,1,0,0,0,2,1,1,2,2,2,4,4,3,0,0,3,4,4,4,4,3,4,4,4,4,4,4,4,4,4,4,4,4,4,4,4,4,4,4,4,4,4,4,4,4,4,4,4,4,4,4,4,4,4,4,4,4,4,4,4,4,4,4,1,1,1,2,2,1,3,3,3,2,3,3,2,3,CP002797.2/2692990-2692803,0
260,2,3,4,4,4,2,2,1,3,1,0,3,3,1,0,1,1,4,2,0,4,1,3,3,0,3,2,3,1,0,2,1,1,1,1,3,3,1,2,4,4,4,4,4,4,4,4,4,4,2,2,0,1,2,3,4,4,4,4,4,4,4,4,4,4,4,4,4,4,4,4,4,4,4,4,4,4,4,4,4,4,4,4,4,4,2,1,4,3,0,1,0,3,0,0,0,0,3,0,1,4,4,2,0,0,3,2,0,1,2,1,4,4,4,4,4,0,1,0,0,4,4,4,4,4,4,1,0,0,2,2,4,4,3,2,1,1,3,4,2,4,1,1,2,3,1,1,0,4,4,0,1,3,3,4,1,3,2,0,3,0,4,3,1,0,2,1,4,2,3,0,4,4,4,4,2,1,3,4,4,4,4,4,4,4,0,4,4,4,4,4,4,4,4,4,4,4,4,4,4,4,4,4,4,4,4,4,4,4,4,4,4,4,4,4,4,4,4,4,4,4,4,4,4,4,4,4,4,4,4,4,4,4,4,4,4,4,4,4,4,3,0,3,1,0,4,4,0,1,1,0,3,4,1,2,2,2,1,2,0,0,0,1,2,3,1,2,0,4,4,4,4,4,4,4,4,4,4,4,4,4,4,4,4,4,4,4,4,4,2,3,3,0,2,2,1,0,4,1,1,2,4,1,1,3,3,4,4,4,0,3,3,4,4,4,4,4,4,4,4,4,4,4,4,4,4,4,4,4,4,4,4,4,4,4,4,4,4,4,4,4,4,4,4,4,4,4,4,4,4,4,4,4,4,4,4,4,1,1,0,4,4,4,4,4,4,4,4,4,4,4,4,4,4,4,4,4,3,0,0,1,0,0,0,2,1,1,2,2,2,4,4,3,0,0,3,4,4,4,4,3,4,4,4,4,4,4,4,4,4,4,4,4,4,4,4,4,4,4,4,4,4,4,4,4,4,4,4,4,4,4,4,4,4,4,4,4,4,4,4,4,4,4,1,1,1,2,2,1,3,3,3,2,3,3,2,3,CP000948.1/2781126-2780942,0
261,2,3,4,4,4,2,2,1,3,1,0,3,3,1,0,1,1,4,2,0,4,1,3,3,0,3,2,3,1,0,2,1,1,1,1,3,3,1,2,4,4,4,4,4,4,4,4,4,4,2,2,0,1,2,3,4,4,4,4,4,4,4,4,4,4,4,4,4,4,4,4,4,4,4,4,4,4,4,4,4,4,4,4,4,4,2,1,4,3,0,1,0,3,0,0,0,0,3,0,1,4,4,2,0,0,3,2,0,1,2,1,4,4,4,4,4,0,1,0,0,4,4,4,4,4,4,1,0,0,2,2,4,4,3,2,1,1,3,4,2,4,1,1,2,3,1,1,0,4,4,0,1,3,3,4,1,3,2,0,3,0,4,3,1,0,2,1,4,2,3,0,4,4,4,4,2,1,3,4,4,4,4,4,4,4,0,4,4,4,4,4,4,4,4,4,4,4,4,4,4,4,4,4,4,4,4,4,4,4,4,4,4,4,4,4,4,4,4,4,4,4,4,4,4,4,4,4,4,4,4,4,4,4,4,4,4,4,4,4,4,3,0,3,1,0,4,4,0,1,1,0,3,4,1,2,2,2,1,2,0,0,0,1,2,3,1,2,0,4,4,4,4,4,4,4,4,4,4,4,4,4,4,4,4,4,4,4,4,4,2,3,3,0,2,2,1,0,4,1,1,2,4,1,1,3,3,4,4,4,0,3,3,4,4,4,4,4,4,4,4,4,4,4,4,4,4,4,4,4,4,4,4,4,4,4,4,4,4,4,4,4,4,4,4,4,4,4,4,4,4,4,4,4,4,4,4,4,1,1,0,4,4,4,4,4,4,4,4,4,4,4,4,4,4,4,4,4,3,0,0,1,0,0,0,2,1,1,2,2,2,4,4,3,0,0,3,4,4,4,4,3,4,4,4,4,4,4,4,4,4,4,4,4,4,4,4,4,4,4,4,4,4,4,4,4,4,4,4,4,4,4,4,4,4,4,4,4,4,4,4,4,4,4,1,1,1,2,2,1,3,3,3,2,3,3,2,3,U00096.2/2689361-2689177,0
262,2,3,0,2,0,3,2,1,3,1,0,3,3,1,1,0,3,4,1,3,4,1,3,3,0,3,2,3,3,1,2,1,1,3,3,0,4,4,4,4,4,4,4,4,4,4,4,4,4,4,4,4,4,2,3,4,4,4,4,4,4,4,4,4,4,4,4,4,4,4,4,4,4,4,4,4,4,4,4,4,4,4,4,4,4,2,1,4,1,3,1,0,3,0,0,0,1,3,1,1,4,2,2,0,0,3,2,0,1,2,1,4,0,2,0,4,2,1,1,2,3,3,4,4,4,4,3,0,1,2,2,4,4,3,2,1,3,3,4,0,4,3,1,2,3,1,1,0,4,4,1,3,2,0,4,1,0,2,0,3,2,4,3,1,2,1,4,4,4,3,3,4,0,4,3,2,1,1,4,4,4,4,4,4,4,3,4,4,4,4,4,4,4,4,4,4,4,4,4,4,4,4,4,4,4,4,4,4,4,4,4,4,4,4,4,4,4,4,4,4,4,4,4,4,4,4,4,4,4,4,4,4,4,4,4,4,4,4,4,4,1,0,3,1,0,2,0,1,0,1,1,0,4,3,2,2,0,1,0,1,0,0,1,2,3,3,2,0,4,4,4,4,4,4,4,4,4,4,4,4,4,4,4,4,4,4,4,4,4,2,3,2,0,0,2,1,0,4,1,1,4,4,1,0,1,3,4,4,3,2,3,3,2,3,1,0,4,3,4,0,1,0,4,4,4,4,4,4,4,4,4,4,4,4,4,4,4,4,4,4,4,4,4,4,4,4,4,4,4,4,4,4,4,4,2,0,1,1,3,2,4,4,4,4,4,4,4,4,4,4,4,4,4,4,4,4,4,3,3,3,3,0,0,1,2,1,1,3,2,1,3,1,1,2,3,0,0,4,3,0,0,4,4,4,4,4,4,4,4,4,4,4,4,4,4,4,4,4,4,4,4,4,4,4,4,4,4,4,4,4,4,4,4,4,4,4,4,4,4,4,4,2,0,2,1,0,2,2,1,2,3,3,3,3,3,3,3,AFAE01000028.1/83965-83759,0
263,2,3,0,2,0,3,2,1,3,1,0,3,3,1,1,0,3,4,1,3,4,1,3,3,0,3,2,3,3,1,2,1,1,3,3,0,4,4,4,4,4,4,4,4,4,4,4,4,4,4,4,4,4,2,3,4,4,4,4,4,4,4,4,4,4,4,4,4,4,4,4,4,4,4,4,4,4,4,4,4,4,4,4,4,4,2,1,4,1,3,1,0,3,0,0,0,1,3,1,1,4,2,2,0,0,3,2,0,1,2,1,4,0,2,0,4,2,1,1,2,3,3,4,4,4,4,3,0,1,2,2,4,4,3,2,1,3,3,4,0,4,3,1,2,3,1,1,0,4,4,1,3,2,0,4,1,0,2,0,3,2,4,3,1,2,1,4,4,4,3,3,4,0,4,3,2,1,1,4,4,4,4,4,4,4,3,4,4,4,4,4,4,4,4,4,4,4,4,4,4,4,4,4,4,4,4,4,4,4,4,4,4,4,4,4,4,4,4,4,4,4,4,4,4,4,4,4,4,4,4,4,4,4,4,4,4,4,4,4,4,1,0,3,1,0,2,0,1,0,1,1,0,4,3,2,2,0,1,0,1,0,0,1,2,3,3,2,0,4,4,4,4,4,4,4,4,4,4,4,4,4,4,4,4,4,4,4,4,4,2,3,2,0,0,2,1,0,4,1,1,4,4,1,0,1,3,4,4,3,2,3,3,2,3,1,0,4,3,4,0,1,0,4,4,4,4,4,4,4,4,4,4,4,4,4,4,4,4,4,4,4,4,4,4,4,4,4,4,4,4,4,4,4,4,2,0,1,1,3,2,4,4,4,4,4,4,4,4,4,4,4,4,4,4,4,4,4,3,3,3,3,0,0,1,2,1,1,3,2,1,3,1,1,2,3,0,0,4,3,0,0,4,4,4,4,4,4,4,4,4,4,4,4,4,4,4,4,4,4,4,4,4,4,4,4,4,4,4,4,4,4,4,4,4,4,4,4,4,4,4,4,2,0,2,1,0,2,2,1,2,3,3,3,3,3,3,3,AFOW01000045.1/57613-57407,0
264,2,3,0,2,0,3,2,1,3,1,0,3,3,1,1,0,3,4,1,3,4,1,3,3,0,3,2,3,3,1,2,1,1,3,3,0,4,4,4,4,4,4,4,4,4,4,4,4,4,4,4,4,4,2,3,4,4,4,4,4,4,4,4,4,4,4,4,4,4,4,4,4,4,4,4,4,4,4,4,4,4,4,4,4,4,2,1,4,1,3,1,0,3,0,0,0,1,3,1,1,4,2,2,0,0,3,2,0,1,2,1,4,0,2,0,4,2,1,1,2,3,3,4,4,4,4,3,0,1,2,2,4,4,3,2,1,3,3,4,0,4,3,1,2,3,1,1,0,4,4,1,3,2,0,4,1,0,2,0,3,2,4,3,1,2,1,4,4,4,3,3,4,0,4,3,2,1,1,4,4,4,4,4,4,4,3,4,4,4,4,4,4,4,4,4,4,4,4,4,4,4,4,4,4,4,4,4,4,4,4,4,4,4,4,4,4,4,4,4,4,4,4,4,4,4,4,4,4,4,4,4,4,4,4,4,4,4,4,4,4,1,0,3,1,0,2,0,1,0,1,1,0,4,3,2,2,0,1,0,1,0,0,1,2,3,3,2,0,4,4,4,4,4,4,4,4,4,4,4,4,4,4,4,4,4,4,4,4,4,2,3,2,0,0,2,1,0,4,1,1,4,4,1,0,1,3,4,4,3,2,3,3,2,3,1,0,4,3,4,0,1,0,4,4,4,4,4,4,4,4,4,4,4,4,4,4,4,4,4,4,4,4,4,4,4,4,4,4,4,4,4,4,4,4,2,0,1,1,3,2,4,4,4,4,4,4,4,4,4,4,4,4,4,4,4,4,4,3,3,3,3,0,0,1,2,1,1,3,2,1,3,1,1,2,3,0,0,4,3,0,0,4,4,4,4,4,4,4,4,4,4,4,4,4,4,4,4,4,4,4,4,4,4,4,4,4,4,4,4,4,4,4,4,4,4,4,4,4,4,4,4,2,0,2,1,0,2,2,1,2,3,3,3,3,3,3,3,ADWT01000015.1/37738-37944,0
265,2,3,0,2,0,3,2,1,3,1,0,3,3,1,1,0,3,4,1,3,4,1,3,3,0,3,2,3,3,1,2,1,1,3,3,0,4,4,4,4,4,4,4,4,4,4,4,4,4,4,4,4,4,2,3,4,4,4,4,4,4,4,4,4,4,4,4,4,4,4,4,4,4,4,4,4,4,4,4,4,4,4,4,4,4,2,1,4,1,3,1,0,3,0,0,0,1,3,1,1,4,2,2,0,0,3,2,0,1,2,1,4,0,2,0,4,2,1,1,2,3,3,4,4,4,4,3,0,1,2,2,4,4,3,2,1,3,3,4,0,4,3,1,2,3,1,1,0,4,4,1,3,2,0,4,1,0,2,0,3,2,4,3,1,2,1,4,4,4,3,3,4,0,4,3,2,1,1,4,4,4,4,4,4,4,3,4,4,4,4,4,4,4,4,4,4,4,4,4,4,4,4,4,4,4,4,4,4,4,4,4,4,4,4,4,4,4,4,4,4,4,4,4,4,4,4,4,4,4,4,4,4,4,4,4,4,4,4,4,4,1,0,3,1,0,2,0,1,0,1,1,0,4,3,2,2,0,1,0,1,0,0,1,2,3,3,2,0,4,4,4,4,4,4,4,4,4,4,4,4,4,4,4,4,4,4,4,4,4,2,3,2,0,0,2,1,0,4,1,1,4,4,1,0,1,3,4,4,3,2,3,3,2,3,1,0,4,3,4,0,1,0,4,4,4,4,4,4,4,4,4,4,4,4,4,4,4,4,4,4,4,4,4,4,4,4,4,4,4,4,4,4,4,4,2,0,1,1,3,2,4,4,4,4,4,4,4,4,4,4,4,4,4,4,4,4,4,3,3,3,3,0,0,1,2,1,1,3,2,1,3,1,1,2,3,0,0,4,3,0,0,4,4,4,4,4,4,4,4,4,4,4,4,4,4,4,4,4,4,4,4,4,4,4,4,4,4,4,4,4,4,4,4,4,4,4,4,4,4,4,4,2,0,2,1,0,2,2,1,2,3,3,3,3,3,3,3,ACID01000070.1/39491-39697,0
266,2,1,0,2,3,2,2,1,3,1,0,3,3,1,0,1,1,4,2,0,4,1,3,3,0,3,2,3,1,0,2,1,1,1,1,3,3,1,2,4,4,4,4,4,4,4,4,4,4,2,2,0,1,2,3,4,4,4,4,4,4,4,4,4,4,4,4,4,4,4,4,4,4,4,4,4,4,4,4,4,4,4,4,4,4,2,1,4,3,0,1,0,3,0,0,0,0,3,3,1,4,4,2,0,0,3,2,0,1,2,1,4,0,1,0,4,0,1,4,4,4,4,4,4,4,4,4,0,0,2,2,4,4,3,2,1,1,3,4,2,4,1,1,2,3,1,1,0,4,4,0,1,3,3,4,1,3,2,0,3,0,4,3,1,0,2,1,4,2,3,0,4,4,4,4,2,1,3,4,4,4,4,4,4,4,0,4,4,4,4,4,4,4,4,4,4,4,4,4,4,4,4,4,4,4,4,4,4,4,4,4,4,4,4,4,4,4,4,4,4,4,4,4,4,4,4,4,4,4,4,4,4,4,4,4,4,4,4,4,4,3,0,3,1,0,4,4,0,1,1,0,3,4,1,2,2,2,1,2,0,0,0,1,2,3,1,2,0,4,4,4,4,4,4,4,4,4,4,4,4,4,4,4,4,4,4,4,4,4,2,3,3,0,2,2,1,0,4,1,1,2,4,1,1,3,3,4,4,4,0,3,3,4,4,4,4,4,4,4,4,4,4,4,4,4,4,4,4,4,4,4,4,4,4,4,4,4,4,4,4,4,4,4,4,4,4,4,4,4,4,4,4,4,4,4,4,4,1,1,0,4,4,4,4,4,4,4,4,4,4,4,4,4,4,4,4,4,3,0,0,1,0,0,0,2,1,1,2,2,2,4,4,3,0,0,3,4,4,4,4,3,4,4,4,4,4,4,4,4,4,4,4,4,4,4,4,4,4,4,4,4,4,4,4,4,4,4,4,4,4,4,4,4,4,4,4,4,4,4,4,4,4,4,1,1,1,2,2,1,3,3,3,2,3,3,2,3,CP002211.1/2891273-2891086,0
267,2,1,0,2,3,2,2,1,3,1,0,3,3,1,0,1,1,4,2,0,4,1,3,3,0,3,2,3,1,0,2,1,1,1,1,3,3,1,2,4,4,4,4,4,4,4,4,4,4,2,2,0,1,2,3,4,4,4,4,4,4,4,4,4,4,4,4,4,4,4,4,4,4,4,4,4,4,4,4,4,4,4,4,4,4,2,1,4,3,0,1,0,3,0,0,0,0,3,3,1,4,4,2,0,0,3,2,0,1,2,1,4,0,1,0,4,0,1,4,4,4,4,4,4,4,4,4,0,0,2,2,4,4,3,2,1,1,3,4,2,4,1,1,2,3,1,1,0,4,4,0,1,3,3,4,1,3,2,0,3,0,4,3,1,0,2,1,4,2,3,0,4,4,4,4,2,1,3,4,4,4,4,4,4,4,0,4,4,4,4,4,4,4,4,4,4,4,4,4,4,4,4,4,4,4,4,4,4,4,4,4,4,4,4,4,4,4,4,4,4,4,4,4,4,4,4,4,4,4,4,4,4,4,4,4,4,4,4,4,4,3,0,3,1,0,4,4,0,1,1,0,3,4,1,2,2,2,1,2,0,0,0,1,2,3,1,2,0,4,4,4,4,4,4,4,4,4,4,4,4,4,4,4,4,4,4,4,4,4,2,3,3,0,2,2,1,0,4,1,1,2,4,1,1,3,3,4,4,4,0,3,3,4,4,4,4,4,4,4,4,4,4,4,4,4,4,4,4,4,4,4,4,4,4,4,4,4,4,4,4,4,4,4,4,4,4,4,4,4,4,4,4,4,4,4,4,4,1,1,0,4,4,4,4,4,4,4,4,4,4,4,4,4,4,4,4,4,3,0,0,1,0,0,0,2,1,1,2,2,2,4,4,3,0,0,3,4,4,4,4,3,4,4,4,4,4,4,4,4,4,4,4,4,4,4,4,4,4,4,4,4,4,4,4,4,4,4,4,4,4,4,4,4,4,4,4,4,4,4,4,4,4,4,1,1,1,2,2,1,3,3,3,2,3,3,2,3,AAMK02000008.1/39727-39914,0
268,3,1,0,2,3,3,2,1,3,1,0,3,3,1,0,0,1,4,3,3,4,3,3,3,0,3,2,0,3,2,2,1,1,1,1,2,3,0,3,3,3,0,2,4,4,0,1,2,2,0,0,2,3,3,3,4,4,4,4,4,4,4,4,4,4,4,4,4,4,4,4,4,4,4,4,4,4,4,4,4,4,4,4,4,4,2,1,4,1,3,1,0,3,0,0,2,1,1,3,1,4,1,2,0,0,3,2,0,3,2,1,4,1,3,0,4,0,2,0,0,0,3,4,4,4,4,4,4,4,2,2,4,4,3,2,1,1,3,4,0,4,3,1,2,3,1,1,0,0,1,1,0,0,0,4,1,1,2,0,3,0,4,0,1,0,2,0,4,1,2,1,4,2,4,1,0,0,2,1,2,4,4,2,1,3,3,4,4,4,4,4,4,4,4,4,4,4,4,4,4,4,4,4,4,4,4,4,4,4,4,4,4,4,4,4,4,4,4,4,4,4,4,4,4,4,4,4,4,4,4,4,4,4,4,4,4,4,4,4,4,3,0,3,1,0,0,2,4,4,1,0,3,4,1,2,2,2,1,2,0,1,0,1,2,3,2,2,0,4,4,4,4,4,4,4,4,4,4,4,4,4,4,4,4,4,4,4,4,4,2,3,2,0,2,2,1,0,4,1,1,2,4,4,4,4,4,4,4,4,4,4,4,4,4,4,4,4,4,4,4,4,4,4,4,4,4,4,4,4,4,4,4,4,4,4,4,4,4,4,4,4,4,4,4,4,4,4,4,4,4,4,4,4,4,4,4,4,4,4,4,4,4,4,4,4,4,4,4,4,4,4,4,4,4,4,4,4,4,4,4,4,4,4,4,4,4,4,4,4,4,4,4,4,4,4,4,4,4,4,4,4,1,4,4,4,4,4,4,4,4,4,4,4,4,4,4,4,4,4,4,4,4,4,4,4,4,4,4,4,4,4,4,4,4,4,4,4,4,4,4,1,4,4,4,4,4,4,4,4,4,4,4,3,2,3,0,3,CP002775.1/4117504-4117332,0
269,2,3,0,2,0,3,2,1,3,1,0,3,3,1,1,0,3,4,1,3,4,1,3,3,0,3,2,3,3,1,2,1,1,3,3,0,4,4,4,4,4,4,4,4,4,4,4,4,4,4,4,4,4,2,3,4,4,4,4,4,4,4,4,4,4,4,4,4,4,4,4,4,4,4,4,4,4,4,4,4,4,4,4,4,4,2,1,4,1,3,1,0,3,0,0,0,1,3,1,0,4,2,2,0,0,3,2,0,1,2,1,4,0,2,0,4,2,1,1,2,3,3,4,4,4,4,3,0,1,2,2,4,4,3,2,1,3,3,4,0,4,3,1,2,3,1,1,0,4,4,1,3,2,0,4,1,0,2,0,3,2,4,3,1,2,1,4,4,4,3,3,4,0,4,3,2,1,1,4,4,4,4,4,4,4,3,4,4,4,4,4,4,4,4,4,4,4,4,4,4,4,4,4,4,4,4,4,4,4,4,4,4,4,4,4,4,4,4,4,4,4,4,4,4,4,4,4,4,4,4,4,4,4,4,4,4,4,4,4,4,1,0,3,1,0,2,0,1,0,1,1,0,4,3,2,2,0,1,0,1,0,0,1,2,3,3,2,0,4,4,4,4,4,4,4,4,4,4,4,4,4,4,4,4,4,4,4,4,4,2,3,2,0,0,2,1,0,4,1,1,4,4,1,0,1,3,4,4,3,2,3,3,2,3,1,0,4,3,4,0,1,0,4,4,4,4,4,4,4,4,4,4,4,4,4,4,4,4,4,4,4,4,4,4,4,4,4,4,4,4,4,4,4,4,2,0,1,1,3,2,4,4,4,4,4,4,4,4,4,4,4,4,4,4,4,4,4,3,3,3,3,0,0,1,2,1,1,3,2,1,3,1,1,2,3,0,0,4,2,0,0,4,4,4,4,4,4,4,4,4,4,4,4,4,4,4,4,4,4,4,4,4,4,4,4,4,4,4,4,4,4,4,4,4,4,4,4,4,4,4,4,2,0,2,1,0,2,2,1,2,3,3,3,3,3,3,3,ABKX01000014.1/45106-45312,0
270,2,3,0,2,0,3,0,1,3,1,0,3,3,1,1,0,3,4,1,3,4,1,3,3,0,3,2,3,3,1,2,1,1,3,3,0,4,4,4,4,4,4,4,4,4,4,4,4,4,4,4,4,4,2,3,4,4,4,4,4,4,4,4,4,4,4,4,4,4,4,4,4,4,4,4,4,4,4,4,4,4,4,4,4,4,2,1,4,1,3,1,0,3,0,0,0,1,3,1,1,4,2,2,0,0,3,2,0,1,2,1,4,0,2,0,4,2,1,1,2,3,3,4,4,4,4,3,0,1,2,2,4,4,3,2,1,3,3,4,0,4,3,1,2,3,1,1,0,4,4,1,3,2,0,4,1,0,2,0,3,2,4,3,1,2,1,4,4,4,3,3,4,0,4,3,2,1,1,4,4,4,4,4,4,4,3,4,4,4,4,4,4,4,4,4,4,4,4,4,4,4,4,4,4,4,4,4,4,4,4,4,4,4,4,4,4,4,4,4,4,4,4,4,4,4,4,4,4,4,4,4,4,4,4,4,4,4,4,4,4,1,0,3,1,0,2,0,1,0,1,1,0,4,3,2,2,0,1,0,1,0,0,1,2,3,3,2,0,4,4,4,4,4,4,4,4,4,4,4,4,4,4,4,4,4,4,4,4,4,2,3,2,0,0,2,1,0,4,1,1,4,4,1,0,1,3,4,4,3,2,3,3,2,3,1,0,4,3,4,0,1,0,4,4,4,4,4,4,4,4,4,4,4,4,4,4,4,4,4,4,4,4,4,4,4,4,4,4,4,4,4,4,4,4,2,0,1,1,3,2,4,4,4,4,4,4,4,4,4,4,4,4,4,4,4,4,4,3,3,3,3,0,0,1,2,1,1,3,2,1,3,1,1,2,3,0,0,4,3,0,0,4,4,4,4,4,4,4,4,4,4,4,4,4,4,4,4,4,4,4,4,4,4,4,4,4,4,4,4,4,4,4,4,4,4,4,4,4,4,4,4,2,0,2,1,0,2,2,1,2,3,3,3,3,3,3,3,AETZ01000103.1/39765-39971,0
271,2,3,0,2,0,3,2,1,3,1,0,3,3,1,1,0,3,4,1,3,4,1,3,3,0,3,2,3,3,1,2,1,1,3,3,1,4,4,4,4,4,4,4,4,4,4,4,4,4,4,4,4,4,2,3,4,4,4,4,4,4,4,4,4,4,4,4,4,4,4,4,4,4,4,4,4,4,4,4,4,4,4,4,4,4,2,1,4,1,3,1,0,3,0,0,0,1,3,1,1,4,2,2,0,0,3,2,0,3,2,1,4,0,2,0,4,2,1,1,2,1,3,4,4,1,3,3,0,1,2,2,4,4,3,2,1,3,3,4,0,4,3,1,2,3,1,1,0,4,4,1,3,2,0,4,1,0,2,0,3,2,4,3,1,2,1,0,4,3,3,3,4,0,4,3,2,1,1,4,4,4,4,4,4,4,3,4,4,4,4,4,4,4,4,4,4,4,4,4,4,4,4,4,4,4,4,4,4,4,4,4,4,4,4,4,4,4,4,4,4,4,4,4,4,4,4,4,4,4,4,4,4,4,4,4,4,4,4,4,4,1,0,3,1,0,0,0,1,0,1,1,0,4,3,2,2,0,1,0,3,3,0,1,2,3,3,2,0,4,4,4,4,4,4,4,4,4,4,4,4,4,4,4,4,4,4,4,4,4,2,3,2,0,0,2,1,0,4,1,1,1,4,0,0,3,3,4,4,3,2,3,3,2,3,1,0,4,0,4,0,1,0,4,4,4,4,4,4,4,4,4,4,4,4,4,4,4,4,4,4,4,4,4,4,4,4,4,4,4,4,4,4,4,4,2,0,1,1,3,2,4,4,4,4,4,4,4,4,4,4,4,4,4,4,4,4,4,3,3,3,3,0,0,1,2,1,1,3,2,1,1,1,3,2,0,3,3,4,3,1,0,4,4,4,4,4,4,4,4,4,4,4,4,4,4,4,4,4,4,4,4,4,4,4,4,4,4,4,4,4,4,4,4,4,4,4,4,4,4,4,4,2,1,2,1,0,2,2,1,2,3,3,3,3,3,3,3,ACZD01000059.1/47538-47327,0
272,2,3,4,4,4,2,2,1,3,1,0,3,3,1,0,1,1,4,3,3,4,1,3,3,0,3,2,3,1,0,2,1,1,1,1,3,3,0,2,4,4,4,4,4,4,4,4,4,4,2,2,0,1,2,1,4,4,4,4,4,4,4,4,4,4,4,4,4,4,4,4,4,4,4,4,4,4,4,4,4,4,4,4,4,4,2,1,4,3,0,1,0,3,0,0,0,1,3,3,1,4,4,2,0,0,3,2,0,1,2,1,4,4,4,4,4,0,1,0,0,4,4,4,4,4,4,1,0,0,2,2,4,4,3,2,1,1,3,4,2,4,1,1,2,3,1,1,0,4,4,0,1,3,3,4,1,3,2,0,3,0,4,0,1,0,2,1,4,2,3,4,4,4,4,0,2,1,3,4,4,4,4,4,4,4,3,4,4,4,4,4,4,4,4,4,4,4,4,4,4,4,4,4,4,4,4,4,4,4,4,4,4,4,4,4,4,4,4,4,4,4,4,4,4,4,4,4,4,4,4,4,4,4,4,4,4,4,4,4,4,3,0,3,1,0,4,4,0,1,1,3,1,4,1,2,2,2,1,2,0,0,0,1,2,3,1,2,0,4,4,4,4,4,4,4,4,4,4,4,4,4,4,4,4,4,4,4,4,4,2,3,3,0,2,2,1,0,4,1,1,2,4,1,1,3,3,4,4,4,0,3,3,4,4,4,4,4,4,4,4,4,4,4,4,4,4,4,4,4,4,4,4,4,4,4,4,4,4,4,4,4,4,4,4,4,4,4,4,4,4,4,4,4,4,4,4,4,1,1,0,4,4,4,4,4,4,4,4,4,4,4,4,4,4,4,4,4,3,0,0,1,0,0,0,2,1,1,2,2,2,3,3,3,4,4,4,4,4,4,4,4,4,4,4,4,4,4,4,4,4,4,4,4,4,4,4,4,4,4,4,4,4,4,4,4,4,4,4,4,4,4,4,4,4,4,4,4,4,4,4,4,0,2,1,1,1,2,2,1,3,3,3,2,3,3,2,3,AERV01000022.1/51005-51189,0
273,2,1,0,2,3,2,2,1,3,1,0,3,3,1,0,1,1,4,2,0,4,1,3,3,0,3,2,3,1,0,2,1,1,1,1,3,3,1,2,4,4,4,4,4,4,4,4,4,4,2,2,0,1,2,3,4,4,4,4,4,4,4,4,4,4,4,4,4,4,4,4,4,4,4,4,4,4,4,4,4,4,4,4,4,4,2,1,4,3,0,1,0,3,0,0,0,0,3,3,1,4,4,2,0,0,3,2,0,1,2,1,4,0,1,0,4,0,1,4,4,4,4,4,4,4,4,4,0,0,2,2,4,4,3,2,1,1,3,4,2,4,1,1,2,3,1,1,0,4,4,0,1,3,3,4,1,3,2,0,3,0,4,3,1,0,2,1,4,2,3,0,4,4,4,4,2,1,3,4,4,4,4,4,4,4,0,4,4,4,4,4,4,4,4,4,4,4,4,4,4,4,4,4,4,4,4,4,4,4,4,4,4,4,4,4,4,4,4,4,4,4,4,4,4,4,4,4,4,4,4,4,4,4,4,4,4,4,4,4,4,3,0,3,1,0,4,4,0,1,1,0,3,4,1,2,2,2,1,2,0,0,0,1,2,3,1,2,0,4,4,4,4,4,4,4,4,4,4,4,4,4,4,4,4,4,4,4,4,4,2,3,3,0,2,2,1,0,4,1,1,2,4,1,1,3,3,4,4,4,0,3,3,4,4,4,4,4,4,4,4,4,4,4,4,4,4,4,4,4,4,4,4,4,4,4,4,4,4,4,4,4,4,4,4,4,4,4,4,4,4,4,4,4,4,4,4,4,1,1,0,4,4,4,4,4,4,4,4,4,4,4,4,4,4,4,4,4,3,0,0,1,0,0,0,2,1,1,2,2,2,4,4,3,0,0,3,4,4,4,4,3,4,4,4,4,4,4,4,4,4,4,4,4,4,4,4,4,4,4,4,4,4,4,4,4,4,4,4,4,4,4,4,4,4,4,4,4,4,4,4,4,4,4,1,1,1,2,2,1,3,3,3,2,3,3,2,3,AEFJ01000060.1/152016-151829,0
274,2,3,3,2,1,4,4,4,3,1,0,3,3,1,0,0,1,4,3,1,4,3,3,3,0,3,2,3,1,0,2,1,2,1,1,3,3,2,0,4,4,4,4,4,4,4,4,4,4,3,2,2,1,1,2,4,4,4,4,4,4,4,4,4,4,4,4,4,4,4,4,4,4,4,4,4,4,4,4,4,4,4,4,4,4,2,1,4,3,1,1,0,3,0,0,0,0,1,1,3,4,1,2,0,0,3,2,0,1,4,4,4,4,4,4,4,2,1,1,0,3,3,4,4,0,2,1,0,1,2,2,4,4,3,2,1,1,3,4,0,4,1,1,2,3,1,1,2,2,0,0,0,3,0,4,3,1,2,0,3,0,4,0,1,0,2,3,4,4,4,4,4,4,4,4,4,4,4,4,4,4,4,4,4,4,4,1,2,1,3,3,1,4,4,4,4,4,4,4,4,4,4,4,4,4,4,4,4,4,4,4,4,4,4,4,4,4,4,4,4,4,4,4,4,4,4,4,4,4,4,4,4,4,2,2,1,2,1,3,3,3,0,3,1,0,2,2,4,4,1,0,1,4,0,2,2,0,1,2,0,1,0,1,2,3,3,2,0,4,4,4,4,4,4,4,4,4,4,4,4,4,4,4,4,4,4,4,4,4,2,3,2,0,2,2,1,2,4,1,1,0,4,1,4,4,4,4,4,4,4,4,4,4,4,4,4,4,4,4,4,4,4,4,4,4,4,4,4,4,4,4,4,4,4,4,4,4,4,4,4,4,4,4,4,4,4,4,4,4,4,4,4,4,4,4,4,4,4,4,4,4,4,4,4,4,4,4,4,4,4,4,4,4,4,4,4,4,4,4,4,4,4,4,4,4,4,4,4,4,4,4,4,4,4,4,4,4,4,4,4,4,1,4,4,4,4,4,4,4,4,4,4,4,4,4,4,4,4,4,4,4,4,4,4,4,4,4,4,4,4,4,4,4,4,4,4,4,4,4,3,0,4,4,4,4,4,4,4,4,4,4,4,3,3,1,3,3,ADGK01000038.1/24314-24476,0
275,2,1,0,2,3,2,2,1,3,1,0,3,3,1,0,1,1,4,2,0,4,1,3,3,0,3,2,3,1,0,2,1,1,1,1,3,3,1,2,4,4,4,4,4,4,4,4,4,4,2,2,0,1,2,3,4,4,4,4,4,4,4,4,4,4,4,4,4,4,4,4,4,4,4,4,4,4,4,4,4,4,4,4,4,4,2,1,4,3,0,1,0,3,0,0,0,0,3,3,1,4,4,2,0,0,3,2,0,1,2,1,4,0,1,0,4,0,1,4,4,4,4,4,4,4,4,4,0,0,2,2,4,4,3,2,1,1,3,4,2,4,1,1,2,3,1,1,0,4,4,0,1,3,3,4,1,3,2,0,3,0,4,3,1,0,2,1,4,2,3,0,4,4,4,4,2,1,3,4,4,4,4,4,4,4,0,4,4,4,4,4,4,4,4,4,4,4,4,4,4,4,4,4,4,4,4,4,4,4,4,4,4,4,4,4,4,4,4,4,4,4,4,4,4,4,4,4,4,4,4,4,4,4,4,4,4,4,4,4,4,3,0,3,1,0,4,4,0,1,1,0,3,4,1,2,2,2,1,2,0,0,0,1,2,3,1,2,0,4,4,4,4,4,4,4,4,4,4,4,4,4,4,4,4,4,4,4,4,4,2,3,3,0,2,2,1,0,4,1,1,2,4,1,1,3,3,4,4,4,0,3,3,4,4,4,4,4,4,4,4,4,4,4,4,4,4,4,4,4,4,4,4,4,4,4,4,4,4,4,4,4,4,4,4,4,4,4,4,4,4,4,4,4,4,4,4,4,1,1,0,4,4,4,4,4,4,4,4,4,4,4,4,4,4,4,4,4,3,0,0,1,0,0,0,2,1,1,2,2,2,4,4,3,0,0,3,4,4,4,4,3,4,4,4,4,4,4,4,4,4,4,4,4,4,4,4,4,4,4,4,4,4,4,4,4,4,4,4,4,4,4,4,4,4,4,4,4,4,4,4,4,4,4,1,1,1,2,2,1,3,3,3,2,3,3,2,3,CU928161.2/2728729-2728542,0
276,2,3,0,2,0,3,2,1,3,1,0,3,3,1,1,0,3,4,1,3,4,1,3,3,0,3,2,3,3,1,2,1,1,3,3,0,4,4,4,4,4,4,4,4,4,4,4,4,4,4,4,4,4,2,3,4,4,4,4,4,4,4,4,4,4,4,4,4,4,4,4,4,4,4,4,4,4,4,4,4,4,4,4,4,4,2,1,4,1,3,1,0,3,0,0,0,1,3,1,1,4,2,2,0,0,3,2,0,1,2,1,4,0,2,0,4,2,1,1,2,3,3,4,4,4,4,3,0,1,2,2,4,4,3,2,1,3,3,4,0,4,3,1,2,3,1,1,0,4,4,1,3,2,0,4,1,0,2,0,3,2,4,3,1,2,1,4,4,4,3,3,4,0,4,3,2,1,1,4,4,4,4,4,4,4,3,4,4,4,4,4,4,4,4,4,4,4,4,4,4,4,4,4,4,4,4,4,4,4,4,4,4,4,4,4,4,4,4,4,4,4,4,4,4,4,4,4,4,4,4,4,4,4,4,4,4,4,4,4,4,1,0,3,1,0,2,0,1,0,1,1,0,4,3,2,2,0,1,0,1,0,0,1,2,3,3,2,0,4,4,4,4,4,4,4,4,4,4,4,4,4,4,4,4,4,4,4,4,4,2,3,2,0,0,2,1,0,4,1,1,4,4,1,0,1,3,4,4,3,2,3,3,2,3,1,0,4,3,4,0,1,0,4,4,4,4,4,4,4,4,4,4,4,4,4,4,4,4,4,4,4,4,4,4,4,4,4,4,4,4,4,4,4,4,2,0,1,1,3,2,4,4,4,4,4,4,4,4,4,4,4,4,4,4,4,4,4,3,3,3,3,0,0,1,2,1,1,3,2,1,3,1,1,2,3,0,0,4,3,0,0,4,4,4,4,4,4,4,4,4,4,4,4,4,4,4,4,4,4,4,4,4,4,4,4,4,4,4,4,4,4,4,4,4,4,4,4,4,4,4,4,2,0,2,1,0,2,2,1,2,3,3,3,3,3,3,3,CP000948.1/4083375-4083581,0
277,2,3,0,2,0,3,2,1,3,1,0,3,3,1,1,0,3,4,1,3,4,1,3,3,0,3,2,3,3,1,2,1,1,3,3,1,4,4,4,4,4,4,4,4,4,4,4,4,4,4,4,4,4,3,2,4,4,4,4,4,4,4,4,4,4,4,4,4,4,4,4,4,4,4,4,4,4,4,4,4,4,4,4,4,4,2,1,4,1,3,1,0,3,0,0,0,1,3,1,0,4,2,2,0,0,3,2,0,3,2,1,4,0,2,0,4,2,1,1,2,3,3,4,4,4,4,3,0,1,2,2,4,4,3,2,1,3,3,4,0,4,3,1,2,3,1,1,0,4,4,1,3,2,0,4,1,0,2,0,3,2,4,3,1,2,1,4,4,4,3,3,4,0,4,1,2,1,1,4,4,4,4,4,4,4,3,4,4,4,4,4,4,4,4,4,4,4,4,4,4,4,4,4,4,4,4,4,4,4,4,4,4,4,4,4,4,4,4,4,4,4,4,4,4,4,4,4,4,4,4,4,4,4,4,4,4,4,4,4,4,1,0,3,1,0,0,0,1,0,1,1,1,4,3,2,2,0,1,0,1,0,0,1,2,3,3,2,0,4,4,4,4,4,4,4,4,4,4,4,4,4,4,4,4,4,4,4,4,4,2,3,2,0,0,2,1,0,4,1,1,1,4,1,3,3,3,4,0,3,2,3,3,2,3,1,0,4,3,4,0,1,0,4,4,4,4,4,4,4,4,4,4,4,4,4,4,4,4,4,4,4,4,4,4,4,4,4,4,4,4,4,4,4,4,2,0,1,1,3,2,4,4,4,4,4,4,4,4,4,4,4,4,4,4,4,4,4,3,3,3,3,2,0,1,2,1,1,3,2,1,1,1,1,3,3,0,0,4,4,1,1,4,4,4,4,4,4,4,4,4,4,4,4,4,4,4,4,4,4,4,4,4,4,4,4,4,4,4,4,4,4,4,4,4,4,4,4,4,4,4,4,2,2,2,1,0,2,2,1,2,3,3,3,3,3,3,3,AESH01000048.1/39699-39906,0
278,2,3,0,2,0,3,2,1,3,1,0,3,3,1,1,0,3,4,1,3,4,1,3,3,0,3,2,3,3,1,2,1,1,3,3,0,4,4,4,4,4,4,4,4,4,4,4,4,4,4,4,4,4,2,3,4,4,4,4,4,4,4,4,4,4,4,4,4,4,4,4,4,4,4,4,4,4,4,4,4,4,4,4,4,4,2,1,4,1,3,1,0,3,0,0,0,1,3,1,1,4,2,2,0,0,3,2,0,1,2,1,4,0,2,0,4,2,1,1,2,3,3,4,4,4,4,3,0,1,2,2,4,4,3,2,1,3,3,4,0,4,3,1,2,3,1,1,0,4,4,1,3,2,0,4,1,0,2,0,3,2,4,3,1,2,1,4,4,4,3,3,4,0,4,3,2,1,1,4,4,4,4,4,4,4,3,4,4,4,4,4,4,4,4,4,4,4,4,4,4,4,4,4,4,4,4,4,4,4,4,4,4,4,4,4,4,4,4,4,4,4,4,4,4,4,4,4,4,4,4,4,4,4,4,4,4,4,4,4,4,1,0,3,1,0,2,0,1,0,1,1,0,4,3,2,2,0,1,0,1,0,0,1,2,3,3,2,0,4,4,4,4,4,4,4,4,4,4,4,4,4,4,4,4,4,4,4,4,4,2,3,2,0,0,2,1,0,4,1,1,4,4,1,0,1,3,4,4,3,2,3,3,2,3,1,0,4,3,4,0,1,0,4,4,4,4,4,4,4,4,4,4,4,4,4,4,4,4,4,4,4,4,4,4,4,4,4,4,4,4,4,4,4,4,2,0,1,1,3,2,4,4,4,4,4,4,4,4,4,4,4,4,4,4,4,4,4,3,3,3,3,0,0,1,2,1,1,3,2,1,3,1,1,2,3,0,0,4,3,0,0,4,4,4,4,4,4,4,4,4,4,4,4,4,4,4,4,4,4,4,4,4,4,4,4,4,4,4,4,4,4,4,4,4,4,4,4,4,4,4,4,2,0,2,1,0,2,2,1,2,3,3,3,3,3,3,3,ABHM02000001.1/3146735-3146941,0
279,2,3,0,2,0,3,2,1,3,1,0,3,3,1,1,0,3,4,1,3,4,1,3,3,0,3,2,3,3,1,2,1,1,3,3,1,4,4,4,4,4,4,4,4,4,4,4,4,4,4,4,4,4,3,2,4,4,4,4,4,4,4,4,4,4,4,4,4,4,4,4,4,4,4,4,4,4,4,4,4,4,4,4,4,4,2,1,4,1,3,1,0,3,0,0,0,1,3,1,0,4,2,2,0,0,3,2,0,3,2,1,4,0,2,0,4,2,1,1,2,3,3,4,4,4,4,3,0,1,2,2,4,4,3,2,1,3,3,4,0,4,3,1,2,3,1,1,0,4,4,1,3,2,0,4,1,0,2,0,3,2,4,3,1,2,1,4,4,4,3,3,4,0,4,1,2,1,1,4,4,4,4,4,4,4,3,4,4,4,4,4,4,4,4,4,4,4,4,4,4,4,4,4,4,4,4,4,4,4,4,4,4,4,4,4,4,4,4,4,4,4,4,4,4,4,4,4,4,4,4,4,4,4,4,4,4,4,4,4,4,1,0,3,1,0,0,0,1,0,1,1,1,4,3,2,2,0,1,0,1,0,0,1,2,3,3,2,0,4,4,4,4,4,4,4,4,4,4,4,4,4,4,4,4,4,4,4,4,4,2,3,2,0,0,2,1,0,4,1,1,1,4,1,3,3,3,4,0,3,2,3,3,2,3,1,0,4,3,4,0,1,0,4,4,4,4,4,4,4,4,4,4,4,4,4,4,4,4,4,4,4,4,4,4,4,4,4,4,4,4,4,4,4,4,2,0,1,1,3,2,4,4,4,4,4,4,4,4,4,4,4,4,4,4,4,4,4,3,3,3,3,2,0,1,2,1,1,3,2,1,1,1,1,3,3,0,0,4,4,1,1,4,4,4,4,4,4,4,4,4,4,4,4,4,4,4,4,4,4,4,4,4,4,4,4,4,4,4,4,4,4,4,4,4,4,4,4,4,4,4,4,2,2,2,1,0,2,2,1,2,3,3,3,3,3,3,3,ABAM02000001.1/4509651-4509858,0
280,3,1,0,2,3,3,2,1,3,1,0,3,3,1,0,1,1,4,3,1,4,3,3,3,0,3,2,0,3,0,2,3,1,1,1,2,4,4,4,4,4,4,4,4,4,4,4,4,4,4,4,4,4,4,4,1,1,2,3,0,3,0,2,1,4,4,4,4,4,4,4,4,4,4,4,4,2,2,0,0,3,0,3,2,1,0,1,4,3,3,1,0,3,0,0,2,1,1,0,1,4,1,2,0,0,3,2,0,3,2,1,4,1,3,0,0,2,0,1,4,4,4,4,4,4,4,4,4,3,2,2,4,4,3,2,1,1,3,4,0,4,3,1,2,3,1,1,0,4,1,1,1,0,0,4,1,1,2,0,3,0,4,3,3,2,3,2,4,3,2,0,4,0,4,3,2,1,0,1,4,4,4,4,4,0,3,4,4,4,4,4,4,4,4,4,4,4,4,4,4,4,4,4,4,4,4,4,4,4,4,4,4,4,4,4,4,4,4,4,4,4,4,4,4,4,4,4,4,4,4,4,4,4,4,4,4,4,4,4,4,3,0,3,1,0,4,4,0,0,1,0,3,4,1,2,2,0,1,2,0,1,0,1,2,3,3,2,0,4,4,4,4,4,4,4,4,4,4,4,4,4,4,4,4,4,4,4,4,4,2,3,2,0,2,2,1,2,4,1,1,2,4,1,1,3,0,4,4,3,2,3,1,4,4,4,4,4,4,4,4,4,4,4,4,4,4,4,4,4,4,4,4,4,4,4,4,4,4,4,4,4,4,4,4,4,4,4,4,4,4,4,4,4,4,4,4,4,1,3,2,4,4,4,4,4,4,4,4,4,4,4,4,4,4,4,4,4,1,3,2,3,2,0,3,2,0,4,4,4,4,4,4,2,3,0,2,4,4,4,4,3,4,4,4,4,4,4,4,4,4,4,4,4,4,4,4,4,4,4,4,4,4,4,4,4,4,4,4,4,4,4,4,4,4,4,4,4,4,4,4,4,4,4,4,4,4,4,3,1,0,3,1,0,0,3,0,3,CACW01000008.1/209313-209117,0
281,2,3,0,2,0,3,2,1,3,1,0,3,1,1,1,0,1,4,3,3,4,0,3,3,0,3,2,0,3,0,2,1,1,3,2,2,3,3,3,3,3,0,3,4,4,0,2,1,1,0,0,3,3,3,0,4,4,4,4,4,4,4,4,4,4,4,4,4,4,4,4,4,4,4,4,4,4,4,4,4,4,4,4,4,4,2,1,4,3,3,1,0,3,0,0,0,1,1,1,0,4,2,2,2,0,3,2,0,1,2,1,4,0,2,0,4,2,1,1,2,0,3,4,4,3,3,3,0,2,2,2,4,4,3,2,1,1,3,4,0,4,3,3,2,3,1,1,0,4,3,2,3,0,0,4,0,1,2,0,3,2,4,3,3,2,0,0,4,3,0,3,4,1,4,3,3,4,4,4,4,4,4,4,4,4,4,4,4,4,4,4,4,4,4,4,4,4,4,4,4,4,4,4,4,4,4,4,4,4,4,4,4,4,4,4,4,4,4,4,4,4,4,4,4,4,4,4,4,4,4,4,4,4,4,4,4,4,4,4,4,1,0,3,1,0,4,4,1,0,3,0,1,4,1,2,2,2,1,0,3,0,0,1,2,3,3,2,0,4,4,4,4,4,4,4,4,4,4,4,4,4,4,4,4,4,4,4,4,4,2,3,2,0,2,2,1,0,4,1,1,2,4,0,1,0,3,4,4,3,2,3,3,2,3,1,3,4,2,4,3,4,0,4,4,4,4,4,4,4,4,4,4,4,4,4,4,4,4,4,4,4,4,4,4,4,4,4,4,4,4,4,4,4,4,2,0,1,1,3,2,0,0,4,4,4,4,4,4,4,4,4,4,4,4,0,0,3,3,3,1,0,2,0,1,2,1,3,3,2,1,1,1,3,3,0,3,4,4,4,4,4,4,4,4,4,4,4,4,4,4,4,4,4,4,4,4,4,4,4,4,4,4,4,4,4,4,4,4,4,4,4,4,4,4,4,4,4,4,4,4,4,1,2,2,1,0,0,2,1,2,3,3,3,3,3,3,3,CP002246.1/230593-230815,0
282,2,3,0,2,0,3,2,1,3,1,0,3,3,1,1,0,3,4,1,3,4,1,3,3,0,3,2,3,3,1,2,1,1,3,3,1,4,4,4,4,4,4,4,4,4,4,4,4,4,4,4,4,4,3,2,4,4,4,4,4,4,4,4,4,4,4,4,4,4,4,4,4,4,4,4,4,4,4,4,4,4,4,4,4,4,2,1,4,1,3,1,0,3,0,0,0,1,3,1,0,4,2,2,0,0,3,2,0,3,2,1,4,0,2,0,4,2,1,1,2,3,3,4,4,4,4,3,0,1,2,2,4,4,3,2,1,3,3,4,0,4,3,1,2,3,1,1,0,4,4,1,3,2,0,4,1,0,2,0,3,2,4,3,1,2,1,4,4,4,3,3,4,0,4,1,2,1,1,4,4,4,4,4,4,4,3,4,4,4,4,4,4,4,4,4,4,4,4,4,4,4,4,4,4,4,4,4,4,4,4,4,4,4,4,4,4,4,4,4,4,4,4,4,4,4,4,4,4,4,4,4,4,4,4,4,4,4,4,4,4,1,0,3,1,0,0,0,1,0,1,1,1,4,3,2,2,0,1,0,1,0,0,1,2,3,3,2,0,4,4,4,4,4,4,4,4,4,4,4,4,4,4,4,4,4,4,4,4,4,2,3,2,0,0,2,1,0,4,1,1,1,4,1,3,3,3,4,0,3,2,3,3,2,3,1,0,4,3,4,0,1,0,4,4,4,4,4,4,4,4,4,4,4,4,4,4,4,4,4,4,4,4,4,4,4,4,4,4,4,4,4,4,4,4,2,0,1,1,3,2,4,4,4,4,4,4,4,4,4,4,4,4,4,4,4,4,4,3,3,3,3,2,0,1,2,1,1,3,2,1,1,1,1,3,3,0,0,4,4,1,1,4,4,4,4,4,4,4,4,4,4,4,4,4,4,4,4,4,4,4,4,4,4,4,4,4,4,4,4,4,4,4,4,4,4,4,4,4,4,4,4,2,2,2,1,0,2,2,1,2,3,3,3,3,3,3,3,ABFH02000001.1/989297-989090,0
283,2,3,0,2,0,3,2,1,3,1,0,3,3,1,1,0,3,4,1,3,4,1,3,3,0,3,2,3,3,1,2,1,1,3,3,0,4,4,4,4,4,4,4,4,4,4,4,4,4,4,4,4,4,2,3,4,4,4,4,4,4,4,4,4,4,4,4,4,4,4,4,4,4,4,4,4,4,4,4,4,4,4,4,4,4,2,1,4,1,3,1,0,3,0,0,0,1,3,1,1,4,2,2,0,0,3,2,0,1,2,1,4,0,2,0,4,2,1,1,2,3,3,4,4,4,4,3,0,1,2,2,4,4,3,2,1,3,3,4,0,4,3,1,2,3,1,1,0,4,4,1,3,2,0,4,1,0,2,0,3,2,4,3,1,2,1,4,4,4,3,3,4,0,4,3,2,1,1,4,4,4,4,4,4,4,3,4,4,4,4,4,4,4,4,4,4,4,4,4,4,4,4,4,4,4,4,4,4,4,4,4,4,4,4,4,4,4,4,4,4,4,4,4,4,4,4,4,4,4,4,4,4,4,4,4,4,4,4,4,4,1,0,3,1,0,2,0,1,0,1,1,0,4,3,2,2,0,1,0,1,0,0,1,2,3,3,2,0,4,4,4,4,4,4,4,4,4,4,4,4,4,4,4,4,4,4,4,4,4,2,3,2,0,0,2,1,0,4,1,1,4,4,1,0,1,3,4,4,3,2,3,3,2,3,1,0,4,3,4,0,1,0,4,4,4,4,4,4,4,4,4,4,4,4,4,4,4,4,4,4,4,4,4,4,4,4,4,4,4,4,4,4,4,4,2,0,1,1,3,2,4,4,4,4,4,4,4,4,4,4,4,4,4,4,4,4,4,3,3,3,3,0,0,1,2,1,1,3,2,1,3,1,1,2,3,0,0,4,3,0,0,4,4,4,4,4,4,4,4,4,4,4,4,4,4,4,4,4,4,4,4,4,4,4,4,4,4,4,4,4,4,4,4,4,4,4,4,4,4,4,4,2,0,2,1,0,2,2,1,2,3,3,3,3,3,3,3,CP001368.1/4839211-4839417,0
284,2,3,0,2,0,3,2,1,3,1,0,3,3,1,1,0,3,4,1,3,4,1,3,3,0,3,2,3,3,1,2,1,1,3,3,0,4,4,4,4,4,4,4,4,4,4,4,4,4,4,4,4,4,2,3,4,4,4,4,4,4,4,4,4,4,4,4,4,4,4,4,4,4,4,4,4,4,4,4,4,4,4,4,4,4,2,1,4,1,3,1,0,3,0,0,0,1,3,1,1,4,2,2,0,0,3,2,0,1,2,1,4,0,2,0,4,2,1,1,2,3,3,4,4,4,4,3,0,1,2,2,4,4,3,2,1,3,3,4,0,4,3,1,2,3,1,1,0,4,4,1,3,2,0,4,1,0,2,0,3,2,4,3,1,2,1,4,4,4,3,3,4,0,4,3,2,1,1,4,4,4,4,4,4,4,3,4,4,4,4,4,4,4,4,4,4,4,4,4,4,4,4,4,4,4,4,4,4,4,4,4,4,4,4,4,4,4,4,4,4,4,4,4,4,4,4,4,4,4,4,4,4,4,4,4,4,4,4,4,4,1,0,3,1,0,2,0,1,0,1,1,0,4,3,2,2,0,1,0,1,0,0,1,2,3,3,2,0,4,4,4,4,4,4,4,4,4,4,4,4,4,4,4,4,4,4,4,4,4,2,3,2,0,0,2,1,0,4,1,1,4,4,1,0,1,3,4,4,3,2,3,3,2,3,1,0,4,3,4,0,1,0,4,4,4,4,4,4,4,4,4,4,4,4,4,4,4,4,4,4,4,4,4,4,4,4,4,4,4,4,4,4,4,4,2,0,1,1,3,2,4,4,4,4,4,4,4,4,4,4,4,4,4,4,4,4,4,3,3,3,3,0,0,1,2,1,1,3,2,1,3,1,1,2,3,0,0,4,3,0,0,4,4,4,4,4,4,4,4,4,4,4,4,4,4,4,4,4,4,4,4,4,4,4,4,4,4,4,4,4,4,4,4,4,4,4,4,4,4,4,4,2,0,2,1,0,2,2,1,2,3,3,3,3,3,3,3,AERQ01000011.1/1027699-1027493,0
285,4,4,4,2,3,3,2,1,3,1,0,3,3,1,0,0,1,4,3,2,4,2,3,3,0,3,2,0,3,3,2,1,2,1,3,2,1,3,2,0,3,3,2,2,1,0,2,0,3,0,0,0,3,3,1,4,4,4,4,4,4,4,4,4,4,4,4,4,4,4,4,4,4,4,4,4,4,4,4,4,4,4,4,4,4,2,1,4,4,3,1,0,3,0,0,1,0,3,1,1,4,2,2,0,0,3,2,0,1,2,1,4,1,0,0,4,4,4,4,4,4,0,0,4,2,0,0,0,2,2,2,4,4,3,2,1,1,3,4,0,4,3,1,2,3,1,1,0,4,1,1,0,2,0,4,3,1,2,0,3,0,4,0,1,1,2,4,4,4,4,4,4,4,4,4,4,4,4,4,4,4,4,4,4,4,4,3,0,1,2,1,2,1,0,4,4,4,4,4,4,4,4,4,4,4,4,4,4,4,4,4,4,4,4,4,4,4,4,4,4,4,4,4,4,4,4,4,4,4,4,4,0,2,1,1,2,0,1,3,3,3,0,3,1,0,4,4,0,0,1,0,3,4,1,2,2,2,1,2,0,1,0,1,2,3,3,2,0,4,4,4,4,4,4,4,4,4,4,4,4,4,4,4,4,4,4,4,4,4,2,3,2,0,2,2,1,0,4,1,1,2,4,1,1,3,0,4,4,4,4,3,3,4,4,4,4,4,4,4,4,4,4,4,4,4,4,4,4,4,4,4,4,4,4,4,4,4,4,4,4,4,4,4,4,4,4,4,4,4,4,4,4,4,4,4,4,4,1,0,2,4,4,4,4,4,4,4,4,4,4,4,4,4,4,4,4,4,3,3,0,1,2,1,2,2,1,1,2,2,0,0,2,0,2,2,3,3,4,4,0,3,4,4,4,4,4,4,4,4,4,4,4,4,4,4,4,4,4,4,4,4,4,4,4,4,4,4,4,4,4,4,4,4,4,4,4,4,4,4,4,4,3,3,1,1,1,2,2,1,1,2,1,2,3,0,0,1,AFWW01000010.1/17751-17963,0
286,2,3,0,2,0,3,2,1,3,1,0,3,3,1,1,0,3,4,1,3,4,1,3,3,0,3,2,3,3,1,2,1,1,3,3,1,4,4,4,4,4,4,4,4,4,4,4,4,4,4,4,4,4,3,2,4,4,4,4,4,4,4,4,4,4,4,4,4,4,4,4,4,4,4,4,4,4,4,4,4,4,4,4,4,4,2,1,4,1,3,1,0,3,0,0,0,1,3,1,0,4,2,2,0,0,3,2,0,3,2,1,4,0,2,0,4,2,1,1,2,3,3,4,4,4,4,3,0,1,2,2,4,4,3,2,1,3,3,4,0,4,3,1,2,3,1,1,0,4,4,1,3,2,0,4,1,0,2,0,3,2,4,3,1,2,1,4,4,4,3,3,4,0,4,1,2,1,1,4,4,4,4,4,4,4,3,4,4,4,4,4,4,4,4,4,4,4,4,4,4,4,4,4,4,4,4,4,4,4,4,4,4,4,4,4,4,4,4,4,4,4,4,4,4,4,4,4,4,4,4,4,4,4,4,4,4,4,4,4,4,1,0,3,1,0,0,0,1,0,1,1,1,4,3,2,2,0,1,0,1,0,0,1,2,3,3,2,0,4,4,4,4,4,4,4,4,4,4,4,4,4,4,4,4,4,4,4,4,4,2,3,2,0,0,2,1,0,4,1,1,1,4,1,3,3,3,4,0,3,2,3,3,2,3,1,0,4,3,4,0,1,0,4,4,4,4,4,4,4,4,4,4,4,4,4,4,4,4,4,4,4,4,4,4,4,4,4,4,4,4,4,4,4,4,2,0,1,1,3,2,4,4,4,4,4,4,4,4,4,4,4,4,4,4,4,4,4,3,3,3,3,2,0,1,2,1,1,3,2,1,1,1,1,3,3,0,0,4,4,1,1,4,4,4,4,4,4,4,4,4,4,4,4,4,4,4,4,4,4,4,4,4,4,4,4,4,4,4,4,4,4,4,4,4,4,4,4,4,4,4,4,2,2,2,1,0,2,2,1,2,3,3,3,3,3,3,3,AETV01000025.1/53205-52998,0
287,2,3,4,4,4,2,2,1,3,1,0,3,3,1,0,1,1,4,2,0,4,1,3,3,0,3,2,3,1,0,2,1,1,1,1,3,3,1,2,4,4,4,4,4,4,4,4,4,4,2,2,0,1,2,3,4,4,4,4,4,4,4,4,4,4,4,4,4,4,4,4,4,4,4,4,4,4,4,4,4,4,4,4,4,4,2,1,4,3,0,1,0,3,0,0,0,0,3,3,1,4,4,2,0,0,3,2,0,1,2,1,4,4,4,4,4,0,1,0,0,4,4,4,4,4,4,1,0,0,2,2,4,4,3,2,1,1,3,4,2,4,1,1,2,3,1,1,0,4,4,0,1,3,3,4,1,3,2,0,3,0,4,3,1,0,2,1,4,2,3,0,4,4,4,4,2,1,3,4,4,4,4,4,4,4,0,4,4,4,4,4,4,4,4,4,4,4,4,4,4,4,4,4,4,4,4,4,4,4,4,4,4,4,4,4,4,4,4,4,4,4,4,4,4,4,4,4,4,4,4,4,4,4,4,4,4,4,4,4,4,3,0,3,1,0,4,4,0,1,1,0,3,4,1,2,2,2,1,2,0,0,0,1,2,3,1,2,0,4,4,4,4,4,4,4,4,4,4,4,4,4,4,4,4,4,4,4,4,4,2,3,3,0,2,2,1,0,4,1,1,2,4,1,1,3,3,4,4,4,0,3,3,4,4,4,4,4,4,4,4,4,4,4,4,4,4,4,4,4,4,4,4,4,4,4,4,4,4,4,4,4,4,4,4,4,4,4,4,4,4,4,4,4,4,4,4,4,1,1,0,4,4,4,4,4,4,4,4,4,4,4,4,4,4,4,4,4,3,0,0,1,0,0,0,2,1,1,2,2,2,4,4,3,0,0,3,4,4,4,4,3,4,4,4,4,4,4,4,4,4,4,4,4,4,4,4,4,4,4,4,4,4,4,4,4,4,4,4,4,4,4,4,4,4,4,4,4,4,4,4,4,4,4,1,1,1,2,2,1,3,3,3,2,3,3,2,3,AEUA01000030.1/162009-161825,0
288,2,3,0,2,0,3,2,1,3,1,0,3,3,1,1,0,3,4,1,3,4,1,3,3,0,3,2,3,3,1,2,1,2,3,3,3,4,4,4,4,4,4,4,4,4,4,4,4,4,4,4,4,4,0,1,4,4,4,4,4,4,4,4,4,4,4,4,4,4,4,4,4,4,4,4,4,4,4,4,4,4,4,4,4,4,2,1,4,1,3,1,0,3,0,0,0,1,3,1,0,4,2,2,0,0,3,2,0,1,2,1,4,0,2,0,4,2,1,1,2,3,3,4,4,4,4,3,0,1,2,2,4,4,3,2,1,3,3,4,0,4,3,1,2,3,1,1,0,4,4,1,1,2,0,4,1,0,2,0,3,2,4,3,1,2,1,4,4,4,3,3,4,1,4,2,2,1,1,4,4,4,4,4,4,4,3,4,4,4,4,4,4,4,4,4,4,4,4,4,4,4,4,4,4,4,4,4,4,4,4,4,4,4,4,4,4,4,4,4,4,4,4,4,4,4,4,4,4,4,4,4,4,4,4,4,4,4,4,4,4,1,0,3,1,0,2,0,1,0,1,1,0,4,3,2,2,0,1,0,3,0,0,1,2,3,3,2,0,4,4,4,4,4,4,4,4,4,4,4,4,4,4,4,4,4,4,4,4,4,2,3,2,0,0,2,1,0,4,1,1,4,4,4,0,0,3,4,4,3,2,3,3,2,3,1,0,4,0,4,3,1,0,4,4,4,4,4,4,4,4,4,4,4,4,4,4,4,4,4,4,4,4,4,4,4,4,4,4,4,4,4,4,4,4,2,0,1,1,3,2,4,4,4,4,4,4,4,4,4,4,4,4,4,4,4,4,4,3,3,3,3,0,0,1,2,1,1,3,2,1,1,1,3,2,0,3,3,4,3,1,0,4,4,4,4,4,4,4,4,4,4,4,4,4,4,4,4,4,4,4,4,4,4,4,4,4,4,4,4,4,4,4,4,4,4,4,4,4,4,4,4,2,0,2,1,0,2,2,1,2,3,3,3,3,3,3,3,AEWW01042966.1/478-683,0
289,2,3,0,2,0,3,2,1,3,1,0,3,3,1,1,0,3,4,1,3,4,1,3,3,0,3,2,3,3,1,2,1,1,3,3,1,4,4,4,4,4,4,4,4,4,4,4,4,4,4,4,4,4,3,2,4,4,4,4,4,4,4,4,4,4,4,4,4,4,4,4,4,4,4,4,4,4,4,4,4,4,4,4,4,4,2,1,4,1,3,1,0,3,0,0,0,1,3,1,0,4,2,2,0,0,3,2,0,3,2,1,4,0,2,0,4,2,1,1,2,3,3,4,4,4,4,3,0,1,2,2,4,4,3,2,1,3,3,4,0,4,3,1,2,3,1,1,0,4,4,1,3,2,0,4,1,0,2,0,3,2,4,3,1,2,1,4,4,4,3,3,4,0,4,1,2,1,1,4,4,4,4,4,4,4,3,4,4,4,4,4,4,4,4,4,4,4,4,4,4,4,4,4,4,4,4,4,4,4,4,4,4,4,4,4,4,4,4,4,4,4,4,4,4,4,4,4,4,4,4,4,4,4,4,4,4,4,4,4,4,1,0,3,1,0,0,0,1,0,1,1,1,4,3,2,2,0,1,0,1,0,0,1,2,3,3,2,0,4,4,4,4,4,4,4,4,4,4,4,4,4,4,4,4,4,4,4,4,4,2,3,2,0,0,2,1,0,4,1,1,1,4,1,3,3,3,4,0,3,2,3,3,2,3,1,0,4,3,4,0,1,0,4,4,4,4,4,4,4,4,4,4,4,4,4,4,4,4,4,4,4,4,4,4,4,4,4,4,4,4,4,4,4,4,2,0,1,1,3,2,4,4,4,4,4,4,4,4,4,4,4,4,4,4,4,4,4,3,3,3,3,2,0,1,2,1,1,3,2,1,1,1,1,3,3,0,0,4,4,1,1,4,4,4,4,4,4,4,4,4,4,4,4,4,4,4,4,4,4,4,4,4,4,4,4,4,4,4,4,4,4,4,4,4,4,4,4,4,4,4,4,2,2,2,1,0,2,2,1,2,3,3,3,3,3,3,3,FM200053.1/3915535-3915742,0
290,2,1,0,2,3,2,2,1,3,1,0,3,3,1,0,1,1,4,2,0,4,1,3,3,0,3,2,3,1,0,2,1,1,1,1,3,3,1,2,4,4,4,4,4,4,4,4,4,4,2,2,0,1,2,3,4,4,4,4,4,4,4,4,4,4,4,4,4,4,4,4,4,4,4,4,4,4,4,4,4,4,4,4,4,4,2,1,4,3,0,1,0,3,0,0,0,0,3,3,1,4,4,2,0,0,3,2,0,1,2,1,4,0,1,0,4,0,1,4,4,4,4,4,4,4,4,4,0,0,2,2,4,4,3,2,1,1,3,4,2,4,1,1,2,3,1,1,0,4,4,0,1,3,3,4,1,3,2,0,3,0,4,3,1,0,2,1,4,2,3,0,4,4,4,4,2,1,3,4,4,4,4,4,4,4,0,4,4,4,4,4,4,4,4,4,4,4,4,4,4,4,4,4,4,4,4,4,4,4,4,4,4,4,4,4,4,4,4,4,4,4,4,4,4,4,4,4,4,4,4,4,4,4,4,4,4,4,4,4,4,3,0,3,1,0,4,4,0,1,1,0,3,4,1,2,2,2,1,2,0,0,0,1,2,3,1,2,0,4,4,4,4,4,4,4,4,4,4,4,4,4,4,4,4,4,4,4,4,4,2,3,3,0,2,2,1,0,4,1,1,2,4,1,1,3,3,4,4,4,0,3,3,4,4,4,4,4,4,4,4,4,4,4,4,4,4,4,4,4,4,4,4,4,4,4,4,4,4,4,4,4,4,4,4,4,4,4,4,4,4,4,4,4,4,4,4,4,1,1,0,4,4,4,4,4,4,4,4,4,4,4,4,4,4,4,4,4,3,0,0,1,0,0,0,2,1,1,2,2,2,4,4,3,0,0,3,4,4,4,4,3,4,4,4,4,4,4,4,4,4,4,4,4,4,4,4,4,4,4,4,4,4,4,4,4,4,4,4,4,4,4,4,4,4,4,4,4,4,4,4,4,4,4,1,1,1,2,2,1,3,3,3,2,3,3,2,3,AEYT01000033.1/58643-58456,0
291,2,3,0,2,0,3,2,1,3,1,0,3,3,1,1,0,3,4,1,3,4,1,3,3,0,3,2,3,3,1,2,1,1,3,3,0,4,4,4,4,4,4,4,4,4,4,4,4,4,4,4,4,4,2,3,4,4,4,4,4,4,4,4,4,4,4,4,4,4,4,4,4,4,4,4,4,4,4,4,4,4,4,4,4,4,2,1,4,1,3,1,0,3,0,0,0,1,3,1,1,4,2,2,0,0,3,2,0,1,2,1,4,0,2,0,4,2,1,1,2,3,3,4,4,4,4,3,0,1,2,2,4,4,3,2,1,3,3,4,0,4,3,1,2,3,1,1,0,4,4,1,3,2,0,4,1,0,2,0,3,2,4,3,1,2,1,4,4,4,3,3,4,0,4,3,2,1,1,4,4,4,4,4,4,4,3,4,4,4,4,4,4,4,4,4,4,4,4,4,4,4,4,4,4,4,4,4,4,4,4,4,4,4,4,4,4,4,4,4,4,4,4,4,4,4,4,4,4,4,4,4,4,4,4,4,4,4,4,4,4,1,0,3,1,0,2,0,1,0,1,1,0,4,3,2,2,0,1,0,1,0,0,1,2,3,3,2,0,4,4,4,4,4,4,4,4,4,4,4,4,4,4,4,4,4,4,4,4,4,2,3,2,0,0,2,1,0,4,1,1,4,4,1,0,1,3,4,4,3,2,3,3,2,3,1,0,4,3,4,0,1,0,4,4,4,4,4,4,4,4,4,4,4,4,4,4,4,4,4,4,4,4,4,4,4,4,4,4,4,4,4,4,4,4,2,0,1,1,3,2,4,4,4,4,4,4,4,4,4,4,4,4,4,4,4,4,4,3,3,3,3,0,0,1,2,1,1,3,2,1,3,1,1,2,3,0,0,4,3,0,0,4,4,4,4,4,4,4,4,4,4,4,4,4,4,4,4,4,4,4,4,4,4,4,4,4,4,4,4,4,4,4,4,4,4,4,4,4,4,4,4,2,0,2,1,0,2,2,1,2,3,3,3,3,3,3,3,AETX01000106.1/39973-40179,0
292,2,3,0,2,0,3,2,1,3,1,0,3,3,1,1,0,3,4,1,3,4,1,3,3,0,3,2,3,3,1,2,1,1,3,3,0,4,4,4,4,4,4,4,4,4,4,4,4,4,4,4,4,4,2,3,4,4,4,4,4,4,4,4,4,4,4,4,4,4,4,4,4,4,4,4,4,4,4,4,4,4,4,4,4,4,2,1,4,1,3,1,0,3,0,0,0,1,3,1,1,4,2,2,0,0,3,2,0,1,2,1,4,0,2,0,4,2,1,1,2,3,3,4,4,4,4,3,0,1,2,2,4,4,3,2,1,3,3,4,0,4,3,1,2,3,1,1,0,4,4,1,3,2,0,4,1,0,2,0,3,2,4,3,1,2,1,4,4,4,3,3,4,0,4,3,2,1,1,4,4,4,4,4,4,4,3,4,4,4,4,4,4,4,4,4,4,4,4,4,4,4,4,4,4,4,4,4,4,4,4,4,4,4,4,4,4,4,4,4,4,4,4,4,4,4,4,4,4,4,4,4,4,4,4,4,4,4,4,4,4,1,0,3,1,0,2,0,1,0,1,1,0,4,3,2,2,0,1,0,1,0,0,1,2,3,3,2,0,4,4,4,4,4,4,4,4,4,4,4,4,4,4,4,4,4,4,4,4,4,2,3,2,0,0,2,1,0,4,1,1,4,4,1,0,1,3,4,4,3,2,3,3,2,3,1,0,4,3,4,0,1,0,4,4,4,4,4,4,4,4,4,4,4,4,4,4,4,4,4,4,4,4,4,4,4,4,4,4,4,4,4,4,4,4,2,0,1,1,3,2,4,4,4,4,4,4,4,4,4,4,4,4,4,4,4,4,4,3,3,3,3,0,0,1,2,1,1,3,2,1,3,1,1,2,3,0,0,4,3,0,0,4,4,4,4,4,4,4,4,4,4,4,4,4,4,4,4,4,4,4,4,4,4,4,4,4,4,4,4,4,4,4,4,4,4,4,4,4,4,4,4,2,0,2,1,0,2,2,1,2,3,3,3,3,3,3,3,AEHT01000082.1/40078-40284,0
293,2,3,0,2,0,3,2,1,3,1,0,3,3,1,3,0,3,4,1,3,4,1,3,3,0,3,2,3,3,1,2,1,1,3,3,0,4,4,4,4,4,4,4,4,4,4,4,4,4,4,4,4,4,2,3,4,4,4,4,4,4,4,4,4,4,4,4,4,4,4,4,4,4,4,4,4,4,4,4,4,4,4,4,4,4,2,1,4,1,3,1,0,3,0,0,0,1,3,1,1,4,2,2,0,0,3,2,0,1,2,1,4,0,2,0,4,2,1,1,2,3,3,4,4,4,4,3,0,1,2,2,4,4,3,2,1,3,3,4,0,4,3,1,2,3,1,1,0,4,4,1,3,2,0,4,1,0,2,0,3,2,4,3,1,2,1,4,4,4,3,3,4,0,4,3,2,1,1,4,4,4,4,4,4,4,3,4,4,4,4,4,4,4,4,4,4,4,4,4,4,4,4,4,4,4,4,4,4,4,4,4,4,4,4,4,4,4,4,4,4,4,4,4,4,4,4,4,4,4,4,4,4,4,4,4,4,4,4,4,4,1,0,3,1,0,2,0,1,0,1,1,0,4,3,2,2,0,1,0,1,0,0,1,2,3,3,2,0,4,4,4,4,4,4,4,4,4,4,4,4,4,4,4,4,4,4,4,4,4,2,3,2,0,0,2,1,0,4,1,1,4,4,1,0,1,3,4,4,3,2,3,3,2,3,1,0,4,3,4,0,1,0,4,4,4,4,4,4,4,4,4,4,4,4,4,4,4,4,4,4,4,4,4,4,4,4,4,4,4,4,4,4,4,4,2,0,1,1,3,2,4,4,4,4,4,4,4,4,4,4,4,4,4,4,4,4,4,3,3,3,3,0,0,1,2,1,1,3,2,1,3,1,1,2,3,0,0,4,3,0,0,4,4,4,4,4,4,4,4,4,4,4,4,4,4,4,4,4,4,4,4,4,4,4,4,4,4,4,4,4,4,4,4,4,4,4,4,4,4,4,4,2,0,2,1,0,2,2,1,2,3,3,3,3,3,3,3,CP003034.1/4532723-4532929,0
294,2,3,0,2,0,3,2,1,3,1,0,3,3,1,1,0,3,4,1,3,4,1,3,3,0,3,2,3,3,1,2,1,1,3,3,0,4,4,4,4,4,4,4,4,4,4,4,4,4,4,4,4,4,2,3,4,4,4,4,4,4,4,4,4,4,4,4,4,4,4,4,4,4,4,4,4,4,4,4,4,4,4,4,4,4,2,1,4,1,3,1,0,3,0,0,0,1,3,1,1,4,2,2,0,0,3,2,0,1,2,1,4,0,2,0,4,2,1,1,2,3,3,4,4,4,4,3,0,1,2,2,4,4,3,2,1,3,3,4,0,4,3,1,2,3,1,1,0,4,4,1,3,2,0,4,1,0,2,0,3,2,4,3,1,2,1,4,4,4,3,3,4,0,4,3,2,1,1,4,4,4,4,4,4,4,3,4,4,4,4,4,4,4,4,4,4,4,4,4,4,4,4,4,4,4,4,4,4,4,4,4,4,4,4,4,4,4,4,4,4,4,4,4,4,4,4,4,4,4,4,4,4,4,4,4,4,4,4,4,4,1,0,3,1,0,2,0,1,0,1,1,0,4,3,2,2,0,1,0,1,0,0,1,2,3,3,2,0,4,4,4,4,4,4,4,4,4,4,4,4,4,4,4,4,4,4,4,4,4,2,3,2,0,0,2,1,0,4,1,1,4,4,1,0,1,3,4,4,3,2,3,3,2,3,1,0,4,3,4,0,1,0,4,4,4,4,4,4,4,4,4,4,4,4,4,4,4,4,4,4,4,4,4,4,4,4,4,4,4,4,4,4,4,4,2,0,1,1,3,2,4,4,4,4,4,4,4,4,4,4,4,4,4,4,4,4,4,3,3,3,3,0,0,1,2,1,1,3,2,1,3,1,1,2,3,0,0,4,3,0,0,4,4,4,4,4,4,4,4,4,4,4,4,4,4,4,4,4,4,4,4,4,4,4,4,4,4,4,4,4,4,4,4,4,4,4,4,4,4,4,4,2,0,2,1,0,2,2,1,2,3,3,3,3,3,3,3,AFPN02000025.1/39426-39632,0
295,2,3,4,4,4,2,2,1,3,1,0,3,3,1,0,1,1,4,3,3,4,1,3,3,0,3,2,3,1,0,2,1,1,1,1,3,3,0,2,4,4,4,4,4,4,4,4,4,4,2,2,0,1,2,1,4,4,4,4,4,4,4,4,4,4,4,4,4,4,4,4,4,4,4,4,4,4,4,4,4,4,4,4,4,4,2,1,4,3,0,1,0,3,0,0,0,1,3,3,1,4,4,2,0,0,3,2,0,1,2,1,4,4,4,4,4,0,1,0,0,4,4,4,4,4,4,1,0,0,2,2,4,4,3,2,1,1,3,4,2,4,1,1,2,3,1,1,0,4,4,0,1,3,3,4,1,3,2,0,3,0,4,0,3,0,2,1,4,2,3,4,4,4,4,0,2,1,3,4,4,4,4,4,4,4,3,4,4,4,4,4,4,4,4,4,4,4,4,4,4,4,4,4,4,4,4,4,4,4,4,4,4,4,4,4,4,4,4,4,4,4,4,4,4,4,4,4,4,4,4,4,4,4,4,4,4,4,4,4,4,3,0,3,1,0,4,4,0,1,1,3,1,4,1,2,2,2,1,2,0,0,0,1,2,3,1,2,0,4,4,4,4,4,4,4,4,4,4,4,4,4,4,4,4,4,4,4,4,4,2,3,3,0,2,2,1,0,4,1,1,2,4,1,1,3,3,4,4,4,0,3,3,4,4,4,4,4,4,4,4,4,4,4,4,4,4,4,4,4,4,4,4,4,4,4,4,4,4,4,4,4,4,4,4,4,4,4,4,4,4,4,4,4,4,4,4,4,1,1,0,4,4,4,4,4,4,4,4,4,4,4,4,4,4,4,4,4,3,0,0,1,0,0,0,2,1,1,2,2,2,3,3,3,4,4,4,4,4,4,4,4,4,4,4,4,4,4,4,4,4,4,4,4,4,4,4,4,4,4,4,4,4,4,4,4,4,4,4,4,4,4,4,4,4,4,4,4,4,4,4,4,0,2,1,1,1,2,2,1,3,3,3,2,3,3,2,3,AESH01000039.1/32899-32715,0
296,2,3,0,2,0,3,2,1,3,1,0,3,3,1,1,0,3,4,1,3,4,1,3,3,0,3,2,3,3,1,2,1,1,3,3,0,4,4,4,4,4,4,4,4,4,4,4,4,4,4,4,4,4,2,3,4,4,4,4,4,4,4,4,4,4,4,4,4,4,4,4,4,4,4,4,4,4,4,4,4,4,4,4,4,4,2,1,4,1,3,1,0,3,0,0,0,1,3,1,1,4,2,2,0,0,3,2,0,1,2,1,4,0,2,0,4,2,1,1,2,3,3,4,4,4,4,3,0,1,2,2,4,4,3,2,1,3,3,4,0,4,3,1,2,3,1,1,0,4,4,1,3,2,0,4,1,0,2,0,3,2,4,3,1,2,1,4,4,4,3,3,4,1,4,3,2,1,1,4,4,4,4,4,4,4,3,4,4,4,4,4,4,4,4,4,4,4,4,4,4,4,4,4,4,4,4,4,4,4,4,4,4,4,4,4,4,4,4,4,4,4,4,4,4,4,4,4,4,4,4,4,4,4,4,4,4,4,4,4,4,1,0,3,1,0,2,0,1,0,1,1,0,4,3,2,2,0,1,0,1,0,0,1,2,3,3,2,0,4,4,4,4,4,4,4,4,4,4,4,4,4,4,4,4,4,4,4,4,4,2,3,2,0,0,2,1,0,4,1,1,4,4,1,0,1,3,4,4,3,2,3,3,2,3,1,0,4,3,4,0,1,0,4,4,4,4,4,4,4,4,4,4,4,4,4,4,4,4,4,4,4,4,4,4,4,4,4,4,4,4,4,4,4,4,2,0,1,1,3,2,4,4,4,4,4,4,4,4,4,4,4,4,4,4,4,4,4,3,3,3,3,0,0,1,2,1,1,3,2,1,3,1,1,2,3,0,0,4,3,0,0,4,4,4,4,4,4,4,4,4,4,4,4,4,4,4,4,4,4,4,4,4,4,4,4,4,4,4,4,4,4,4,4,4,4,4,4,4,4,4,4,2,0,2,1,0,2,2,1,2,3,3,3,3,3,3,3,CP002797.2/4064050-4064256,0
297,2,3,4,4,4,2,2,1,3,1,0,3,3,1,0,1,1,4,2,0,4,1,3,3,0,3,2,3,1,0,2,1,1,1,1,3,3,1,2,4,4,4,4,4,4,4,4,4,4,2,2,0,1,2,3,4,4,4,4,4,4,4,4,4,4,4,4,4,4,4,4,4,4,4,4,4,4,4,4,4,4,4,4,4,4,2,1,4,3,0,1,0,3,0,0,0,0,3,0,1,4,4,2,0,0,3,2,0,1,2,1,4,4,4,4,4,0,1,0,0,4,4,4,4,4,4,1,0,0,2,2,4,4,3,2,1,1,3,4,2,4,1,1,2,3,1,1,0,4,4,0,1,3,3,4,1,3,2,0,3,0,4,3,1,0,2,1,4,2,3,0,4,4,4,4,2,1,3,4,4,4,4,4,4,4,0,4,4,4,4,4,4,4,4,4,4,4,4,4,4,4,4,4,4,4,4,4,4,4,4,4,4,4,4,4,4,4,4,4,4,4,4,4,4,4,4,4,4,4,4,4,4,4,4,4,4,4,4,4,4,3,0,3,1,0,4,4,0,1,1,0,3,4,1,2,2,2,1,2,0,0,0,1,2,3,1,2,0,4,4,4,4,4,4,4,4,4,4,4,4,4,4,4,4,4,4,4,4,4,2,3,3,0,2,2,1,0,4,1,1,2,4,1,1,3,3,4,4,4,0,3,3,4,4,4,4,4,4,4,4,4,4,4,4,4,4,4,4,4,4,4,4,4,4,4,4,4,4,4,4,4,4,4,4,4,4,4,4,4,4,4,4,4,4,4,4,4,1,1,0,4,4,4,4,4,4,4,4,4,4,4,4,4,4,4,4,4,3,0,0,1,0,0,0,2,1,1,2,2,2,4,4,3,0,0,3,4,4,4,4,3,4,4,4,4,4,4,4,4,4,4,4,4,4,4,4,4,4,4,4,4,4,4,4,4,4,4,4,4,4,4,4,4,4,4,4,4,4,4,4,4,4,4,1,1,1,2,2,1,3,3,3,2,3,3,2,3,ADTN01000324.1/27078-26894,0
298,2,1,0,2,3,2,2,1,3,1,0,3,3,1,0,1,1,4,2,0,4,1,3,3,0,3,2,3,1,0,2,1,1,1,1,3,3,1,2,4,4,4,4,4,4,4,4,4,4,2,2,0,1,2,3,4,4,4,4,4,4,4,4,4,4,4,4,4,4,4,4,4,4,4,4,4,4,4,4,4,4,4,4,4,4,2,1,4,3,0,1,0,3,0,0,0,0,3,3,1,4,4,2,0,0,3,2,0,1,2,1,4,0,1,0,4,0,1,4,4,4,4,4,4,4,4,4,0,0,2,2,4,4,3,2,1,1,3,4,2,4,1,1,2,3,1,1,0,4,4,0,1,3,3,4,1,3,2,0,3,0,4,3,1,0,2,1,4,2,3,0,4,4,4,4,2,1,3,4,4,4,4,4,4,4,0,4,4,4,4,4,4,4,4,4,4,4,4,4,4,4,4,4,4,4,4,4,4,4,4,4,4,4,4,4,4,4,4,4,4,4,4,4,4,4,4,4,4,4,4,4,4,4,4,4,4,4,4,4,4,3,0,3,1,0,4,4,0,1,1,0,3,4,1,2,2,2,1,2,0,0,0,1,2,3,1,2,0,4,4,4,4,4,4,4,4,4,4,4,4,4,4,4,4,4,4,4,4,4,2,3,3,0,2,2,1,0,4,1,1,2,4,1,1,3,3,4,4,4,0,3,3,4,4,4,4,4,4,4,4,4,4,4,4,4,4,4,4,4,4,4,4,4,4,4,4,4,4,4,4,4,4,4,4,4,4,4,4,4,4,4,4,4,4,4,4,4,1,1,0,4,4,4,4,4,4,4,4,4,4,4,4,4,4,4,4,4,3,0,0,1,0,0,0,2,1,1,2,2,2,4,4,3,0,0,3,4,4,4,4,3,4,4,4,4,4,4,4,4,4,4,4,4,4,4,4,4,4,4,4,4,4,4,4,4,4,4,4,4,4,4,4,4,4,4,4,4,4,4,4,4,4,4,1,1,1,2,2,1,3,3,3,2,3,3,2,3,ADUE01000096.1/13220-13033,0
299,2,3,0,2,0,3,2,1,3,1,0,3,3,1,1,0,3,4,1,3,4,1,3,3,0,3,2,3,3,1,2,1,1,3,3,1,4,4,4,4,4,4,4,4,4,4,4,4,4,4,4,4,4,3,2,4,4,4,4,4,4,4,4,4,4,4,4,4,4,4,4,4,4,4,4,4,4,4,4,4,4,4,4,4,4,2,1,4,1,3,1,0,3,0,0,0,1,3,1,0,4,2,2,0,0,3,2,0,3,2,1,4,0,2,0,4,2,1,1,2,3,3,4,4,4,4,3,0,1,2,2,4,4,3,2,1,3,3,4,0,4,3,1,2,3,1,1,0,4,4,1,3,2,0,4,1,0,2,0,3,2,4,3,1,2,1,4,4,4,3,3,4,0,4,1,2,3,1,4,4,4,4,4,4,4,3,4,4,4,4,4,4,4,4,4,4,4,4,4,4,4,4,4,4,4,4,4,4,4,4,4,4,4,4,4,4,4,4,4,4,4,4,4,4,4,4,4,4,4,4,4,4,4,4,4,4,4,4,4,4,1,0,3,1,0,0,0,1,0,1,1,1,4,3,2,2,0,1,0,1,0,0,1,2,3,3,2,0,4,4,4,4,4,4,4,4,4,4,4,4,4,4,4,4,4,4,4,4,4,2,3,2,0,0,2,1,0,4,1,1,1,4,1,3,3,3,4,0,3,2,3,3,2,3,1,0,4,3,4,0,1,0,4,4,4,4,4,4,4,4,4,4,4,4,4,4,4,4,4,4,4,4,4,4,4,4,4,4,4,4,4,4,4,4,2,0,1,1,3,2,4,4,4,4,4,4,4,4,4,4,4,4,4,4,4,4,4,3,3,3,3,2,0,1,2,1,1,3,2,1,1,1,1,3,3,0,0,4,4,1,1,4,4,4,4,4,4,4,4,4,4,4,4,4,4,4,4,4,4,4,4,4,4,4,4,4,4,4,4,4,4,4,4,4,4,4,4,4,4,4,4,2,2,2,1,0,2,2,1,2,3,3,3,3,3,3,3,CP003047.1/3512687-3512480,0
300,2,3,4,4,4,2,2,1,3,1,0,3,3,1,0,1,1,4,2,0,4,1,3,3,0,3,2,3,1,0,2,1,1,1,1,3,3,1,2,4,4,4,4,4,4,4,4,4,4,2,2,0,1,2,3,4,4,4,4,4,4,4,4,4,4,4,4,4,4,4,4,4,4,4,4,4,4,4,4,4,4,4,4,4,4,2,1,4,3,0,1,0,3,0,0,0,0,3,0,1,4,4,2,0,0,3,2,0,1,2,1,4,4,4,4,4,0,1,0,0,4,4,4,4,4,4,1,0,0,2,2,4,4,3,2,1,1,3,4,2,4,1,1,2,3,1,1,0,4,4,0,1,3,3,4,1,3,2,0,3,0,4,3,1,0,2,1,4,2,3,0,4,4,4,4,2,1,3,4,4,4,4,4,4,4,0,4,4,4,4,4,4,4,4,4,4,4,4,4,4,4,4,4,4,4,4,4,4,4,4,4,4,4,4,4,4,4,4,4,4,4,4,4,4,4,4,4,4,4,4,4,4,4,4,4,4,4,4,4,4,3,0,3,1,0,4,4,0,1,1,0,3,4,1,2,2,2,1,2,0,0,0,1,2,3,1,2,0,4,4,4,4,4,4,4,4,4,4,4,4,4,4,4,4,4,4,4,4,4,2,3,3,0,2,2,1,0,4,1,1,2,4,1,1,3,3,4,4,4,0,3,3,4,4,4,4,4,4,4,4,4,4,4,4,4,4,4,4,4,4,4,4,4,4,4,4,4,4,4,4,4,4,4,4,4,4,4,4,4,4,4,4,4,4,4,4,4,1,1,0,4,4,4,4,4,4,4,4,4,4,4,4,4,4,4,4,4,3,0,0,1,0,0,0,2,1,1,2,2,2,4,4,3,0,0,3,4,4,4,4,3,4,4,4,4,4,4,4,4,4,4,4,4,4,4,4,4,4,4,4,4,4,4,4,4,4,4,4,4,4,4,4,4,4,4,4,4,4,4,4,4,4,4,1,1,1,2,2,1,3,3,3,2,3,3,2,3,AEHU01000035.1/35291-35475,0
301,2,1,0,2,3,2,2,1,3,1,0,3,3,1,0,1,1,4,2,0,4,1,3,3,0,3,2,3,1,0,2,1,1,1,1,3,3,1,2,4,4,4,4,4,4,4,4,4,4,2,2,0,1,2,3,4,4,4,4,4,4,4,4,4,4,4,4,4,4,4,4,4,4,4,4,4,4,4,4,4,4,4,4,4,4,2,1,4,3,0,1,0,3,0,0,0,0,3,3,0,4,4,2,0,0,3,2,0,1,2,1,4,0,1,0,4,0,1,4,4,4,4,4,4,4,4,4,0,0,2,2,4,4,3,2,1,1,3,4,2,4,1,1,2,3,1,1,0,4,4,0,1,3,3,4,1,3,2,0,3,0,4,3,1,0,2,4,4,4,1,3,4,3,4,0,2,1,3,4,4,4,4,4,4,4,0,4,4,4,4,4,4,4,4,4,4,4,4,4,4,4,4,4,4,4,4,4,4,4,4,4,4,4,4,4,4,4,4,4,4,4,4,4,4,4,4,4,4,4,4,4,4,4,4,4,4,4,4,4,4,3,0,3,1,0,4,4,0,1,1,0,3,4,1,2,2,2,1,2,0,0,0,1,2,3,1,2,0,4,4,4,4,4,4,4,4,4,4,4,4,4,4,4,4,4,4,4,4,4,2,3,3,0,2,2,1,0,4,1,1,2,4,1,1,3,3,4,4,4,0,3,3,4,4,4,4,4,4,4,4,4,4,4,4,4,4,4,4,4,4,4,4,4,4,4,4,4,4,4,4,4,4,4,4,4,4,4,4,4,4,4,4,4,4,4,4,4,1,1,0,4,4,4,4,4,4,4,4,4,4,4,4,4,4,4,4,4,1,0,0,1,0,0,0,2,1,1,2,2,2,4,4,3,0,0,3,4,4,4,4,3,4,4,4,4,4,4,4,4,4,4,4,4,4,4,4,4,4,4,4,4,4,4,4,4,4,4,4,4,4,4,4,4,4,4,4,4,4,4,4,4,4,4,1,1,1,2,2,1,3,3,3,2,3,3,2,3,AEJW01000128.1/23245-23432,0
302,0,1,0,2,3,3,2,1,3,1,0,3,3,1,0,1,1,4,3,3,4,3,3,3,0,3,2,0,3,0,2,1,1,1,1,2,4,4,4,4,4,4,4,4,4,4,4,4,4,4,4,4,4,4,4,1,0,0,3,3,0,0,2,1,4,4,4,4,4,4,4,4,4,4,4,4,2,2,0,3,2,0,3,2,1,2,1,4,3,3,1,0,3,0,0,2,1,1,3,1,4,1,2,0,0,3,2,0,3,2,1,4,1,3,0,4,4,4,0,2,0,1,4,4,4,4,4,4,3,2,2,4,4,3,2,1,1,3,4,0,4,3,1,2,3,1,1,0,1,1,3,0,0,0,4,1,1,2,0,1,0,4,3,3,2,3,2,4,3,2,0,4,0,4,0,2,1,0,1,4,4,4,4,4,0,3,4,4,4,4,4,4,4,4,4,4,4,4,4,4,4,4,4,4,4,4,4,4,4,4,4,4,4,4,4,4,4,4,4,4,4,4,4,4,4,4,4,4,4,4,4,4,4,4,4,4,4,4,4,4,3,0,3,1,0,4,4,0,0,1,0,3,4,1,2,2,0,1,2,0,1,0,1,2,3,3,2,0,4,4,4,4,4,4,4,4,4,4,4,4,4,4,4,4,4,4,4,4,4,2,3,2,0,2,2,1,0,4,1,1,2,4,1,1,3,0,4,4,3,2,3,1,4,4,4,4,4,4,4,4,4,4,4,4,4,4,4,4,4,4,4,4,4,4,4,4,4,4,4,4,4,4,4,4,4,4,4,4,4,4,4,4,4,4,4,4,4,1,3,2,4,4,4,4,4,4,4,4,4,4,4,4,4,4,4,4,4,1,3,2,3,2,0,3,2,0,0,4,4,4,4,4,4,4,4,4,4,4,4,4,4,3,4,4,4,4,4,4,4,4,4,4,4,4,4,4,4,4,4,4,4,4,4,4,4,4,4,4,4,4,4,4,4,4,4,4,4,4,4,3,2,4,4,4,4,4,3,3,1,0,3,1,0,0,3,3,3,BX936398.1/3405026-3404829,0
303,2,3,0,2,0,3,2,1,3,1,0,3,3,1,1,0,3,4,1,3,4,1,3,3,0,3,2,3,3,1,2,1,1,3,3,0,4,4,4,4,4,4,4,4,4,4,4,4,4,4,4,4,4,2,3,4,4,4,4,4,4,4,4,4,4,4,4,4,4,4,4,4,4,4,4,4,4,4,4,4,4,4,4,4,4,2,1,4,1,3,1,0,3,0,0,0,1,3,1,0,4,2,2,0,0,3,2,0,1,2,1,4,0,2,0,4,2,1,1,2,3,3,4,4,4,4,3,0,1,2,2,4,4,3,2,1,3,3,4,0,4,3,1,2,3,1,1,0,4,4,1,3,2,0,4,1,0,2,0,3,2,4,3,1,2,1,4,4,4,3,3,4,3,4,3,2,1,1,4,4,4,4,4,4,4,3,4,4,4,4,4,4,4,4,4,4,4,4,4,4,4,4,4,4,4,4,4,4,4,4,4,4,4,4,4,4,4,4,4,4,4,4,4,4,4,4,4,4,4,4,4,4,4,4,4,4,4,4,4,4,1,0,3,1,0,2,0,1,0,1,1,0,4,3,2,2,0,1,0,1,0,0,1,2,3,3,2,0,4,4,4,4,4,4,4,4,4,4,4,4,4,4,4,4,4,4,4,4,4,2,3,2,0,0,2,1,0,4,1,1,4,4,1,0,1,3,4,4,3,2,3,3,2,3,1,0,4,3,4,0,1,0,4,4,4,4,4,4,4,4,4,4,4,4,4,4,4,4,4,4,4,4,4,4,4,4,4,4,4,4,4,4,4,4,2,0,1,1,3,2,4,4,4,4,4,4,4,4,4,4,4,4,4,4,4,4,4,3,3,3,3,0,0,1,2,1,1,3,2,1,3,1,1,2,3,0,0,4,3,0,0,4,4,4,4,4,4,4,4,4,4,4,4,4,4,4,4,4,4,4,4,4,4,4,4,4,4,4,4,4,4,4,4,4,4,4,4,4,4,4,4,2,0,2,1,0,2,2,1,2,3,3,3,3,3,3,3,AEME01000001.1/1639279-1639485,0
304,2,3,0,2,0,3,2,1,3,1,0,3,3,1,1,0,3,4,1,3,4,1,3,3,0,3,2,3,3,1,2,1,1,3,3,0,4,4,4,4,4,4,4,4,4,4,4,4,4,4,4,4,4,2,3,4,4,4,4,4,4,4,4,4,4,4,4,4,4,4,4,4,4,4,4,4,4,4,4,4,4,4,4,4,4,2,1,4,1,3,1,0,3,0,0,0,1,3,1,1,4,2,2,0,0,3,2,0,1,2,1,4,0,2,0,4,2,1,1,2,3,3,4,4,4,4,3,0,1,2,2,4,4,3,2,1,3,3,4,0,4,3,1,2,3,1,1,0,4,4,1,3,2,0,4,1,0,2,0,3,2,4,3,1,2,1,4,4,4,3,3,4,0,4,3,2,1,1,4,4,4,4,4,4,4,3,4,4,4,4,4,4,4,4,4,4,4,4,4,4,4,4,4,4,4,4,4,4,4,4,4,4,4,4,4,4,4,4,4,4,4,4,4,4,4,4,4,4,4,4,4,4,4,4,4,4,4,4,4,4,1,0,3,1,0,2,0,1,0,1,1,0,4,3,2,2,0,1,0,1,0,0,1,2,3,3,2,0,4,4,4,4,4,4,4,4,4,4,4,4,4,4,4,4,4,4,4,4,4,2,3,2,0,0,2,1,0,4,1,1,4,4,1,0,1,3,4,4,3,2,3,3,2,3,1,0,4,3,4,0,1,0,4,4,4,4,4,4,4,4,4,4,4,4,4,4,4,4,4,4,4,4,4,4,4,4,4,4,4,4,4,4,4,4,2,0,1,1,3,2,4,4,4,4,4,4,4,4,4,4,4,4,4,4,4,4,4,3,3,3,3,0,0,1,2,1,1,3,2,1,3,1,1,2,3,0,0,4,3,0,0,4,4,4,4,4,4,4,4,4,4,4,4,4,4,4,4,4,4,4,4,4,4,4,4,4,4,4,4,4,4,4,4,4,4,4,4,4,4,4,4,2,0,2,1,0,2,2,1,2,3,3,3,3,3,3,3,CP001383.1/4034500-4034706,0
305,2,3,0,2,0,3,2,1,3,1,0,3,3,1,1,0,3,4,1,3,4,1,3,3,0,3,2,3,3,1,2,1,1,3,3,1,4,4,4,4,4,4,4,4,4,4,4,4,4,4,4,4,4,3,2,4,4,4,4,4,4,4,4,4,4,4,4,4,4,4,4,4,4,4,4,4,4,4,4,4,4,4,4,4,4,2,1,4,1,3,1,0,3,0,0,0,1,3,1,0,4,2,2,0,0,3,2,0,3,2,1,4,0,2,0,4,2,1,1,2,3,3,4,4,4,4,3,0,1,2,2,4,4,3,2,1,3,3,4,0,4,3,1,2,3,1,1,0,4,4,1,3,2,0,4,1,0,2,0,3,2,4,3,1,2,1,4,4,4,3,3,4,0,4,1,2,1,1,4,4,4,4,4,4,4,3,4,4,4,4,4,4,4,4,4,4,4,4,4,4,4,4,4,4,4,4,4,4,4,4,4,4,4,4,4,4,4,4,4,4,4,4,4,4,4,4,4,4,4,4,4,4,4,4,4,4,4,4,4,4,1,0,3,1,0,0,0,1,0,1,1,1,4,3,2,2,0,1,0,1,0,0,1,2,3,3,2,0,4,4,4,4,4,4,4,4,4,4,4,4,4,4,4,4,4,4,4,4,4,2,3,2,0,0,2,1,0,4,1,1,1,4,1,3,3,3,4,0,3,2,3,3,2,3,1,0,4,3,4,0,1,0,4,4,4,4,4,4,4,4,4,4,4,4,4,4,4,4,4,4,4,4,4,4,4,4,4,4,4,4,4,4,4,4,2,0,1,1,3,2,4,4,4,4,4,4,4,4,4,4,4,4,4,4,4,4,4,3,3,3,3,2,0,1,2,1,1,3,2,1,1,1,1,3,3,0,0,4,4,1,1,4,4,4,4,4,4,4,4,4,4,4,4,4,4,4,4,4,4,4,4,4,4,4,4,4,4,4,4,4,4,4,4,4,4,4,4,4,4,4,4,2,2,2,1,0,2,2,1,2,3,3,3,3,3,3,3,ABAN01000048.1/20973-20766,0
306,3,1,0,2,3,3,2,1,3,1,0,3,3,1,0,0,1,4,3,3,4,3,3,3,0,3,2,3,1,2,2,3,1,1,0,1,0,0,3,0,3,2,2,4,4,2,3,2,2,2,0,0,1,0,3,4,4,4,4,4,4,4,4,4,4,4,4,4,4,4,4,4,4,4,4,4,4,4,4,4,4,4,4,4,4,0,1,4,1,0,1,0,3,0,0,2,1,1,0,0,4,4,2,0,0,3,2,0,1,2,1,4,4,1,0,4,2,0,2,4,4,4,4,4,4,4,3,0,0,2,2,4,4,3,2,1,1,3,4,0,4,1,1,2,3,1,1,0,4,0,1,0,3,1,4,0,3,2,0,3,0,1,3,1,2,1,1,4,3,3,1,4,2,4,2,2,1,1,4,4,4,4,4,4,4,3,4,4,4,4,4,4,4,4,4,4,4,4,4,4,4,4,4,4,4,4,4,4,4,4,4,4,4,4,4,4,4,4,4,4,4,4,4,4,4,4,4,4,4,4,4,4,4,4,4,4,4,4,4,4,3,0,3,1,0,4,4,0,0,1,0,1,4,0,2,2,2,1,2,0,1,0,1,2,3,2,2,0,4,4,4,4,4,4,4,4,4,4,4,4,4,4,4,4,4,4,4,4,4,2,3,2,0,2,2,1,0,4,1,1,0,4,1,1,3,3,4,4,1,0,3,3,1,3,1,3,4,3,4,3,3,0,4,4,4,4,4,4,4,4,4,4,4,4,4,4,4,4,4,4,4,4,4,4,4,4,4,4,4,4,4,4,4,4,2,0,2,0,2,0,0,0,0,2,0,2,0,3,4,2,0,0,3,0,3,3,2,0,1,2,0,2,1,2,2,0,0,3,0,3,1,3,1,0,2,3,4,4,4,4,0,4,4,4,4,4,4,4,4,4,4,4,4,4,4,4,4,4,4,4,4,4,4,4,4,4,4,4,4,4,4,4,4,4,4,4,4,4,4,4,4,0,2,0,3,0,3,3,1,1,2,1,3,1,3,1,1,AM942759.1/2018036-2017804,0
307,2,3,0,2,0,3,2,1,3,1,0,3,3,1,1,0,3,4,1,3,4,1,3,3,0,3,2,3,3,1,2,1,1,3,3,0,4,4,4,4,4,4,4,4,4,4,4,4,4,4,4,4,4,2,3,4,4,4,4,4,4,4,4,4,4,4,4,4,4,4,4,4,4,4,4,4,4,4,4,4,4,4,4,4,4,2,1,4,1,3,1,0,3,0,0,0,1,3,1,1,4,2,2,0,0,3,2,0,1,2,1,4,0,2,0,4,2,1,1,2,3,3,4,4,4,4,3,0,1,2,2,4,4,3,2,1,3,3,4,0,4,3,1,2,3,1,1,0,4,4,1,3,2,0,4,1,0,2,0,3,2,4,3,1,2,1,4,4,4,3,3,4,0,4,3,2,1,1,4,4,4,4,4,4,4,3,4,4,4,4,4,4,4,4,4,4,4,4,4,4,4,4,4,4,4,4,4,4,4,4,4,4,4,4,4,4,4,4,4,4,4,4,4,4,4,4,4,4,4,4,4,4,4,4,4,4,4,4,4,4,1,0,3,1,0,2,0,1,0,1,1,0,4,3,2,2,0,1,0,1,0,0,1,2,3,3,2,0,4,4,4,4,4,4,4,4,4,4,4,4,4,4,4,4,4,4,4,4,4,2,3,2,0,0,2,1,0,4,1,1,4,4,1,0,1,3,4,4,3,2,3,3,2,3,1,0,4,3,4,0,1,0,4,4,4,4,4,4,4,4,4,4,4,4,4,4,4,4,4,4,4,4,4,4,4,4,4,4,4,4,4,4,4,4,2,0,1,1,3,2,4,4,4,4,4,4,4,4,4,4,4,4,4,4,4,4,4,3,3,3,3,0,0,1,2,1,1,3,2,1,3,1,1,2,3,0,0,4,3,0,0,4,4,4,4,4,4,4,4,4,4,4,4,4,4,4,4,4,4,4,4,4,4,4,4,4,4,4,4,4,4,4,4,4,4,4,4,4,4,4,4,2,0,2,1,0,2,2,1,2,3,3,3,3,3,3,3,ABJT01000019.1/43950-44156,0
308,2,3,4,4,4,2,2,1,3,1,0,3,3,1,0,1,1,4,3,3,4,1,3,3,0,3,2,3,1,0,2,1,1,1,1,3,3,0,2,4,4,4,4,4,4,4,4,4,4,2,2,0,1,2,1,4,4,4,4,4,4,4,4,4,4,4,4,4,4,4,4,4,4,4,4,4,4,4,4,4,4,4,4,4,4,2,1,4,3,0,1,0,3,0,0,0,1,3,3,1,4,4,2,0,0,3,2,0,1,2,1,4,4,4,4,4,0,1,0,0,4,4,4,4,4,4,1,0,0,2,2,4,4,3,2,1,1,3,4,2,4,1,1,2,3,1,1,0,4,4,0,1,3,3,4,1,3,2,0,3,0,4,0,3,0,2,1,4,2,3,4,4,4,4,0,2,1,3,4,4,4,4,4,4,4,3,4,4,4,4,4,4,4,4,4,4,4,4,4,4,4,4,4,4,4,4,4,4,4,4,4,4,4,4,4,4,4,4,4,4,4,4,4,4,4,4,4,4,4,4,4,4,4,4,4,4,4,4,4,4,3,0,3,1,0,4,4,0,1,1,3,1,4,1,2,2,2,1,2,0,0,0,1,2,3,1,2,0,4,4,4,4,4,4,4,4,4,4,4,4,4,4,4,4,4,4,4,4,4,2,3,3,0,2,2,1,0,4,1,1,2,4,1,1,3,3,4,4,4,0,3,3,4,4,4,4,4,4,4,4,4,4,4,4,4,4,4,4,4,4,4,4,4,4,4,4,4,4,4,4,4,4,4,4,4,4,4,4,4,4,4,4,4,4,4,4,4,1,1,0,4,4,4,4,4,4,4,4,4,4,4,4,4,4,4,4,4,3,0,0,1,0,0,0,2,1,1,2,2,2,3,3,3,4,4,4,4,4,4,4,4,4,4,4,4,4,4,4,4,4,4,4,4,4,4,4,4,4,4,4,4,4,4,4,4,4,4,4,4,4,4,4,4,4,4,4,4,4,4,4,4,0,2,1,1,1,2,2,1,3,3,3,2,3,3,2,3,AESN01000121.1/58848-58664,0
309,2,3,0,2,0,3,2,1,3,1,0,3,3,1,1,0,3,4,1,3,4,1,3,3,0,3,2,3,3,1,2,1,1,3,3,1,4,4,4,4,4,4,4,4,4,4,4,4,4,4,4,4,4,3,2,4,4,4,4,4,4,4,4,4,4,4,4,4,4,4,4,4,4,4,4,4,4,4,4,4,4,4,4,4,4,2,1,4,1,3,1,0,3,0,0,0,1,3,1,0,4,2,2,0,0,3,2,0,3,2,1,4,0,2,0,4,2,1,1,2,3,3,4,4,4,4,3,0,1,2,2,4,4,3,2,1,3,3,4,0,4,3,1,2,3,1,1,0,4,4,1,3,2,0,4,1,0,2,0,3,2,4,3,1,2,1,4,4,4,3,3,4,0,4,1,2,1,1,4,4,4,4,4,4,4,3,4,4,4,4,4,4,4,4,4,4,4,4,4,4,4,4,4,4,4,4,4,4,4,4,4,4,4,4,4,4,4,4,4,4,4,4,4,4,4,4,4,4,4,4,4,4,4,4,4,4,4,4,4,4,1,0,3,1,0,0,0,1,0,1,1,1,4,3,2,2,0,1,0,1,0,0,1,2,3,3,2,0,4,4,4,4,4,4,4,4,4,4,4,4,4,4,4,4,4,4,4,4,4,2,3,2,0,0,2,1,0,4,1,1,1,4,1,3,3,3,4,0,3,2,3,3,2,3,1,0,4,3,4,0,1,0,4,4,4,4,4,4,4,4,4,4,4,4,4,4,4,4,4,4,4,4,4,4,4,4,4,4,4,4,4,4,4,4,2,0,1,1,3,2,4,4,4,4,4,4,4,4,4,4,4,4,4,4,4,4,4,3,3,3,3,2,0,1,2,1,1,3,2,1,1,1,1,3,3,0,0,4,4,1,1,4,4,4,4,4,4,4,4,4,4,4,4,4,4,4,4,4,4,4,4,4,4,4,4,4,4,4,4,4,4,4,4,4,4,4,4,4,4,4,4,2,2,2,1,0,2,2,1,2,3,3,3,3,3,3,3,AFCU01001867.1/293-500,0
310,2,3,0,2,0,3,2,1,3,1,0,3,3,1,1,0,3,4,1,3,4,1,3,3,0,3,2,1,3,1,2,1,1,3,3,3,4,4,4,4,4,4,4,4,4,4,4,4,4,4,4,4,4,3,2,4,4,4,4,4,4,4,4,4,4,4,4,4,4,4,4,4,4,4,4,4,4,4,4,4,4,4,4,4,4,2,1,4,1,3,1,0,3,0,0,0,1,3,1,0,4,2,2,0,0,3,2,0,3,2,1,4,0,2,0,4,2,1,1,2,3,3,4,4,4,4,3,0,1,2,2,4,4,3,2,1,3,3,4,0,4,3,1,2,3,1,1,0,4,4,1,3,2,0,4,1,0,2,0,3,2,4,3,1,2,1,4,4,4,3,3,4,0,4,1,2,1,1,4,4,4,4,4,4,4,3,4,4,4,4,4,4,4,4,4,4,4,4,4,4,4,4,4,4,4,4,4,4,4,4,4,4,4,4,4,4,4,4,4,4,4,4,4,4,4,4,4,4,4,4,4,4,4,4,4,4,4,4,4,4,1,0,3,1,0,0,0,1,0,1,1,1,4,3,2,2,0,1,0,1,0,0,1,2,3,3,2,0,4,4,4,4,4,4,4,4,4,4,4,4,4,4,4,4,4,4,4,4,4,2,3,2,0,0,2,1,0,4,1,1,1,4,1,1,3,3,3,0,3,2,3,3,2,3,1,0,4,3,4,0,1,0,4,4,4,4,4,4,4,4,4,4,4,4,4,4,4,4,4,4,4,4,4,4,4,4,4,4,4,4,4,4,4,4,2,0,1,1,3,2,4,4,4,4,4,4,4,4,4,4,4,4,4,4,4,4,4,3,3,3,3,2,0,1,2,1,1,3,2,1,1,1,1,3,3,0,0,4,4,1,1,4,4,4,4,4,4,4,4,4,4,4,4,4,4,4,4,4,4,4,4,4,4,4,4,4,4,4,4,4,4,4,4,4,4,4,4,4,4,4,4,2,2,2,1,0,2,2,1,2,3,3,3,3,3,3,3,CP000880.1/3652030-3651822,0
311,2,3,0,2,0,3,2,1,3,1,0,3,3,1,1,0,3,4,1,3,4,1,3,3,0,3,2,3,3,1,2,1,1,3,3,0,4,4,4,4,4,4,4,4,4,4,4,4,4,4,4,4,4,2,3,4,4,4,4,4,4,4,4,4,4,4,4,4,4,4,4,4,4,4,4,4,4,4,4,4,4,4,4,4,4,2,1,4,1,3,1,0,3,0,0,0,1,3,1,1,4,2,2,0,0,3,2,0,1,2,1,4,0,2,0,4,2,1,1,2,3,3,4,4,4,4,3,0,1,2,2,4,4,3,2,1,3,3,4,0,4,3,1,2,3,1,1,0,4,4,1,3,2,0,4,1,0,2,0,3,2,4,3,1,2,1,4,4,4,3,3,4,0,4,3,2,1,1,4,4,4,4,4,4,4,3,4,4,4,4,4,4,4,4,4,4,4,4,4,4,4,4,4,4,4,4,4,4,4,4,4,4,4,4,4,4,4,4,4,4,4,4,4,4,4,4,4,4,4,4,4,4,4,4,4,4,4,4,4,4,1,0,3,1,0,2,0,1,0,1,1,0,4,3,2,2,0,1,0,1,0,0,1,2,3,3,2,0,4,4,4,4,4,4,4,4,4,4,4,4,4,4,4,4,4,4,4,4,4,2,3,2,0,0,2,1,0,4,1,1,4,4,1,0,1,3,4,4,3,2,3,3,2,3,1,0,4,3,4,0,1,0,4,4,4,4,4,4,4,4,4,4,4,4,4,4,4,4,4,4,4,4,4,4,4,4,4,4,4,4,4,4,4,4,2,0,1,1,3,2,4,4,4,4,4,4,4,4,4,4,4,4,4,4,4,4,4,3,3,3,3,0,0,1,2,1,1,3,2,1,3,1,1,2,3,0,0,4,3,0,0,4,4,4,4,4,4,4,4,4,4,4,4,4,4,4,4,4,4,4,4,4,4,4,4,4,4,4,4,4,4,4,4,4,4,4,4,4,4,4,4,2,0,2,1,0,2,2,1,2,3,3,3,3,3,3,3,AE005674.2/3994762-3994968,0
312,2,3,4,4,4,2,2,1,3,1,0,3,3,1,0,1,1,4,2,0,4,1,3,3,0,3,2,3,1,0,2,1,1,1,1,3,3,1,2,4,4,4,4,4,4,4,4,4,4,2,2,0,1,2,3,4,4,4,4,4,4,4,4,4,4,4,4,4,4,4,4,4,4,4,4,4,4,4,4,4,4,4,4,4,4,2,1,4,3,0,1,0,3,0,0,0,0,3,3,1,4,4,2,0,0,3,2,0,1,2,1,4,4,4,4,4,0,1,0,0,4,4,4,4,4,4,1,0,0,2,2,4,4,3,2,1,1,3,4,2,4,1,1,2,3,1,1,0,4,4,0,1,3,3,4,1,3,2,0,3,0,4,3,1,0,2,1,4,2,3,0,4,4,4,4,2,1,3,4,4,4,4,4,4,4,0,4,4,4,4,4,4,4,4,4,4,4,4,4,4,4,4,4,4,4,4,4,4,4,4,4,4,4,4,4,4,4,4,4,4,4,4,4,4,4,4,4,4,4,4,4,4,4,4,4,4,4,4,4,4,3,0,3,1,0,4,4,0,1,1,0,3,4,1,2,2,2,1,2,0,0,0,1,2,3,1,2,0,4,4,4,4,4,4,4,4,4,4,4,4,4,4,4,4,4,4,4,4,4,2,3,3,0,2,2,1,0,4,1,1,2,4,1,1,3,3,4,4,4,0,3,3,4,4,4,4,4,4,4,4,4,4,4,4,4,4,4,4,4,4,4,4,4,4,4,4,4,4,4,4,4,4,4,4,4,4,4,4,4,4,4,4,4,4,4,4,4,1,1,0,4,4,4,4,4,4,4,4,4,4,4,4,4,4,4,4,4,3,0,0,1,0,0,0,2,1,1,2,2,2,4,4,3,0,0,3,4,4,4,4,3,4,4,4,4,4,4,4,4,4,4,4,4,4,4,4,4,4,4,4,4,4,4,4,4,4,4,4,4,4,4,4,4,4,4,4,4,4,4,4,4,4,4,1,1,1,2,2,1,3,3,3,2,3,3,2,3,ADTJ01000260.1/23032-23216,0
313,2,1,0,2,3,2,2,1,3,1,0,3,3,1,0,1,1,4,2,0,4,1,3,3,0,3,2,3,1,0,2,1,1,1,1,3,3,1,2,4,4,4,4,4,4,4,4,4,4,2,2,0,1,2,3,4,4,4,4,4,4,4,4,4,4,4,4,4,4,4,4,4,4,4,4,4,4,4,4,4,4,4,4,4,4,2,1,4,3,0,1,0,3,0,0,0,0,3,3,1,4,4,2,0,0,3,2,0,1,2,1,4,0,1,0,4,0,1,4,4,4,4,4,4,4,4,4,0,0,2,2,4,4,3,2,1,1,3,4,2,4,1,1,2,3,1,1,0,4,4,0,1,3,3,4,1,3,2,0,3,0,4,3,1,0,2,4,4,4,1,3,4,3,4,0,2,1,3,4,4,4,4,4,4,4,0,4,4,4,4,4,4,4,4,4,4,4,4,4,4,4,4,4,4,4,4,4,4,4,4,4,4,4,4,4,4,4,4,4,4,4,4,4,4,4,4,4,4,4,4,4,4,4,4,4,4,4,4,4,4,3,0,3,1,0,4,4,0,1,1,0,3,4,1,2,2,2,1,2,0,0,0,1,2,3,1,2,0,4,4,4,4,4,4,4,4,4,4,4,4,4,4,4,4,4,4,4,4,4,2,3,3,0,2,2,1,0,4,1,1,2,4,1,1,3,3,4,4,4,0,3,3,4,4,4,4,4,4,4,4,4,4,4,4,4,4,4,4,4,4,4,4,4,4,4,4,4,4,4,4,4,4,4,4,4,4,4,4,4,4,4,4,4,4,4,4,4,1,1,0,4,4,4,4,4,4,4,4,4,4,4,4,4,4,4,4,4,3,0,0,1,0,0,0,2,1,1,2,2,2,4,4,3,0,0,3,4,4,4,4,3,4,4,4,4,4,4,4,4,4,4,4,4,4,4,4,4,4,4,4,4,4,4,4,4,4,4,4,4,4,4,4,4,4,4,4,4,4,4,4,4,4,4,1,1,1,2,2,1,3,3,3,2,3,3,2,3,ADAV01000072.1/100965-100778,0
314,2,3,0,2,0,3,2,1,3,1,0,3,3,1,1,0,3,4,1,3,4,1,3,3,0,3,2,3,3,1,2,1,1,3,3,0,4,4,4,4,4,4,4,4,4,4,4,4,4,4,4,4,4,2,3,4,4,4,4,4,4,4,4,4,4,4,4,4,4,4,4,4,4,4,4,4,4,4,4,4,4,4,4,4,4,2,1,4,1,3,1,0,3,0,0,0,1,3,1,1,4,2,2,0,0,3,2,0,1,2,1,4,0,2,0,4,2,1,1,2,3,3,4,4,4,4,3,0,1,2,2,4,4,3,2,1,3,3,4,0,4,3,1,2,3,1,1,0,4,4,1,3,2,0,4,1,0,2,0,3,2,4,3,1,2,1,4,4,4,3,3,4,0,4,3,2,1,1,4,4,4,4,4,4,4,3,4,4,4,4,4,4,4,4,4,4,4,4,4,4,4,4,4,4,4,4,4,4,4,4,4,4,4,4,4,4,4,4,4,4,4,4,4,4,4,4,4,4,4,4,4,4,4,4,4,4,4,4,4,4,1,0,3,1,0,2,0,1,0,1,1,0,4,3,2,2,0,1,0,1,0,0,1,2,3,3,2,0,4,4,4,4,4,4,4,4,4,4,4,4,4,4,4,4,4,4,4,4,4,2,3,2,0,0,2,1,0,4,1,1,4,4,1,0,1,3,4,4,3,2,3,3,2,3,1,0,4,3,4,0,1,0,4,4,4,4,4,4,4,4,4,4,4,4,4,4,4,4,4,4,4,4,4,4,4,4,4,4,4,4,4,4,4,4,2,0,1,1,3,2,4,4,4,4,4,4,4,4,4,4,4,4,4,4,4,4,4,3,3,3,3,0,0,1,2,1,1,3,2,1,3,1,1,2,3,0,0,4,3,0,0,4,4,4,4,4,4,4,4,4,4,4,4,4,4,4,4,4,4,4,4,4,4,4,4,4,4,4,4,4,4,4,4,4,4,4,4,4,4,4,4,2,0,2,1,0,2,2,1,2,3,3,3,3,3,3,3,ACGN01000149.1/74241-74035,0
315,4,4,4,4,4,3,2,1,3,1,0,3,3,1,0,0,1,4,3,2,4,2,3,3,0,3,2,0,3,2,2,3,0,3,2,2,3,2,0,0,2,2,3,4,4,4,1,0,0,3,0,3,1,0,3,4,4,4,4,4,4,4,4,4,4,4,4,4,4,4,4,4,4,4,4,4,4,4,4,4,4,4,4,4,4,2,1,4,4,3,1,0,3,0,0,1,2,1,1,1,4,1,2,0,0,3,2,0,3,2,1,4,1,2,0,4,4,4,4,0,0,2,4,4,4,0,3,0,0,2,2,4,4,3,2,1,1,3,4,0,4,3,1,2,3,1,1,0,2,1,3,3,3,0,4,3,3,2,0,3,0,4,0,1,3,2,1,1,3,3,3,4,2,4,2,2,1,3,4,4,4,4,4,4,4,3,4,4,4,4,4,4,4,4,4,4,4,4,4,4,4,4,4,4,4,4,4,4,4,4,4,4,4,4,4,4,4,4,4,4,4,4,4,4,4,4,4,4,4,4,4,4,4,4,4,4,4,4,4,4,3,0,3,1,0,4,4,1,0,1,0,3,4,1,2,2,2,1,2,0,1,0,1,2,3,3,2,0,4,4,4,4,4,4,4,4,4,4,4,4,4,4,4,4,4,4,4,4,4,2,3,2,0,2,2,1,0,4,1,1,2,4,1,1,3,0,4,4,4,4,3,3,4,4,4,4,4,4,4,4,4,4,4,4,4,4,4,4,4,4,4,4,4,4,4,4,4,4,4,4,4,4,4,4,4,4,4,4,4,4,4,4,4,4,4,4,4,1,0,2,4,4,4,4,4,4,4,4,4,4,4,4,4,4,4,4,4,0,2,0,1,1,1,2,2,3,1,0,2,0,1,0,2,3,3,0,4,4,4,4,1,4,4,4,4,4,4,4,4,4,4,4,4,4,4,4,4,4,4,4,4,4,4,4,4,4,4,4,4,4,4,4,4,4,4,4,4,4,4,4,4,3,2,3,2,3,2,0,1,1,2,2,2,3,3,3,1,CP002038.1/3585858-3585658,0
316,2,3,0,2,0,3,2,1,3,1,0,3,3,1,1,0,3,4,1,3,4,1,3,3,0,3,2,3,3,1,2,1,1,1,3,1,4,4,4,4,4,4,4,4,4,4,4,4,4,4,4,4,4,3,2,4,4,4,4,4,4,4,4,4,4,4,4,4,4,4,4,4,4,4,4,4,4,4,4,4,4,4,4,4,4,2,1,4,1,3,1,0,3,0,0,0,1,3,1,0,4,2,2,0,0,3,2,0,3,2,1,4,0,2,0,4,2,1,1,0,3,3,4,4,4,4,3,0,1,2,2,4,4,3,2,1,3,3,4,0,4,3,1,2,3,1,1,0,4,4,1,0,2,0,4,1,0,2,0,3,2,4,3,1,2,1,2,4,3,0,2,4,1,4,1,3,4,4,4,4,4,4,4,4,4,4,4,4,4,4,4,4,4,4,4,4,4,4,4,4,4,4,4,4,4,4,4,4,4,4,4,4,4,4,4,4,4,4,4,4,4,4,4,4,4,4,4,4,4,4,4,4,4,4,4,4,4,4,4,4,1,0,3,1,0,0,0,1,0,1,1,0,4,3,2,2,0,1,0,3,0,0,1,2,3,3,2,0,4,4,4,4,4,4,4,4,4,4,4,4,4,4,4,4,4,4,4,4,4,2,3,2,0,0,2,1,0,4,1,1,1,4,0,3,3,3,4,0,3,2,3,3,2,3,1,0,4,3,4,0,1,0,4,4,4,4,4,4,4,4,4,4,4,4,4,4,4,4,4,4,4,4,4,4,4,4,4,4,4,4,4,4,4,4,2,0,1,1,3,2,4,4,4,4,4,4,4,4,4,4,4,4,4,4,4,4,4,4,3,3,3,0,0,1,2,1,1,3,2,1,3,0,1,3,3,0,4,4,4,1,1,4,4,4,4,4,4,4,4,4,4,4,4,4,4,4,4,4,4,4,4,4,4,4,4,4,4,4,4,4,4,4,4,4,4,4,4,4,4,4,4,2,0,2,1,2,2,2,1,2,3,3,3,3,3,3,3,AEQT01000004.1/49159-48955,0
317,2,3,0,2,0,3,2,1,3,1,0,3,3,1,1,0,3,4,1,3,4,1,3,3,0,3,2,3,3,1,2,1,1,3,3,1,4,4,4,4,4,4,4,4,4,4,4,4,4,4,4,4,4,3,2,4,4,4,4,4,4,4,4,4,4,4,4,4,4,4,4,4,4,4,4,4,4,4,4,4,4,4,4,4,4,2,1,4,1,3,1,0,3,0,0,0,1,3,1,0,4,2,2,0,0,3,2,0,3,2,1,4,0,2,0,4,2,1,1,2,3,3,4,4,4,4,3,0,1,2,2,4,4,3,2,1,3,3,4,0,4,3,1,2,3,1,1,0,4,4,1,3,2,0,4,1,0,2,0,3,2,4,3,1,2,1,4,4,4,3,3,4,0,4,1,2,1,1,4,4,4,4,4,4,4,3,4,4,4,4,4,4,4,4,4,4,4,4,4,4,4,4,4,4,4,4,4,4,4,4,4,4,4,4,4,4,4,4,4,4,4,4,4,4,4,4,4,4,4,4,4,4,4,4,4,4,4,4,4,4,1,0,3,1,0,0,0,1,0,1,1,1,4,3,2,2,0,1,0,1,0,0,1,2,3,3,2,0,4,4,4,4,4,4,4,4,4,4,4,4,4,4,4,4,4,4,4,4,4,2,3,2,0,0,2,1,0,4,1,1,1,4,1,3,3,3,4,0,3,2,3,3,2,3,1,0,4,3,4,0,1,0,4,4,4,4,4,4,4,4,4,4,4,4,4,4,4,4,4,4,4,4,4,4,4,4,4,4,4,4,4,4,4,4,2,0,1,1,3,2,4,4,4,4,4,4,4,4,4,4,4,4,4,4,4,4,4,3,3,3,3,2,0,1,2,1,1,3,2,1,1,1,1,3,3,0,0,4,4,1,1,4,4,4,4,4,4,4,4,4,4,4,4,4,4,4,4,4,4,4,4,4,4,4,4,4,4,4,4,4,4,4,4,4,4,4,4,4,4,4,4,2,2,2,1,0,2,2,1,2,3,3,3,3,3,3,3,AFYI01000004.1/43126-43333,0
318,2,3,0,2,0,3,2,1,3,1,0,3,3,1,1,0,3,4,1,3,4,1,3,3,0,3,2,3,3,1,2,1,1,3,3,1,4,4,4,4,4,4,4,4,4,4,4,4,4,4,4,4,4,3,2,4,4,4,4,4,4,4,4,4,4,4,4,4,4,4,4,4,4,4,4,4,4,4,4,4,4,4,4,4,4,2,1,4,1,3,1,0,3,0,0,0,1,3,1,0,4,2,2,0,0,3,2,0,3,2,1,4,0,2,0,4,2,1,1,2,3,3,4,4,4,4,3,0,1,2,2,4,4,3,2,1,3,3,4,0,4,3,1,2,3,1,1,0,4,4,1,3,2,0,4,1,0,2,0,3,2,4,3,1,2,1,4,4,4,3,3,4,0,4,1,2,1,1,4,4,4,4,4,4,4,3,4,4,4,4,4,4,4,4,4,4,4,4,4,4,4,4,4,4,4,4,4,4,4,4,4,4,4,4,4,4,4,4,4,4,4,4,4,4,4,4,4,4,4,4,4,4,4,4,4,4,4,4,4,4,1,0,3,1,0,0,0,1,0,1,1,1,4,3,2,2,0,1,0,1,0,0,1,2,3,3,2,0,4,4,4,4,4,4,4,4,4,4,4,4,4,4,4,4,4,4,4,4,4,2,3,2,0,0,2,1,0,4,1,1,1,4,1,3,3,3,4,0,3,2,3,3,2,3,1,0,4,3,4,0,1,0,4,4,4,4,4,4,4,4,4,4,4,4,4,4,4,4,4,4,4,4,4,4,4,4,4,4,4,4,4,4,4,4,2,0,1,1,3,2,4,4,4,4,4,4,4,4,4,4,4,4,4,4,4,4,4,3,3,3,3,2,0,1,2,1,1,3,2,1,1,1,1,3,3,0,0,4,4,1,1,4,4,4,4,4,4,4,4,4,4,4,4,4,4,4,4,4,4,4,4,4,4,4,4,4,4,4,4,4,4,4,4,4,4,4,4,4,4,4,4,2,2,2,1,0,2,2,1,2,3,3,3,3,3,3,3,AFCV01001347.1/9115-9322,0
319,2,3,0,2,3,2,2,1,3,1,0,3,3,1,0,1,1,4,3,2,4,2,3,3,0,3,2,0,1,0,2,1,1,1,3,2,1,2,1,0,0,2,4,4,4,4,1,2,2,0,1,0,0,2,3,4,4,4,4,4,4,4,4,4,4,4,4,4,4,4,4,4,4,4,4,4,4,4,4,4,4,4,4,4,4,2,1,4,4,1,1,0,3,0,0,3,0,3,3,1,4,4,2,0,0,3,2,0,1,2,1,4,4,4,4,4,0,1,0,0,4,4,4,4,4,4,3,0,1,2,2,4,4,3,2,1,1,3,4,2,4,3,1,2,3,1,1,0,4,1,1,3,1,0,4,1,1,2,0,3,0,4,0,3,1,2,3,4,3,1,0,4,1,4,3,3,3,2,3,2,4,4,0,1,2,3,4,4,4,4,4,4,4,4,4,4,4,4,4,4,4,4,4,4,4,4,4,4,4,4,4,4,4,4,4,4,4,4,4,4,4,4,4,4,4,4,4,4,4,4,4,4,4,4,4,4,4,4,4,4,3,0,3,1,0,4,4,0,0,1,0,3,4,1,2,2,0,1,2,1,0,0,1,2,3,3,2,0,4,4,4,4,4,4,4,4,4,4,4,4,4,4,4,4,4,4,4,4,4,2,3,3,0,2,2,1,0,4,1,1,0,4,1,1,3,1,4,4,3,3,3,1,2,3,3,0,4,1,4,2,1,3,4,4,4,4,4,4,4,4,4,4,4,4,4,4,4,4,4,4,4,4,4,4,4,4,4,4,4,4,4,4,4,4,2,2,1,3,3,3,1,1,2,2,4,4,4,4,4,4,4,4,1,2,3,2,0,1,1,2,1,0,0,3,2,2,1,1,2,2,3,3,1,3,2,3,4,4,4,4,2,4,4,4,4,4,4,4,4,4,4,4,4,4,4,4,4,4,4,4,4,4,4,4,4,4,4,4,4,4,4,4,4,4,4,4,4,4,4,4,4,0,0,1,1,2,2,1,1,0,3,3,3,3,1,0,3,CU468135.1/1120676-1120901,0
320,2,3,0,2,0,3,2,1,3,1,0,3,3,1,1,0,3,4,1,3,4,1,3,3,0,3,2,3,3,1,2,1,1,3,3,0,4,4,4,4,4,4,4,4,4,4,4,4,4,4,4,4,4,2,3,4,4,4,4,4,4,4,4,4,4,4,4,4,4,4,4,4,4,4,4,4,4,4,4,4,4,4,4,4,4,2,1,4,1,3,1,0,3,0,0,0,1,3,1,1,4,2,2,0,0,3,2,0,1,2,1,4,0,2,0,4,2,1,1,2,3,3,4,4,4,4,3,0,1,2,2,4,4,3,2,1,3,3,4,0,4,3,1,2,3,1,1,0,4,4,1,3,2,0,4,1,0,2,0,3,2,4,3,1,2,1,4,4,4,3,3,4,0,4,3,2,1,1,4,4,4,4,4,4,4,3,4,4,4,4,4,4,4,4,4,4,4,4,4,4,4,4,4,4,4,4,4,4,4,4,4,4,4,4,4,4,4,4,4,4,4,4,4,4,4,4,4,4,4,4,4,4,4,4,4,4,4,4,4,4,1,0,3,1,0,2,0,1,0,1,1,0,4,3,2,2,0,1,0,1,0,0,1,2,3,3,2,0,4,4,4,4,4,4,4,4,4,4,4,4,4,4,4,4,4,4,4,4,4,2,3,2,0,0,2,1,0,4,1,1,4,4,1,0,1,3,4,4,3,2,3,3,2,3,1,0,4,3,4,0,1,0,4,4,4,4,4,4,4,4,4,4,4,4,4,4,4,4,4,4,4,4,4,4,4,4,4,4,4,4,4,4,4,4,2,0,1,1,3,2,4,4,4,4,4,4,4,4,4,4,4,4,4,4,4,4,4,3,3,3,3,0,0,1,2,1,1,3,2,1,3,1,1,2,3,0,0,4,3,0,0,4,4,4,4,4,4,4,4,4,4,4,4,4,4,4,4,4,4,4,4,4,4,4,4,4,4,4,4,4,4,4,4,4,4,4,4,4,4,4,4,2,0,2,1,0,2,2,1,2,3,3,3,3,3,3,3,AERR01000019.1/40202-40408,0
321,2,3,4,4,4,2,2,1,3,1,0,3,3,1,0,1,1,4,3,3,4,1,3,3,0,3,2,3,1,0,2,1,1,1,1,3,3,1,2,4,4,4,4,4,4,4,4,4,4,2,2,0,1,2,1,4,4,4,4,4,4,4,4,4,4,4,4,4,4,4,4,4,4,4,4,4,4,4,4,4,4,4,4,4,4,2,1,4,3,0,1,0,3,0,0,0,1,3,3,1,4,4,2,0,0,3,2,0,1,2,1,4,4,4,4,4,0,1,0,0,0,1,4,4,4,4,4,4,0,2,2,4,4,3,2,1,1,3,4,2,4,1,1,2,3,1,1,0,4,4,0,1,3,1,4,1,3,2,0,3,0,4,0,1,0,2,4,4,4,1,1,4,3,4,2,2,1,3,4,4,4,4,4,4,4,3,4,4,4,4,4,4,4,4,4,4,4,4,4,4,4,4,4,4,4,4,4,4,4,4,4,4,4,4,4,4,4,4,4,4,4,4,4,4,4,4,4,4,4,4,4,4,4,4,4,4,4,4,4,4,3,0,3,1,0,4,4,2,0,1,0,3,4,1,2,2,2,1,2,0,0,0,1,2,3,1,2,0,4,4,4,4,4,4,4,4,4,4,4,4,4,4,4,4,4,4,4,4,4,2,3,0,0,2,2,1,0,4,1,1,2,4,1,1,3,1,4,4,0,3,3,1,4,4,4,4,4,4,4,4,4,4,4,4,4,4,4,4,4,4,4,4,4,4,4,4,4,4,4,4,4,4,4,4,4,4,4,4,4,4,4,4,4,4,4,4,4,1,3,2,4,4,4,4,4,4,4,4,4,4,4,4,4,4,4,4,4,4,0,0,1,0,0,0,2,1,1,0,2,2,1,1,3,3,2,4,4,4,4,4,4,4,4,4,4,4,4,4,4,4,4,4,4,4,4,4,4,4,4,4,4,4,4,4,4,4,4,4,4,4,4,4,4,4,4,4,4,4,4,4,4,1,2,1,1,3,2,2,1,3,3,3,2,3,3,2,3,AFXH01000202.1/14646-14460,0
322,2,3,0,2,0,3,2,1,3,1,0,3,3,1,1,0,3,4,1,3,4,1,3,3,0,3,2,3,3,1,2,1,1,3,3,0,4,4,4,4,4,4,4,4,4,4,4,4,4,4,4,4,4,2,3,4,4,4,4,4,4,4,4,4,4,4,4,4,4,4,4,4,4,4,4,4,4,4,4,4,4,4,4,4,4,2,1,4,1,3,1,0,3,0,0,0,1,3,1,1,4,2,2,0,0,3,2,0,1,2,1,4,0,2,0,4,2,1,1,2,3,3,4,4,4,4,3,0,1,2,2,4,4,3,2,1,3,3,4,0,4,3,1,2,3,1,1,0,4,4,1,3,2,0,4,1,0,2,0,3,2,4,3,1,2,1,4,4,4,3,3,4,0,4,3,2,1,1,4,4,4,4,4,4,4,3,4,4,4,4,4,4,4,4,4,4,4,4,4,4,4,4,4,4,4,4,4,4,4,4,4,4,4,4,4,4,4,4,4,4,4,4,4,4,4,4,4,4,4,4,4,4,4,4,4,4,4,4,4,4,1,0,3,1,0,2,0,1,0,1,1,0,4,3,2,2,0,1,0,1,0,0,1,2,3,3,2,0,4,4,4,4,4,4,4,4,4,4,4,4,4,4,4,4,4,4,4,4,4,2,3,2,0,0,2,1,0,4,1,1,4,4,1,0,1,3,4,4,3,2,3,3,2,3,1,0,4,3,4,0,1,0,4,4,4,4,4,4,4,4,4,4,4,4,4,4,4,4,4,4,4,4,4,4,4,4,4,4,4,4,4,4,4,4,2,0,1,1,3,2,4,4,4,4,4,4,4,4,4,4,4,4,4,4,4,4,4,3,3,3,3,0,0,1,2,1,1,3,2,1,3,1,1,2,3,0,0,4,3,0,0,4,4,4,4,4,4,4,4,4,4,4,4,4,4,4,4,4,4,4,4,4,4,4,4,4,4,4,4,4,4,4,4,4,4,4,4,4,4,4,4,2,0,2,1,0,2,2,1,2,3,3,3,3,3,3,3,AFST01000018.2/55756-55550,0
323,2,1,0,2,3,2,2,1,3,1,0,3,3,1,0,1,1,4,2,0,4,1,3,3,0,3,2,3,1,0,2,1,1,1,1,3,3,1,2,4,4,4,4,4,4,4,4,4,4,2,2,0,1,2,3,4,4,4,4,4,4,4,4,4,4,4,4,4,4,4,4,4,4,4,4,4,4,4,4,4,4,4,4,4,4,2,1,4,3,0,1,0,3,0,0,0,0,3,3,1,4,4,2,0,0,3,2,0,1,2,1,4,0,1,0,4,0,1,4,4,4,4,4,4,4,4,4,0,0,2,2,4,4,3,2,1,1,3,4,2,4,1,1,2,3,1,1,0,4,4,0,1,3,3,4,1,3,2,0,3,0,4,3,1,0,2,1,4,2,3,0,4,4,4,4,2,1,3,4,4,4,4,4,4,4,0,4,4,4,4,4,4,4,4,4,4,4,4,4,4,4,4,4,4,4,4,4,4,4,4,4,4,4,4,4,4,4,4,4,4,4,4,4,4,4,4,4,4,4,4,4,4,4,4,4,4,4,4,4,4,3,0,3,1,0,4,4,0,1,1,0,3,4,1,2,2,2,1,2,0,0,0,1,2,3,1,2,0,4,4,4,4,4,4,4,4,4,4,4,4,4,4,4,4,4,4,4,4,4,2,3,3,0,2,2,1,0,4,1,1,2,4,1,1,3,3,4,4,4,0,3,3,4,4,4,4,4,4,4,4,4,4,4,4,4,4,4,4,4,4,4,4,4,4,4,4,4,4,4,4,4,4,4,4,4,4,4,4,4,4,4,4,4,4,4,4,4,1,1,0,4,4,4,4,4,4,4,4,4,4,4,4,4,4,4,4,4,3,0,0,1,0,0,0,2,1,1,2,2,2,4,4,3,0,0,3,4,4,4,4,3,4,4,4,4,4,4,4,4,4,4,4,4,4,4,4,4,4,4,4,4,4,4,4,4,4,4,4,4,4,4,4,4,4,4,4,4,4,4,4,4,4,4,1,1,1,2,2,1,3,3,3,2,3,3,2,3,ADBB01000122.1/161771-161584,0
324,2,1,0,2,3,2,2,1,3,1,0,3,3,1,0,1,1,4,2,0,4,1,3,3,0,3,2,3,1,0,2,1,1,1,1,3,3,1,2,4,4,4,4,4,4,4,4,4,4,2,2,0,1,2,3,4,4,4,4,4,4,4,4,4,4,4,4,4,4,4,4,4,4,4,4,4,4,4,4,4,4,4,4,4,4,2,1,4,3,0,1,0,3,0,0,0,0,3,3,1,4,4,2,0,0,3,2,0,1,2,1,4,0,1,0,4,0,1,4,4,4,4,4,4,4,4,4,0,0,2,2,4,4,3,2,1,1,3,4,2,4,1,1,2,3,1,1,0,4,4,0,1,3,3,4,1,3,2,0,3,0,4,3,1,0,2,1,4,2,3,0,4,4,4,4,2,1,3,4,4,4,4,4,4,4,0,4,4,4,4,4,4,4,4,4,4,4,4,4,4,4,4,4,4,4,4,4,4,4,4,4,4,4,4,4,4,4,4,4,4,4,4,4,4,4,4,4,4,4,4,4,4,4,4,4,4,4,4,4,4,3,0,3,1,0,4,4,0,1,1,0,3,4,1,2,2,2,1,2,0,0,0,1,2,3,1,2,0,4,4,4,4,4,4,4,4,4,4,4,4,4,4,4,4,4,4,4,4,4,2,3,3,0,2,2,1,0,4,1,1,2,4,1,1,3,3,4,4,4,0,3,3,4,4,4,4,4,4,4,4,4,4,4,4,4,4,4,4,4,4,4,4,4,4,4,4,4,4,4,4,4,4,4,4,4,4,4,4,4,4,4,4,4,4,4,4,4,1,1,0,4,4,4,4,4,4,4,4,4,4,4,4,4,4,4,4,4,3,0,0,1,0,0,0,2,1,1,2,2,2,4,4,3,0,0,3,4,4,4,4,3,4,4,4,4,4,4,4,4,4,4,4,4,4,4,4,4,4,4,4,4,4,4,4,4,4,4,4,4,4,4,4,4,4,4,4,4,4,4,4,4,4,4,1,1,1,2,2,1,3,3,3,2,3,3,2,3,AEZO01000063.1/28315-28128,0
325,2,1,0,2,3,2,2,1,3,1,0,3,3,1,0,1,1,4,2,0,4,1,3,3,0,3,2,3,1,0,2,1,1,1,1,3,3,1,2,4,4,4,4,4,4,4,4,4,4,2,2,0,1,2,3,4,4,4,4,4,4,4,4,4,4,4,4,4,4,4,4,4,4,4,4,4,4,4,4,4,4,4,4,4,4,2,1,4,3,0,1,0,3,0,0,0,0,3,3,1,4,4,2,0,0,3,2,0,1,2,1,4,0,1,0,4,0,1,4,4,4,4,4,4,4,4,4,0,0,2,2,4,4,3,2,1,1,3,4,2,4,1,1,2,3,1,1,0,4,4,0,1,3,3,4,1,3,2,0,3,0,4,3,1,0,2,1,4,2,3,0,4,4,4,4,2,1,3,4,4,4,4,4,4,4,0,4,4,4,4,4,4,4,4,4,4,4,4,4,4,4,4,4,4,4,4,4,4,4,4,4,4,4,4,4,4,4,4,4,4,4,4,4,4,4,4,4,4,4,4,4,4,4,4,4,4,4,4,4,4,3,0,3,1,0,4,4,0,1,1,0,3,4,1,2,2,2,1,2,0,0,0,1,2,3,1,2,0,4,4,4,4,4,4,4,4,4,4,4,4,4,4,4,4,4,4,4,4,4,2,3,3,0,2,2,1,0,4,1,1,2,4,1,1,3,3,4,4,4,0,3,3,4,4,4,4,4,4,4,4,4,4,4,4,4,4,4,4,4,4,4,4,4,4,4,4,4,4,4,4,4,4,4,4,4,4,4,4,4,4,4,4,4,4,4,4,4,1,1,0,4,4,4,4,4,4,4,4,4,4,4,4,4,4,4,4,4,3,0,0,1,0,0,0,2,1,1,2,2,2,4,4,3,0,0,3,4,4,4,4,3,4,4,4,4,4,4,4,4,4,4,4,4,4,4,4,4,4,4,4,4,4,4,4,4,4,4,4,4,4,4,4,4,4,4,4,4,4,4,4,4,4,4,1,1,1,2,2,1,3,3,3,2,3,3,2,3,ACDL01000002.1/8876-9063,0
326,2,3,4,4,4,2,2,1,3,1,0,3,3,1,0,1,1,4,3,3,4,1,3,3,0,3,2,3,1,0,2,1,1,1,1,3,3,1,2,4,4,4,4,4,4,4,4,4,4,2,2,0,0,2,1,4,4,4,4,4,4,4,4,4,4,4,4,4,4,4,4,4,4,4,4,4,4,4,4,4,4,4,4,4,4,2,1,4,3,0,1,0,3,0,0,0,1,3,3,1,4,4,2,0,0,3,2,0,1,2,1,4,4,4,4,4,0,1,0,0,4,4,4,4,4,4,1,0,0,2,2,4,4,3,2,1,1,3,4,2,4,1,1,2,3,1,1,0,4,4,0,1,3,3,4,1,3,2,0,3,0,4,0,3,0,2,1,4,2,4,4,4,3,4,1,2,1,3,4,4,4,4,4,4,4,3,4,4,4,4,4,4,4,4,4,4,4,4,4,4,4,4,4,4,4,4,4,4,4,4,4,4,4,4,4,4,4,4,4,4,4,4,4,4,4,4,4,4,4,4,4,4,4,4,4,4,4,4,4,4,3,0,3,1,0,4,4,0,1,1,0,1,4,1,2,2,2,1,2,0,0,0,1,2,3,1,2,0,4,4,4,4,4,4,4,4,4,4,4,4,4,4,4,4,4,4,4,4,4,2,3,3,0,2,2,1,0,4,1,1,2,4,1,1,3,3,4,4,4,0,3,3,4,4,4,4,4,4,4,4,4,4,4,4,4,4,4,4,4,4,4,4,4,4,4,4,4,4,4,4,4,4,4,4,4,4,4,4,4,4,4,4,4,4,4,4,4,1,1,0,4,4,4,4,4,4,4,4,4,4,4,4,4,4,4,4,4,3,0,0,1,0,0,0,2,1,1,2,2,2,4,4,3,3,0,0,4,4,4,4,3,4,4,4,4,4,4,4,4,4,4,4,4,4,4,4,4,4,4,4,4,4,4,4,4,4,4,4,4,4,4,4,4,4,4,4,4,4,4,4,4,4,4,1,1,1,2,2,1,3,3,3,2,3,3,2,3,CP000822.1/222309-222493,0
327,2,1,0,2,3,2,2,1,3,1,0,3,3,1,0,1,1,4,2,0,4,1,3,3,0,3,2,3,1,0,2,1,1,1,1,3,3,1,2,4,4,4,4,4,4,4,4,4,4,2,2,0,1,2,3,4,4,4,4,4,4,4,4,4,4,4,4,4,4,4,4,4,4,4,4,4,4,4,4,4,4,4,4,4,4,2,1,4,3,0,1,0,3,0,0,0,0,3,3,1,4,4,2,0,0,3,2,0,1,2,1,4,0,1,0,4,0,1,4,4,4,4,4,4,4,4,4,0,0,2,2,4,4,3,2,1,1,3,4,2,4,1,1,2,3,1,1,0,4,4,0,1,3,3,4,1,3,2,0,3,0,4,3,1,0,2,1,4,2,3,0,4,4,4,4,2,1,3,4,4,4,4,4,4,4,0,4,4,4,4,4,4,4,4,4,4,4,4,4,4,4,4,4,4,4,4,4,4,4,4,4,4,4,4,4,4,4,4,4,4,4,4,4,4,4,4,4,4,4,4,4,4,4,4,4,4,4,4,4,4,3,0,3,1,0,4,4,0,1,1,0,3,4,1,2,2,2,1,2,0,0,0,1,2,3,1,2,0,4,4,4,4,4,4,4,4,4,4,4,4,4,4,4,4,4,4,4,4,4,2,3,3,0,2,2,1,0,4,1,1,2,4,1,1,3,3,4,4,4,0,3,3,4,4,4,4,4,4,4,4,4,4,4,4,4,4,4,4,4,4,4,4,4,4,4,4,4,4,4,4,4,4,4,4,4,4,4,4,4,4,4,4,4,4,4,4,4,1,1,0,4,4,4,4,4,4,4,4,4,4,4,4,4,4,4,4,4,3,0,0,1,0,0,0,2,1,1,2,2,2,4,4,3,0,0,3,4,4,4,4,3,4,4,4,4,4,4,4,4,4,4,4,4,4,4,4,4,4,4,4,4,4,4,4,4,4,4,4,4,4,4,4,4,4,4,4,4,4,4,4,4,4,4,1,1,1,2,2,1,3,3,3,2,3,3,2,3,AFVB01000040.1/162282-162095,0
328,2,3,0,2,0,3,2,1,3,1,0,3,3,1,1,0,1,4,3,1,4,0,3,3,0,3,2,0,3,0,2,1,0,0,4,4,4,4,4,4,4,4,4,4,4,4,4,4,4,4,4,4,4,4,3,4,4,4,4,4,4,4,4,4,4,4,4,4,4,4,4,4,4,4,4,4,4,4,4,4,4,4,4,4,4,2,1,4,3,3,1,0,3,0,0,0,1,1,3,0,4,2,2,0,0,3,2,0,3,2,1,4,0,0,0,4,2,1,1,2,0,3,4,4,4,3,0,3,1,2,2,4,4,3,2,1,1,3,4,0,4,3,3,2,3,1,1,0,4,4,0,3,0,4,4,3,0,2,0,3,2,4,0,0,1,0,0,4,2,0,2,4,1,4,3,1,0,3,1,1,3,1,3,3,1,3,4,4,4,4,4,4,4,4,4,4,4,4,4,4,4,4,4,4,4,4,4,4,4,4,4,4,4,4,4,4,4,4,4,4,4,4,4,4,4,4,4,4,4,4,4,4,4,4,4,4,4,4,4,4,1,0,3,1,0,4,4,0,1,1,1,0,4,3,2,2,0,1,2,0,0,0,1,2,3,3,2,0,4,4,4,4,4,4,4,4,4,4,4,4,4,4,4,4,4,4,4,4,4,2,3,2,0,2,2,1,0,4,1,1,4,4,0,3,1,1,4,4,4,4,4,4,2,3,1,3,4,2,4,3,4,0,4,4,4,4,4,4,4,4,4,4,4,4,4,4,4,4,4,4,4,4,4,4,4,4,4,4,4,4,4,4,4,4,2,0,1,1,3,2,0,3,3,4,4,4,4,4,4,4,4,4,4,4,2,3,0,3,0,3,3,3,0,1,0,1,1,3,2,3,1,0,3,3,2,3,4,4,4,4,4,4,4,4,4,4,4,4,4,4,4,4,4,4,4,4,4,4,4,4,4,4,4,4,4,4,4,4,4,4,4,4,4,4,4,4,4,4,4,4,4,3,2,2,1,0,2,2,3,2,3,3,3,3,3,3,3,ABJD02000102.1/40086-40293,0
329,2,1,0,2,1,3,2,1,3,1,0,3,3,1,0,1,1,4,3,2,4,3,3,3,0,3,2,0,3,3,2,1,1,1,3,2,1,2,0,0,2,1,4,4,4,4,4,2,2,0,3,0,0,2,0,4,4,4,4,4,4,4,4,4,4,4,4,4,4,4,4,4,4,4,4,4,4,4,4,4,4,4,4,4,4,2,1,4,4,3,1,0,3,0,0,0,2,3,1,1,4,4,2,0,0,3,2,0,1,2,1,4,0,4,4,4,1,1,0,0,0,4,4,4,4,4,4,4,1,2,2,4,4,0,2,1,1,3,4,2,4,1,1,2,3,1,1,0,4,1,1,3,2,0,4,1,1,2,0,3,0,4,0,3,1,2,1,4,3,3,2,4,1,4,2,4,4,4,4,4,4,4,4,4,4,3,4,4,4,4,4,4,4,4,4,4,4,4,4,4,4,4,4,4,4,4,4,4,4,4,4,4,4,4,4,4,4,4,4,4,4,4,4,4,4,4,4,4,4,4,4,4,4,4,4,4,4,4,4,4,3,0,3,1,0,4,4,0,0,1,0,1,4,1,2,2,0,1,2,3,0,0,1,2,3,3,2,0,4,4,4,4,4,4,4,4,4,4,4,4,4,4,4,4,4,4,4,4,4,2,3,0,0,2,2,1,3,4,1,1,0,4,1,1,1,0,4,4,3,3,1,3,4,4,4,4,4,4,4,4,4,4,0,0,1,2,1,2,0,3,2,4,4,4,4,4,4,4,4,4,4,4,1,0,1,1,0,1,2,1,2,4,4,4,4,4,4,3,1,2,4,4,4,4,4,4,4,4,4,4,4,4,4,4,4,4,4,3,2,0,1,0,2,1,2,2,1,0,2,2,1,1,0,3,3,2,4,4,4,4,4,4,4,4,4,4,4,4,4,4,4,4,4,4,4,4,4,4,4,4,4,4,4,4,4,4,4,4,4,4,4,4,4,4,4,4,4,4,4,4,4,0,2,1,1,3,2,1,1,2,3,3,3,3,1,3,3,AEDL01000013.1/57591-57378,0
330,2,3,0,2,0,3,2,1,3,1,0,3,3,1,1,0,3,4,1,3,4,1,3,3,0,3,2,3,3,1,2,1,1,3,3,1,4,4,4,4,4,4,4,4,4,4,4,4,4,4,4,4,4,2,3,4,4,4,4,4,4,4,4,4,4,4,4,4,4,4,4,4,4,4,4,4,4,4,4,4,4,4,4,4,4,2,1,4,1,3,1,0,3,0,0,0,1,3,1,0,4,2,2,0,0,3,2,0,3,2,1,4,0,2,0,4,2,1,1,0,3,3,4,4,4,4,3,0,1,2,2,4,4,3,2,1,3,3,4,0,4,3,1,2,3,1,1,0,4,4,1,3,2,0,4,1,0,2,0,3,2,4,3,1,2,1,4,4,4,3,3,4,1,4,2,2,1,1,4,4,4,4,4,4,4,3,4,4,4,4,4,4,4,4,4,4,4,4,4,4,4,4,4,4,4,4,4,4,4,4,4,4,4,4,4,4,4,4,4,4,4,4,4,4,4,4,4,4,4,4,4,4,4,4,4,4,4,4,4,4,1,0,3,1,0,2,0,1,0,1,1,0,4,3,2,2,2,1,0,3,0,0,1,2,3,3,2,0,4,4,4,4,4,4,4,4,4,4,4,4,4,4,4,4,4,4,4,4,4,2,3,2,0,0,2,1,0,4,1,1,0,4,0,0,3,0,4,4,3,2,3,3,2,3,1,3,4,3,4,0,1,0,4,4,4,4,4,4,4,4,4,4,4,4,4,4,4,4,4,4,4,4,4,4,4,4,4,4,4,4,4,4,4,4,2,0,1,1,3,2,4,4,4,4,4,4,4,4,4,4,4,4,4,4,4,4,4,3,3,3,3,0,0,1,2,1,1,3,2,1,3,3,3,3,0,4,4,4,4,4,4,4,4,4,4,4,4,4,4,4,4,4,4,4,4,4,4,4,4,4,4,4,4,4,4,4,4,4,4,4,4,4,4,4,4,4,4,4,4,4,4,3,0,2,1,0,2,2,1,2,3,3,3,3,3,3,3,CACR01001551.1/8838-9040,0
331,2,3,0,2,0,3,2,1,3,1,0,3,3,1,2,1,1,4,1,1,4,1,3,3,0,3,2,3,3,3,2,1,2,3,0,0,4,4,4,4,4,4,4,4,4,4,4,4,4,4,4,4,4,4,4,4,4,4,4,4,4,4,4,4,4,4,4,4,4,4,4,4,4,4,4,4,4,4,4,4,4,4,4,4,4,2,1,4,3,3,1,0,3,0,0,0,3,1,3,2,4,0,2,0,0,3,2,0,3,2,1,4,0,2,0,4,2,1,1,2,0,1,4,4,4,3,3,2,3,2,2,4,4,3,2,1,1,3,4,0,4,3,1,2,3,1,1,2,4,4,0,0,3,1,4,2,3,2,1,3,2,4,3,1,1,3,4,4,4,4,4,4,3,4,0,0,1,2,4,4,4,4,4,4,4,1,4,4,4,4,4,4,4,4,4,4,4,4,4,4,4,4,4,4,4,4,4,4,4,4,4,4,4,4,4,4,4,4,4,4,4,4,4,4,4,4,4,4,4,4,4,4,4,4,4,4,4,4,4,4,1,0,2,1,0,4,4,3,2,1,1,0,4,1,2,2,0,1,0,1,2,3,1,2,3,3,2,0,4,4,4,4,4,4,4,4,4,4,4,4,4,4,4,4,4,4,4,4,4,2,3,2,0,2,2,1,0,4,1,1,2,4,0,3,1,0,4,4,4,2,3,3,2,3,1,3,4,3,4,0,4,0,4,4,4,4,4,4,4,4,4,4,4,4,4,4,4,4,4,4,4,4,4,4,4,4,4,4,4,4,4,4,4,4,2,0,3,1,3,2,0,3,3,2,4,4,4,4,4,4,4,4,3,1,1,3,3,3,3,3,1,0,0,1,0,1,3,3,2,1,1,3,2,3,4,4,4,4,4,4,4,4,4,4,4,4,4,4,4,4,4,4,4,4,4,4,4,4,4,4,4,4,4,4,4,4,4,4,4,4,4,4,4,4,4,4,4,4,4,4,4,1,2,2,1,0,2,2,3,2,3,3,3,3,3,3,3,CP002154.1/93321-93524,0
332,2,3,4,4,4,2,2,1,3,1,0,3,3,1,0,1,1,4,3,3,4,1,3,3,0,3,2,3,1,0,2,1,1,1,1,3,3,0,2,4,4,4,4,4,4,4,4,4,4,2,2,0,1,2,1,4,4,4,4,4,4,4,4,4,4,4,4,4,4,4,4,4,4,4,4,4,4,4,4,4,4,4,4,4,4,2,1,4,3,0,1,0,3,0,0,0,1,3,3,1,4,4,2,0,0,3,2,0,1,2,1,4,4,4,4,4,0,1,0,0,4,4,4,4,4,4,1,0,0,2,2,4,4,3,2,1,1,3,4,2,4,1,1,2,3,1,1,0,4,4,0,1,3,3,4,1,3,2,0,3,0,4,0,3,0,2,1,4,2,3,4,4,4,4,0,2,1,3,4,4,4,4,4,4,4,3,4,4,4,4,4,4,4,4,4,4,4,4,4,4,4,4,4,4,4,4,4,4,4,4,4,4,4,4,4,4,4,4,4,4,4,4,4,4,4,4,4,4,4,4,4,4,4,4,4,4,4,4,4,4,3,0,3,1,0,4,4,0,1,1,3,1,4,1,2,2,2,1,2,0,0,0,1,2,3,1,2,0,4,4,4,4,4,4,4,4,4,4,4,4,4,4,4,4,4,4,4,4,4,2,3,3,0,2,2,1,0,4,1,1,2,4,1,1,3,3,4,4,4,0,3,3,4,4,4,4,4,4,4,4,4,4,4,4,4,4,4,4,4,4,4,4,4,4,4,4,4,4,4,4,4,4,4,4,4,4,4,4,4,4,4,4,4,4,4,4,4,1,1,0,4,4,4,4,4,4,4,4,4,4,4,4,4,4,4,4,4,3,0,0,1,0,0,0,2,1,1,2,2,2,3,3,3,4,4,4,4,4,4,4,4,4,4,4,4,4,4,4,4,4,4,4,4,4,4,4,4,4,4,4,4,4,4,4,4,4,4,4,4,4,4,4,4,4,4,4,4,4,4,4,4,0,2,1,1,1,2,2,1,3,3,3,2,3,3,2,3,AETM01000095.1/44084-43900,0
333,2,1,0,2,3,2,2,1,3,1,0,3,3,1,0,1,1,4,2,0,4,1,3,3,0,3,2,3,1,0,2,1,1,1,1,3,3,1,2,4,4,4,4,4,4,4,4,4,4,2,2,0,1,2,3,4,4,4,4,4,4,4,4,4,4,4,4,4,4,4,4,4,4,4,4,4,4,4,4,4,4,4,4,4,4,2,1,4,3,0,1,0,3,0,0,0,0,3,0,1,4,4,2,0,0,3,2,0,1,2,1,4,0,1,0,4,0,1,4,4,4,4,4,4,4,4,4,0,0,2,2,4,4,3,2,1,1,3,4,2,4,1,1,2,3,1,1,0,4,4,0,1,3,3,4,1,3,2,0,3,0,4,3,1,0,2,1,4,2,3,0,4,4,4,4,2,1,3,4,4,4,4,4,4,4,0,4,4,4,4,4,4,4,4,4,4,4,4,4,4,4,4,4,4,4,4,4,4,4,4,4,4,4,4,4,4,4,4,4,4,4,4,4,4,4,4,4,4,4,4,4,4,4,4,4,4,4,4,4,4,3,0,3,1,0,4,4,0,1,1,0,3,4,1,2,2,2,1,2,0,0,0,1,2,3,1,2,0,4,4,4,4,4,4,4,4,4,4,4,4,4,4,4,4,4,4,4,4,4,2,3,3,0,2,2,1,0,4,1,1,2,4,1,1,3,3,4,4,4,0,3,3,4,4,4,4,4,4,4,4,4,4,4,4,4,4,4,4,4,4,4,4,4,4,4,4,4,4,4,4,4,4,4,4,4,4,4,4,4,4,4,4,4,4,4,4,4,1,1,0,4,4,4,4,4,4,4,4,4,4,4,4,4,4,4,4,4,3,0,0,1,0,0,0,2,1,1,2,2,2,4,4,3,0,0,3,4,4,4,4,3,4,4,4,4,4,4,4,4,4,4,4,4,4,4,4,4,4,4,4,4,4,4,4,4,4,4,4,4,4,4,4,4,4,4,4,4,4,4,4,4,4,4,1,1,1,2,2,1,3,3,3,2,3,3,2,3,AEZZ01000090.1/35008-35195,0
334,3,1,0,2,3,3,2,1,3,1,0,3,3,1,0,1,1,4,3,1,4,3,3,3,0,3,2,0,3,0,2,3,1,1,1,2,4,4,4,4,4,4,4,4,4,4,4,4,4,4,4,4,4,4,4,1,1,2,3,0,1,0,2,1,4,4,4,4,4,4,4,4,4,4,4,4,2,2,0,0,3,0,3,2,1,2,1,4,3,3,1,0,3,0,0,0,1,1,0,1,4,1,2,0,0,3,2,0,3,2,1,4,1,3,0,0,2,0,1,4,4,4,4,4,4,4,4,4,3,2,2,4,4,3,2,1,1,3,4,0,4,3,1,2,3,1,1,0,1,1,1,0,0,0,4,1,1,2,0,3,0,4,3,3,2,3,2,4,3,2,0,4,0,4,3,2,1,0,1,4,4,4,4,4,0,3,4,4,4,4,4,4,4,4,4,4,4,4,4,4,4,4,4,4,4,4,4,4,4,4,4,4,4,4,4,4,4,4,4,4,4,4,4,4,4,4,4,4,4,4,4,4,4,4,4,4,4,4,4,4,3,0,3,1,0,4,4,0,0,1,0,3,4,1,2,2,0,1,2,0,1,0,1,2,3,3,2,0,4,4,4,4,4,4,4,4,4,4,4,4,4,4,4,4,4,4,4,4,4,2,3,2,0,2,2,3,2,4,1,1,2,4,1,1,3,0,4,4,3,2,3,1,4,4,4,4,4,4,4,4,4,4,4,4,4,4,4,4,4,4,4,4,4,4,4,4,4,4,4,4,4,4,4,4,4,4,4,4,4,4,4,4,4,4,4,4,4,1,3,2,4,4,4,4,4,4,4,4,4,4,4,4,4,4,4,4,4,1,3,2,3,2,0,3,2,0,4,4,4,4,4,4,2,3,0,2,4,4,4,4,3,4,4,4,4,4,4,4,4,4,4,4,4,4,4,4,4,4,4,4,4,4,4,4,4,4,4,4,4,4,4,4,4,4,4,4,4,4,4,4,4,4,4,4,4,4,4,3,1,0,3,1,0,0,3,0,3,FR729477.2/4437225-4437422,0
335,2,3,4,4,4,2,2,1,3,1,0,3,3,1,0,1,1,4,2,0,4,1,3,3,0,3,2,3,1,0,2,1,1,1,1,3,3,1,2,4,4,4,4,4,4,4,4,4,4,2,2,0,1,2,3,4,4,4,4,4,4,4,4,4,4,4,4,4,4,4,4,4,4,4,4,4,4,4,4,4,4,4,4,4,4,2,1,4,3,0,1,0,3,0,0,0,0,3,3,1,4,4,2,0,0,3,2,0,1,2,1,4,4,4,4,4,0,1,0,0,4,4,4,4,4,4,1,0,0,2,2,4,4,3,2,1,1,3,4,2,4,1,1,2,3,1,1,0,4,4,0,1,3,3,4,1,3,2,0,3,0,4,3,1,0,2,1,4,2,3,0,4,4,4,4,2,1,3,4,4,4,4,4,4,4,0,4,4,4,4,4,4,4,4,4,4,4,4,4,4,4,4,4,4,4,4,4,4,4,4,4,4,4,4,4,4,4,4,4,4,4,4,4,4,4,4,4,4,4,4,4,4,4,4,4,4,4,4,4,4,3,0,3,1,0,4,4,0,3,1,0,3,4,1,2,2,2,1,2,0,0,0,1,2,3,1,2,0,4,4,4,4,4,4,4,4,4,4,4,4,4,4,4,4,4,4,4,4,4,2,3,3,0,2,2,1,0,4,1,1,2,4,1,1,3,3,4,4,4,0,3,3,4,4,4,4,4,4,4,4,4,4,4,4,4,4,4,4,4,4,4,4,4,4,4,4,4,4,4,4,4,4,4,4,4,4,4,4,4,4,4,4,4,4,4,4,4,1,1,0,4,4,4,4,4,4,4,4,4,4,4,4,4,4,4,4,4,3,0,0,1,0,0,0,2,1,1,2,2,2,4,4,3,0,0,3,4,4,4,4,3,4,4,4,4,4,4,4,4,4,4,4,4,4,4,4,4,4,4,4,4,4,4,4,4,4,4,4,4,4,4,4,4,4,4,4,4,4,4,4,4,4,4,1,1,1,2,2,1,3,3,3,2,3,3,2,3,AEZR01000022.1/38584-38768,0
336,2,3,4,4,4,2,2,1,3,1,0,3,3,1,0,1,1,4,3,3,4,1,3,3,0,3,2,3,1,0,2,1,1,1,1,3,3,0,2,4,4,4,4,4,4,4,4,4,4,2,2,0,1,2,1,4,4,4,4,4,4,4,4,4,4,4,4,4,4,4,4,4,4,4,4,4,4,4,4,4,4,4,4,4,4,2,1,4,3,0,1,0,3,0,0,0,1,3,3,1,4,4,2,0,0,3,2,0,1,2,1,4,4,4,4,4,0,1,0,0,4,4,4,4,4,4,1,0,0,2,2,4,4,3,2,1,1,3,4,2,4,1,1,2,3,1,1,0,4,4,0,1,3,3,4,1,3,2,0,3,0,4,0,3,0,2,1,4,2,3,4,4,4,4,0,2,1,3,4,4,4,4,4,4,4,3,4,4,4,4,4,4,4,4,4,4,4,4,4,4,4,4,4,4,4,4,4,4,4,4,4,4,4,4,4,4,4,4,4,4,4,4,4,4,4,4,4,4,4,4,4,4,4,4,4,4,4,4,4,4,3,0,3,1,0,4,4,0,1,1,3,1,4,1,2,2,2,1,2,0,0,0,1,2,3,1,2,0,4,4,4,4,4,4,4,4,4,4,4,4,4,4,4,4,4,4,4,4,4,2,3,3,0,2,2,1,0,4,1,1,2,4,1,1,3,3,4,4,4,0,3,3,4,4,4,4,4,4,4,4,4,4,4,4,4,4,4,4,4,4,4,4,4,4,4,4,4,4,4,4,4,4,4,4,4,4,4,4,4,4,4,4,4,4,4,4,4,1,1,0,4,4,4,4,4,4,4,4,4,4,4,4,4,4,4,4,4,3,0,0,1,0,0,0,2,1,1,2,2,2,3,3,3,4,4,4,4,4,4,4,4,4,4,4,4,4,4,4,4,4,4,4,4,4,4,4,4,4,4,4,4,4,4,4,4,4,4,4,4,4,4,4,4,4,4,4,4,4,4,4,4,0,2,1,1,1,2,2,1,3,3,3,2,3,3,2,3,AETO01000016.1/40319-40503,0
337,2,3,3,2,1,4,4,4,3,1,0,3,3,1,0,0,1,4,3,3,4,1,3,3,0,3,2,3,0,2,2,3,1,1,0,0,0,0,3,3,0,2,3,4,4,4,3,2,2,2,3,0,1,0,3,4,4,4,4,4,4,4,4,4,4,4,4,4,4,4,4,4,4,4,4,4,4,4,4,4,4,4,4,4,4,0,1,4,1,0,1,0,3,0,0,0,1,1,0,0,4,4,2,0,0,3,2,0,1,4,4,4,4,4,4,4,2,1,1,0,0,0,4,4,4,2,3,0,0,2,2,4,4,3,2,1,1,3,4,0,4,1,1,2,3,1,1,0,0,1,0,2,1,0,4,3,0,2,0,3,0,4,3,3,1,2,1,4,1,3,3,1,2,4,2,2,1,1,4,4,4,4,4,4,4,3,4,4,4,4,4,4,4,4,4,4,4,4,4,4,4,4,4,4,4,4,4,4,4,4,4,4,4,4,4,4,4,4,4,4,4,4,4,4,4,4,4,4,4,4,4,4,4,4,4,4,4,4,4,4,3,0,3,1,0,4,4,0,0,1,0,1,4,0,2,2,2,1,2,0,1,0,1,2,3,2,2,0,4,4,4,4,4,4,4,4,4,4,4,4,4,4,4,4,4,4,4,4,4,2,3,2,0,2,2,1,0,4,1,1,0,4,1,1,3,0,4,4,3,4,4,4,4,4,4,4,4,4,4,4,4,4,4,4,4,4,4,4,4,4,4,4,4,4,4,4,4,4,4,4,4,4,4,4,4,4,4,4,4,4,4,4,4,4,4,4,4,4,4,4,4,4,4,4,4,4,4,4,4,4,4,4,4,4,4,4,4,4,4,4,4,4,4,4,4,4,4,4,4,4,4,4,4,4,4,4,4,4,4,4,4,0,3,2,4,4,4,4,4,4,4,4,4,4,4,4,4,4,4,4,4,4,4,4,4,4,4,4,4,4,4,4,4,4,4,4,4,0,3,3,0,4,4,4,4,4,4,4,4,4,4,4,3,1,3,3,3,ACCI02000102.1/97878-97706,0
338,2,3,4,4,4,2,2,1,3,1,0,3,3,1,0,1,1,4,3,3,4,1,3,3,0,3,2,3,1,0,2,1,1,1,1,3,3,0,2,4,4,4,4,4,4,4,4,4,4,2,2,0,1,2,1,4,4,4,4,4,4,4,4,4,4,4,4,4,4,4,4,4,4,4,4,4,4,4,4,4,4,4,4,4,4,2,1,4,3,0,1,0,3,0,0,0,1,3,3,1,4,4,2,0,0,3,2,0,1,2,1,4,4,4,4,4,0,1,0,0,4,4,4,4,4,4,1,0,0,2,2,4,4,3,2,1,1,3,4,2,4,1,1,2,3,1,1,0,4,4,0,1,3,3,4,1,3,2,0,3,0,4,0,1,0,2,1,4,2,3,4,4,4,4,0,2,1,3,4,4,4,4,4,4,4,3,4,4,4,4,4,4,4,4,4,4,4,4,4,4,4,4,4,4,4,4,4,4,4,4,4,4,4,4,4,4,4,4,4,4,4,4,4,4,4,4,4,4,4,4,4,4,4,4,4,4,4,4,4,4,3,0,3,1,0,4,4,0,1,1,3,1,4,1,2,2,2,1,2,0,0,0,1,2,3,1,2,0,4,4,4,4,4,4,4,4,4,4,4,4,4,4,4,4,4,4,4,4,4,2,3,3,0,2,2,1,0,4,1,1,2,4,1,1,3,3,4,4,4,0,3,3,4,4,4,4,4,4,4,4,4,4,4,4,4,4,4,4,4,4,4,4,4,4,4,4,4,4,4,4,4,4,4,4,4,4,4,4,4,4,4,4,4,4,4,4,4,1,1,0,4,4,4,4,4,4,4,4,4,4,4,4,4,4,4,4,4,3,0,0,1,0,0,0,2,1,1,2,2,2,3,3,3,4,4,4,4,4,4,4,4,4,4,4,4,4,4,4,4,4,4,4,4,4,4,4,4,4,4,4,4,4,4,4,4,4,4,4,4,4,4,4,4,4,4,4,4,4,4,4,4,0,2,1,1,1,2,2,1,3,3,3,2,3,3,2,3,CP001363.1/2759399-2759215,0
339,2,3,4,4,4,2,2,1,3,1,0,3,3,1,0,1,1,4,2,0,4,1,3,3,0,3,2,3,1,0,2,1,1,1,1,3,3,1,2,4,4,4,4,4,4,4,4,4,4,2,2,0,1,2,3,4,4,4,4,4,4,4,4,4,4,4,4,4,4,4,4,4,4,4,4,4,4,4,4,4,4,4,4,4,4,2,1,4,3,0,1,0,3,0,0,0,0,3,0,1,4,4,2,0,0,3,2,0,1,2,1,4,4,4,4,4,0,1,0,0,4,4,4,4,4,4,1,0,0,2,2,4,4,3,2,1,1,3,4,2,4,1,1,2,3,1,1,0,4,4,0,1,3,3,4,1,3,2,0,3,0,4,3,1,0,2,1,4,2,3,0,4,4,4,4,2,1,3,4,4,4,4,4,4,4,0,4,4,4,4,4,4,4,4,4,4,4,4,4,4,4,4,4,4,4,4,4,4,4,4,4,4,4,4,4,4,4,4,4,4,4,4,4,4,4,4,4,4,4,4,4,4,4,4,4,4,4,4,4,4,3,0,3,1,0,4,4,0,1,1,0,3,4,1,2,2,2,1,2,0,0,0,1,2,3,1,2,0,4,4,4,4,4,4,4,4,4,4,4,4,4,4,4,4,4,4,4,4,4,2,3,3,0,2,2,1,0,4,1,1,2,4,1,1,3,3,4,4,4,0,3,3,4,4,4,4,4,4,4,4,4,4,4,4,4,4,4,4,4,4,4,4,4,4,4,4,4,4,4,4,4,4,4,4,4,4,4,4,4,4,4,4,4,4,4,4,4,1,1,0,4,4,4,4,4,4,4,4,4,4,4,4,4,4,4,4,4,3,0,0,1,0,0,0,2,1,1,2,2,2,4,4,3,0,0,3,4,4,4,4,3,4,4,4,4,4,4,4,4,4,4,4,4,4,4,4,4,4,4,4,4,4,4,4,4,4,4,4,4,4,4,4,4,4,4,4,4,4,4,4,4,4,4,1,1,1,2,2,1,3,3,3,2,3,3,2,3,AP012030.1/2669248-2669064,0
340,2,1,0,2,3,2,2,1,3,1,0,3,3,1,0,1,1,4,2,0,4,1,3,3,0,3,2,3,1,0,2,1,1,1,1,3,3,1,2,4,4,4,4,4,4,4,4,4,4,2,2,0,1,2,3,4,4,4,4,4,4,4,4,4,4,4,4,4,4,4,4,4,4,4,4,4,4,4,4,4,4,4,4,4,4,2,1,4,3,0,1,0,3,0,0,0,0,3,3,1,4,4,2,0,0,3,2,0,1,2,1,4,0,1,0,4,0,1,4,4,4,4,4,4,4,4,4,0,0,2,2,4,4,3,2,1,1,3,4,2,4,1,1,2,3,1,1,0,4,4,0,1,3,3,4,1,3,2,0,3,0,4,3,1,0,2,1,4,2,3,0,4,4,4,4,2,1,3,4,4,4,4,4,4,4,0,4,4,4,4,4,4,4,4,4,4,4,4,4,4,4,4,4,4,4,4,4,4,4,4,4,4,4,4,4,4,4,4,4,4,4,4,4,4,4,4,4,4,4,4,4,4,4,4,4,4,4,4,4,4,3,0,3,1,0,4,4,0,1,1,0,3,4,1,2,2,2,1,2,0,0,0,1,2,3,1,2,0,4,4,4,4,4,4,4,4,4,4,4,4,4,4,4,4,4,4,4,4,4,2,3,3,0,2,2,1,0,4,1,1,2,4,1,1,3,3,4,4,4,0,3,3,4,4,4,4,4,4,4,4,4,4,4,4,4,4,4,4,4,4,4,4,4,4,4,4,4,4,4,4,4,4,4,4,4,4,4,4,4,4,4,4,4,4,4,4,4,1,1,0,4,4,4,4,4,4,4,4,4,4,4,4,4,4,4,4,4,3,0,0,1,0,0,0,2,1,1,2,2,2,4,4,3,0,0,3,4,4,4,4,3,4,4,4,4,4,4,4,4,4,4,4,4,4,4,4,4,4,4,4,4,4,4,4,4,4,4,4,4,4,4,4,4,4,4,4,4,4,4,4,4,4,4,1,1,1,2,2,1,3,3,3,2,3,3,2,3,AFDT01000046.1/51264-51077,0
341,2,1,0,2,3,2,2,1,3,1,0,3,3,1,2,1,1,4,2,0,4,1,3,3,0,3,2,3,1,0,2,1,1,1,1,3,3,1,2,4,4,4,4,4,4,4,4,4,4,2,2,0,1,2,3,4,4,4,4,4,4,4,4,4,4,4,4,4,4,4,4,4,4,4,4,4,4,4,4,4,4,4,4,4,4,2,1,4,3,0,1,0,3,0,0,0,0,3,4,3,4,1,2,0,0,3,2,0,1,2,1,4,0,1,0,4,0,1,4,4,4,4,4,4,4,4,4,0,0,2,2,4,4,3,2,1,1,3,4,2,4,1,1,2,3,1,1,0,4,4,0,1,3,3,4,1,3,2,0,3,0,4,3,1,0,2,1,4,2,3,0,4,4,4,4,2,1,3,4,4,4,4,4,4,4,0,4,4,4,4,4,4,4,4,4,4,4,4,4,4,4,4,4,4,4,4,4,4,4,4,4,4,4,4,4,4,4,4,4,4,4,4,4,4,4,4,4,4,4,4,4,4,4,4,4,4,4,4,4,4,3,0,3,1,0,4,4,0,1,1,0,3,4,1,2,2,2,1,2,0,0,0,1,2,3,1,2,0,4,4,4,4,4,4,4,4,4,4,4,4,4,4,4,4,4,4,4,4,4,2,3,3,0,2,2,1,0,4,1,1,2,4,1,1,3,3,4,4,4,0,3,3,4,4,4,4,4,4,4,4,4,4,4,4,4,4,4,4,4,4,4,4,4,4,4,4,4,4,4,4,4,4,4,4,4,4,4,4,4,4,4,4,4,4,4,4,4,1,1,0,4,4,4,4,4,4,4,4,4,4,4,4,4,4,4,4,4,3,0,0,1,0,0,0,2,1,1,2,2,2,4,4,3,0,0,3,4,4,4,4,3,4,4,4,4,4,4,4,4,4,4,4,4,4,4,4,4,4,4,4,4,4,4,4,4,4,4,4,4,4,4,4,4,4,4,4,4,4,4,4,4,4,4,1,1,1,2,2,1,3,3,3,2,3,3,2,3,CU651637.1/2669017-2668830,0
342,2,3,4,4,4,2,2,1,3,1,0,3,3,1,0,1,1,4,2,0,4,1,3,3,0,3,2,3,1,0,2,1,1,1,1,3,3,1,2,4,4,4,4,4,4,4,4,4,4,2,2,0,1,2,3,4,4,4,4,4,4,4,4,4,4,4,4,4,4,4,4,4,4,4,4,4,4,4,4,4,4,4,4,4,4,2,1,4,3,0,1,0,3,0,0,0,0,3,3,1,4,4,2,0,0,3,2,0,1,2,1,4,4,4,4,4,0,1,0,0,4,4,4,4,4,4,1,0,0,2,2,4,4,3,2,1,1,3,4,2,4,1,1,2,3,1,1,0,4,4,0,1,3,3,4,1,3,2,0,3,0,4,3,1,0,2,1,4,2,3,0,4,4,4,4,2,1,3,4,4,4,4,4,4,4,0,4,4,4,4,4,4,4,4,4,4,4,4,4,4,4,4,4,4,4,4,4,4,4,4,4,4,4,4,4,4,4,4,4,4,4,4,4,4,4,4,4,4,4,4,4,4,4,4,4,4,4,4,4,4,3,0,3,1,0,4,4,0,1,1,0,3,4,1,2,2,2,1,2,0,0,0,1,2,3,1,2,0,4,4,4,4,4,4,4,4,4,4,4,4,4,4,4,4,4,4,4,4,4,2,3,3,0,2,2,1,0,4,1,1,2,4,1,1,3,3,4,4,4,0,3,3,4,4,4,4,4,4,4,4,4,4,4,4,4,4,4,4,4,4,4,4,4,4,4,4,4,4,4,4,4,4,4,4,4,4,4,4,4,4,4,4,4,4,4,4,4,1,1,0,4,4,4,4,4,4,4,4,4,4,4,4,4,4,4,4,4,3,0,0,1,0,0,0,2,1,1,2,2,2,4,4,3,0,0,3,4,4,4,4,3,4,4,4,4,4,4,4,4,4,4,4,4,4,4,4,4,4,4,4,4,4,4,4,4,4,4,4,4,4,4,4,4,4,4,4,4,4,4,4,4,4,4,1,1,1,2,2,1,3,3,3,2,3,3,2,3,ABHQ01000001.1/159897-159713,0
343,2,1,0,2,3,2,2,1,3,1,0,3,3,1,0,1,1,4,2,0,4,1,3,3,0,3,2,3,1,0,2,1,1,1,1,3,3,1,2,4,4,4,4,4,4,4,4,4,4,2,2,0,1,2,3,4,4,4,4,4,4,4,4,4,4,4,4,4,4,4,4,4,4,4,4,4,4,4,4,4,4,4,4,4,4,2,1,4,3,0,1,0,3,0,0,0,0,3,3,1,4,4,2,0,0,3,2,0,1,2,1,4,0,1,0,4,0,1,4,4,4,4,4,4,4,4,4,0,0,2,2,4,4,3,2,1,1,3,4,2,4,1,1,2,3,1,1,0,4,4,0,1,3,3,4,1,3,2,0,3,0,4,3,1,0,2,1,4,2,3,0,4,4,4,4,2,1,3,4,4,4,4,4,4,4,0,4,4,4,4,4,4,4,4,4,4,4,4,4,4,4,4,4,4,4,4,4,4,4,4,4,4,4,4,4,4,4,4,4,4,4,4,4,4,4,4,4,4,4,4,4,4,4,4,4,4,4,4,4,4,3,0,3,1,0,4,4,0,1,1,0,3,4,1,2,2,2,1,2,0,0,0,1,2,3,1,2,0,4,4,4,4,4,4,4,4,4,4,4,4,4,4,4,4,4,4,4,4,4,2,3,3,0,2,2,1,0,4,1,1,2,4,1,1,3,3,4,4,4,0,3,3,4,4,4,4,4,4,4,4,4,4,4,4,4,4,4,4,4,4,4,4,4,4,4,4,4,4,4,4,4,4,4,4,4,4,4,4,4,4,4,4,4,4,4,4,4,1,1,0,4,4,4,4,4,4,4,4,4,4,4,4,4,4,4,4,4,3,0,0,1,0,0,0,2,1,1,2,2,2,4,4,3,0,0,3,4,4,4,4,3,4,4,4,4,4,4,4,4,4,4,4,4,4,4,4,4,4,4,4,4,4,4,4,4,4,4,4,4,4,4,4,4,4,4,4,4,4,4,4,4,4,4,1,1,1,2,2,1,3,3,3,2,3,3,2,3,CP001063.1/2726457-2726270,0
344,2,3,0,2,0,3,2,1,3,1,0,3,3,1,1,0,1,4,1,3,4,1,3,3,0,3,2,3,3,3,2,1,3,3,1,2,4,4,4,4,4,4,4,4,4,4,4,4,4,4,4,4,4,4,4,4,4,4,4,4,4,4,4,4,4,4,4,4,4,4,4,4,4,4,4,4,4,4,4,4,4,4,4,4,4,2,1,4,3,0,1,0,3,0,0,0,1,1,3,2,4,2,2,0,0,3,2,0,1,2,1,4,0,2,0,4,2,1,1,0,0,3,4,4,4,3,3,3,2,2,2,4,4,3,0,1,1,3,4,2,4,3,3,2,3,1,3,2,4,4,1,1,3,2,4,1,1,3,2,3,0,4,3,1,2,1,4,4,4,2,0,4,0,4,0,2,3,1,4,4,4,4,4,4,4,3,4,4,4,4,4,4,4,4,4,4,4,4,4,4,4,4,4,4,4,4,4,4,4,4,4,4,4,4,4,4,4,4,4,4,4,4,4,4,4,4,4,4,4,4,4,4,4,4,4,4,4,4,4,4,3,0,1,0,2,2,4,2,3,3,0,3,4,1,0,2,0,1,0,1,1,0,1,2,3,3,2,0,4,4,4,4,4,4,4,4,4,4,4,4,4,4,4,4,4,4,4,4,4,2,3,1,2,2,2,3,0,4,1,1,4,4,3,1,3,1,4,4,2,2,3,3,2,3,1,3,4,0,4,0,1,1,4,4,4,4,4,4,4,4,4,4,4,4,4,4,4,4,4,4,4,4,4,4,4,4,4,4,4,4,4,4,4,4,2,0,1,1,3,2,4,4,4,4,4,4,4,4,4,4,4,4,4,4,4,4,4,0,3,1,3,3,0,1,0,1,1,3,2,1,3,3,3,4,4,4,4,4,4,4,4,4,4,4,4,4,4,4,4,4,4,4,4,4,4,4,4,4,4,4,4,4,4,4,4,4,4,4,4,4,4,4,4,4,4,4,4,4,4,4,4,3,0,2,1,0,2,2,3,2,3,3,3,3,3,3,3,CP003085.1/4502120-4501923,0
345,2,1,0,2,3,2,2,1,3,1,0,3,3,1,0,1,1,4,2,0,4,1,3,3,0,3,2,3,1,0,2,1,1,1,1,3,3,1,2,4,4,4,4,4,4,4,4,4,4,2,2,0,1,2,3,4,4,4,4,4,4,4,4,4,4,4,4,4,4,4,4,4,4,4,4,4,4,4,4,4,4,4,4,4,4,2,1,4,3,0,1,0,3,0,0,0,0,3,3,1,4,4,2,0,0,3,2,0,1,2,1,4,0,1,0,4,0,1,4,4,4,4,4,4,4,4,4,0,0,2,2,4,4,3,2,1,1,3,4,2,4,1,1,2,3,1,1,0,4,4,0,1,3,3,4,1,3,2,0,3,0,4,3,1,0,2,1,4,2,3,0,4,4,4,4,2,1,3,4,4,4,4,4,4,4,0,4,4,4,4,4,4,4,4,4,4,4,4,4,4,4,4,4,4,4,4,4,4,4,4,4,4,4,4,4,4,4,4,4,4,4,4,4,4,4,4,4,4,4,4,4,4,4,4,4,4,4,4,4,4,3,0,3,1,0,4,4,0,1,1,0,3,4,1,2,2,2,1,2,0,0,0,1,2,3,1,2,0,4,4,4,4,4,4,4,4,4,4,4,4,4,4,4,4,4,4,4,4,4,2,3,3,0,2,2,1,0,4,1,1,2,4,1,1,3,3,4,4,4,0,3,3,4,4,4,4,4,4,4,4,4,4,4,4,4,4,4,4,4,4,4,4,4,4,4,4,4,4,4,4,4,4,4,4,4,4,4,4,4,4,4,4,4,4,4,4,4,1,1,0,4,4,4,4,4,4,4,4,4,4,4,4,4,4,4,4,4,3,0,0,1,0,0,0,2,1,1,2,2,2,4,4,3,0,0,3,4,4,4,4,3,4,4,4,4,4,4,4,4,4,4,4,4,4,4,4,4,4,4,4,4,4,4,4,4,4,4,4,4,4,4,4,4,4,4,4,4,4,4,4,4,4,4,1,1,1,2,2,1,3,3,3,2,3,3,2,3,CP001969.1/2988022-2987835,0
346,2,3,4,4,4,2,2,1,3,1,0,3,3,1,0,1,1,4,3,3,4,1,3,3,0,3,2,3,1,0,2,1,1,1,1,3,3,0,2,4,4,4,4,4,4,4,4,4,4,2,2,0,1,2,1,4,4,4,4,4,4,4,4,4,4,4,4,4,4,4,4,4,4,4,4,4,4,4,4,4,4,4,4,4,4,2,1,4,3,0,1,0,3,0,0,0,1,3,3,1,4,4,2,0,0,3,2,0,1,2,1,4,4,4,4,4,0,1,0,0,4,4,4,4,4,4,1,0,0,2,2,4,4,3,2,1,1,3,4,2,4,1,1,2,3,1,1,0,4,4,0,1,3,3,4,1,3,2,0,3,0,4,0,3,0,2,1,4,2,3,4,4,4,4,0,2,1,3,4,4,4,4,4,4,4,3,4,4,4,4,4,4,4,4,4,4,4,4,4,4,4,4,4,4,4,4,4,4,4,4,4,4,4,4,4,4,4,4,4,4,4,4,4,4,4,4,4,4,4,4,4,4,4,4,4,4,4,4,4,4,3,0,3,1,0,4,4,0,1,1,3,1,4,1,2,2,2,1,2,0,0,0,1,2,3,1,2,0,4,4,4,4,4,4,4,4,4,4,4,4,4,4,4,4,4,4,4,4,4,2,3,3,0,2,2,1,0,4,1,1,2,4,1,1,3,3,4,4,4,0,3,3,4,4,4,4,4,4,4,4,4,4,4,4,4,4,4,4,4,4,4,4,4,4,4,4,4,4,4,4,4,4,4,4,4,4,4,4,4,4,4,4,4,4,4,4,4,1,1,0,4,4,4,4,4,4,4,4,4,4,4,4,4,4,4,4,4,3,0,0,1,0,0,0,2,1,1,2,2,2,3,3,3,0,4,4,4,4,4,4,4,2,1,1,1,2,2,2,0,0,3,0,0,2,2,3,0,3,3,2,4,3,3,3,1,2,2,1,1,1,0,0,0,3,1,2,2,2,3,3,3,0,2,1,1,1,2,2,1,3,3,3,2,3,3,2,3,AFCX01001364.1/2026-1802,0
347,2,1,0,2,3,2,2,1,3,1,0,3,3,1,0,1,1,4,2,0,4,1,3,3,0,3,2,3,1,0,2,1,1,1,1,3,3,1,2,4,4,4,4,4,4,4,4,4,4,2,2,0,1,2,3,4,4,4,4,4,4,4,4,4,4,4,4,4,4,4,4,4,4,4,4,4,4,4,4,4,4,4,4,4,4,2,1,4,3,0,1,0,3,0,0,0,0,3,3,1,4,4,2,0,0,3,2,0,1,2,1,4,0,1,0,4,0,1,4,4,4,4,4,4,4,4,4,0,0,2,2,4,4,3,2,1,1,3,4,2,4,1,1,2,3,1,1,0,4,4,0,1,3,3,4,1,3,2,0,3,0,4,3,1,0,2,1,4,2,3,0,4,4,4,4,2,1,3,4,4,4,4,4,4,4,0,4,4,4,4,4,4,4,4,4,4,4,4,4,4,4,4,4,4,4,4,4,4,4,4,4,4,4,4,4,4,4,4,4,4,4,4,4,4,4,4,4,4,4,4,4,4,4,4,4,4,4,4,4,4,3,0,3,1,0,4,4,0,1,1,0,3,4,1,2,2,2,1,2,0,0,0,1,2,3,1,2,0,4,4,4,4,4,4,4,4,4,4,4,4,4,4,4,4,4,4,4,4,4,2,3,3,0,2,2,1,0,4,1,1,2,4,1,1,3,3,4,4,4,0,3,3,4,4,4,4,4,4,4,4,4,4,4,4,4,4,4,4,4,4,4,4,4,4,4,4,4,4,4,4,4,4,4,4,4,4,4,4,4,4,4,4,4,4,4,4,4,1,1,0,4,4,4,4,4,4,4,4,4,4,4,4,4,4,4,4,4,3,0,0,1,0,0,0,2,1,1,2,2,2,4,4,3,0,0,3,4,4,4,4,3,4,4,4,4,4,4,4,4,4,4,4,4,4,4,4,4,4,4,4,4,4,4,4,4,4,4,4,4,4,4,4,4,4,4,4,4,4,4,4,4,4,4,1,1,1,2,2,1,3,3,3,2,3,3,2,3,AFRL01000008.1/209805-209618,0
348,2,1,0,2,3,2,2,1,3,1,0,3,3,1,0,1,1,4,3,3,4,1,3,3,0,3,2,3,1,0,2,1,1,1,1,3,3,1,2,4,4,4,4,4,4,4,4,4,4,2,2,0,0,2,1,4,4,4,4,4,4,4,4,4,4,4,4,4,4,4,4,4,4,4,4,4,4,4,4,4,4,4,4,4,4,2,1,4,3,0,1,0,3,0,0,0,1,3,3,1,4,4,2,0,0,3,2,0,1,2,1,0,1,0,0,4,0,1,4,4,4,4,4,4,4,4,4,4,0,2,2,4,4,3,2,1,1,3,4,2,4,1,1,2,3,1,1,0,4,4,0,1,3,1,4,1,3,2,0,3,0,4,0,1,0,2,4,4,4,1,3,4,1,4,3,2,1,3,4,4,4,4,4,4,4,3,4,4,4,4,4,4,4,4,4,4,4,4,4,4,4,4,4,4,4,4,4,4,4,4,4,4,4,4,4,4,4,4,4,4,4,4,4,4,4,4,4,4,4,4,4,4,4,4,4,4,4,4,4,4,3,0,3,1,0,4,4,2,3,1,0,3,4,1,2,2,2,1,2,0,0,0,1,2,3,1,2,0,4,4,4,4,4,4,4,4,4,4,4,4,4,4,4,4,4,4,4,4,4,2,3,0,0,2,2,1,0,4,1,1,2,4,1,1,3,1,4,4,0,3,3,1,4,4,4,4,4,4,4,4,4,4,4,4,4,4,4,4,4,4,4,4,4,4,4,4,4,4,4,4,4,4,4,4,4,4,4,4,4,4,4,4,4,4,4,4,4,1,3,3,4,4,4,4,4,4,4,4,4,4,4,4,4,4,4,4,4,0,0,3,0,0,0,2,2,1,0,2,2,1,3,3,3,0,4,4,4,4,4,4,4,4,4,4,4,4,4,4,4,4,4,4,4,4,4,4,4,4,4,4,4,4,4,4,4,4,4,4,4,4,4,4,4,4,4,4,4,4,4,4,4,2,0,2,1,1,3,2,1,1,3,3,3,0,3,3,2,AGFT01112468.1/282-93,0
349,2,3,0,2,0,3,2,1,3,1,0,3,3,1,1,0,1,4,1,3,4,1,3,3,0,3,2,3,3,1,2,1,1,3,3,0,4,4,4,4,4,4,4,4,4,4,4,4,4,4,4,4,4,2,3,4,4,4,4,4,4,4,4,4,4,4,4,4,4,4,4,4,4,4,4,4,4,4,4,4,4,4,4,4,4,2,1,4,1,3,1,0,3,0,0,0,1,3,1,0,4,2,2,0,0,3,2,0,1,2,1,4,0,2,0,4,2,1,1,0,3,3,4,4,4,4,3,0,1,2,2,4,4,3,2,1,3,3,4,0,4,3,1,2,3,1,1,0,4,4,1,1,2,0,4,1,0,2,0,3,2,4,3,1,2,1,4,4,4,3,3,4,1,4,2,2,1,1,4,4,4,4,4,4,4,3,4,4,4,4,4,4,4,4,4,4,4,4,4,4,4,4,4,4,4,4,4,4,4,4,4,4,4,4,4,4,4,4,4,4,4,4,4,4,4,4,4,4,4,4,4,4,4,4,4,4,4,4,4,4,1,0,3,1,0,0,0,1,0,1,1,0,4,3,2,2,0,1,0,1,0,0,1,2,3,3,2,0,4,4,4,4,4,4,4,4,4,4,4,4,4,4,4,4,4,4,4,4,4,2,3,2,0,0,2,1,0,4,1,1,0,4,0,0,3,0,4,4,3,2,3,3,2,3,1,2,4,0,4,0,3,0,4,4,4,4,4,4,4,4,4,4,4,4,4,4,4,4,4,4,4,4,4,4,4,4,4,4,4,4,4,4,4,4,2,0,3,1,3,2,4,4,4,4,4,4,4,4,4,4,4,4,4,4,4,4,4,4,3,3,3,0,0,1,2,1,1,3,2,1,3,3,3,3,4,4,4,4,4,4,4,4,4,4,4,4,4,4,4,4,4,4,4,4,4,4,4,4,4,4,4,4,4,4,4,4,4,4,4,4,4,4,4,4,4,4,4,4,4,4,4,3,0,2,1,0,2,2,1,2,3,3,3,3,3,3,3,CP000653.1/4326971-4326771,0
350,2,3,0,2,0,3,2,1,3,1,0,3,3,1,1,0,3,4,1,3,4,1,3,3,0,3,2,3,3,1,2,1,1,3,3,0,4,4,4,4,4,4,4,4,4,4,4,4,4,4,4,4,4,2,3,4,4,4,4,4,4,4,4,4,4,4,4,4,4,4,4,4,4,4,4,4,4,4,4,4,4,4,4,4,4,2,1,4,1,3,1,0,3,0,0,0,1,3,1,1,4,2,2,0,0,3,2,0,1,2,1,4,0,2,0,4,2,1,1,2,3,3,4,4,4,4,3,0,1,2,2,4,4,3,2,1,3,3,4,0,4,3,1,2,3,1,1,0,4,4,1,3,2,0,4,1,0,2,0,3,2,4,3,1,2,1,4,4,4,3,3,4,0,4,3,2,1,1,4,4,4,4,4,4,4,3,4,4,4,4,4,4,4,4,4,4,4,4,4,4,4,4,4,4,4,4,4,4,4,4,4,4,4,4,4,4,4,4,4,4,4,4,4,4,4,4,4,4,4,4,4,4,4,4,4,4,4,4,4,4,1,0,3,1,0,2,0,1,0,1,1,0,4,3,2,2,0,1,0,1,0,0,1,2,3,3,2,0,4,4,4,4,4,4,4,4,4,4,4,4,4,4,4,4,4,4,4,4,4,2,3,2,0,0,2,1,0,4,1,1,4,4,1,0,1,3,4,4,3,2,3,3,2,3,1,0,4,3,4,0,1,0,4,4,4,4,4,4,4,4,4,4,4,4,4,4,4,4,4,4,4,4,4,4,4,4,4,4,4,4,4,4,4,4,2,0,1,1,3,2,4,4,4,4,4,4,4,4,4,4,4,4,4,4,4,4,4,3,3,3,3,0,0,1,2,1,1,3,2,1,3,1,1,2,3,0,0,4,3,0,0,4,4,4,4,4,4,4,4,4,4,4,4,4,4,4,4,4,4,4,4,4,4,4,4,4,4,4,4,4,4,4,4,4,4,4,4,4,4,4,4,2,0,2,1,0,2,2,1,2,3,3,3,3,3,3,3,AEHW01000051.1/41426-41632,0
351,2,3,0,2,0,3,2,1,3,1,0,3,3,1,1,0,3,4,1,3,4,1,3,3,0,3,2,3,3,1,2,1,1,3,3,0,4,4,4,4,4,4,4,4,4,4,4,4,4,4,4,4,4,2,3,4,4,4,4,4,4,4,4,4,4,4,4,4,4,4,4,4,4,4,4,4,4,4,4,4,4,4,4,4,4,2,1,4,1,3,1,0,3,0,0,0,1,3,1,1,4,2,2,0,0,3,2,0,1,2,1,4,0,2,0,4,2,1,1,2,3,3,4,4,4,4,3,0,1,2,2,4,4,3,2,1,3,3,4,0,4,3,1,2,3,1,1,0,4,4,1,3,2,0,4,1,0,2,0,3,2,4,3,1,2,1,4,4,4,3,3,4,0,4,3,2,1,1,4,4,4,4,4,4,4,3,4,4,4,4,4,4,4,4,4,4,4,4,4,4,4,4,4,4,4,4,4,4,4,4,4,4,4,4,4,4,4,4,4,4,4,4,4,4,4,4,4,4,4,4,4,4,4,4,4,4,4,4,4,4,1,0,3,1,0,2,0,1,0,1,1,0,4,3,2,2,0,1,0,1,0,0,1,2,3,3,2,0,4,4,4,4,4,4,4,4,4,4,4,4,4,4,4,4,4,4,4,4,4,2,3,2,0,0,2,1,0,4,1,1,4,4,1,0,1,3,4,4,3,2,3,3,2,3,1,0,4,3,4,0,1,0,4,4,4,4,4,4,4,4,4,4,4,4,4,4,4,4,4,4,4,4,4,4,4,4,4,4,4,4,4,4,4,4,2,0,1,1,3,2,4,4,4,4,4,4,4,4,4,4,4,4,4,4,4,4,4,3,3,3,3,0,0,1,2,1,1,3,2,1,3,1,1,2,3,0,0,4,3,0,0,4,4,4,4,4,4,4,4,4,4,4,4,4,4,4,4,4,4,4,4,4,4,4,4,4,4,4,4,4,4,4,4,4,4,4,4,4,4,4,4,2,0,2,1,0,2,2,1,2,3,3,3,3,3,3,3,ADUZ01000763.1/3655-3861,0
352,2,3,4,4,4,2,2,1,3,1,0,3,3,1,0,1,1,4,3,3,4,1,3,3,0,3,2,3,1,0,2,1,1,1,1,3,3,0,2,4,4,4,4,4,4,4,4,4,4,2,2,0,1,2,1,4,4,4,4,4,4,4,4,4,4,4,4,4,4,4,4,4,4,4,4,4,4,4,4,4,4,4,4,4,4,2,1,4,3,0,1,0,3,0,0,0,1,3,3,1,4,4,2,0,0,3,2,0,1,2,1,4,4,4,4,4,0,1,0,0,4,4,4,4,4,4,1,0,0,2,2,4,4,3,2,1,1,3,4,2,4,1,1,2,3,1,3,0,4,4,0,1,3,3,4,1,3,2,0,3,0,4,0,3,0,2,1,4,2,3,4,4,4,4,0,2,1,3,4,4,4,4,4,4,4,3,4,4,4,4,4,4,4,4,4,4,4,4,4,4,4,4,4,4,4,4,4,4,4,4,4,4,4,4,4,4,4,4,4,4,4,4,4,4,4,4,4,4,4,4,4,4,4,4,4,4,4,4,4,4,3,0,3,1,0,4,4,0,1,1,3,1,4,1,2,2,2,1,2,0,0,0,1,2,3,1,2,0,4,4,4,4,4,4,4,4,4,4,4,4,4,4,4,4,4,4,4,4,4,2,3,3,0,2,2,1,0,4,1,1,2,4,1,1,3,3,4,4,4,0,3,3,4,4,4,4,4,4,4,4,4,4,4,4,4,4,4,4,4,4,4,4,4,4,4,4,4,4,4,4,4,4,4,4,4,4,4,4,4,4,4,4,4,4,4,4,4,1,1,0,4,4,4,4,4,4,4,4,4,4,4,4,4,4,4,4,4,3,0,0,1,0,0,0,2,1,1,2,2,2,3,3,3,4,4,4,4,4,4,4,4,4,4,4,4,4,4,4,4,4,4,4,4,4,4,4,4,4,4,4,4,4,4,4,4,4,4,4,4,4,4,4,4,4,4,4,4,4,4,4,4,0,2,1,1,1,2,2,1,3,3,3,2,3,3,2,3,CAAZ01000076.1/40167-40351,0
353,2,3,0,2,0,3,2,1,3,1,0,3,3,1,1,0,3,4,1,3,4,1,3,3,0,3,2,3,3,1,2,1,1,3,3,1,4,4,4,4,4,4,4,4,4,4,4,4,4,4,4,4,4,3,2,4,4,4,4,4,4,4,4,4,4,4,4,4,4,4,4,4,4,4,4,4,4,4,4,4,4,4,4,4,4,2,1,4,1,3,1,0,3,0,0,0,1,3,1,0,4,2,2,0,0,3,2,0,3,2,1,4,0,2,0,4,2,1,1,2,3,3,4,4,4,4,3,0,1,2,2,4,4,3,2,1,3,3,4,0,4,3,1,2,3,1,1,0,4,4,1,3,2,0,4,1,0,2,0,3,2,4,3,1,2,1,4,4,4,3,3,4,0,4,1,2,1,1,4,4,4,4,4,4,4,3,4,4,4,4,4,4,4,4,4,4,4,4,4,4,4,4,4,4,4,4,4,4,4,4,4,4,4,4,4,4,4,4,4,4,4,4,4,4,4,4,4,4,4,4,4,4,4,4,4,4,4,4,4,4,1,0,3,1,0,0,0,1,0,1,1,1,4,3,2,2,0,1,0,1,0,0,1,2,3,3,2,0,4,4,4,4,4,4,4,4,4,4,4,4,4,4,4,4,4,4,4,4,4,2,3,2,0,0,2,1,0,4,1,1,1,4,1,3,3,3,4,0,3,2,3,3,2,3,1,0,4,3,4,0,1,0,4,4,4,4,4,4,4,4,4,4,4,4,4,4,4,4,4,4,4,4,4,4,4,4,4,4,4,4,4,4,4,4,2,0,1,1,3,2,4,4,4,4,4,4,4,4,4,4,4,4,4,4,4,4,4,3,3,3,3,2,0,1,2,1,1,3,2,1,1,1,1,3,3,0,0,4,4,1,1,4,4,4,4,4,4,4,4,4,4,4,4,4,4,4,4,4,4,4,4,4,4,4,4,4,4,4,4,4,4,4,4,4,4,4,4,4,4,4,4,2,2,2,1,0,2,2,1,2,3,3,3,3,3,3,3,AETB01000042.1/53205-52998,0
354,2,3,4,4,4,2,2,1,3,1,0,3,3,1,0,1,1,4,2,0,4,1,3,3,0,3,2,3,1,0,2,1,1,1,1,3,3,1,2,4,4,4,4,4,4,4,4,4,4,2,2,0,1,2,3,4,4,4,4,4,4,4,4,4,4,4,4,4,4,4,4,4,4,4,4,4,4,4,4,4,4,4,4,4,4,2,1,4,3,0,1,0,3,0,0,0,0,3,3,1,4,4,2,0,0,3,2,0,1,2,1,4,4,4,4,4,0,1,0,0,4,4,4,4,4,4,1,0,0,2,2,4,4,3,2,1,1,3,4,2,4,1,1,2,3,1,1,0,4,4,0,1,3,3,4,1,3,2,0,3,0,4,3,1,0,2,4,4,4,1,3,4,3,4,0,2,1,3,4,4,4,4,4,4,4,0,4,4,4,4,4,4,4,4,4,4,4,4,4,4,4,4,4,4,4,4,4,4,4,4,4,4,4,4,4,4,4,4,4,4,4,4,4,4,4,4,4,4,4,4,4,4,4,4,4,4,4,4,4,4,3,0,3,1,0,4,4,0,1,1,1,3,4,1,2,2,2,1,2,0,0,0,1,2,3,1,2,0,4,4,4,4,4,4,4,4,4,4,4,4,4,4,4,4,4,4,4,4,4,2,3,3,0,2,2,1,0,4,1,1,2,4,1,1,3,3,4,4,4,0,3,3,4,4,4,4,4,4,4,4,4,4,4,4,4,4,4,4,4,4,4,4,4,4,4,4,4,4,4,4,4,4,4,4,4,4,4,4,4,4,4,4,4,4,4,4,4,1,1,0,4,4,4,4,4,4,4,4,4,4,4,4,4,4,4,4,4,3,0,0,1,0,0,0,2,1,1,2,2,2,4,4,3,1,0,3,4,4,4,4,3,4,4,4,4,4,4,4,4,4,4,4,4,4,4,4,4,4,4,4,4,4,4,4,4,4,4,4,4,4,4,4,4,4,4,4,4,4,4,4,4,4,4,1,1,1,2,2,1,3,3,3,2,3,3,2,3,AEXD01000017.1/302399-302215,0
355,0,1,0,2,3,3,2,1,3,1,0,3,3,1,0,1,1,4,3,3,4,3,3,3,0,3,2,0,3,0,2,1,1,1,1,2,4,4,4,4,4,4,4,4,4,4,4,4,4,4,4,4,4,4,4,1,0,0,3,3,0,0,2,1,4,4,4,4,4,4,4,4,4,4,4,4,2,2,0,3,2,0,3,2,1,2,1,4,3,3,1,0,3,0,0,2,1,1,3,1,4,1,2,0,0,3,2,0,3,2,1,4,1,3,0,4,4,4,0,2,0,1,4,4,4,4,4,4,3,2,2,4,4,3,2,1,1,3,4,0,4,3,1,2,3,1,1,0,1,1,3,0,0,0,4,1,1,2,0,1,0,4,3,3,2,3,2,4,3,2,0,4,0,4,0,2,1,0,1,4,4,4,4,4,0,3,4,4,4,4,4,4,4,4,4,4,4,4,4,4,4,4,4,4,4,4,4,4,4,4,4,4,4,4,4,4,4,4,4,4,4,4,4,4,4,4,4,4,4,4,4,4,4,4,4,4,4,4,4,4,3,0,3,1,0,4,4,0,0,1,0,3,4,1,2,2,0,1,2,0,1,0,1,2,3,3,2,0,4,4,4,4,4,4,4,4,4,4,4,4,4,4,4,4,4,4,4,4,4,2,3,2,0,2,2,1,0,4,1,1,2,4,1,1,3,0,4,4,3,2,3,1,4,4,4,4,4,4,4,4,4,4,4,4,4,4,4,4,4,4,4,4,4,4,4,4,4,4,4,4,4,4,4,4,4,4,4,4,4,4,4,4,4,4,4,4,4,1,3,2,4,4,4,4,4,4,4,4,4,4,4,4,4,4,4,4,4,1,3,2,3,2,0,3,2,0,0,3,4,4,4,4,4,4,4,4,4,4,4,4,4,4,4,4,4,4,4,4,4,4,4,4,4,4,4,4,4,4,4,4,4,4,4,4,4,4,4,4,4,4,4,4,4,4,4,4,4,4,4,4,3,4,4,4,4,0,3,3,1,0,3,1,0,0,3,3,3,CP001589.1/3045320-3045517,0
356,2,3,0,2,0,3,2,1,3,1,0,3,3,1,1,0,3,4,1,3,4,1,1,3,0,3,2,3,3,1,2,1,1,3,3,0,4,4,4,4,4,4,4,4,4,4,4,4,4,4,4,4,4,2,3,4,4,4,4,4,4,4,4,4,4,4,4,4,4,4,4,4,4,4,4,4,4,4,4,4,4,4,4,4,4,2,1,4,1,3,1,0,3,0,0,0,1,3,1,1,4,2,2,0,0,3,2,0,1,2,1,4,0,2,0,4,2,1,1,2,3,3,4,4,4,4,3,0,1,2,2,4,4,3,2,1,3,3,4,0,4,3,1,2,3,1,1,0,4,4,1,3,2,0,4,1,0,2,0,3,2,4,3,1,2,1,4,4,4,3,3,4,0,4,3,2,1,1,4,4,4,4,4,4,4,3,4,4,4,4,4,4,4,4,4,4,4,4,4,4,4,4,4,4,4,4,4,4,4,4,4,4,4,4,4,4,4,4,4,4,4,4,4,4,4,4,4,4,4,4,4,4,4,4,4,4,4,4,4,4,1,0,3,1,0,2,0,1,0,1,1,0,4,3,2,2,0,1,0,1,0,0,1,2,3,3,2,0,4,4,4,4,4,4,4,4,4,4,4,4,4,4,4,4,4,4,4,4,4,2,3,2,0,0,2,1,0,4,1,1,4,4,1,0,1,3,4,4,3,2,3,3,2,3,1,0,4,3,4,0,1,0,4,4,4,4,4,4,4,4,4,4,4,4,4,4,4,4,4,4,4,4,4,4,4,4,4,4,4,4,4,4,4,4,2,0,1,1,3,2,4,4,4,4,4,4,4,4,4,4,4,4,4,4,4,4,4,3,3,3,3,0,0,1,2,1,1,3,2,1,3,1,1,2,3,0,0,4,3,0,0,4,4,4,4,4,4,4,4,4,4,4,4,4,4,4,4,4,4,4,4,4,4,4,4,4,4,4,4,4,4,4,4,4,4,4,4,4,4,4,4,2,0,2,1,0,2,2,1,2,3,3,3,3,3,3,0,CP000034.1/3676029-3675823,0
357,2,1,0,2,3,2,2,1,3,1,0,3,3,1,0,1,1,4,2,0,4,1,3,3,0,3,2,3,1,0,2,1,1,1,1,3,3,1,2,4,4,4,4,4,4,4,4,4,4,2,2,0,2,2,3,4,4,4,4,4,4,4,4,4,4,4,4,4,4,4,4,4,4,4,4,4,4,4,4,4,4,4,4,4,4,2,1,4,3,0,1,0,3,0,0,0,0,3,3,1,4,4,2,0,0,3,2,0,1,2,1,4,0,1,0,4,0,1,4,4,4,4,4,4,4,4,4,0,0,2,2,4,4,3,2,1,1,3,4,2,4,1,1,2,3,1,1,0,4,4,0,1,3,3,4,1,3,2,0,3,0,4,3,1,0,2,1,4,2,3,0,4,4,4,4,2,1,3,4,4,4,4,4,4,4,0,4,4,4,4,4,4,4,4,4,4,4,4,4,4,4,4,4,4,4,4,4,4,4,4,4,4,4,4,4,4,4,4,4,4,4,4,4,4,4,4,4,4,4,4,4,4,4,4,4,4,4,4,4,4,3,0,3,1,0,4,4,0,1,1,0,3,4,1,2,2,2,1,2,0,0,0,1,2,3,1,2,0,4,4,4,4,4,4,4,4,4,4,4,4,4,4,4,4,4,4,4,4,4,2,3,3,0,2,2,1,0,4,1,1,2,4,1,1,3,3,4,4,4,0,3,3,4,4,4,4,4,4,4,4,4,4,4,4,4,4,4,4,4,4,4,4,4,4,4,4,4,4,4,4,4,4,4,4,4,4,4,4,4,4,4,4,4,4,4,4,4,1,1,0,4,4,4,4,4,4,4,4,4,4,4,4,4,4,4,4,4,3,0,0,1,0,0,0,2,1,1,2,2,2,4,4,3,0,0,3,4,4,4,4,3,4,4,4,4,4,4,4,4,4,4,4,4,4,4,4,4,4,4,4,4,4,4,4,4,4,4,4,4,4,4,4,4,4,4,4,4,4,4,4,4,4,4,1,1,1,2,2,1,3,3,3,2,3,3,2,3,AEFI01000027.1/76578-76391,0
358,2,3,0,2,0,3,2,1,3,1,0,3,3,1,1,0,3,4,1,3,4,1,3,3,0,3,2,3,3,1,2,1,1,3,3,0,4,4,4,4,4,4,4,4,4,4,4,4,4,4,4,4,4,2,3,4,4,4,4,4,4,4,4,4,4,4,4,4,4,4,4,4,4,4,4,4,4,4,4,4,4,4,4,4,4,2,1,4,1,3,1,0,3,0,0,0,1,3,1,1,4,2,2,0,0,3,2,0,1,2,1,4,0,2,0,4,2,1,1,2,3,3,4,4,4,4,3,0,1,2,2,4,4,3,2,1,3,3,4,0,4,3,1,2,3,1,1,0,4,4,1,3,2,0,4,1,0,2,0,3,2,4,3,1,2,1,4,4,4,3,3,4,0,4,3,2,1,1,4,4,4,4,4,4,4,3,4,4,4,4,4,4,4,4,4,4,4,4,4,4,4,4,4,4,4,4,4,4,4,4,4,4,4,4,4,4,4,4,4,4,4,4,4,4,4,4,4,4,4,4,4,4,4,4,4,4,4,4,4,4,1,0,3,1,0,2,0,1,0,1,1,0,4,3,2,2,0,1,0,1,0,0,1,2,3,3,2,0,4,4,4,4,4,4,4,4,4,4,4,4,4,4,4,4,4,4,4,4,4,2,3,2,0,0,2,1,0,4,1,1,4,4,1,0,1,3,4,4,3,2,3,3,2,3,1,0,4,3,4,0,1,0,4,4,4,4,4,4,4,4,4,4,4,4,4,4,4,4,4,4,4,4,4,4,4,4,4,4,4,4,4,4,4,4,2,0,1,1,3,2,4,4,4,4,4,4,4,4,4,4,4,4,4,4,4,4,4,3,3,3,3,0,0,1,2,1,1,3,2,1,3,1,1,2,3,0,0,4,3,0,0,4,4,4,4,4,4,4,4,4,4,4,4,4,4,4,4,4,4,4,4,4,4,4,4,4,4,4,4,4,4,4,4,4,4,4,4,4,4,4,4,2,0,2,1,0,2,2,1,2,3,3,3,3,3,3,3,CP000036.1/3834349-3834555,0
359,2,1,0,2,3,2,2,1,3,1,0,3,3,1,0,1,1,4,2,0,4,1,3,3,0,3,2,3,1,0,2,1,1,1,1,3,3,1,2,4,4,4,4,4,4,4,4,4,4,2,2,0,1,2,3,4,4,4,4,4,4,4,4,4,4,4,4,4,4,4,4,4,4,4,4,4,4,4,4,4,4,4,4,4,4,2,1,4,3,0,1,0,3,0,0,0,0,3,3,1,4,4,2,0,0,3,2,0,1,2,1,4,0,1,0,4,0,1,4,4,4,4,4,4,4,4,4,0,0,2,2,4,4,3,2,1,1,3,4,2,4,1,1,2,3,1,1,0,4,4,0,1,3,3,4,1,3,2,0,3,0,4,3,1,0,2,1,4,2,3,0,4,4,4,4,2,1,3,4,4,4,4,4,4,4,0,4,4,4,4,4,4,4,4,4,4,4,4,4,4,4,4,4,4,4,4,4,4,4,4,4,4,4,4,4,4,4,4,4,4,4,4,4,4,4,4,4,4,4,4,4,4,4,4,4,4,4,4,4,4,3,0,3,1,0,4,4,0,1,1,0,3,4,1,2,2,2,1,2,0,0,0,1,2,3,1,2,0,4,4,4,4,4,4,4,4,4,4,4,4,4,4,4,4,4,4,4,4,4,2,3,3,0,2,2,1,0,4,1,1,2,4,1,1,3,3,4,4,4,0,3,3,4,4,4,4,4,4,4,4,4,4,4,4,4,4,4,4,4,4,4,4,4,4,4,4,4,4,4,4,4,4,4,4,4,4,4,4,4,4,4,4,4,4,4,4,4,1,1,0,4,4,4,4,4,4,4,4,4,4,4,4,4,4,4,4,4,3,0,0,1,0,0,0,2,1,1,2,2,2,4,4,3,0,0,3,4,4,4,4,3,4,4,4,4,4,4,4,4,4,4,4,4,4,4,4,4,4,4,4,4,4,4,4,4,4,4,4,4,4,4,4,4,4,4,4,4,4,4,4,4,4,4,1,1,1,2,2,1,3,3,3,2,3,3,2,3,AFVD01000021.1/214173-213986,0
360,2,3,0,2,0,3,2,1,3,1,0,3,1,1,1,0,1,4,3,3,4,0,3,3,0,3,2,0,1,0,2,1,3,3,2,2,1,1,0,3,3,0,0,4,4,2,2,1,3,0,0,3,3,3,0,4,4,4,4,4,4,4,4,4,4,4,4,4,4,4,4,4,4,4,4,4,4,4,4,4,4,4,4,4,4,2,1,4,3,3,1,0,3,0,0,0,1,1,1,0,4,2,2,2,0,3,2,0,1,2,1,4,0,2,0,4,2,1,1,2,0,3,4,4,3,3,3,0,2,0,2,4,4,3,2,1,1,3,4,0,4,3,3,2,3,1,1,0,4,3,2,3,0,0,4,1,1,2,0,3,2,4,3,3,2,0,2,4,3,0,0,4,3,4,2,3,4,4,4,4,4,4,4,4,4,4,4,4,4,4,4,4,4,4,4,4,4,4,4,4,4,4,4,4,4,4,4,4,4,4,4,4,4,4,4,4,4,4,4,4,4,4,4,4,4,4,4,4,4,4,4,4,4,4,4,4,4,4,4,4,1,0,3,1,0,4,4,1,0,3,0,1,4,1,2,2,2,1,0,3,0,0,1,2,3,3,2,0,4,4,4,4,4,4,4,4,4,4,4,4,4,4,4,4,4,4,4,4,4,2,3,2,0,2,2,1,0,4,1,3,2,4,0,3,0,3,4,4,3,2,3,3,2,3,1,3,4,0,4,3,1,4,4,4,4,4,4,4,4,4,4,4,4,4,4,4,4,4,4,4,4,4,4,4,4,4,4,4,4,4,4,4,4,4,2,0,1,1,3,2,0,0,4,4,4,4,4,4,4,4,4,4,4,4,0,0,3,3,3,3,0,2,0,1,0,1,3,3,2,1,1,1,3,3,3,3,4,4,4,4,4,4,4,4,4,4,4,4,4,4,4,4,4,4,4,4,4,4,4,4,4,4,4,4,4,4,4,4,4,4,4,4,4,4,4,4,4,4,4,4,4,1,2,2,1,0,0,2,3,2,3,3,3,3,3,3,3,AAYS01000005.1/289617-289839,0
361,2,1,0,2,3,2,2,1,3,1,0,3,3,1,0,1,1,4,2,0,4,1,3,3,0,3,2,3,1,0,2,1,1,1,1,3,3,1,2,4,4,4,4,4,4,4,4,4,4,2,2,0,1,2,3,4,4,4,4,4,4,4,4,4,4,4,4,4,4,4,4,4,4,4,4,4,4,4,4,4,4,4,4,4,4,2,1,4,3,0,1,0,3,0,0,0,0,3,3,1,4,4,2,0,0,3,2,0,1,2,1,4,0,1,0,4,0,1,4,4,4,4,4,4,4,4,4,0,0,2,2,4,4,3,2,1,1,3,4,2,4,1,1,2,3,1,1,0,4,4,0,1,3,3,4,1,3,2,0,3,0,4,3,1,0,2,1,4,2,3,0,4,4,4,4,2,1,3,4,4,4,4,4,4,4,0,4,4,4,4,4,4,4,4,4,4,4,4,4,4,4,4,4,4,4,4,4,4,4,4,4,4,4,4,4,4,4,4,4,4,4,4,4,4,4,4,4,4,4,4,4,4,4,4,4,4,4,4,4,4,3,0,3,1,0,4,4,0,1,1,0,3,4,1,2,2,2,1,2,0,0,0,1,2,3,1,2,0,4,4,4,4,4,4,4,4,4,4,4,4,4,4,4,4,4,4,4,4,4,2,3,3,0,2,2,1,0,4,1,1,2,4,1,1,3,3,4,4,4,0,3,3,4,4,4,4,4,4,4,4,4,4,4,4,4,4,4,4,4,4,4,4,4,4,4,4,4,4,4,4,4,4,4,4,4,4,4,4,4,4,4,4,4,4,4,4,4,1,1,0,4,4,4,4,4,4,4,4,4,4,4,4,4,4,4,4,4,3,0,0,1,0,0,0,2,1,1,2,2,2,4,4,3,0,0,3,4,4,4,4,3,4,4,4,4,4,4,4,4,4,4,4,4,4,4,4,4,4,4,4,4,4,4,4,4,4,4,4,4,4,4,4,4,4,4,4,4,4,4,4,4,4,4,1,1,1,2,2,1,3,3,3,2,3,3,2,3,AFUX01000008.1/123285-123098,0
362,2,3,0,2,0,3,2,1,3,1,0,3,3,1,1,0,3,4,1,3,4,1,3,3,0,3,2,3,3,1,2,1,1,3,3,1,4,4,4,4,4,4,4,4,4,4,4,4,4,4,4,4,4,3,2,4,4,4,4,4,4,4,4,4,4,4,4,4,4,4,4,4,4,4,4,4,4,4,4,4,4,4,4,4,4,2,1,4,1,3,1,0,3,0,0,0,1,3,1,0,4,2,2,0,0,3,2,0,3,2,1,4,0,2,0,4,2,1,1,2,3,3,4,4,4,4,3,0,1,2,2,4,4,3,2,1,3,3,4,0,4,3,1,2,3,1,1,0,4,4,1,3,2,0,4,1,0,2,0,3,2,4,3,1,2,1,4,4,4,3,3,4,0,4,1,2,1,1,4,4,4,4,4,4,4,3,4,4,4,4,4,4,4,4,4,4,4,4,4,4,4,4,4,4,4,4,4,4,4,4,4,4,4,4,4,4,4,4,4,4,4,4,4,4,4,4,4,4,4,4,4,4,4,4,4,4,4,4,4,4,1,0,3,1,0,0,0,1,0,1,1,1,4,3,2,2,0,1,0,1,0,0,1,2,3,3,2,0,4,4,4,4,4,4,4,4,4,4,4,4,4,4,4,4,4,4,4,4,4,2,3,2,0,0,2,1,0,4,1,1,1,4,1,3,3,3,4,0,3,2,3,3,2,3,1,0,4,3,4,0,1,0,4,4,4,4,4,4,4,4,4,4,4,4,4,4,4,4,4,4,4,4,4,4,4,4,4,4,4,4,4,4,4,4,2,0,1,1,3,2,4,4,4,4,4,4,4,4,4,4,4,4,4,4,4,4,4,3,3,3,3,2,0,1,2,1,1,3,2,1,1,1,1,3,3,0,0,4,4,1,1,4,4,4,4,4,4,4,4,4,4,4,4,4,4,4,4,4,4,4,4,4,4,4,4,4,4,4,4,4,4,4,4,4,4,4,4,4,4,4,4,2,2,2,1,0,2,2,1,2,3,3,3,3,3,3,3,AFCW01002147.1/312-519,0
363,2,3,4,4,4,2,2,1,3,1,0,3,3,1,0,1,1,4,3,3,4,1,3,3,0,3,2,3,1,0,2,1,1,1,1,3,3,0,2,4,4,4,4,4,4,4,4,4,4,2,2,0,1,2,1,4,4,4,4,4,4,4,4,4,4,4,4,4,4,4,4,4,4,4,4,4,4,4,4,4,4,4,4,4,4,2,1,4,3,0,1,0,3,0,0,0,1,3,3,1,4,4,2,0,0,3,2,0,1,2,1,4,4,4,4,4,0,1,0,0,4,4,4,4,4,4,1,0,0,2,2,4,4,3,2,1,1,3,4,2,4,1,1,2,3,1,1,0,4,4,0,1,3,3,4,1,3,2,0,3,0,4,0,3,0,2,1,4,2,3,4,4,4,4,0,2,1,3,4,4,4,4,4,4,4,3,4,4,4,4,4,4,4,4,4,4,4,4,4,4,4,4,4,4,4,4,4,4,4,4,4,4,4,4,4,4,4,4,4,4,4,4,4,4,4,4,4,4,4,4,4,4,4,4,4,4,4,4,4,4,3,0,3,1,0,4,4,0,1,1,3,1,4,1,2,2,2,1,2,0,0,0,1,2,3,1,2,0,4,4,4,4,4,4,4,4,4,4,4,4,4,4,4,4,4,4,4,4,4,2,3,3,0,2,2,1,0,4,1,1,2,4,1,1,3,3,4,4,4,0,3,3,4,4,4,4,4,4,4,4,4,4,4,4,4,4,4,4,4,4,4,4,4,4,4,4,4,4,4,4,4,4,4,4,4,4,4,4,4,4,4,4,4,4,4,4,4,1,1,0,4,4,4,4,4,4,4,4,4,4,4,4,4,4,4,4,4,3,0,0,1,0,0,0,2,1,1,2,2,2,3,3,3,4,4,4,4,4,4,4,4,4,4,4,4,4,4,4,4,4,4,4,4,4,4,4,4,4,4,4,4,4,4,4,4,4,4,4,4,4,4,4,4,4,4,4,4,4,4,4,4,0,2,1,1,1,2,2,1,3,3,3,2,3,3,2,3,AE017220.1/2728453-2728269,0
364,2,3,4,4,4,2,2,1,3,1,0,3,3,1,0,1,1,4,1,3,4,1,3,3,0,3,2,3,1,0,2,1,1,1,1,3,3,1,2,4,4,4,4,4,4,4,4,4,4,2,2,0,1,2,3,4,4,4,4,4,4,4,4,4,4,4,4,4,4,4,4,4,4,4,4,4,4,4,4,4,4,4,4,4,4,2,1,4,3,0,1,0,3,0,0,0,1,3,3,1,4,4,2,0,0,3,2,0,1,2,1,4,4,4,4,4,0,1,0,0,4,4,4,4,4,4,1,0,0,2,2,4,4,3,2,1,1,3,4,2,4,1,1,2,3,1,1,0,4,4,2,1,3,3,4,1,3,2,0,3,0,4,3,1,3,3,4,4,4,4,4,4,4,4,4,3,2,1,4,4,4,4,4,4,4,0,4,4,4,4,4,4,4,4,4,4,4,4,4,4,4,4,4,4,4,4,4,4,4,4,4,4,4,4,4,4,4,4,4,4,4,4,4,4,4,4,4,4,4,4,4,4,4,4,4,4,4,4,4,4,3,0,3,1,0,4,4,0,1,1,0,3,4,1,2,2,2,1,2,0,0,0,1,2,3,3,2,0,4,4,4,4,4,4,4,4,4,4,4,4,4,4,4,4,4,4,4,4,4,2,3,3,0,2,2,1,0,4,1,1,2,4,1,1,3,3,4,4,4,4,4,0,3,3,1,4,4,4,4,4,1,0,4,4,4,4,4,4,4,4,4,4,4,4,4,4,4,4,4,4,4,4,4,4,4,4,4,4,4,4,4,4,4,4,2,0,0,1,4,4,4,4,4,4,4,4,4,4,4,4,4,4,4,4,4,4,4,4,4,4,4,0,0,0,2,1,1,2,2,2,3,3,3,1,4,4,4,4,4,4,4,4,4,4,4,4,4,4,4,4,4,4,4,4,4,4,4,4,4,4,4,4,4,4,4,4,4,4,4,4,4,4,4,4,4,4,4,4,4,4,4,2,0,1,1,1,2,2,1,3,3,3,2,3,3,0,3,AGFT01009767.1/1866-1685,0
365,2,3,0,2,0,3,2,1,3,1,0,3,3,1,1,0,3,4,1,3,4,1,3,3,0,3,2,3,3,1,2,1,1,3,3,0,4,4,4,4,4,4,4,4,4,4,4,4,4,4,4,4,4,2,3,4,4,4,4,4,4,4,4,4,4,4,4,4,4,4,4,4,4,4,4,4,4,4,4,4,4,4,4,4,4,2,1,4,1,3,1,0,3,0,0,0,1,3,1,1,4,2,2,0,0,3,2,0,1,2,1,4,0,2,0,4,2,1,1,2,3,3,4,4,4,4,3,0,1,2,2,4,4,3,2,1,3,3,4,0,4,3,1,2,3,1,1,0,4,4,1,3,2,0,4,1,0,2,0,3,2,4,3,1,2,1,4,4,4,3,3,4,0,4,3,2,1,1,4,4,4,4,4,4,4,3,4,4,4,4,4,4,4,4,4,4,4,4,4,4,4,4,4,4,4,4,4,4,4,4,4,4,4,4,4,4,4,4,4,4,4,4,4,4,4,4,4,4,4,4,4,4,4,4,4,4,4,4,4,4,1,0,3,1,0,2,0,1,0,1,1,0,4,3,2,2,0,1,0,1,0,0,1,2,3,3,2,0,4,4,4,4,4,4,4,4,4,4,4,4,4,4,4,4,4,4,4,4,4,2,3,2,0,0,2,1,0,4,1,1,4,4,1,0,1,3,4,4,3,2,3,3,2,3,1,0,4,3,4,0,1,0,4,4,4,4,4,4,4,4,4,4,4,4,4,4,4,4,4,4,4,4,4,4,4,4,4,4,4,4,4,4,4,4,2,0,1,1,3,2,4,4,4,4,4,4,4,4,4,4,4,4,4,4,4,4,4,3,3,3,3,0,0,1,2,1,1,3,2,1,3,1,1,2,3,0,0,4,3,0,0,4,4,4,4,4,4,4,4,4,4,4,4,4,4,4,4,4,4,4,4,4,4,4,4,4,4,4,4,4,4,4,4,4,4,4,4,4,4,4,4,2,0,2,1,0,2,2,1,2,3,3,3,3,3,3,3,ACXO01000068.1/3647-3853,0
366,2,3,4,4,4,2,2,1,3,1,0,3,3,1,0,1,1,4,1,2,4,2,3,3,0,3,2,0,1,0,2,1,1,1,3,2,1,3,1,0,0,2,4,4,4,4,1,2,2,0,1,0,0,2,3,4,4,4,4,4,4,4,4,4,4,4,4,4,4,4,4,4,4,4,4,4,4,4,4,4,4,4,4,4,4,2,1,4,4,1,1,0,3,0,0,1,0,3,3,1,4,4,2,0,0,3,2,0,1,2,1,4,4,4,4,4,0,1,0,0,4,4,4,4,4,4,3,0,1,2,2,4,4,3,2,1,1,3,4,2,4,3,1,2,3,1,1,0,4,1,1,1,1,2,4,1,1,2,0,3,0,4,0,3,1,2,3,4,3,1,0,4,1,4,3,3,3,2,3,2,4,4,2,1,2,3,4,4,4,4,4,4,4,4,4,4,4,4,4,4,4,4,4,4,4,4,4,4,4,4,4,4,4,4,4,4,4,4,4,4,4,4,4,4,4,4,4,4,4,4,4,4,4,4,4,4,4,4,4,4,3,0,3,1,0,4,4,2,0,1,0,3,4,1,2,2,0,1,2,1,3,0,1,2,3,3,2,0,4,4,4,4,4,4,4,4,4,4,4,4,4,4,4,4,4,4,4,4,4,2,3,1,0,2,2,3,0,4,1,1,0,4,3,1,3,0,4,4,3,3,3,3,2,3,4,4,4,4,4,4,4,4,3,0,1,2,1,4,4,4,4,4,4,4,4,4,4,4,4,4,4,4,4,4,4,2,2,2,3,3,3,4,4,4,4,0,1,1,2,2,1,2,3,4,4,4,4,4,4,4,4,4,4,2,0,1,3,3,3,2,2,0,0,2,2,1,3,2,2,3,3,1,0,1,3,2,4,4,4,4,4,4,4,4,4,4,4,4,4,4,4,4,4,4,4,4,4,4,4,4,4,4,4,4,4,4,4,4,4,4,4,4,4,4,4,4,4,4,4,4,4,2,0,0,1,1,2,2,1,1,3,3,3,3,3,3,3,FP236842.1/1169584-1169807,0
367,2,3,0,2,0,3,2,1,3,1,0,3,3,1,1,0,3,4,1,3,4,1,3,3,0,3,2,3,3,1,2,1,1,3,3,0,4,4,4,4,4,4,4,4,4,4,4,4,4,4,4,4,4,2,3,4,4,4,4,4,4,4,4,4,4,4,4,4,4,4,4,4,4,4,4,4,4,4,4,4,4,4,4,4,4,2,1,4,1,3,1,0,3,0,0,0,1,3,1,1,4,2,2,0,0,3,2,0,1,2,1,4,0,2,0,4,2,1,1,2,3,3,4,4,4,4,3,0,1,2,2,4,4,3,2,1,3,3,4,0,4,3,1,2,3,1,1,0,4,4,1,3,2,0,4,1,0,2,0,3,2,4,3,1,2,1,4,4,4,3,3,4,0,4,3,2,1,1,4,4,4,4,4,4,4,3,4,4,4,4,4,4,4,4,4,4,4,4,4,4,4,4,4,4,4,4,4,4,4,4,4,4,4,4,4,4,4,4,4,4,4,4,4,4,4,4,4,4,4,4,4,4,4,4,4,4,4,4,4,4,1,0,3,1,0,2,0,1,0,1,1,0,4,3,2,2,0,1,0,1,0,0,1,2,3,3,2,0,4,4,4,4,4,4,4,4,4,4,4,4,4,4,4,4,4,4,4,4,4,2,3,2,0,0,2,1,0,4,1,1,4,4,1,0,1,3,4,4,3,2,3,3,2,3,1,0,4,3,4,0,1,0,4,4,4,4,4,4,4,4,4,4,4,4,4,4,4,4,4,4,4,4,4,4,4,4,4,4,4,4,4,4,4,4,2,0,1,1,3,2,4,4,4,4,4,4,4,4,4,4,4,4,4,4,4,4,4,3,3,3,3,0,0,1,2,1,1,3,2,1,3,1,1,2,3,0,0,4,3,0,0,4,4,4,4,4,4,4,4,4,4,4,4,4,4,4,4,4,4,4,4,4,4,4,4,4,4,4,4,4,4,4,4,4,4,4,4,4,4,4,4,2,0,2,1,0,2,2,1,2,3,3,3,3,3,3,3,AFDV01000061.1/41126-41332,0
368,2,3,4,4,4,2,2,1,3,1,0,3,3,1,0,1,1,4,3,3,4,1,3,3,0,3,2,3,1,0,2,1,1,1,1,3,3,1,2,4,4,4,4,4,4,4,4,4,4,2,2,0,1,2,3,4,4,4,4,4,4,4,4,4,4,4,4,4,4,4,4,4,4,4,4,4,4,4,4,4,4,4,4,4,4,2,1,4,3,0,1,0,3,0,0,0,1,3,3,1,4,4,2,0,0,3,2,0,1,2,1,4,4,4,4,4,0,1,0,0,4,4,4,4,4,4,1,0,0,2,2,4,4,3,2,1,1,3,4,2,4,1,1,2,3,1,1,0,4,4,0,1,0,3,4,1,3,2,0,3,0,4,3,3,0,2,1,4,2,0,0,4,2,4,1,3,4,1,4,4,4,4,4,4,4,0,4,4,4,4,4,4,4,4,4,4,4,4,4,4,4,4,4,4,4,4,4,4,4,4,4,4,4,4,4,4,4,4,4,4,4,4,4,4,4,4,4,4,4,4,4,4,4,4,4,4,4,4,4,4,3,0,3,1,0,4,4,0,1,1,3,1,4,1,2,2,2,1,2,0,0,0,1,2,3,1,2,0,4,4,4,4,4,4,4,4,4,4,4,4,4,4,4,4,4,4,4,4,4,2,3,3,0,2,2,1,0,4,1,1,2,4,1,1,3,3,4,4,4,0,3,3,4,4,4,4,4,4,4,1,1,0,4,4,4,4,4,4,4,4,4,4,4,4,4,4,4,4,4,4,4,4,4,4,4,4,4,4,4,4,4,4,4,4,4,4,4,1,4,4,4,4,4,4,4,4,4,4,4,4,4,4,4,4,4,4,4,4,4,0,0,1,0,0,0,2,1,1,2,2,2,3,3,0,0,4,4,4,4,4,4,4,4,4,4,4,4,4,4,4,4,4,4,4,4,4,4,4,4,4,4,4,4,4,4,4,4,4,4,4,4,4,4,4,4,4,4,4,4,4,4,3,1,1,1,2,2,1,3,3,3,2,3,3,2,3,0,BAAW01002863.1/66-252,0
369,2,3,0,2,0,3,2,1,3,1,0,3,1,1,1,0,1,4,3,3,4,0,3,3,0,3,2,0,1,0,2,1,3,3,2,2,1,1,0,3,3,0,0,4,4,2,2,1,3,0,0,3,3,3,0,4,4,4,4,4,4,4,4,4,4,4,4,4,4,4,4,4,4,4,4,4,4,4,4,4,4,4,4,4,4,2,1,4,3,3,1,0,3,0,0,0,1,1,1,0,4,2,2,2,0,3,2,0,1,2,1,4,0,2,0,4,2,1,1,2,0,3,4,4,3,3,3,0,2,0,2,4,4,3,2,1,1,3,4,0,4,3,3,2,3,1,1,0,4,3,2,3,0,0,4,1,1,2,0,3,2,4,3,3,2,0,2,4,3,0,0,4,3,4,2,3,4,4,4,4,4,4,4,4,4,4,4,4,4,4,4,4,4,4,4,4,4,4,4,4,4,4,4,4,4,4,4,4,4,4,4,4,4,4,4,4,4,4,4,4,4,4,4,4,4,4,4,4,4,4,4,4,4,4,4,4,4,4,4,4,1,0,3,1,0,4,4,1,0,3,0,1,4,1,2,2,2,1,0,3,0,0,1,2,3,3,2,0,4,4,4,4,4,4,4,4,4,4,4,4,4,4,4,4,4,4,4,4,4,2,3,2,0,2,2,1,0,4,1,3,2,4,0,3,0,3,4,4,3,2,3,3,2,3,1,3,4,0,4,3,1,4,4,4,4,4,4,4,4,4,4,4,4,4,4,4,4,4,4,4,4,4,4,4,4,4,4,4,4,4,4,4,4,4,2,0,1,1,3,2,0,0,4,4,4,4,4,4,4,4,4,4,4,4,0,0,3,3,3,3,0,2,0,1,0,1,3,3,2,1,1,1,3,3,3,3,4,4,4,4,4,4,4,4,4,4,4,4,4,4,4,4,4,4,4,4,4,4,4,4,4,4,4,4,4,4,4,4,4,4,4,4,4,4,4,4,4,4,4,4,4,1,2,2,1,0,0,2,3,2,3,3,3,3,3,3,3,CP000305.1/148965-149187,0
370,2,1,0,2,3,2,2,1,3,1,0,3,3,1,0,1,1,4,1,0,4,3,3,3,0,3,2,3,1,0,2,1,1,1,1,3,3,1,2,4,4,4,4,4,4,4,4,4,4,2,2,0,1,2,1,4,4,4,4,4,4,4,4,4,4,4,4,4,4,4,4,4,4,4,4,4,4,4,4,4,4,4,4,4,4,2,1,4,3,0,1,0,3,0,0,0,0,3,3,1,4,4,2,0,0,3,2,0,1,2,1,4,0,1,0,4,0,1,4,4,4,4,4,4,4,4,4,0,0,2,2,4,4,3,2,1,1,3,4,2,4,1,1,2,3,1,1,0,4,4,0,1,3,3,4,1,3,2,0,3,0,4,3,1,0,2,4,4,4,1,3,4,3,4,0,2,1,3,4,4,4,4,4,4,4,0,4,4,4,4,4,4,4,4,4,4,4,4,4,4,4,4,4,4,4,4,4,4,4,4,4,4,4,4,4,4,4,4,4,4,4,4,4,4,4,4,4,4,4,4,4,4,4,4,4,4,4,4,4,4,3,0,3,1,0,4,4,0,1,1,1,3,4,1,2,2,2,1,2,0,0,0,1,2,3,1,2,0,4,4,4,4,4,4,4,4,4,4,4,4,4,4,4,4,4,4,4,4,4,2,3,3,0,2,2,1,0,4,1,1,2,4,1,1,3,3,4,4,4,0,3,3,4,4,4,4,4,4,4,4,4,4,4,4,4,4,4,4,4,4,4,4,4,4,4,4,4,4,4,4,4,4,4,4,4,4,4,4,4,4,4,4,4,4,4,4,4,1,1,0,4,4,4,4,4,4,4,4,4,4,4,4,4,4,4,4,4,3,0,0,1,0,0,0,2,1,1,2,2,2,4,4,3,1,0,3,4,4,4,4,3,4,4,4,4,4,4,4,4,4,4,4,4,4,4,4,4,4,4,4,4,4,4,4,4,4,4,4,4,4,4,4,4,4,4,4,4,4,4,4,4,4,4,1,1,1,2,2,1,3,3,3,2,3,3,2,3,AEJU01000003.1/45220-45407,0
371,2,3,4,4,4,2,2,1,3,1,0,3,3,1,0,1,1,4,3,3,4,1,3,3,0,3,2,3,1,0,2,1,1,1,1,3,3,1,2,4,4,4,4,4,4,4,4,4,4,2,2,0,1,2,3,4,4,4,4,4,4,4,4,4,4,4,4,4,4,4,4,4,4,4,4,4,4,4,4,4,4,4,4,4,4,2,1,4,3,0,1,0,3,0,0,0,1,3,3,1,4,4,2,0,0,3,2,0,1,2,1,4,4,4,4,4,0,1,0,0,4,4,4,4,4,4,1,0,0,2,2,4,4,3,2,1,1,3,4,2,4,1,1,2,3,1,1,0,4,4,0,1,0,3,4,1,3,2,0,3,0,4,3,3,0,2,4,4,1,0,3,4,1,4,2,1,3,1,4,4,4,4,4,4,4,0,4,4,4,4,4,4,4,4,4,4,4,4,4,4,4,4,4,4,4,4,4,4,4,4,4,4,4,4,4,4,4,4,4,4,4,4,4,4,4,4,4,4,4,4,4,4,4,4,4,4,4,4,4,4,3,0,3,1,0,4,4,0,1,1,3,3,4,1,2,2,2,1,2,0,0,0,1,2,3,1,2,0,4,4,4,4,4,4,4,4,4,4,4,4,4,4,4,4,4,4,4,4,4,2,3,3,0,2,2,1,0,4,1,1,2,4,1,1,3,3,4,4,4,0,3,3,4,4,4,4,4,4,4,1,1,0,4,4,4,4,4,4,4,4,4,4,4,4,4,4,4,4,4,4,4,4,4,4,4,4,4,4,4,4,4,4,4,4,4,4,4,1,4,4,4,4,4,4,4,4,4,4,4,4,4,4,4,4,4,4,4,4,4,0,0,1,0,0,0,2,1,1,2,2,2,3,3,0,0,4,4,4,4,4,4,4,4,4,4,4,4,4,4,4,4,4,4,4,4,4,4,4,4,4,4,4,4,4,4,4,4,4,4,4,4,4,4,4,4,4,4,4,4,4,4,3,1,1,1,2,2,1,3,3,3,2,3,3,2,3,0,CACD01000066.1/17370-17184,0
372,2,1,0,2,3,2,2,1,3,1,0,3,3,1,0,1,1,4,2,0,4,1,3,3,0,3,2,3,1,0,2,1,1,1,1,3,3,1,2,4,4,4,4,4,4,4,4,4,4,2,2,0,1,2,3,4,4,4,4,4,4,4,4,4,4,4,4,4,4,4,4,4,4,4,4,4,4,4,4,4,4,4,4,4,4,2,1,4,3,0,1,0,3,0,0,0,0,3,3,1,4,4,2,0,0,3,2,0,1,2,1,4,0,1,0,4,0,1,4,4,4,4,4,4,4,4,4,0,0,2,2,4,4,3,2,1,1,3,4,2,4,1,1,2,3,1,1,0,4,4,0,1,3,3,4,1,3,2,0,3,0,4,3,1,0,2,1,4,2,3,0,4,4,4,4,2,1,3,4,4,4,4,4,4,4,0,4,4,4,4,4,4,4,4,4,4,4,4,4,4,4,4,4,4,4,4,4,4,4,4,4,4,4,4,4,4,4,4,4,4,4,4,4,4,4,4,4,4,4,4,4,4,4,4,4,4,4,4,4,4,3,0,3,1,0,4,4,0,1,1,0,3,4,1,2,2,2,1,2,0,0,0,1,2,3,1,2,0,4,4,4,4,4,4,4,4,4,4,4,4,4,4,4,4,4,4,4,4,4,2,3,3,0,2,2,1,0,4,1,1,2,4,1,1,3,3,4,4,4,0,3,3,4,4,4,4,4,4,4,4,4,4,4,4,4,4,4,4,4,4,4,4,4,4,4,4,4,4,4,4,4,4,4,4,4,4,4,4,4,4,4,4,4,4,4,4,4,1,1,0,4,4,4,4,4,4,4,4,4,4,4,4,4,4,4,4,4,3,0,0,1,0,0,0,2,1,1,2,2,2,4,4,3,0,0,3,4,4,4,4,3,4,4,4,4,4,4,4,4,4,4,4,4,4,4,4,4,4,4,4,4,4,4,4,4,4,4,4,4,4,4,4,4,4,4,4,4,4,4,4,4,4,4,1,1,1,2,2,1,3,3,3,2,3,3,2,3,AEDF01000022.1/34563-34750,0
373,2,3,0,2,0,3,2,1,3,1,0,3,3,1,1,0,3,4,1,3,4,1,3,3,0,3,2,1,3,1,2,1,1,0,3,0,4,4,4,4,4,4,4,4,4,4,4,4,4,4,4,4,4,2,3,4,4,4,4,4,4,4,4,4,4,4,4,4,4,4,4,4,4,4,4,4,4,4,4,4,4,4,4,4,4,2,1,4,1,3,1,0,3,0,0,0,1,3,1,0,4,2,2,0,0,3,2,0,3,2,1,4,0,2,0,4,2,1,1,2,3,3,4,4,4,4,3,0,1,2,2,4,4,3,2,1,3,3,4,0,4,3,1,2,3,1,1,0,4,4,1,3,2,0,4,1,0,2,0,3,2,4,3,1,2,1,4,4,4,3,3,4,1,4,2,2,1,1,4,4,4,4,4,4,4,3,4,4,4,4,4,4,4,4,4,4,4,4,4,4,4,4,4,4,4,4,4,4,4,4,4,4,4,4,4,4,4,4,4,4,4,4,4,4,4,4,4,4,4,4,4,4,4,4,4,4,4,4,4,4,1,0,3,1,0,2,0,1,0,1,1,0,4,3,2,2,0,1,0,3,0,0,1,2,3,3,2,0,4,4,4,4,4,4,4,4,4,4,4,4,4,4,4,4,4,4,4,4,4,2,3,2,0,0,2,1,0,4,1,1,1,4,0,3,3,3,4,0,3,2,3,3,2,3,1,0,4,3,4,0,1,0,4,4,4,4,4,4,4,4,4,4,4,4,4,4,4,4,4,4,4,4,4,4,4,4,4,4,4,4,4,4,4,4,2,0,1,1,3,2,4,4,4,4,4,4,4,4,4,4,4,4,4,4,4,4,4,3,3,3,3,2,0,1,2,1,1,3,2,1,1,1,1,3,3,0,4,4,4,1,1,4,4,4,4,4,4,4,4,4,4,4,4,4,4,4,4,4,4,4,4,4,4,4,4,4,4,4,4,4,4,4,4,4,4,4,4,4,4,4,4,2,2,2,1,0,2,2,1,2,3,3,3,3,3,3,3,FN543502.1/4172253-4172047,0
374,2,1,0,2,3,2,2,1,3,1,0,3,3,1,0,1,1,4,2,0,4,1,3,3,0,3,2,3,1,0,2,1,1,1,1,3,3,1,2,4,4,4,4,4,4,4,4,4,4,2,2,0,1,2,3,4,4,4,4,4,4,4,4,4,4,4,4,4,4,4,4,4,4,4,4,4,4,4,4,4,4,4,4,4,4,2,1,4,3,0,1,0,3,0,0,0,0,3,3,1,4,4,2,0,0,3,2,0,1,2,1,4,0,1,0,4,0,1,4,4,4,4,4,4,4,4,4,0,0,2,2,4,4,3,2,1,1,3,4,2,4,1,1,2,3,1,1,0,4,4,0,1,3,3,4,1,3,2,0,3,0,4,3,1,0,2,1,4,2,3,0,4,4,4,4,2,1,3,4,4,4,4,4,4,4,0,4,4,4,4,4,4,4,4,4,4,4,4,4,4,4,4,4,4,4,4,4,4,4,4,4,4,4,4,4,4,4,4,4,4,4,4,4,4,4,4,4,4,4,4,4,4,4,4,4,4,4,4,4,4,3,0,3,1,0,4,4,0,1,1,0,3,4,1,2,2,2,1,2,0,0,0,1,2,3,1,2,0,4,4,4,4,4,4,4,4,4,4,4,4,4,4,4,4,4,4,4,4,4,2,3,3,0,2,2,1,0,4,1,1,2,4,1,1,3,3,4,4,4,0,3,3,4,4,4,4,4,4,4,4,4,4,4,4,4,4,4,4,4,4,4,4,4,4,4,4,4,4,4,4,4,4,4,4,4,4,4,4,4,4,4,4,4,4,4,4,4,1,1,0,4,4,4,4,4,4,4,4,4,4,4,4,4,4,4,4,4,3,0,0,1,0,0,0,2,1,1,2,2,2,4,4,3,0,0,3,4,4,4,4,3,4,4,4,4,4,4,4,4,4,4,4,4,4,4,4,4,4,4,4,4,4,4,4,4,4,4,4,4,4,4,4,4,4,4,4,4,4,4,4,4,4,4,1,1,1,2,2,1,3,3,3,2,3,3,2,3,AE014073.1/2669800-2669613,0
375,2,3,4,4,4,2,2,1,3,1,0,3,3,1,0,1,1,4,2,0,4,1,3,3,0,3,2,3,1,0,2,1,1,1,1,3,3,1,2,4,4,4,4,4,4,4,4,4,4,2,2,0,1,2,3,4,4,4,4,4,4,4,4,4,4,4,4,4,4,4,4,4,4,4,4,4,4,4,4,4,4,4,4,4,4,2,1,4,3,0,1,0,3,0,0,0,0,3,3,1,4,4,2,0,0,3,2,0,1,2,1,4,4,4,4,4,0,1,0,0,4,4,4,4,4,4,1,0,0,2,2,4,4,3,2,1,1,3,4,2,4,1,1,2,3,1,1,0,4,4,0,1,3,3,4,1,3,2,0,3,0,4,3,1,0,2,1,4,2,3,0,4,4,4,4,2,1,3,4,4,4,4,4,4,4,0,4,4,4,4,4,4,4,4,4,4,4,4,4,4,4,4,4,4,4,4,4,4,4,4,4,4,4,4,4,4,4,4,4,4,4,4,4,4,4,4,4,4,4,4,4,4,4,4,4,4,4,4,4,4,3,0,3,1,0,4,4,0,1,1,0,3,4,1,2,2,2,1,2,0,0,0,1,2,3,1,2,0,4,4,4,4,4,4,4,4,4,4,4,4,4,4,4,4,4,4,4,4,4,2,3,3,0,2,2,1,0,4,1,1,2,4,1,1,3,3,4,4,4,0,3,3,4,4,4,4,4,4,4,4,4,4,4,4,4,4,4,4,4,4,4,4,4,4,4,4,4,4,4,4,4,4,4,4,4,4,4,4,4,4,4,4,4,4,4,4,4,1,1,0,4,4,4,4,4,4,4,4,4,4,4,4,4,4,4,4,4,3,0,0,1,0,0,0,2,1,1,2,2,2,4,4,3,0,0,3,4,4,4,4,3,4,4,4,4,4,4,4,4,4,4,4,4,4,4,4,4,4,4,4,4,4,4,4,4,4,4,4,4,4,4,4,4,4,4,4,4,4,4,4,4,4,4,1,1,1,2,2,1,3,3,3,2,3,3,2,3,AERP01000023.1/151505-151321,0
376,2,3,0,2,0,3,2,1,3,1,0,3,3,1,1,0,3,4,1,3,4,1,3,3,0,3,2,3,3,1,2,1,1,3,3,0,4,4,4,4,4,4,4,4,4,4,4,4,4,4,4,4,4,2,3,4,4,4,4,4,4,4,4,4,4,4,4,4,4,4,4,4,4,4,4,4,4,4,4,4,4,4,4,4,4,2,1,4,1,3,1,0,3,0,0,0,1,3,1,1,4,2,2,0,0,3,2,0,1,2,1,4,0,2,0,4,2,1,1,2,3,3,4,4,4,4,3,0,1,2,2,4,4,3,2,1,3,3,4,0,4,3,1,2,3,1,1,0,4,4,1,3,2,0,4,1,0,2,0,3,2,4,3,1,2,1,4,4,4,3,3,4,0,4,3,2,1,1,4,4,4,4,4,4,4,3,4,4,4,4,4,4,4,4,4,4,4,4,4,4,4,4,4,4,4,4,4,4,4,4,4,4,4,4,4,4,4,4,4,4,4,4,4,4,4,4,4,4,4,4,4,4,4,4,4,4,4,4,4,4,1,0,3,1,0,2,0,1,0,1,1,0,4,3,2,2,0,1,0,1,0,0,1,2,3,3,2,0,4,4,4,4,4,4,4,4,4,4,4,4,4,4,4,4,4,4,4,4,4,2,3,2,0,0,2,1,0,4,1,1,4,4,1,0,1,3,4,4,3,2,3,3,2,3,1,0,4,3,4,0,1,0,4,4,4,4,4,4,4,4,4,4,4,4,4,4,4,4,4,4,4,4,4,4,4,4,4,4,4,4,4,4,4,4,2,0,1,1,3,2,4,4,4,4,4,4,4,4,4,4,4,4,4,4,4,4,4,3,3,3,3,0,0,1,2,1,1,3,2,1,3,1,1,2,3,0,0,4,3,0,0,4,4,4,4,4,4,4,4,4,4,4,4,4,4,4,4,4,4,4,4,4,4,4,4,4,4,4,4,4,4,4,4,4,4,4,4,4,4,4,4,2,0,2,1,0,2,2,1,2,3,3,3,3,3,3,3,AEZW01000035.1/41891-42097,0
377,2,3,0,2,0,3,2,1,3,1,0,3,3,1,1,0,3,4,1,3,4,1,3,3,0,3,2,3,3,1,2,1,1,3,3,0,4,4,4,4,4,4,4,4,4,4,4,4,4,4,4,4,4,2,3,4,4,4,4,4,4,4,4,4,4,4,4,4,4,4,4,4,4,4,4,4,4,4,4,4,4,4,4,4,4,2,1,4,1,3,1,0,3,0,0,0,1,3,1,1,4,2,2,0,0,3,2,0,1,2,1,4,0,2,0,4,2,1,1,2,3,3,4,4,4,4,3,0,1,2,2,4,4,3,2,1,3,3,4,0,4,3,1,2,3,1,1,0,4,4,1,0,2,0,4,1,0,2,0,3,2,4,3,1,2,1,4,4,4,3,3,4,1,4,2,2,1,1,4,4,4,4,4,4,4,3,4,4,4,4,4,4,4,4,4,4,4,4,4,4,4,4,4,4,4,4,4,4,4,4,4,4,4,4,4,4,4,4,4,4,4,4,4,4,4,4,4,4,4,4,4,4,4,4,4,4,4,4,4,4,1,0,3,1,0,0,0,1,0,1,1,0,4,3,2,2,0,1,0,3,0,0,1,2,3,3,2,0,4,4,4,4,4,4,4,4,4,4,4,4,4,4,4,4,4,4,4,4,4,2,3,2,0,0,2,1,0,4,1,1,4,4,0,0,3,0,4,4,3,2,3,3,2,3,1,3,4,3,4,0,1,0,4,4,4,4,4,4,4,4,4,4,4,4,4,4,4,4,4,4,4,4,4,4,4,4,4,4,4,4,4,4,4,4,2,0,1,1,3,2,4,4,4,4,4,4,4,4,4,4,4,4,4,4,4,4,4,3,3,3,3,0,0,1,2,1,1,3,2,1,3,3,3,3,4,4,4,4,4,4,4,4,4,4,4,4,4,4,4,4,4,4,4,4,4,4,4,4,4,4,4,4,4,4,4,4,4,4,4,4,4,4,4,4,4,4,4,4,4,4,4,3,0,2,1,0,2,2,1,2,3,3,3,3,3,3,3,CP003026.1/4585066-4584866,0
378,2,3,0,2,0,3,2,1,3,1,0,3,3,1,1,0,3,4,1,3,4,1,3,3,0,3,2,3,3,1,2,1,1,3,3,0,4,4,4,4,4,4,4,4,4,4,4,4,4,4,4,4,4,2,3,4,4,4,4,4,4,4,4,4,4,4,4,4,4,4,4,4,4,4,4,4,4,4,4,4,4,4,4,4,4,2,1,4,1,3,1,0,3,0,0,0,1,3,1,1,4,2,2,0,0,3,2,0,1,2,1,4,0,2,0,4,2,1,1,2,3,3,4,4,4,4,3,0,1,2,2,4,4,3,2,1,3,3,4,0,4,3,1,2,3,1,1,0,4,4,1,3,2,0,4,1,0,2,0,3,2,4,3,1,2,1,4,4,4,3,3,4,0,4,3,2,1,1,4,4,4,4,4,4,4,3,4,4,4,4,4,4,4,4,4,4,4,4,4,4,4,4,4,4,4,4,4,4,4,4,4,4,4,4,4,4,4,4,4,4,4,4,4,4,4,4,4,4,4,4,4,4,4,4,4,4,4,4,4,4,1,0,3,1,0,2,0,1,0,1,1,0,4,3,2,2,0,1,0,1,0,0,1,2,3,3,2,0,4,4,4,4,4,4,4,4,4,4,4,4,4,4,4,4,4,4,4,4,4,2,3,2,0,0,2,1,0,4,1,1,4,4,1,0,1,3,4,4,3,2,3,3,2,3,1,0,4,3,4,0,1,0,4,4,4,4,4,4,4,4,4,4,4,4,4,4,4,4,4,4,4,4,4,4,4,4,4,4,4,4,4,4,4,4,2,0,1,1,3,2,4,4,4,4,4,4,4,4,4,4,4,4,4,4,4,4,4,3,3,3,3,0,0,1,2,1,1,3,2,1,3,1,1,2,3,0,0,4,3,0,0,4,4,4,4,4,4,4,4,4,4,4,4,4,4,4,4,4,4,4,4,4,4,4,4,4,4,4,4,4,4,4,4,4,4,4,4,4,4,4,4,2,0,2,1,0,2,2,1,2,3,3,3,3,3,3,3,ADUL01000081.1/171828-171622,0
379,2,3,0,2,0,3,2,1,3,1,0,3,3,1,1,0,3,4,1,3,4,1,3,3,0,3,2,3,3,1,2,1,1,3,3,0,4,4,4,4,4,4,4,4,4,4,4,4,4,4,4,4,4,2,3,4,4,4,4,4,4,4,4,4,4,4,4,4,4,4,4,4,4,4,4,4,4,4,4,4,4,4,4,4,4,2,1,4,1,3,1,0,3,0,0,0,1,3,1,1,4,2,2,0,0,3,2,0,1,2,1,4,0,2,0,4,2,1,1,2,3,3,4,4,4,4,3,0,1,2,2,4,4,3,2,1,3,3,4,0,4,3,1,2,3,1,1,0,4,4,1,3,2,0,4,1,0,2,0,3,2,4,3,1,2,1,4,4,4,3,3,4,0,4,3,2,1,1,4,4,4,4,4,4,4,3,4,4,4,4,4,4,4,4,4,4,4,4,4,4,4,4,4,4,4,4,4,4,4,4,4,4,4,4,4,4,4,4,4,4,4,4,4,4,4,4,4,4,4,4,4,4,4,4,4,4,4,4,4,4,1,0,3,1,0,2,0,1,0,1,1,0,4,3,2,2,0,1,0,1,0,0,1,2,3,3,2,0,4,4,4,4,4,4,4,4,4,4,4,4,4,4,4,4,4,4,4,4,4,2,3,2,0,0,2,1,0,4,1,1,4,4,1,0,1,3,4,4,3,2,3,3,2,3,1,0,4,3,4,0,1,0,4,4,4,4,4,4,4,4,4,4,4,4,4,4,4,4,4,4,4,4,4,4,4,4,4,4,4,4,4,4,4,4,2,0,1,1,3,2,4,4,4,4,4,4,4,4,4,4,4,4,4,4,4,4,4,3,3,3,3,0,0,1,2,1,1,3,2,1,3,1,1,2,3,0,0,4,3,0,0,4,4,4,4,4,4,4,4,4,4,4,4,4,4,4,4,4,4,4,4,4,4,4,4,4,4,4,4,4,4,4,4,4,4,4,4,4,4,4,4,2,0,2,1,0,2,2,1,2,3,3,4,4,4,4,4,ADTK01000156.1/2053-2254,0
380,2,3,0,2,0,3,2,1,3,1,0,3,3,1,1,0,1,4,1,3,4,1,3,3,0,3,2,3,1,3,2,1,3,2,0,3,4,4,4,4,4,4,4,4,4,4,4,4,4,4,4,4,4,4,4,4,4,4,4,4,4,4,4,4,4,4,4,4,4,4,4,4,4,4,4,4,4,4,4,4,4,4,4,4,4,2,1,4,3,0,1,0,3,0,0,0,1,1,3,2,4,2,2,0,0,3,2,0,3,2,1,4,0,2,0,4,2,1,1,0,0,3,4,4,4,3,3,3,0,2,2,4,4,3,0,1,1,3,4,2,4,3,3,2,3,1,3,2,4,4,1,1,3,2,4,1,1,3,2,3,0,4,3,1,2,1,4,4,4,2,0,4,0,4,0,2,1,1,4,4,4,4,4,4,4,3,4,4,4,4,4,4,4,4,4,4,4,4,4,4,4,4,4,4,4,4,4,4,4,4,4,4,4,4,4,4,4,4,4,4,4,4,4,4,4,4,4,4,4,4,4,4,4,4,4,4,4,4,4,4,3,0,1,0,2,2,4,2,3,3,0,0,4,1,0,2,0,1,0,1,1,0,1,2,3,3,2,0,4,4,4,4,4,4,4,4,4,4,4,4,4,4,4,4,4,4,4,4,4,2,3,1,0,2,2,3,0,4,1,1,4,4,3,1,1,1,4,4,2,2,3,3,2,3,1,3,4,3,4,0,1,1,4,4,4,4,4,4,4,4,4,4,4,4,4,4,4,4,4,4,4,4,4,4,4,4,4,4,4,4,4,4,4,4,2,0,1,1,3,2,4,4,4,4,4,4,4,4,4,4,4,4,4,4,4,4,4,0,3,1,3,3,0,1,0,1,1,3,2,1,1,0,1,4,4,4,4,4,4,4,4,4,4,4,4,4,4,4,4,4,4,4,4,4,4,4,4,4,4,4,4,4,4,4,4,4,4,4,4,4,4,4,4,4,4,4,4,4,4,4,4,3,2,2,1,0,2,2,3,2,3,3,3,3,3,3,3,ADWZ01000012.1/53120-52923,0
381,2,3,0,2,0,3,2,1,3,1,0,3,1,1,1,0,1,4,3,3,4,0,3,3,0,3,2,0,1,0,2,1,3,3,2,2,1,1,0,3,3,0,0,4,4,2,2,1,3,0,0,3,3,3,0,4,4,4,4,4,4,4,4,4,4,4,4,4,4,4,4,4,4,4,4,4,4,4,4,4,4,4,4,4,4,2,1,4,3,3,1,0,3,0,0,0,1,1,1,0,4,2,2,2,0,3,2,0,1,2,1,4,0,2,0,4,2,1,1,2,0,3,4,4,3,3,3,0,2,0,2,4,4,3,2,1,1,3,4,0,4,3,3,2,3,1,1,0,4,3,2,3,0,0,4,1,1,2,0,3,2,4,3,3,2,0,2,4,3,0,0,4,3,4,2,3,4,4,4,4,4,4,4,4,4,4,4,4,4,4,4,4,4,4,4,4,4,4,4,4,4,4,4,4,4,4,4,4,4,4,4,4,4,4,4,4,4,4,4,4,4,4,4,4,4,4,4,4,4,4,4,4,4,4,4,4,4,4,4,4,1,0,3,1,0,4,4,1,0,3,0,1,4,1,2,2,2,1,0,3,0,0,1,2,3,3,2,0,4,4,4,4,4,4,4,4,4,4,4,4,4,4,4,4,4,4,4,4,4,2,3,2,0,2,2,1,0,4,1,3,2,4,0,3,0,3,4,4,3,2,3,3,2,3,1,3,4,0,4,3,1,4,4,4,4,4,4,4,4,4,4,4,4,4,4,4,4,4,4,4,4,4,4,4,4,4,4,4,4,4,4,4,4,4,2,0,1,1,3,2,0,0,4,4,4,4,4,4,4,4,4,4,4,4,0,0,3,3,3,3,0,2,0,1,0,1,3,3,2,1,1,1,3,3,3,3,4,4,4,4,4,4,4,4,4,4,4,4,4,4,4,4,4,4,4,4,4,4,4,4,4,4,4,4,4,4,4,4,4,4,4,4,4,4,4,4,4,4,4,4,4,1,2,2,1,0,0,2,3,2,3,3,3,3,3,3,3,CP000950.1/4432735-4432513,0
382,2,3,4,4,4,2,2,1,3,1,0,3,3,1,0,1,1,4,3,3,4,1,3,3,0,3,2,3,1,0,2,1,1,1,1,3,3,0,2,4,4,4,4,4,4,4,4,4,4,2,2,0,1,2,1,4,4,4,4,4,4,4,4,4,4,4,4,4,4,4,4,4,4,4,4,4,4,4,4,4,4,4,4,4,4,2,1,4,3,0,1,0,3,0,0,0,1,3,3,1,4,4,2,0,0,3,2,0,1,2,1,4,4,4,4,4,0,1,0,0,4,4,4,4,4,4,1,0,0,2,2,4,4,3,2,1,1,3,4,2,4,1,1,2,3,1,1,0,4,4,0,1,3,3,4,1,3,2,0,3,0,4,0,3,0,2,1,4,2,3,4,4,4,4,0,2,1,3,4,4,4,4,4,4,4,3,4,4,4,4,4,4,4,4,4,4,4,4,4,4,4,4,4,4,4,4,4,4,4,4,4,4,4,4,4,4,4,4,4,4,4,4,4,4,4,4,4,4,4,4,4,4,4,4,4,4,4,4,4,4,3,0,3,1,0,4,4,0,1,1,3,1,4,1,2,2,2,1,2,0,0,0,1,2,3,1,2,0,4,4,4,4,4,4,4,4,4,4,4,4,4,4,4,4,4,4,4,4,4,2,3,3,0,2,2,1,0,4,1,1,2,4,1,1,3,3,4,4,4,0,3,3,4,4,4,4,4,4,4,4,4,4,4,4,4,4,4,4,4,4,4,4,4,4,4,4,4,4,4,4,4,4,4,4,4,4,4,4,4,4,4,4,4,4,4,4,4,1,1,0,4,4,4,4,4,4,4,4,4,4,4,4,4,4,4,4,4,3,0,0,1,0,0,0,2,1,1,2,2,2,3,3,3,4,4,4,4,4,4,4,4,4,4,4,4,4,4,4,4,4,4,4,4,4,4,4,4,4,4,4,4,4,4,4,4,4,4,4,4,4,4,4,4,4,4,4,4,4,4,4,4,0,2,1,1,1,2,2,1,3,3,3,2,3,3,2,3,AETJ01000081.1/40320-40504,0
383,2,3,4,4,4,2,2,1,3,1,0,3,3,1,0,1,1,4,3,3,4,1,3,3,0,3,2,3,1,0,2,1,1,1,1,3,3,0,2,4,4,4,4,4,4,4,4,4,4,2,2,0,1,2,1,4,4,4,4,4,4,4,4,4,4,4,4,4,4,4,4,4,4,4,4,4,4,4,4,4,4,4,4,4,4,2,1,4,3,0,1,0,3,0,0,0,1,3,3,1,4,4,2,0,0,3,2,0,1,2,1,4,4,4,4,4,0,1,0,0,4,4,4,4,4,4,1,0,0,2,2,4,4,3,2,1,1,3,4,2,4,1,1,2,3,1,3,0,4,4,0,1,3,3,4,1,3,2,0,3,0,4,0,3,0,2,1,4,2,3,4,4,4,4,0,2,1,3,4,4,4,4,4,4,4,3,4,4,4,4,4,4,4,4,4,4,4,4,4,4,4,4,4,4,4,4,4,4,4,4,4,4,4,4,4,4,4,4,4,4,4,4,4,4,4,4,4,4,4,4,4,4,4,4,4,4,4,4,4,4,3,0,3,1,0,4,4,0,1,1,3,1,4,1,2,2,2,1,2,0,0,0,1,2,3,1,2,0,4,4,4,4,4,4,4,4,4,4,4,4,4,4,4,4,4,4,4,4,4,2,3,3,0,2,2,1,0,4,1,1,2,4,1,1,3,3,4,4,4,0,3,3,4,4,4,4,4,4,4,4,4,4,4,4,4,4,4,4,4,4,4,4,4,4,4,4,4,4,4,4,4,4,4,4,4,4,4,4,4,4,4,4,4,4,4,4,4,1,1,0,4,4,4,4,4,4,4,4,4,4,4,4,4,4,4,4,4,3,0,0,1,0,0,0,2,1,1,2,2,2,3,3,3,4,4,4,4,4,4,4,4,4,4,4,4,4,4,4,4,4,4,4,4,4,4,4,4,4,4,4,4,4,4,4,4,4,4,4,4,4,4,4,4,4,4,4,4,4,4,4,4,0,2,1,1,1,2,2,1,3,3,3,2,3,3,2,3,CAAU01001354.1/1195-1379,0
384,2,3,0,2,0,3,2,1,3,1,0,3,3,1,1,0,3,4,1,3,4,1,3,3,0,3,2,3,3,1,2,1,1,3,3,1,4,4,4,4,4,4,4,4,4,4,4,4,4,4,4,4,4,3,2,4,4,4,4,4,4,4,4,4,4,4,4,4,4,4,4,4,4,4,4,4,4,4,4,4,4,4,4,4,4,2,1,4,1,3,1,0,3,0,0,0,1,3,1,0,4,2,2,0,0,3,2,0,3,2,1,4,0,2,0,4,2,1,1,2,3,3,4,4,4,4,3,0,1,2,2,4,4,3,2,1,3,3,4,0,4,3,1,2,3,1,1,0,4,4,1,3,2,0,4,1,0,2,0,3,2,4,3,1,2,1,4,4,4,3,3,4,0,4,1,2,1,1,4,4,4,4,4,4,4,3,4,4,4,4,4,4,4,4,4,4,4,4,4,4,4,4,4,4,4,4,4,4,4,4,4,4,4,4,4,4,4,4,4,4,4,4,4,4,4,4,4,4,4,4,4,4,4,4,4,4,4,4,4,4,1,0,3,1,0,0,0,1,0,1,1,1,4,3,2,2,0,1,0,1,0,0,1,2,3,3,2,0,4,4,4,4,4,4,4,4,4,4,4,4,4,4,4,4,4,4,4,4,4,2,3,2,0,0,2,1,0,4,1,1,1,4,1,3,3,3,4,0,3,2,3,3,2,3,1,0,4,3,4,0,1,0,4,4,4,4,4,4,4,4,4,4,4,4,4,4,4,4,4,4,4,4,4,4,4,4,4,4,4,4,4,4,4,4,2,0,1,1,3,2,4,4,4,4,4,4,4,4,4,4,4,4,4,4,4,4,4,3,3,3,3,2,0,1,2,1,1,3,2,1,1,1,1,3,3,0,0,4,4,1,1,4,4,4,4,4,4,4,4,4,4,4,4,4,4,4,4,4,4,4,4,4,4,4,4,4,4,4,4,4,4,4,4,4,4,4,4,4,4,4,4,2,2,2,1,0,2,2,1,2,3,3,3,3,3,3,3,CAAY01000993.1/569-362,0
385,2,1,0,2,3,2,2,1,3,1,0,3,3,1,0,1,1,4,2,0,4,1,3,3,0,3,2,3,1,0,2,1,1,1,1,3,3,1,2,4,4,4,4,4,4,4,4,4,4,2,2,0,1,2,3,4,4,4,4,4,4,4,4,4,4,4,4,4,4,4,4,4,4,4,4,4,4,4,4,4,4,4,4,4,4,2,1,4,3,0,1,0,3,0,0,0,0,3,3,1,4,4,2,0,0,3,2,0,1,2,1,4,0,1,0,4,0,1,4,4,4,4,4,4,4,4,4,0,0,2,2,4,4,3,2,1,1,3,4,2,4,1,1,2,3,1,1,0,4,4,0,1,3,3,4,1,3,2,0,3,0,4,3,1,0,2,1,4,2,3,0,4,4,4,4,2,1,3,4,4,4,4,4,4,4,0,4,4,4,4,4,4,4,4,4,4,4,4,4,4,4,4,4,4,4,4,4,4,4,4,4,4,4,4,4,4,4,4,4,4,4,4,4,4,4,4,4,4,4,4,4,4,4,4,4,4,4,4,4,4,3,0,3,1,0,4,4,0,1,1,0,3,4,1,2,2,2,1,2,0,0,0,1,2,3,1,2,0,4,4,4,4,4,4,4,4,4,4,4,4,4,4,4,4,4,4,4,4,4,2,3,3,0,2,2,1,0,4,1,1,2,4,1,1,3,3,4,4,4,0,3,3,4,4,4,4,4,4,4,4,4,4,4,4,4,4,4,4,4,4,4,4,4,4,4,4,4,4,4,4,4,4,4,4,4,4,4,4,4,4,4,4,4,4,4,4,4,1,1,0,4,4,4,4,4,4,4,4,4,4,4,4,4,4,4,4,4,3,0,0,1,0,0,0,2,1,1,2,2,2,4,4,3,0,0,3,4,4,4,4,3,4,4,4,4,4,4,4,4,4,4,4,4,4,4,4,4,4,4,4,4,4,4,4,4,4,4,4,4,4,4,4,4,4,4,4,4,4,4,4,4,4,4,1,1,1,2,2,1,3,3,3,2,3,3,2,3,AFDY01000033.1/638597-638410,0
386,2,3,0,2,0,3,2,1,3,1,0,3,3,1,1,0,3,4,1,3,4,1,3,3,0,3,2,3,3,1,2,1,1,3,3,1,4,4,4,4,4,4,4,4,4,4,4,4,4,4,4,4,4,3,2,4,4,4,4,4,4,4,4,4,4,4,4,4,4,4,4,4,4,4,4,4,4,4,4,4,4,4,4,4,4,2,1,4,1,3,1,0,3,0,0,0,1,3,1,0,4,2,2,0,0,3,2,0,3,2,1,4,0,2,0,4,2,1,1,2,3,3,4,4,4,4,3,0,1,2,2,4,4,3,2,1,3,3,4,0,4,3,1,2,3,1,1,0,4,4,1,3,2,0,4,1,0,2,0,3,2,4,3,1,2,1,4,4,4,3,3,4,0,4,1,2,1,1,4,4,4,4,4,4,4,3,4,4,4,4,4,4,4,4,4,4,4,4,4,4,4,4,4,4,4,4,4,4,4,4,4,4,4,4,4,4,4,4,4,4,4,4,4,4,4,4,4,4,4,4,4,4,4,4,4,4,4,4,4,4,1,0,3,1,0,0,0,1,0,1,1,1,4,3,2,2,0,1,0,1,0,0,1,2,3,3,2,0,4,4,4,4,4,4,4,4,4,4,4,4,4,4,4,4,4,4,4,4,4,2,3,2,0,0,2,1,0,4,1,1,1,4,1,3,3,3,4,0,3,2,3,3,2,3,1,0,4,3,4,0,1,0,4,4,4,4,4,4,4,4,4,4,4,4,4,4,4,4,4,4,4,4,4,4,4,4,4,4,4,4,4,4,4,4,2,0,1,1,3,2,4,4,4,4,4,4,4,4,4,4,4,4,4,4,4,4,4,3,3,3,3,2,0,1,2,1,1,3,2,1,1,1,1,3,3,0,0,4,4,1,1,4,4,4,4,4,4,4,4,4,4,4,4,4,4,4,4,4,4,4,4,4,4,4,4,4,4,4,4,4,4,4,4,4,4,4,4,4,4,4,4,2,2,2,1,0,2,2,1,2,3,3,3,3,3,3,3,ABEI01000022.1/457-664,0
387,2,3,4,4,4,2,2,1,3,1,0,3,3,1,0,1,1,4,2,0,4,1,3,3,0,3,2,3,1,0,2,1,1,1,1,3,3,1,2,4,4,4,4,4,4,4,4,4,4,2,2,0,1,2,3,4,4,4,4,4,4,4,4,4,4,4,4,4,4,4,4,4,4,4,4,4,4,4,4,4,4,4,4,4,4,2,1,4,3,0,1,0,3,0,0,0,0,3,3,1,4,4,2,0,0,3,2,0,1,2,1,4,4,4,4,4,0,1,0,0,4,4,4,4,4,4,1,0,0,2,2,4,4,3,2,1,1,3,4,2,4,1,1,2,3,1,1,0,4,4,0,1,3,3,4,1,3,2,0,3,0,4,3,1,0,2,1,4,2,3,0,4,4,4,4,2,1,3,4,4,4,4,4,4,4,0,4,4,4,4,4,4,4,4,4,4,4,4,4,4,4,4,4,4,4,4,4,4,4,4,4,4,4,4,4,4,4,4,4,4,4,4,4,4,4,4,4,4,4,4,4,4,4,4,4,4,4,4,4,4,3,0,3,1,0,4,4,0,1,1,0,3,4,1,2,2,2,1,2,0,0,0,1,2,3,1,2,0,4,4,4,4,4,4,4,4,4,4,4,4,4,4,4,4,4,4,4,4,4,2,3,3,0,2,2,1,0,4,1,1,2,4,1,1,3,3,4,4,4,0,3,3,4,4,4,4,4,4,4,4,4,4,4,4,4,4,4,4,4,4,4,4,4,4,4,4,4,4,4,4,4,4,4,4,4,4,4,4,4,4,4,4,4,4,4,4,4,1,1,0,4,4,4,4,4,4,4,4,4,4,4,4,4,4,4,4,4,3,0,0,1,0,0,0,2,1,1,2,2,2,4,4,3,0,0,3,4,4,4,4,3,4,4,4,4,4,4,4,4,4,4,4,4,4,4,4,4,4,4,4,4,4,4,4,4,4,4,4,4,4,4,4,4,4,4,4,4,4,4,4,4,4,4,1,1,1,2,2,1,3,3,3,2,3,3,2,3,ADAW01000112.1/162672-162488,0
388,2,1,0,2,3,2,2,1,3,1,0,3,3,1,0,1,1,4,2,0,4,1,3,3,0,3,2,3,1,0,2,1,1,1,1,3,3,1,2,4,4,4,4,4,4,4,4,4,4,2,2,0,1,2,3,4,4,4,4,4,4,4,4,4,4,4,4,4,4,4,4,4,4,4,4,4,4,4,4,4,4,4,4,4,4,2,1,4,3,0,1,0,3,0,0,0,0,3,3,1,4,4,2,0,0,3,2,0,1,2,1,4,0,1,0,4,0,1,4,4,4,4,4,4,4,4,4,0,0,2,2,4,4,3,2,1,1,3,4,2,4,1,1,2,3,1,1,0,4,4,0,1,3,3,4,1,3,2,0,3,0,4,3,1,0,2,1,4,2,3,0,4,4,4,4,2,1,3,4,4,4,4,4,4,4,0,4,4,4,4,4,4,4,4,4,4,4,4,4,4,4,4,4,4,4,4,4,4,4,4,4,4,4,4,4,4,4,4,4,4,4,4,4,4,4,4,4,4,4,4,4,4,4,4,4,4,4,4,4,4,3,0,3,1,0,4,4,0,1,1,0,3,4,1,2,2,2,1,2,0,0,0,1,2,3,1,2,0,4,4,4,4,4,4,4,4,4,4,4,4,4,4,4,4,4,4,4,4,4,2,3,3,0,2,2,1,0,4,1,1,2,4,1,1,3,3,4,4,4,0,3,3,4,4,4,4,4,4,4,4,4,4,4,4,4,4,4,4,4,4,4,4,4,4,4,4,4,4,4,4,4,4,4,4,4,4,4,4,4,4,4,4,4,4,4,4,4,1,1,0,4,4,4,4,4,4,4,4,4,4,4,4,4,4,4,4,4,3,0,0,1,0,0,0,2,1,1,2,2,2,4,4,3,0,0,3,4,4,4,4,3,4,4,4,4,4,4,4,4,4,4,4,4,4,4,4,4,4,4,4,4,4,4,4,4,4,4,4,4,4,4,4,4,4,4,4,4,4,4,4,4,4,4,1,1,1,2,2,1,3,3,3,2,3,3,2,3,AFVC01000011.1/214153-213966,0
389,2,3,0,2,0,3,2,1,3,1,0,3,3,1,1,0,3,4,3,3,4,1,3,3,0,3,2,3,3,1,2,1,1,3,3,0,4,4,4,4,4,4,4,4,4,4,4,4,4,4,4,4,4,2,3,4,4,4,4,4,4,4,4,4,4,4,4,4,4,4,4,4,4,4,4,4,4,4,4,4,4,4,4,4,4,2,1,4,1,3,1,0,3,0,0,0,1,3,1,1,4,2,2,0,0,3,2,0,1,2,1,4,0,2,0,4,2,1,1,2,3,3,4,4,4,4,3,0,1,2,2,4,4,3,2,1,3,3,4,0,4,3,1,2,3,1,1,0,4,4,1,3,2,0,4,1,0,2,0,3,2,4,3,1,2,1,4,4,4,3,3,4,3,4,3,2,1,1,4,4,4,4,4,4,4,3,4,4,4,4,4,4,4,4,4,4,4,4,4,4,4,4,4,4,4,4,4,4,4,4,4,4,4,4,4,4,4,4,4,4,4,4,4,4,4,4,4,4,4,4,4,4,4,4,4,4,4,4,4,4,1,0,3,1,0,2,0,1,0,1,1,0,4,3,2,2,0,1,0,1,0,0,1,2,3,3,2,0,4,4,4,4,4,4,4,4,4,4,4,4,4,4,4,4,4,4,4,4,4,2,3,2,0,0,2,1,0,4,1,1,4,4,1,0,1,3,4,4,3,2,3,3,2,3,1,0,4,3,4,0,1,0,4,4,4,4,4,4,4,4,4,4,4,4,4,4,4,4,4,4,4,4,4,4,4,4,4,4,4,4,4,4,4,4,2,0,1,1,3,2,4,4,4,4,4,4,4,4,4,4,4,4,4,4,4,4,4,3,3,3,3,0,0,1,2,1,1,3,2,1,3,1,1,2,3,0,0,4,3,0,0,4,4,4,4,4,4,4,4,4,4,4,4,4,4,4,4,4,4,4,4,4,4,4,4,4,4,4,4,4,4,4,4,4,4,4,4,4,4,4,4,2,0,2,1,0,2,2,1,2,3,3,3,3,3,3,3,AEJW01000365.1/363-569,0
390,2,3,0,2,0,3,2,1,3,1,0,3,3,1,1,0,3,4,1,3,4,1,3,3,0,3,2,3,3,1,2,1,1,3,3,0,4,4,4,4,4,4,4,4,4,4,4,4,4,4,4,4,4,2,3,4,4,4,4,4,4,4,4,4,4,4,4,4,4,4,4,4,4,4,4,4,4,4,4,4,4,4,4,4,4,2,1,4,1,3,1,0,3,0,0,0,1,3,1,1,4,2,2,0,0,3,2,0,1,2,1,4,0,2,0,4,2,1,1,2,3,3,4,4,4,4,3,0,1,2,2,4,4,3,2,1,3,3,4,0,4,3,1,2,3,1,1,0,4,4,1,3,2,0,4,1,0,2,0,3,2,4,3,1,2,1,4,4,4,3,3,4,0,4,3,2,1,1,4,4,4,4,4,4,4,3,4,4,4,4,4,4,4,4,4,4,4,4,4,4,4,4,4,4,4,4,4,4,4,4,4,4,4,4,4,4,4,4,4,4,4,4,4,4,4,4,4,4,4,4,4,4,4,4,4,4,4,4,4,4,1,0,3,1,0,2,0,1,0,1,1,0,4,3,2,2,0,1,0,1,0,0,1,2,3,3,2,0,4,4,4,4,4,4,4,4,4,4,4,4,4,4,4,4,4,4,4,4,4,2,3,2,0,0,2,1,0,4,1,1,4,4,1,0,1,3,4,4,3,2,3,3,2,3,1,0,4,3,4,0,1,0,4,4,4,4,4,4,4,4,4,4,4,4,4,4,4,4,4,4,4,4,4,4,4,4,4,4,4,4,4,4,4,4,2,0,1,1,3,2,4,4,4,4,4,4,4,4,4,4,4,4,4,4,4,4,4,3,3,3,3,0,0,1,2,1,1,3,2,1,3,1,1,2,3,0,0,4,3,0,0,4,4,4,4,4,4,4,4,4,4,4,4,4,4,4,4,4,4,4,4,4,4,4,4,4,4,4,4,4,4,4,4,4,4,4,4,4,4,4,4,2,0,2,1,0,2,2,1,2,3,3,3,3,3,3,0,AFDQ01000029.1/41791-41997,0
391,2,3,0,2,0,3,2,1,3,1,0,3,3,1,1,0,3,4,1,3,4,1,3,3,0,3,2,3,3,1,2,1,1,3,3,0,4,4,4,4,4,4,4,4,4,4,4,4,4,4,4,4,4,2,3,4,4,4,4,4,4,4,4,4,4,4,4,4,4,4,4,4,4,4,4,4,4,4,4,4,4,4,4,4,4,2,1,4,1,3,1,0,3,0,0,0,1,3,1,1,4,2,2,0,0,3,2,0,1,2,1,4,0,2,0,4,2,1,1,2,3,3,4,4,4,4,3,0,1,2,2,4,4,3,2,1,3,3,4,0,4,3,1,2,3,1,1,0,4,4,1,3,2,0,4,1,0,2,0,3,2,4,3,1,2,1,4,4,4,3,3,4,0,4,3,2,1,1,4,4,4,4,4,4,4,3,4,4,4,4,4,4,4,4,4,4,4,4,4,4,4,4,4,4,4,4,4,4,4,4,4,4,4,4,4,4,4,4,4,4,4,4,4,4,4,4,4,4,4,4,4,4,4,4,4,4,4,4,4,4,1,0,3,1,0,2,0,1,0,1,1,0,4,3,2,2,0,1,0,1,0,0,1,2,3,3,2,0,4,4,4,4,4,4,4,4,4,4,4,4,4,4,4,4,4,4,4,4,4,2,3,2,0,0,2,1,0,4,1,1,4,4,1,0,1,3,4,4,3,2,3,3,2,3,1,0,4,3,4,0,1,0,4,4,4,4,4,4,4,4,4,4,4,4,4,4,4,4,4,4,4,4,4,4,4,4,4,4,4,4,4,4,4,4,2,0,1,1,3,2,4,4,4,4,4,4,4,4,4,4,4,4,4,4,4,4,4,3,3,3,3,0,0,1,2,1,1,3,2,1,3,1,1,2,3,0,0,4,3,0,0,4,4,4,4,4,4,4,4,4,4,4,4,4,4,4,4,4,4,4,4,4,4,4,4,4,4,4,4,4,4,4,4,4,4,4,4,4,4,4,4,2,0,2,1,0,2,2,1,2,3,3,3,3,3,3,3,AFVB01000009.1/41263-41469,0
392,2,3,0,2,0,3,2,1,3,1,0,3,3,1,2,0,3,4,3,3,4,1,1,3,0,3,2,0,3,3,2,1,1,3,2,0,4,4,4,4,4,4,4,4,4,4,4,4,4,4,4,4,4,2,1,4,4,4,4,4,4,4,4,4,4,4,4,4,4,4,4,4,4,4,4,4,4,4,4,4,4,4,4,4,4,2,1,4,1,3,1,0,3,0,0,0,1,3,1,0,4,2,2,0,0,3,2,0,1,2,0,4,0,2,0,4,2,1,1,2,3,3,4,4,4,0,3,0,1,2,2,4,4,3,2,1,3,3,4,0,4,3,1,2,3,1,1,0,4,4,3,3,2,0,4,1,0,2,0,3,2,4,3,1,2,1,0,4,3,3,3,4,3,4,0,3,0,3,2,4,4,4,4,1,3,0,4,4,4,4,4,4,4,4,4,4,4,4,4,4,4,4,4,4,4,4,4,4,4,4,4,4,4,4,4,4,4,4,4,4,4,4,4,4,4,4,4,4,4,4,4,4,4,4,4,4,4,4,4,4,0,0,3,1,0,3,3,1,0,3,2,0,4,3,2,0,2,3,1,2,0,4,4,4,4,4,4,4,2,0,1,2,2,1,1,0,2,1,0,1,2,2,2,0,0,3,1,1,1,4,4,1,0,2,2,1,2,4,1,3,3,4,0,1,0,0,4,4,0,4,4,4,4,4,4,4,4,4,4,4,4,4,4,4,4,4,4,4,4,4,4,4,4,4,4,4,4,4,4,4,4,4,4,4,4,4,4,4,4,4,4,4,4,4,4,4,4,4,4,4,4,4,4,4,4,4,4,4,4,4,4,4,4,4,4,4,4,4,4,4,4,4,4,4,4,4,4,4,4,4,4,4,4,4,4,4,4,4,4,4,4,2,2,3,0,4,4,4,4,4,4,4,4,4,4,4,4,4,4,4,4,4,4,4,4,4,4,4,4,4,4,4,4,4,4,4,4,0,2,3,2,4,4,4,4,4,4,4,4,4,4,4,0,1,3,3,0,BAAW01004927.1/968-786,0
393,2,3,4,4,4,2,2,1,3,1,0,3,3,1,0,1,1,4,3,3,4,1,3,3,0,3,2,3,1,0,2,1,1,1,1,3,3,0,2,4,4,4,4,4,4,4,4,4,4,2,2,0,1,2,1,4,4,4,4,4,4,4,4,4,4,4,4,4,4,4,4,4,4,4,4,4,4,4,4,4,4,4,4,4,4,2,1,4,3,0,1,0,3,0,0,0,1,3,3,1,4,4,2,0,0,3,2,0,1,2,1,4,4,4,4,4,0,1,0,0,4,4,4,4,4,4,1,0,0,2,2,4,4,3,2,1,1,3,4,2,4,1,1,2,3,1,1,0,4,4,0,1,3,3,4,1,3,2,0,3,0,4,0,1,0,2,1,4,2,3,4,4,4,4,0,2,1,3,4,4,4,4,4,4,4,3,4,4,4,4,4,4,4,4,4,4,4,4,4,4,4,4,4,4,4,4,4,4,4,4,4,4,4,4,4,4,4,4,4,4,4,4,4,4,4,4,4,4,4,4,4,4,4,4,4,4,4,4,4,4,3,0,3,1,0,4,4,0,1,1,3,1,4,1,2,2,2,1,2,0,0,0,1,2,3,1,2,0,4,4,4,4,4,4,4,4,4,4,4,4,4,4,4,4,4,4,4,4,4,2,3,3,0,2,2,1,0,4,1,1,2,4,1,1,3,3,4,4,4,0,3,3,4,4,4,4,4,4,4,4,4,4,4,4,4,4,4,4,4,4,4,4,4,4,4,4,4,4,4,4,4,4,4,4,4,4,4,4,4,4,4,4,4,4,4,4,4,1,1,0,4,4,4,4,4,4,4,4,4,4,4,4,4,4,4,4,4,3,0,0,1,0,0,0,2,1,1,2,2,2,3,3,3,4,4,4,4,4,4,4,4,4,4,4,4,4,4,4,4,4,4,4,4,4,4,4,4,4,4,4,4,4,4,4,4,4,4,4,4,4,4,4,4,4,4,4,4,4,4,4,4,0,2,1,1,1,2,2,1,3,3,3,2,3,3,2,3,CP001120.1/2764534-2764350,0
394,0,1,0,2,3,3,2,1,3,1,0,3,3,1,0,1,1,4,3,3,4,3,3,3,0,3,2,0,3,0,2,1,1,1,1,2,4,4,4,4,4,4,4,4,4,4,4,4,4,4,4,4,4,4,4,1,0,0,3,3,0,0,2,1,4,4,4,4,4,4,4,4,4,4,4,4,2,2,0,3,2,0,3,2,1,2,1,4,3,3,1,0,3,0,0,2,1,1,3,1,4,1,2,0,0,3,2,0,3,2,1,4,1,3,0,4,4,4,0,2,0,1,4,4,4,4,4,4,3,2,2,4,4,3,2,1,1,3,4,0,4,3,1,2,3,1,1,0,1,1,3,0,0,0,4,1,1,2,0,1,0,4,3,3,2,3,2,4,3,2,0,4,0,4,0,2,1,0,1,4,4,4,4,4,0,3,4,4,4,4,4,4,4,4,4,4,4,4,4,4,4,4,4,4,4,4,4,4,4,4,4,4,4,4,4,4,4,4,4,4,4,4,4,4,4,4,4,4,4,4,4,4,4,4,4,4,4,4,4,4,3,0,3,1,0,4,4,0,0,1,0,3,4,1,2,2,0,1,2,0,1,0,1,2,3,3,2,0,4,4,4,4,4,4,4,4,4,4,4,4,4,4,4,4,4,4,4,4,4,2,3,2,0,2,2,1,0,4,1,1,2,4,1,1,3,0,4,4,3,2,3,1,4,4,4,4,4,4,4,4,4,4,4,4,4,4,4,4,4,4,4,4,4,4,4,4,4,4,4,4,4,4,4,4,4,4,4,4,4,4,4,4,4,4,4,4,4,1,3,2,4,4,4,4,4,4,4,4,4,4,4,4,4,4,4,4,4,1,3,2,3,2,0,3,2,0,0,3,4,4,4,4,4,4,4,4,4,4,4,4,4,4,4,4,4,4,4,4,4,4,4,4,4,4,4,4,4,4,4,4,4,4,4,4,4,4,4,4,4,4,4,4,4,4,4,4,4,4,4,4,3,4,4,4,4,0,3,3,1,0,3,1,0,0,3,3,3,AAYS01000006.1/85522-85719,0
395,2,1,0,2,3,2,2,1,3,1,0,3,3,1,0,1,1,4,2,0,4,1,3,3,0,3,2,3,1,0,2,1,1,1,1,3,3,1,2,4,4,4,4,4,4,4,4,4,4,2,2,0,1,2,3,4,4,4,4,4,4,4,4,4,4,4,4,4,4,4,4,4,4,4,4,4,4,4,4,4,4,4,4,4,4,2,1,4,3,0,1,0,3,0,0,0,0,3,3,1,4,4,2,0,0,3,2,0,1,2,1,4,0,1,0,4,0,1,4,4,4,4,4,4,4,4,4,0,0,2,2,4,4,3,2,1,1,3,4,2,4,1,1,2,3,1,1,0,4,4,0,1,3,3,4,1,3,2,0,3,0,4,3,1,0,2,1,4,2,3,0,4,4,4,4,2,1,3,4,4,4,4,4,4,4,0,4,4,4,4,4,4,4,4,4,4,4,4,4,4,4,4,4,4,4,4,4,4,4,4,4,4,4,4,4,4,4,4,4,4,4,4,4,4,4,4,4,4,4,4,4,4,4,4,4,4,4,4,4,4,3,0,3,1,0,4,4,0,1,1,0,3,4,1,2,2,2,1,2,0,0,0,1,2,3,1,2,0,4,4,4,4,4,4,4,4,4,4,4,4,4,4,4,4,4,4,4,4,4,2,3,3,0,2,2,1,0,4,1,1,2,4,1,1,3,3,4,4,4,0,3,3,4,4,4,4,4,4,4,4,4,4,4,4,4,4,4,4,4,4,4,4,4,4,4,4,4,4,4,4,4,4,4,4,4,4,4,4,4,4,4,4,4,4,4,4,4,1,1,0,4,4,4,4,4,4,4,4,4,4,4,4,4,4,4,4,4,3,0,0,1,0,0,0,2,1,1,2,2,2,4,4,3,0,0,3,4,4,4,4,3,4,4,4,4,4,4,4,4,4,4,4,4,4,4,4,4,4,4,4,4,4,4,4,4,4,4,4,4,4,4,4,4,4,4,4,4,4,4,4,4,4,4,1,1,1,2,2,1,3,3,3,2,3,3,2,3,AEZK01000047.1/233676-233489,0
396,0,1,0,2,3,3,2,1,3,1,0,3,3,1,0,1,1,4,3,3,4,3,3,3,0,3,2,0,3,0,2,1,1,1,1,2,4,4,4,4,4,4,4,4,4,4,4,4,4,4,4,4,4,4,4,1,0,0,3,3,0,0,2,1,4,4,4,4,4,4,4,4,4,4,4,4,2,2,0,3,2,0,3,2,1,2,1,4,3,3,1,0,3,0,0,2,1,1,3,1,4,1,2,0,0,3,2,0,3,2,1,4,1,3,0,4,4,4,0,2,0,1,4,4,4,4,4,4,3,2,2,4,4,3,2,1,1,3,4,0,4,3,1,2,3,1,1,0,1,1,3,0,0,0,4,1,1,2,0,1,0,4,3,3,2,3,2,4,3,2,0,4,0,4,0,2,1,0,1,4,4,4,4,4,0,3,4,4,4,4,4,4,4,4,4,4,4,4,4,4,4,4,4,4,4,4,4,4,4,4,4,4,4,4,4,4,4,4,4,4,4,4,4,4,4,4,4,4,4,4,4,4,4,4,4,4,4,4,4,4,3,0,3,1,0,4,4,0,0,1,0,3,4,1,2,2,0,1,2,0,1,0,1,2,3,3,2,0,4,4,4,4,4,4,4,4,4,4,4,4,4,4,4,4,4,4,4,4,4,2,3,2,0,2,2,1,0,4,1,1,2,4,1,1,3,0,4,4,3,2,3,1,4,4,4,4,4,4,4,4,4,4,4,4,4,4,4,4,4,4,4,4,4,4,4,4,4,4,4,4,4,4,4,4,4,4,4,4,4,4,4,4,4,4,4,4,4,1,3,2,4,4,4,4,4,4,4,4,4,4,4,4,4,4,4,4,4,1,3,2,3,2,0,3,2,0,0,3,4,4,4,4,4,4,4,4,4,4,4,4,4,4,4,4,4,4,4,4,4,4,4,4,4,4,4,4,4,4,4,4,4,4,4,4,4,4,4,4,4,4,4,4,4,4,4,4,4,4,4,4,3,4,4,4,4,0,3,3,1,0,3,1,0,0,3,3,3,AAYU01000004.1/224115-224312,0
397,2,3,4,4,4,2,2,1,3,1,0,3,3,1,0,1,1,4,2,0,4,1,3,3,0,3,2,3,1,0,2,1,1,1,1,3,3,1,2,4,4,4,4,4,4,4,4,4,4,2,2,0,1,2,3,4,4,4,4,4,4,4,4,4,4,4,4,4,4,4,4,4,4,4,4,4,4,4,4,4,4,4,4,4,4,2,1,4,3,0,1,0,3,0,0,0,0,3,3,1,4,4,2,0,0,3,2,0,1,2,1,4,4,4,4,4,0,1,0,0,4,4,4,4,4,4,1,0,0,2,2,4,4,3,2,1,1,3,4,2,4,1,1,2,3,1,1,0,4,4,0,1,3,3,4,1,3,2,0,3,0,4,3,1,0,2,1,4,2,3,0,4,4,4,4,2,1,3,4,4,4,4,4,4,4,0,4,4,4,4,4,4,4,4,4,4,4,4,4,4,4,4,4,4,4,4,4,4,4,4,4,4,4,4,4,4,4,4,4,4,4,4,4,4,4,4,4,4,4,4,4,4,4,4,4,4,4,4,4,4,3,0,3,1,0,4,4,0,1,1,0,3,4,1,2,2,2,1,2,0,0,0,1,2,3,1,2,0,4,4,4,4,4,4,4,4,4,4,4,4,4,4,4,4,4,4,4,4,4,2,3,3,0,2,2,1,0,4,1,1,2,4,1,1,3,3,4,4,4,0,3,3,4,4,4,4,4,4,4,4,4,4,4,4,4,4,4,4,4,4,4,4,4,4,4,4,4,4,4,4,4,4,4,4,4,4,4,4,4,4,4,4,4,4,4,4,4,1,1,0,4,4,4,4,4,4,4,4,4,4,4,4,4,4,4,4,4,3,0,0,1,0,0,0,2,1,1,2,2,2,4,4,3,0,0,3,4,4,4,4,3,4,4,4,4,4,4,4,4,4,4,4,4,4,4,4,4,4,4,4,4,4,4,4,4,4,4,4,4,4,4,4,4,4,4,4,4,4,4,4,4,4,4,1,1,1,2,2,1,3,3,3,2,3,3,2,3,AEZM01000062.1/34849-35033,0
398,2,3,4,4,4,2,2,1,3,1,0,3,3,1,0,1,1,4,2,0,4,1,3,3,0,3,2,3,1,0,2,1,1,1,1,3,3,1,2,4,4,4,4,4,4,4,4,4,4,2,2,0,1,2,3,4,4,4,4,4,4,4,4,4,4,4,4,4,4,4,4,4,4,4,4,4,4,4,4,4,4,4,4,4,4,2,1,4,3,0,1,0,3,0,0,0,0,3,0,1,4,4,2,0,0,3,2,0,1,2,1,4,4,4,4,4,0,1,0,0,4,4,4,4,4,4,1,0,0,2,2,4,4,3,2,1,1,3,4,2,4,1,1,2,3,1,1,0,4,4,0,1,3,3,4,1,3,2,0,3,0,4,3,1,0,2,1,4,2,3,0,4,4,4,4,2,1,3,4,4,4,4,4,4,4,0,4,4,4,4,4,4,4,4,4,4,4,4,4,4,4,4,4,4,4,4,4,4,4,4,4,4,4,4,4,4,4,4,4,4,4,4,4,4,4,4,4,4,4,4,4,4,4,4,4,4,4,4,4,4,3,0,3,1,0,4,4,0,1,1,0,3,4,1,2,2,2,1,2,0,0,0,1,2,3,1,2,0,4,4,4,4,4,4,4,4,4,4,4,4,4,4,4,4,4,4,4,4,4,2,3,3,0,2,2,1,0,4,1,1,2,4,1,1,3,3,4,4,4,0,3,3,4,4,4,4,4,4,4,4,4,4,4,4,4,4,4,4,4,4,4,4,4,4,4,4,4,4,4,4,4,4,4,4,4,4,4,4,4,4,4,4,4,4,4,4,4,1,1,0,4,4,4,4,4,4,4,4,4,4,4,4,4,4,4,4,4,3,0,0,1,0,0,0,2,1,1,2,2,2,4,4,3,0,0,3,4,4,4,4,3,4,4,4,4,4,4,4,4,4,4,4,4,4,4,4,4,4,4,4,4,4,4,4,4,4,4,4,4,4,4,4,4,4,4,4,4,4,4,4,4,4,4,1,1,1,2,2,1,3,3,3,2,3,3,2,3,CP000802.1/2729673-2729489,0
399,2,3,4,4,4,2,2,1,3,1,0,3,3,1,0,1,1,4,2,0,4,1,3,3,0,3,2,3,1,0,2,1,1,1,1,3,3,1,2,4,4,4,4,4,4,4,4,4,4,2,2,0,1,2,3,4,4,4,4,4,4,4,4,4,4,4,4,4,4,4,4,4,4,4,4,4,4,4,4,4,4,4,4,4,4,2,1,4,3,0,1,0,3,0,0,0,0,3,3,1,4,4,2,0,0,3,2,0,1,2,1,4,4,4,4,4,0,1,0,0,4,4,4,4,4,4,1,0,0,2,2,4,4,3,2,1,1,3,4,2,4,1,1,2,3,1,1,0,4,4,0,1,3,3,4,1,3,2,0,3,0,4,3,1,0,2,1,4,2,3,0,4,4,4,4,2,1,3,4,4,4,4,4,4,4,0,4,4,4,4,4,4,4,4,4,4,4,4,4,4,4,4,4,4,4,4,4,4,4,4,4,4,4,4,4,4,4,4,4,4,4,4,4,4,4,4,4,4,4,4,4,4,4,4,4,4,4,4,4,4,3,0,3,1,0,4,4,0,1,1,0,3,4,1,2,2,2,1,2,0,0,0,1,2,3,1,2,0,4,4,4,4,4,4,4,4,4,4,4,4,4,4,4,4,4,4,4,4,4,2,3,3,0,2,2,1,0,4,1,1,2,4,1,1,3,3,4,4,4,0,3,3,4,4,4,4,4,4,4,4,4,4,4,4,4,4,4,4,4,4,4,4,4,4,4,4,4,4,4,4,4,4,4,4,4,4,4,4,4,4,4,4,4,4,4,4,4,1,1,0,4,4,4,4,4,4,4,4,4,4,4,4,4,4,4,4,4,3,0,0,1,0,0,0,2,1,1,2,2,2,4,4,3,0,0,3,4,4,4,4,3,4,4,4,4,4,4,4,4,4,4,4,4,4,4,4,4,4,4,4,4,4,4,4,4,4,4,4,4,4,4,4,4,4,4,4,4,4,4,4,4,4,4,1,1,1,2,2,1,3,3,3,2,3,3,2,3,CP001368.1/3470693-3470509,0
400,2,3,4,4,4,2,2,1,3,1,0,3,3,1,0,1,1,4,3,3,4,1,3,3,0,3,2,3,1,0,2,1,1,1,1,3,3,1,2,4,4,4,4,4,4,4,4,4,4,2,2,0,0,2,1,4,4,4,4,4,4,4,4,4,4,4,4,4,4,4,4,4,4,4,4,4,4,4,4,4,4,4,4,4,4,2,1,4,3,0,1,0,3,0,0,0,1,3,3,1,4,4,2,0,0,3,2,0,1,2,1,4,4,4,4,4,0,1,0,0,4,4,4,4,4,4,1,0,0,2,2,4,4,3,2,1,1,3,4,2,4,1,1,2,3,1,1,0,4,4,0,1,0,3,4,1,3,2,0,3,0,4,3,1,0,2,1,4,2,3,0,4,2,4,1,3,4,1,4,4,4,4,4,4,4,0,4,4,4,4,4,4,4,4,4,4,4,4,4,4,4,4,4,4,4,4,4,4,4,4,4,4,4,4,4,4,4,4,4,4,4,4,4,4,4,4,4,4,4,4,4,4,4,4,4,4,4,4,4,4,3,0,3,1,0,4,4,0,1,1,3,1,4,1,2,2,2,1,2,0,0,0,1,2,3,1,2,0,4,4,4,4,4,4,4,4,4,4,4,4,4,4,4,4,4,4,4,4,4,2,3,3,0,2,2,1,0,4,1,1,2,4,1,1,3,3,4,4,4,0,3,3,4,4,4,4,4,4,4,4,4,4,4,4,4,4,4,4,4,4,4,4,4,4,4,4,4,4,4,4,4,4,4,4,4,4,4,4,4,4,4,4,4,4,4,4,4,1,1,0,4,4,4,4,4,4,4,4,4,4,4,4,4,4,4,4,4,3,0,0,1,0,0,0,2,1,1,2,2,2,4,4,3,3,0,0,4,4,4,4,3,4,4,4,4,4,4,4,4,4,4,4,4,4,4,4,4,4,4,4,4,4,4,4,4,4,4,4,4,4,4,4,4,4,4,4,4,4,4,4,4,4,4,1,1,1,2,2,1,3,3,3,2,3,3,2,3,ABWL02000002.1/36798-36983,0
401,2,3,0,2,0,3,2,1,3,1,0,3,3,1,1,0,3,4,3,3,4,1,3,3,0,3,2,3,3,1,2,1,1,3,3,0,4,4,4,4,4,4,4,4,4,4,4,4,4,4,4,4,4,2,3,4,4,4,4,4,4,4,4,4,4,4,4,4,4,4,4,4,4,4,4,4,4,4,4,4,4,4,4,4,4,2,1,4,1,3,1,0,3,0,0,0,1,3,1,1,4,2,2,0,0,3,2,0,1,2,1,4,0,2,0,4,2,1,1,2,3,3,4,4,4,4,3,0,1,2,2,4,4,3,2,1,3,3,4,0,4,3,1,2,3,1,1,0,4,4,1,3,2,0,4,1,0,2,0,3,2,4,3,1,2,1,4,4,4,3,3,4,3,4,3,2,1,1,4,4,4,4,4,4,4,3,4,4,4,4,4,4,4,4,4,4,4,4,4,4,4,4,4,4,4,4,4,4,4,4,4,4,4,4,4,4,4,4,4,4,4,4,4,4,4,4,4,4,4,4,4,4,4,4,4,4,4,4,4,4,1,0,3,1,0,2,0,1,0,1,1,0,4,3,2,2,0,1,0,1,0,0,1,2,3,3,2,0,4,4,4,4,4,4,4,4,4,4,4,4,4,4,4,4,4,4,4,4,4,2,3,2,0,0,2,1,0,4,1,1,4,4,1,0,1,3,4,4,3,2,3,3,2,3,1,0,4,3,4,0,1,0,4,4,4,4,4,4,4,4,4,4,4,4,4,4,4,4,4,4,4,4,4,4,4,4,4,4,4,4,4,4,4,4,2,0,1,1,3,2,4,4,4,4,4,4,4,4,4,4,4,4,4,4,4,4,4,3,3,3,3,0,0,1,2,1,1,3,2,1,3,1,1,2,3,0,0,4,3,0,0,4,4,4,4,4,4,4,4,4,4,4,4,4,4,4,4,4,4,4,4,4,4,4,4,4,4,4,4,4,4,4,4,4,4,4,4,4,4,4,4,2,0,2,1,0,2,2,1,2,3,3,3,3,3,3,3,AEJV01000117.1/25960-25754,0
402,2,3,4,4,4,3,2,1,3,1,0,3,3,1,3,1,1,4,3,2,4,3,1,3,0,3,2,0,3,3,2,1,1,1,1,2,1,0,3,3,2,4,4,4,4,4,4,4,1,2,2,3,3,2,0,4,4,4,4,4,4,4,4,4,4,4,4,4,4,4,4,4,4,4,4,4,4,4,4,4,4,4,4,4,4,2,1,4,4,3,1,0,3,0,0,0,0,3,3,1,4,4,2,0,0,3,2,0,1,2,1,4,0,4,4,4,4,1,1,0,0,0,4,4,4,4,4,4,1,2,2,4,4,0,2,1,1,3,4,2,4,1,1,2,3,1,1,0,4,1,1,1,0,0,4,1,1,2,0,3,0,4,0,3,1,2,1,4,3,3,2,4,1,4,3,3,3,2,1,0,4,4,0,1,2,3,4,4,4,4,4,4,4,4,4,4,4,4,4,4,4,4,4,4,4,4,4,4,4,4,4,4,4,4,4,4,4,4,4,4,4,4,4,4,4,4,4,4,4,4,4,4,4,4,4,4,4,4,4,4,3,0,3,1,0,0,2,4,4,1,0,3,4,1,2,2,0,1,2,1,0,0,1,2,3,3,2,0,4,4,4,4,4,4,4,4,4,4,4,4,4,4,4,4,4,4,4,4,4,2,3,3,0,2,2,1,3,4,1,1,0,4,1,1,3,0,4,4,3,3,3,3,2,1,0,0,4,2,4,1,2,0,4,4,4,4,4,4,4,4,4,4,4,4,4,4,4,4,4,4,4,4,4,4,4,4,4,4,4,4,4,4,4,4,3,2,1,3,2,1,2,2,1,4,4,4,4,4,4,4,4,4,4,2,3,1,2,1,3,1,3,1,0,1,2,2,1,0,2,1,1,1,0,0,0,0,4,4,4,4,4,4,4,4,4,4,4,4,4,4,4,4,4,4,4,4,4,4,4,4,4,4,4,4,4,4,4,4,4,4,4,4,4,4,4,4,4,4,4,4,4,2,2,2,1,3,2,1,1,2,3,3,3,3,1,1,3,AEWW01034921.1/36785-37001,0
403,2,3,0,2,0,3,2,1,3,1,0,3,3,1,1,0,3,4,1,3,4,1,3,3,0,3,2,3,3,1,2,1,1,3,3,1,4,4,4,4,4,4,4,4,4,4,4,4,4,4,4,4,4,3,2,4,4,4,4,4,4,4,4,4,4,4,4,4,4,4,4,4,4,4,4,4,4,4,4,4,4,4,4,4,4,2,1,4,1,3,1,0,3,0,0,0,1,3,1,0,4,2,2,0,0,3,2,0,3,2,1,4,0,2,0,4,2,1,1,2,3,3,4,4,4,4,3,0,1,2,2,4,4,3,2,1,3,3,4,0,4,3,1,2,3,1,1,0,4,4,1,3,2,0,4,1,0,2,0,3,2,4,3,1,2,1,4,4,4,3,3,4,0,4,1,2,1,1,4,4,4,4,4,4,4,3,4,4,4,4,4,4,4,4,4,4,4,4,4,4,4,4,4,4,4,4,4,4,4,4,4,4,4,4,4,4,4,4,4,4,4,4,4,4,4,4,4,4,4,4,4,4,4,4,4,4,4,4,4,4,1,0,3,1,0,0,0,1,0,1,1,1,4,3,2,2,0,1,0,1,0,0,1,2,3,3,2,0,4,4,4,4,4,4,4,4,4,4,4,4,4,4,4,4,4,4,4,4,4,2,3,2,0,0,2,1,0,4,1,1,1,4,1,3,3,3,4,0,3,2,3,3,2,3,1,0,4,3,4,0,1,0,4,4,4,4,4,4,4,4,4,4,4,4,4,4,4,4,4,4,4,4,4,4,4,4,4,4,4,4,4,4,4,4,2,0,1,1,3,2,4,4,4,4,4,4,4,4,4,4,4,4,4,4,4,4,4,3,3,3,3,2,0,1,2,1,1,3,2,1,1,1,1,3,3,0,0,4,4,1,1,4,4,4,4,4,4,4,4,4,4,4,4,4,4,4,4,4,4,4,4,4,4,4,4,4,4,4,4,4,4,4,4,4,4,4,4,4,4,4,4,2,2,2,1,0,2,2,1,2,3,3,3,3,3,3,3,ABFG01000008.1/212603-212396,0
404,2,3,4,4,4,2,2,1,3,1,0,3,3,1,0,1,1,4,2,0,4,1,3,3,0,3,2,3,1,0,2,1,1,1,1,3,3,1,2,4,4,4,4,4,4,4,4,4,4,2,2,0,1,2,3,4,4,4,4,4,4,4,4,4,4,4,4,4,4,4,4,4,4,4,4,4,4,4,4,4,4,4,4,4,4,2,1,4,3,0,1,0,3,0,0,0,0,3,3,1,4,4,2,0,0,3,2,0,1,2,1,4,4,4,4,4,0,1,0,0,4,4,4,4,4,4,1,0,0,2,2,4,4,3,2,1,1,3,4,2,4,1,1,2,3,1,1,0,4,4,0,1,3,3,4,1,3,2,0,3,0,4,3,1,0,2,1,4,2,3,0,4,4,4,4,2,1,3,4,4,4,4,4,4,4,0,4,4,4,4,4,4,4,4,4,4,4,4,4,4,4,4,4,4,4,4,4,4,4,4,4,4,4,4,4,4,4,4,4,4,4,4,4,4,4,4,4,4,4,4,4,4,4,4,4,4,4,4,4,4,3,0,3,1,0,4,4,0,1,1,0,3,4,1,2,2,2,1,2,0,0,0,1,2,3,1,2,0,4,4,4,4,4,4,4,4,4,4,4,4,4,4,4,4,4,4,4,4,4,2,3,3,0,2,2,1,0,4,1,1,2,4,1,1,3,3,4,4,4,0,3,3,4,4,4,4,4,4,4,4,4,4,4,4,4,4,4,4,4,4,4,4,4,4,4,4,4,4,4,4,4,4,4,4,4,4,4,4,4,4,4,4,4,4,4,4,4,1,1,0,4,4,4,4,4,4,4,4,4,4,4,4,4,4,4,4,4,3,0,0,1,0,0,0,2,1,1,2,2,2,4,4,3,0,0,3,4,4,4,4,3,4,4,4,4,4,4,4,4,4,4,4,4,4,4,4,4,4,4,4,4,4,4,4,4,4,4,4,4,4,4,4,4,4,4,4,4,4,4,4,4,4,4,1,1,1,2,2,1,3,3,3,2,3,3,2,3,ACXH01000079.1/37521-37337,0
405,2,3,0,2,0,3,2,1,3,1,0,3,3,1,1,0,3,4,1,3,4,1,3,3,0,3,2,3,3,1,2,1,1,3,3,1,4,4,4,4,4,4,4,4,4,4,4,4,4,4,4,4,4,3,2,4,4,4,4,4,4,4,4,4,4,4,4,4,4,4,4,4,4,4,4,4,4,4,4,4,4,4,4,4,4,2,1,4,1,3,1,0,3,0,0,0,1,3,1,0,4,2,2,0,0,3,2,0,3,2,1,4,0,2,0,4,2,1,1,2,3,3,4,4,4,4,3,0,1,2,2,4,4,3,2,1,3,3,4,0,4,3,1,2,3,1,1,0,4,4,1,3,2,0,4,1,0,2,0,3,2,4,3,1,2,1,4,4,4,3,3,4,0,4,1,2,1,1,4,4,4,4,4,4,4,3,4,4,4,4,4,4,4,4,4,4,4,4,4,4,4,4,4,4,4,4,4,4,4,4,4,4,4,4,4,4,4,4,4,4,4,4,4,4,4,4,4,4,4,4,4,4,4,4,4,4,4,4,4,4,1,0,3,1,0,0,0,1,0,1,1,1,4,3,2,2,0,1,0,1,0,0,1,2,3,3,2,0,4,4,4,4,4,4,4,4,4,4,4,4,4,4,4,4,4,4,4,4,4,2,3,2,0,0,2,1,0,4,1,1,1,4,1,3,3,3,4,0,3,2,3,3,2,3,1,0,4,3,4,0,1,0,4,4,4,4,4,4,4,4,4,4,4,4,4,4,4,4,4,4,4,4,4,4,4,4,4,4,4,4,4,4,4,4,2,0,1,1,3,2,4,4,4,4,4,4,4,4,4,4,4,4,4,4,4,4,4,3,3,3,3,2,0,1,2,1,1,3,2,1,1,1,1,3,3,0,0,4,4,1,1,4,4,4,4,4,4,4,4,4,4,4,4,4,4,4,4,4,4,4,4,4,4,4,4,4,4,4,4,4,4,4,4,4,4,4,4,4,4,4,4,2,2,2,1,0,2,2,1,2,3,3,3,3,3,3,0,CAAS01001335.1/418-625,0
406,2,1,0,2,3,2,2,1,3,1,0,3,3,1,0,1,1,4,2,0,4,1,3,3,0,3,2,3,1,0,2,1,1,1,1,3,3,1,2,4,4,4,4,4,4,4,4,4,4,2,2,0,1,2,3,4,4,4,4,4,4,4,4,4,4,4,4,4,4,4,4,4,4,4,4,4,4,4,4,4,4,4,4,4,4,2,1,4,3,0,1,0,3,0,0,0,0,3,3,1,4,4,2,0,0,3,2,0,1,2,1,4,0,1,0,4,0,1,4,4,4,4,4,4,4,4,4,0,0,2,2,4,4,3,2,1,1,3,4,2,4,1,1,2,3,1,1,0,4,4,0,1,3,3,4,1,3,2,0,3,0,4,3,1,0,2,1,4,2,3,0,4,4,4,4,2,1,3,4,4,4,4,4,4,4,0,4,4,4,4,4,4,4,4,4,4,4,4,4,4,4,4,4,4,4,4,4,4,4,4,4,4,4,4,4,4,4,4,4,4,4,4,4,4,4,4,4,4,4,4,4,4,4,4,4,4,4,4,4,4,3,0,3,1,0,4,4,0,1,1,0,3,4,1,2,2,2,1,2,0,0,0,1,2,3,1,2,0,4,4,4,4,4,4,4,4,4,4,4,4,4,4,4,4,4,4,4,4,4,2,3,3,0,2,2,1,0,4,1,1,2,4,1,1,3,3,4,4,4,0,3,3,4,4,4,4,4,4,4,4,4,4,4,4,4,4,4,4,4,4,4,4,4,4,4,4,4,4,4,4,4,4,4,4,4,4,4,4,4,4,4,4,4,4,4,4,4,1,1,0,4,4,4,4,4,4,4,4,4,4,4,4,4,4,4,4,4,3,0,0,1,0,0,0,2,1,1,2,2,2,4,4,3,0,0,3,4,4,4,4,3,4,4,4,4,4,4,4,4,4,4,4,4,4,4,4,4,4,4,4,4,4,4,4,4,4,4,4,4,4,4,4,4,4,4,4,4,4,4,4,4,4,4,1,1,1,2,2,1,3,3,3,2,3,3,2,3,AAJX02000007.1/149411-149224,0
407,2,3,0,2,0,3,2,1,3,1,0,3,3,1,1,0,3,4,1,3,4,1,3,3,0,3,2,3,3,1,2,1,1,3,3,0,4,4,4,4,4,4,4,4,4,4,4,4,4,4,4,4,4,2,3,4,4,4,4,4,4,4,4,4,4,4,4,4,4,4,4,4,4,4,4,4,4,4,4,4,4,4,4,4,4,2,1,4,1,3,1,0,3,0,0,0,1,3,1,1,4,2,2,0,0,3,2,0,1,2,1,4,0,2,0,4,2,1,1,2,3,3,4,4,4,4,3,0,1,2,2,4,4,3,2,1,3,3,4,0,4,3,1,2,3,1,1,0,4,4,1,3,2,0,4,1,0,2,0,3,2,4,3,1,2,1,4,4,4,3,3,4,0,4,3,2,1,1,4,4,4,4,4,4,4,3,4,4,4,4,4,4,4,4,4,4,4,4,4,4,4,4,4,4,4,4,4,4,4,4,4,4,4,4,4,4,4,4,4,4,4,4,4,4,4,4,4,4,4,4,4,4,4,4,4,4,4,4,4,4,1,0,3,1,0,2,0,1,0,1,1,0,4,3,2,2,0,1,0,1,0,0,1,2,3,3,2,0,4,4,4,4,4,4,4,4,4,4,4,4,4,4,4,4,4,4,4,4,4,2,3,2,0,0,2,1,0,4,1,1,4,4,1,0,1,3,4,4,3,2,3,3,2,3,1,0,4,3,4,0,1,0,4,4,4,4,4,4,4,4,4,4,4,4,4,4,4,4,4,4,4,4,4,4,4,4,4,4,4,4,4,4,4,4,2,0,1,1,3,2,4,4,4,4,4,4,4,4,4,4,4,4,4,4,4,4,4,3,3,3,3,0,0,1,2,1,1,3,2,1,3,1,1,2,3,0,0,4,3,0,0,4,4,4,4,4,4,4,4,4,4,4,4,4,4,4,4,4,4,4,4,4,4,4,4,4,4,4,4,4,4,4,4,4,4,4,4,4,4,4,4,2,0,2,1,0,2,2,1,2,3,3,3,3,3,3,3,ADMX01000018.1/51263-51057,0
408,2,3,0,2,0,3,2,1,3,1,0,3,1,3,1,0,1,4,3,3,4,0,3,3,0,3,2,0,1,0,2,1,1,3,2,2,1,3,3,3,4,4,4,4,4,4,4,4,4,0,3,0,2,1,1,4,4,4,4,4,4,4,4,4,4,4,4,4,4,4,4,4,4,4,4,4,4,4,4,4,4,4,4,4,4,0,1,4,3,3,1,0,3,0,0,0,1,1,1,0,4,2,0,2,0,3,2,0,3,2,1,4,0,2,0,4,2,1,1,2,0,3,4,4,3,3,3,0,2,2,2,4,4,3,2,1,1,3,4,0,4,3,3,2,3,1,1,0,4,3,2,3,0,0,4,0,1,2,0,3,2,4,3,3,2,0,0,4,3,0,3,4,1,4,3,3,4,4,4,4,4,4,4,4,4,4,4,4,4,4,4,4,4,4,4,4,4,4,4,4,4,4,4,4,4,4,4,4,4,4,4,4,4,4,4,4,4,4,4,4,4,4,4,4,4,4,4,4,4,4,4,4,4,4,4,4,4,4,4,4,1,0,3,1,0,4,4,1,0,3,0,1,4,1,2,2,2,1,0,3,0,0,1,2,3,3,2,0,4,4,4,4,4,4,4,4,4,4,4,4,4,4,4,4,4,4,4,4,4,2,3,2,0,2,2,1,2,4,1,1,4,4,0,0,1,0,4,4,3,2,3,3,2,3,1,3,4,2,4,3,4,0,4,4,4,4,4,4,4,4,4,4,4,4,4,4,4,4,4,4,4,4,4,4,4,4,4,4,4,4,4,4,4,4,2,0,1,1,3,2,0,0,4,4,4,4,4,4,4,4,4,4,4,4,0,0,3,3,3,3,0,2,0,1,2,1,3,3,2,1,1,2,0,0,0,0,4,4,4,4,4,4,4,4,4,4,4,4,4,4,4,4,4,4,4,4,4,4,4,4,4,4,4,4,4,4,4,4,4,4,4,4,4,4,4,4,4,4,4,4,4,1,2,2,1,0,0,2,1,2,3,3,3,3,3,3,3,AALC02000029.1/13844-13630,0
409,2,1,0,2,3,2,2,1,3,1,0,3,3,1,0,1,1,4,2,0,4,1,3,3,0,3,2,3,1,0,2,1,1,1,1,3,3,1,2,4,4,4,4,4,4,4,4,4,4,2,2,0,1,2,3,4,4,4,4,4,4,4,4,4,4,4,4,4,4,4,4,4,4,4,4,4,4,4,4,4,4,4,4,4,4,2,1,4,3,0,1,0,3,0,0,0,0,3,3,1,4,4,2,0,0,3,2,0,1,2,1,4,0,1,0,4,0,1,4,4,4,4,4,4,4,4,4,0,0,2,2,4,4,3,2,1,1,3,4,2,4,1,1,2,3,1,1,0,4,4,0,1,3,3,4,1,3,2,0,3,0,4,3,1,0,2,1,4,2,3,0,4,4,4,4,2,1,3,4,4,4,4,4,4,4,0,4,4,4,4,4,4,4,4,4,4,4,4,4,4,4,4,4,4,4,4,4,4,4,4,4,4,4,4,4,4,4,4,4,4,4,4,4,4,4,4,4,4,4,4,4,4,4,4,4,4,4,4,4,4,3,0,3,1,0,4,4,0,1,1,0,3,4,1,2,2,2,1,2,0,0,0,1,2,3,1,2,0,4,4,4,4,4,4,4,4,4,4,4,4,4,4,4,4,4,4,4,4,4,2,3,3,0,2,2,1,0,4,1,1,2,4,1,1,3,3,4,4,4,0,3,3,4,4,4,4,4,4,4,4,4,4,4,4,4,4,4,4,4,4,4,4,4,4,4,4,4,4,4,4,4,4,4,4,4,4,4,4,4,4,4,4,4,4,4,4,4,1,1,0,4,4,4,4,4,4,4,4,4,4,4,4,4,4,4,4,4,3,0,0,1,0,0,0,2,1,1,2,2,2,4,4,3,0,0,3,4,4,4,4,3,4,4,4,4,4,4,4,4,4,4,4,4,4,4,4,4,4,4,4,4,4,4,4,4,4,4,4,4,4,4,4,4,4,4,4,4,4,4,4,4,4,4,1,1,1,2,2,1,3,3,3,2,3,3,2,3,ACGN01000122.1/586172-585985,0
410,2,3,4,4,4,2,2,1,3,1,0,3,3,1,0,1,1,4,3,3,4,1,3,3,0,3,2,3,1,0,2,1,1,1,1,3,3,0,2,4,4,4,4,4,4,4,4,4,4,2,2,0,1,2,1,4,4,4,4,4,4,4,4,4,4,4,4,4,4,4,4,4,4,4,4,4,4,4,4,4,4,4,4,4,4,2,1,4,3,0,1,0,3,0,0,0,1,3,3,1,4,4,2,0,0,3,2,0,1,2,1,4,4,4,4,4,0,1,0,0,4,4,4,4,4,4,1,0,0,2,2,4,4,3,2,1,1,3,4,2,4,1,1,2,3,1,1,0,4,4,0,1,3,3,4,1,3,2,0,3,0,4,0,3,0,2,1,4,2,3,4,4,4,4,0,2,1,3,4,4,4,4,4,4,4,3,4,4,4,4,4,4,4,4,4,4,4,4,4,4,4,4,4,4,4,4,4,4,4,4,4,4,4,4,4,4,4,4,4,4,4,4,4,4,4,4,4,4,4,4,4,4,4,4,4,4,4,4,4,4,3,0,3,1,0,4,4,0,1,1,3,1,4,1,2,2,2,1,2,0,0,0,1,2,3,1,2,0,4,4,4,4,4,4,4,4,4,4,4,4,4,4,4,4,4,4,4,4,4,2,3,3,0,2,2,1,0,4,1,1,2,4,1,1,3,3,4,4,4,0,3,3,4,4,4,4,4,4,4,4,4,4,4,4,4,4,4,4,4,4,4,4,4,4,4,4,4,4,4,4,4,4,4,4,4,4,4,4,4,4,4,4,4,4,4,4,4,1,1,0,4,4,4,4,4,4,4,4,4,4,4,4,4,4,4,4,4,3,0,0,1,0,0,0,2,1,1,2,2,2,3,3,3,4,4,4,4,4,4,4,4,4,4,4,4,4,4,4,4,4,4,4,4,4,4,4,4,4,4,4,4,4,4,4,4,4,4,4,4,4,4,4,4,4,4,4,4,4,4,4,4,0,2,1,1,1,2,2,1,3,3,3,2,3,3,2,3,AESL01000013.1/40319-40503,0
411,2,3,0,2,0,3,2,1,3,1,0,3,3,1,1,0,3,4,1,3,4,1,3,3,0,3,2,3,3,1,2,1,1,3,3,0,4,4,4,4,4,4,4,4,4,4,4,4,4,4,4,4,4,2,3,4,4,4,4,4,4,4,4,4,4,4,4,4,4,4,4,4,4,4,4,4,4,4,4,4,4,4,4,4,4,2,1,4,1,3,1,0,3,0,0,0,1,3,1,1,4,2,2,0,0,3,2,0,1,2,1,4,0,2,0,4,2,1,1,2,3,3,4,4,4,4,3,0,1,2,2,4,4,3,2,1,3,3,4,0,4,3,1,2,3,1,1,0,4,4,1,3,2,0,4,1,0,2,0,3,2,4,3,1,2,1,4,4,4,3,3,4,0,4,3,2,1,1,4,4,4,4,4,4,4,3,4,4,4,4,4,4,4,4,4,4,4,4,4,4,4,4,4,4,4,4,4,4,4,4,4,4,4,4,4,4,4,4,4,4,4,4,4,4,4,4,4,4,4,4,4,4,4,4,4,4,4,4,4,4,1,0,3,1,0,2,0,1,0,1,1,0,4,3,2,2,0,1,0,1,0,0,1,2,3,3,2,0,4,4,4,4,4,4,4,4,4,4,4,4,4,4,4,4,4,4,4,4,4,2,3,2,0,0,2,1,0,4,1,1,4,4,1,0,1,3,4,4,3,2,3,3,2,3,1,0,4,3,4,0,1,0,4,4,4,4,4,4,4,4,4,4,4,4,4,4,4,4,4,4,4,4,4,4,4,4,4,4,4,4,4,4,4,4,2,0,1,1,3,2,4,4,4,4,4,4,4,4,4,4,4,4,4,4,4,4,4,3,3,3,3,0,0,1,2,1,1,3,2,1,3,1,1,2,3,0,0,4,3,0,0,4,4,4,4,4,4,4,4,4,4,4,4,4,4,4,4,4,4,4,4,4,4,4,4,4,4,4,4,4,4,4,4,4,4,4,4,4,4,4,4,2,0,2,1,0,2,2,1,2,3,3,3,3,3,3,3,ADWR01000014.1/38161-38367,0
412,2,1,0,2,3,2,2,1,3,1,0,3,3,1,0,1,1,4,2,0,4,1,3,3,0,3,2,3,1,0,2,1,1,1,1,3,3,1,2,4,4,4,4,4,4,4,4,4,4,2,2,0,1,2,3,4,4,4,4,4,4,4,4,4,4,4,4,4,4,4,4,4,4,4,4,4,4,4,4,4,4,4,4,4,4,2,1,4,3,0,1,0,3,0,0,0,0,3,3,1,4,4,2,0,0,3,2,0,1,2,1,4,0,1,0,4,0,1,4,4,4,4,4,4,4,4,4,0,0,2,2,4,4,3,2,1,1,3,4,2,4,1,1,2,3,1,1,0,4,4,0,1,3,3,4,1,3,2,0,3,0,4,3,1,0,2,1,4,2,3,0,4,4,4,4,2,1,3,4,4,4,4,4,4,4,0,4,4,4,4,4,4,4,4,4,4,4,4,4,4,4,4,4,4,4,4,4,4,4,4,4,4,4,4,4,4,4,4,4,4,4,4,4,4,4,4,4,4,4,4,4,4,4,4,4,4,4,4,4,4,3,0,3,1,0,4,4,0,1,1,0,3,4,1,2,2,2,1,2,0,0,0,1,2,3,1,2,0,4,4,4,4,4,4,4,4,4,4,4,4,4,4,4,4,4,4,4,4,4,2,3,3,0,2,2,1,0,4,1,1,2,4,1,1,3,3,4,4,4,0,3,3,4,4,4,4,4,4,4,4,4,4,4,4,4,4,4,4,4,4,4,4,4,4,4,4,4,4,4,4,4,4,4,4,4,4,4,4,4,4,4,4,4,4,4,4,4,1,1,0,4,4,4,4,4,4,4,4,4,4,4,4,4,4,4,4,4,3,0,0,1,0,0,0,2,1,1,2,2,2,4,4,3,0,0,3,4,4,4,4,3,4,4,4,4,4,4,4,4,4,4,4,4,4,4,4,4,4,4,4,4,4,4,4,4,4,4,4,4,4,4,4,4,4,4,4,4,4,4,4,4,4,4,1,1,1,2,2,1,3,3,3,2,3,3,2,3,CP000266.1/2671900-2671713,0
413,2,3,0,2,0,3,2,1,3,1,0,3,3,1,1,0,3,4,1,3,4,1,3,3,0,3,2,3,3,1,2,1,1,3,3,1,4,4,4,4,4,4,4,4,4,4,4,4,4,4,4,4,4,3,2,4,4,4,4,4,4,4,4,4,4,4,4,4,4,4,4,4,4,4,4,4,4,4,4,4,4,4,4,4,4,2,1,4,1,3,1,0,3,0,0,0,1,3,1,0,4,2,2,0,0,3,2,0,3,2,1,4,0,2,0,4,2,1,1,2,3,3,4,4,4,4,3,0,1,2,2,4,4,3,2,1,3,3,4,0,4,3,1,2,3,1,1,0,4,4,1,3,2,0,4,1,0,2,0,3,2,4,3,1,2,1,4,4,4,3,3,4,0,4,1,2,1,1,4,4,4,4,4,4,4,3,4,4,4,4,4,4,4,4,4,4,4,4,4,4,4,4,4,4,4,4,4,4,4,4,4,4,4,4,4,4,4,4,4,4,4,4,4,4,4,4,4,4,4,4,4,4,4,4,4,4,4,4,4,4,1,0,3,1,0,0,0,1,0,1,1,1,4,3,2,2,0,1,0,1,0,0,1,2,3,3,2,0,4,4,4,4,4,4,4,4,4,4,4,4,4,4,4,4,4,4,4,4,4,2,3,2,0,0,2,1,0,4,1,1,1,4,1,3,3,3,4,0,3,2,3,3,2,3,1,0,4,3,4,0,1,0,4,4,4,4,4,4,4,4,4,4,4,4,4,4,4,4,4,4,4,4,4,4,4,4,4,4,4,4,4,4,4,4,2,0,1,1,3,2,4,4,4,4,4,4,4,4,4,4,4,4,4,4,4,4,4,3,3,3,3,2,0,1,2,1,1,3,2,1,1,1,1,3,3,0,0,4,4,1,1,4,4,4,4,4,4,4,4,4,4,4,4,4,4,4,4,4,4,4,4,4,4,4,4,4,4,4,4,4,4,4,4,4,4,4,4,4,4,4,4,2,2,2,1,0,2,2,1,2,3,3,3,3,3,3,3,ABEL01000016.1/227-434,0
414,2,3,0,2,0,3,2,1,3,1,0,3,3,1,1,0,3,4,1,3,4,1,3,3,0,3,2,3,3,1,2,1,1,3,3,0,4,4,4,4,4,4,4,4,4,4,4,4,4,4,4,4,4,2,3,4,4,4,4,4,4,4,4,4,4,4,4,4,4,4,4,4,4,4,4,4,4,4,4,4,4,4,4,4,4,2,1,4,1,3,1,0,3,0,0,0,1,3,1,1,4,2,2,0,0,3,2,0,1,2,1,4,0,2,0,4,2,1,1,2,3,3,4,4,4,4,3,0,1,2,2,4,4,3,2,1,3,3,4,0,4,3,1,2,3,1,1,0,4,4,1,3,2,0,4,1,0,2,0,3,2,4,3,1,2,1,4,4,4,3,3,4,0,4,3,2,1,1,4,4,4,4,4,4,4,3,4,4,4,4,4,4,4,4,4,4,4,4,4,4,4,4,4,4,4,4,4,4,4,4,4,4,4,4,4,4,4,4,4,4,4,4,4,4,4,4,4,4,4,4,4,4,4,4,4,4,4,4,4,4,1,0,3,1,0,2,0,1,0,1,1,0,4,3,2,2,0,1,0,1,0,0,1,2,3,3,2,0,4,4,4,4,4,4,4,4,4,4,4,4,4,4,4,4,4,4,4,4,4,2,3,2,0,0,2,1,0,4,1,1,4,4,1,0,1,3,4,4,3,2,3,3,2,3,1,0,4,3,4,0,1,0,4,4,4,4,4,4,4,4,4,4,4,4,4,4,4,4,4,4,4,4,4,4,4,4,4,4,4,4,4,4,4,4,2,0,1,1,3,2,4,4,4,4,4,4,4,4,4,4,4,4,4,4,4,4,4,3,3,3,3,0,0,1,2,1,1,3,2,1,3,1,1,2,3,0,0,4,3,0,0,4,4,4,4,4,4,4,4,4,4,4,4,4,4,4,4,4,4,4,4,4,4,4,4,4,4,4,4,4,4,4,4,4,4,4,4,4,4,4,4,2,0,2,1,0,2,2,1,2,3,3,3,3,3,3,3,AP010960.1/4661192-4661398,0
415,2,3,4,4,4,2,2,1,3,1,0,3,3,1,0,1,1,4,3,3,4,1,3,3,0,3,2,3,1,0,2,1,1,1,1,3,3,0,2,4,4,4,4,4,4,4,4,4,4,2,2,0,1,2,1,4,4,4,4,4,4,4,4,4,4,4,4,4,4,4,4,4,4,4,4,4,4,4,4,4,4,4,4,4,4,2,1,4,3,0,1,0,3,0,0,0,1,3,3,1,4,4,2,0,0,3,2,0,1,2,1,4,4,4,4,4,0,1,0,0,4,4,4,4,4,4,1,0,0,2,2,4,4,3,2,1,1,3,4,2,4,1,1,2,3,1,1,0,4,4,0,1,3,3,4,1,3,2,0,3,0,4,0,3,0,2,1,4,2,3,4,4,4,4,0,2,1,3,4,4,4,4,4,4,4,3,4,4,4,4,4,4,4,4,4,4,4,4,4,4,4,4,4,4,4,4,4,4,4,4,4,4,4,4,4,4,4,4,4,4,4,4,4,4,4,4,4,4,4,4,4,4,4,4,4,4,4,4,4,4,3,0,3,1,0,4,4,0,1,1,3,1,4,1,2,2,2,1,2,0,0,0,1,2,3,1,2,0,4,4,4,4,4,4,4,4,4,4,4,4,4,4,4,4,4,4,4,4,4,2,3,3,0,2,2,1,0,4,1,1,2,4,1,1,3,3,4,4,4,0,3,3,4,4,4,4,4,4,4,4,4,4,4,4,4,4,4,4,4,4,4,4,4,4,4,4,4,4,4,4,4,4,4,4,4,4,4,4,4,4,4,4,4,4,4,4,4,1,1,0,4,4,4,4,4,4,4,4,4,4,4,4,4,4,4,4,4,3,0,0,1,0,0,0,2,1,1,2,2,2,3,3,3,4,4,4,4,4,4,4,4,4,4,4,4,4,4,4,4,4,4,4,4,4,4,4,4,4,4,4,4,4,4,4,4,4,4,4,4,4,4,4,4,4,4,4,4,4,4,4,4,0,2,1,1,1,2,2,1,3,3,3,2,3,3,2,3,AFYI01000002.1/2430128-2429944,0
416,2,1,0,2,3,2,2,1,3,1,0,3,3,1,0,1,1,4,2,0,4,1,3,3,0,3,2,3,1,0,2,1,1,1,1,3,3,1,2,4,4,4,4,4,4,4,4,4,4,2,2,0,1,2,3,4,4,4,4,4,4,4,4,4,4,4,4,4,4,4,4,4,4,4,4,4,4,4,4,4,4,4,4,4,4,2,1,4,3,0,1,0,3,0,0,0,0,3,3,1,4,4,2,0,0,3,2,0,1,2,1,4,0,1,0,4,0,1,4,4,4,4,4,4,4,4,4,0,0,2,2,4,4,3,2,1,1,3,4,2,4,1,1,2,3,1,1,0,4,4,0,1,3,3,4,1,3,2,0,3,0,4,3,1,0,2,1,4,2,3,0,4,4,4,4,2,1,3,4,4,4,4,4,4,4,0,4,4,4,4,4,4,4,4,4,4,4,4,4,4,4,4,4,4,4,4,4,4,4,4,4,4,4,4,4,4,4,4,4,4,4,4,4,4,4,4,4,4,4,4,4,4,4,4,4,4,4,4,4,4,3,0,3,1,0,4,4,0,1,1,0,3,4,1,2,2,2,1,2,0,0,0,1,2,3,1,2,0,4,4,4,4,4,4,4,4,4,4,4,4,4,4,4,4,4,4,4,4,4,2,3,3,0,2,2,1,0,4,1,1,2,4,1,1,3,3,4,4,4,0,3,3,4,4,4,4,4,4,4,4,4,4,4,4,4,4,4,4,4,4,4,4,4,4,4,4,4,4,4,4,4,4,4,4,4,4,4,4,4,4,4,4,4,4,4,4,4,1,1,0,4,4,4,4,4,4,4,4,4,4,4,4,4,4,4,4,4,3,0,0,1,0,0,0,2,1,1,2,2,2,4,4,3,0,0,3,4,4,4,4,3,4,4,4,4,4,4,4,4,4,4,4,4,4,4,4,4,4,4,4,4,4,4,4,4,4,4,4,4,4,4,4,4,4,4,4,4,4,4,4,4,4,4,1,1,1,2,2,1,3,3,3,2,3,3,2,3,AFWC01000202.1/758-571,0
417,2,3,0,2,0,3,2,1,3,1,0,3,3,1,1,0,3,4,1,3,4,1,3,3,0,3,2,3,3,1,2,1,1,3,3,1,4,4,4,4,4,4,4,4,4,4,4,4,4,4,4,4,4,3,2,4,4,4,4,4,4,4,4,4,4,4,4,4,4,4,4,4,4,4,4,4,4,4,4,4,4,4,4,4,4,2,1,4,1,3,1,0,3,0,0,0,1,3,1,0,4,2,2,0,0,3,2,0,3,2,1,4,0,2,0,4,2,1,1,2,3,3,4,4,4,4,3,0,1,2,2,4,4,3,2,1,3,3,4,0,4,3,1,2,3,1,1,0,4,4,1,3,2,0,4,1,0,2,0,3,2,4,3,1,2,1,4,4,4,3,3,4,0,4,1,2,1,1,4,4,4,4,4,4,4,3,4,4,4,4,4,4,4,4,4,4,4,4,4,4,4,4,4,4,4,4,4,4,4,4,4,4,4,4,4,4,4,4,4,4,4,4,4,4,4,4,4,4,4,4,4,4,4,4,4,4,4,4,4,4,1,0,3,1,0,0,0,1,0,1,1,1,4,3,2,2,0,1,0,1,0,0,1,2,3,3,2,0,4,4,4,4,4,4,4,4,4,4,4,4,4,4,4,4,4,4,4,4,4,2,3,2,0,0,2,1,0,4,1,1,1,4,1,3,3,3,4,0,3,2,3,3,2,3,1,0,4,3,4,0,1,0,4,4,4,4,4,4,4,4,4,4,4,4,4,4,4,4,4,4,4,4,4,4,4,4,4,4,4,4,4,4,4,4,2,0,1,1,3,2,4,4,4,4,4,4,4,4,4,4,4,4,4,4,4,4,4,3,3,3,3,2,0,1,2,1,1,3,2,1,1,1,1,3,3,0,0,4,4,1,1,4,4,4,4,4,4,4,4,4,4,4,4,4,4,4,4,4,4,4,4,4,4,4,4,4,4,4,4,4,4,4,4,4,4,4,4,4,4,4,4,2,2,2,1,0,2,2,1,2,3,3,3,3,3,3,3,AESP01000062.1/53124-52917,0
418,2,3,4,4,4,2,2,1,3,1,0,3,3,1,0,1,1,4,2,0,4,1,3,3,0,3,2,3,1,0,2,1,1,1,1,3,3,1,2,4,4,4,4,4,4,4,4,4,4,2,2,0,1,2,3,4,4,4,4,4,4,4,4,4,4,4,4,4,4,4,4,4,4,4,4,4,4,4,4,4,4,4,4,4,4,2,1,4,3,0,1,0,3,0,0,0,0,3,3,1,4,4,2,0,0,3,2,0,1,2,1,4,4,4,4,4,0,1,0,0,4,4,4,4,4,4,1,0,0,2,2,4,4,3,2,1,1,3,4,2,4,1,1,2,3,1,1,0,4,4,0,1,3,3,4,1,3,2,0,3,0,4,3,1,0,2,1,4,2,3,0,4,4,4,4,2,1,3,4,4,4,4,4,4,4,0,4,4,4,4,4,4,4,4,4,4,4,4,4,4,4,4,4,4,4,4,4,4,4,4,4,4,4,4,4,4,4,4,4,4,4,4,4,4,4,4,4,4,4,4,4,4,4,4,4,4,4,4,4,4,3,0,3,1,0,4,4,0,1,1,0,3,4,1,2,2,2,1,2,0,0,0,1,2,3,1,2,0,4,4,4,4,4,4,4,4,4,4,4,4,4,4,4,4,4,4,4,4,4,2,3,3,0,2,2,1,0,4,1,1,2,4,1,1,3,3,4,4,4,0,3,3,4,4,4,4,4,4,4,4,4,4,4,4,4,4,4,4,4,4,4,4,4,4,4,4,4,4,4,4,4,4,4,4,4,4,4,4,4,4,4,4,4,4,4,4,4,1,1,0,4,4,4,4,4,4,4,4,4,4,4,4,4,4,4,4,4,3,0,0,1,0,0,0,2,1,1,2,2,2,4,4,3,0,0,3,4,4,4,4,3,4,4,4,4,4,4,4,4,4,4,4,4,4,4,4,4,4,4,4,4,4,4,4,4,4,4,4,4,4,4,4,4,4,4,4,4,4,4,4,4,4,4,1,1,1,2,2,1,3,3,3,2,3,3,2,3,ADMX01000265.1/34555-34739,0
419,2,3,4,4,4,2,2,1,3,1,0,3,3,1,0,1,1,4,3,3,4,1,3,3,0,3,2,3,1,0,2,1,1,1,1,3,3,0,2,4,4,4,4,4,4,4,4,4,4,2,2,0,1,2,1,4,4,4,4,4,4,4,4,4,4,4,4,4,4,4,4,4,4,4,4,4,4,4,4,4,4,4,4,4,4,2,1,4,3,0,1,0,3,0,0,0,1,3,3,1,4,4,2,0,0,3,2,0,1,2,1,4,4,4,4,4,0,1,0,0,4,4,4,4,4,4,1,0,0,2,2,4,4,3,2,1,1,3,4,2,4,1,1,2,3,1,1,0,4,4,0,1,3,3,4,1,3,2,0,3,0,4,0,3,0,2,1,4,2,3,4,4,4,4,0,2,1,3,4,4,4,4,4,4,4,3,4,4,4,4,4,4,4,4,4,4,4,4,4,4,4,4,4,4,4,4,4,4,4,4,4,4,4,4,4,4,4,4,4,4,4,4,4,4,4,4,4,4,4,4,4,4,4,4,4,4,4,4,4,4,3,0,3,1,0,4,4,0,1,1,3,1,4,1,2,2,2,1,2,0,0,0,1,2,3,1,2,0,4,4,4,4,4,4,4,4,4,4,4,4,4,4,4,4,4,4,4,4,4,2,3,3,0,2,2,1,0,4,1,1,2,4,1,1,3,3,4,4,4,0,3,3,4,4,4,4,4,4,4,4,4,4,4,4,4,4,4,4,4,4,4,4,4,4,4,4,4,4,4,4,4,4,4,4,4,4,4,4,4,4,4,4,4,4,4,4,4,1,1,0,4,4,4,4,4,4,4,4,4,4,4,4,4,4,4,4,4,3,0,0,1,0,0,0,2,1,1,2,2,2,3,3,3,4,4,4,4,4,4,4,4,4,4,4,4,4,4,4,4,4,4,4,4,4,4,4,4,4,4,4,4,4,4,4,4,4,4,4,4,4,4,4,4,4,4,4,4,4,4,4,4,0,2,1,1,1,2,2,1,3,3,3,2,3,3,2,3,AETH01000091.1/32892-32708,0
420,2,3,0,2,0,3,2,1,3,1,0,3,3,1,1,0,3,4,1,3,4,1,3,3,0,3,2,3,3,1,2,1,1,3,3,1,4,4,4,4,4,4,4,4,4,4,4,4,4,4,4,4,4,3,2,4,4,4,4,4,4,4,4,4,4,4,4,4,4,4,4,4,4,4,4,4,4,4,4,4,4,4,4,4,4,2,1,4,1,3,1,0,3,0,0,0,1,3,1,0,4,2,2,0,0,3,2,0,3,2,1,4,0,2,0,4,2,1,1,2,3,3,4,4,4,4,3,0,1,2,2,4,4,3,2,1,3,3,4,0,4,3,1,2,3,1,1,0,4,4,1,3,2,0,4,1,0,2,0,3,2,4,3,1,2,1,4,4,4,3,3,4,0,4,1,2,1,1,4,4,4,4,4,4,4,3,4,4,4,4,4,4,4,4,4,4,4,4,4,4,4,4,4,4,4,4,4,4,4,4,4,4,4,4,4,4,4,4,4,4,4,4,4,4,4,4,4,4,4,4,4,4,4,4,4,4,4,4,4,4,1,0,3,1,0,0,0,1,0,1,1,1,4,3,2,2,0,1,0,1,0,0,1,2,3,3,2,0,4,4,4,4,4,4,4,4,4,4,4,4,4,4,4,4,4,4,4,4,4,2,3,2,0,0,2,1,0,4,1,1,1,4,1,3,3,3,4,0,3,2,3,3,2,3,1,0,4,3,4,0,1,0,4,4,4,4,4,4,4,4,4,4,4,4,4,4,4,4,4,4,4,4,4,4,4,4,4,4,4,4,4,4,4,4,2,0,1,1,3,2,4,4,4,4,4,4,4,4,4,4,4,4,4,4,4,4,4,3,3,3,3,2,0,1,2,1,1,3,2,1,1,1,1,3,3,0,0,4,4,1,1,4,4,4,4,4,4,4,4,4,4,4,4,4,4,4,4,4,4,4,4,4,4,4,4,4,4,4,4,4,4,4,4,4,4,4,4,4,4,4,4,2,2,2,1,0,2,2,1,2,3,3,3,3,3,3,3,AETP01000015.1/53127-52920,0
421,2,3,4,4,4,2,2,1,3,1,0,3,3,1,0,1,1,4,3,3,4,1,3,3,0,3,2,3,1,0,2,1,1,1,1,3,3,0,2,4,4,4,4,4,4,4,4,4,4,2,2,0,1,2,1,4,4,4,4,4,4,4,4,4,4,4,4,4,4,4,4,4,4,4,4,4,4,4,4,4,4,4,4,4,4,2,1,4,3,0,1,0,3,0,0,0,1,3,3,1,4,4,2,0,0,3,2,0,1,2,1,4,4,4,4,4,0,1,0,0,4,4,4,4,4,4,1,0,0,2,2,4,4,3,2,1,1,3,4,2,4,1,1,2,3,1,3,0,4,4,0,1,3,3,4,1,3,2,0,3,0,4,0,3,0,2,1,4,2,3,4,4,4,4,0,2,1,3,4,4,4,4,4,4,4,3,4,4,4,4,4,4,4,4,4,4,4,4,4,4,4,4,4,4,4,4,4,4,4,4,4,4,4,4,4,4,4,4,4,4,4,4,4,4,4,4,4,4,4,4,4,4,4,4,4,4,4,4,4,4,3,0,3,1,0,4,4,0,1,1,3,1,4,1,2,2,2,1,2,0,0,0,1,2,3,1,2,0,4,4,4,4,4,4,4,4,4,4,4,4,4,4,4,4,4,4,4,4,4,2,3,3,0,2,2,1,0,4,1,1,2,4,1,1,3,3,4,4,4,0,3,3,4,4,4,4,4,4,4,4,4,4,4,4,4,4,4,4,4,4,4,4,4,4,4,4,4,4,4,4,4,4,4,4,4,4,4,4,4,4,4,4,4,4,4,4,4,1,1,0,4,4,4,4,4,4,4,4,4,4,4,4,4,4,4,4,4,3,0,0,1,0,0,0,2,1,1,2,2,2,3,3,3,4,4,4,4,4,4,4,4,4,4,4,4,4,4,4,4,4,4,4,4,4,4,4,4,4,4,4,4,4,4,4,4,4,4,4,4,4,4,4,4,4,4,4,4,4,4,4,4,0,2,1,1,1,2,2,1,3,3,3,2,3,3,2,3,AL627275.1/114934-114750,0
422,2,3,4,4,4,2,2,1,3,1,0,3,3,1,0,1,1,4,3,3,4,1,3,3,0,3,2,3,1,0,2,1,1,1,1,3,3,0,2,4,4,4,4,4,4,4,4,4,4,2,2,0,1,2,1,4,4,4,4,4,4,4,4,4,4,4,4,4,4,4,4,4,4,4,4,4,4,4,4,4,4,4,4,4,4,2,1,4,3,0,1,0,3,0,0,0,1,3,3,1,4,4,2,0,0,3,2,0,1,2,1,4,4,4,4,4,0,1,0,0,4,4,4,4,4,4,1,0,0,2,2,4,4,3,2,1,1,3,4,2,4,1,1,2,3,1,1,0,4,4,0,1,3,3,4,1,3,2,0,3,0,4,0,3,0,2,1,4,2,3,4,4,4,4,0,2,1,3,4,4,4,4,4,4,4,3,4,4,4,4,4,4,4,4,4,4,4,4,4,4,4,4,4,4,4,4,4,4,4,4,4,4,4,4,4,4,4,4,4,4,4,4,4,4,4,4,4,4,4,4,4,4,4,4,4,4,4,4,4,4,3,0,3,1,0,4,4,0,1,1,3,1,4,1,2,2,2,1,2,0,0,0,1,2,3,1,2,0,4,4,4,4,4,4,4,4,4,4,4,4,4,4,4,4,4,4,4,4,4,2,3,3,0,2,2,1,0,4,1,1,2,4,1,1,3,3,4,4,4,0,3,3,4,4,4,4,4,4,4,4,4,4,4,4,4,4,4,4,4,4,4,4,4,4,4,4,4,4,4,4,4,4,4,4,4,4,4,4,4,4,4,4,4,4,4,4,4,1,1,0,4,4,4,4,4,4,4,4,4,4,4,4,4,4,4,4,4,3,0,0,1,0,0,0,2,1,1,2,2,2,3,3,3,4,4,4,4,4,4,4,4,4,4,4,4,4,4,4,4,4,4,4,4,4,4,4,4,4,4,4,4,4,4,4,4,4,4,4,4,4,4,4,4,4,4,4,4,4,4,4,4,0,2,1,1,1,2,2,1,3,3,3,2,3,3,2,3,ABEI01000009.1/180393-180209,0
423,2,3,0,2,0,3,2,1,3,1,0,3,3,1,1,0,3,4,1,3,4,1,3,3,0,3,2,3,3,1,2,1,1,3,3,1,4,4,4,4,4,4,4,4,4,4,4,4,4,4,4,4,4,3,2,4,4,4,4,4,4,4,4,4,4,4,4,4,4,4,4,4,4,4,4,4,4,4,4,4,4,4,4,4,4,2,1,4,1,3,1,0,3,0,0,0,1,3,1,0,4,2,2,0,0,3,2,0,3,2,1,4,0,2,0,4,2,1,1,2,3,3,4,4,4,4,3,0,1,2,2,4,4,3,2,1,3,3,4,0,4,3,1,2,3,1,1,0,4,4,1,3,2,0,4,1,0,2,0,3,2,4,3,1,2,1,4,4,4,3,3,4,0,4,1,2,1,1,4,4,4,4,4,4,4,3,4,4,4,4,4,4,4,4,4,4,4,4,4,4,4,4,4,4,4,4,4,4,4,4,4,4,4,4,4,4,4,4,4,4,4,4,4,4,4,4,4,4,4,4,4,4,4,4,4,4,4,4,4,4,1,0,3,1,0,0,0,1,0,1,1,1,4,3,2,2,0,1,0,1,0,0,1,2,3,3,2,0,4,4,4,4,4,4,4,4,4,4,4,4,4,4,4,4,4,4,4,4,4,2,3,2,0,0,2,1,0,4,1,1,1,4,1,3,3,3,4,0,3,2,3,3,2,3,1,0,4,3,4,0,1,0,4,4,4,4,4,4,4,4,4,4,4,4,4,4,4,4,4,4,4,4,4,4,4,4,4,4,4,4,4,4,4,4,2,0,1,1,3,2,4,4,4,4,4,4,4,4,4,4,4,4,4,4,4,4,4,3,3,3,3,2,0,1,2,1,1,3,2,1,1,1,1,3,3,0,0,4,4,1,1,4,4,4,4,4,4,4,4,4,4,4,4,4,4,4,4,4,4,4,4,4,4,4,4,4,4,4,4,4,4,4,4,4,4,4,4,4,4,4,4,2,2,2,1,0,2,2,1,2,3,3,3,3,3,3,3,AETQ01000016.1/39678-39885,0
424,2,1,0,2,3,2,2,1,3,1,0,3,3,1,0,1,1,4,2,0,4,1,3,3,0,3,2,3,1,0,2,1,1,1,1,3,3,1,2,4,4,4,4,4,4,4,4,4,4,2,2,0,1,2,3,4,4,4,4,4,4,4,4,4,4,4,4,4,4,4,4,4,4,4,4,4,4,4,4,4,4,4,4,4,4,2,1,4,3,0,1,0,3,0,0,0,0,3,3,1,4,4,2,0,0,3,2,0,1,2,1,4,0,1,0,4,0,1,4,4,4,4,4,4,4,4,4,0,0,2,2,4,4,3,2,1,1,3,4,2,4,1,1,2,3,1,1,0,4,4,0,1,3,3,4,1,3,2,0,3,0,4,3,1,0,2,1,4,2,3,0,4,4,4,4,2,1,3,4,4,4,4,4,4,4,0,4,4,4,4,4,4,4,4,4,4,4,4,4,4,4,4,4,4,4,4,4,4,4,4,4,4,4,4,4,4,4,4,4,4,4,4,4,4,4,4,4,4,4,4,4,4,4,4,4,4,4,4,4,4,3,0,3,1,0,4,4,0,1,1,0,3,4,1,2,2,2,1,2,0,0,0,1,2,3,1,2,0,4,4,4,4,4,4,4,4,4,4,4,4,4,4,4,4,4,4,4,4,4,2,3,3,0,2,2,1,0,4,1,1,2,4,1,1,3,3,4,4,4,0,3,3,4,4,4,4,4,4,4,4,4,4,4,4,4,4,4,4,4,4,4,4,4,4,4,4,4,4,4,4,4,4,4,4,4,4,4,4,4,4,4,4,4,4,4,4,4,1,1,0,4,4,4,4,4,4,4,4,4,4,4,4,4,4,4,4,4,3,0,0,1,0,0,0,2,1,1,2,2,2,4,4,3,0,0,3,4,4,4,4,3,4,4,4,4,4,4,4,4,4,4,4,4,4,4,4,4,4,4,4,4,4,4,4,4,4,4,4,4,4,4,4,4,4,4,4,4,4,4,4,4,4,4,1,1,1,2,2,1,3,3,3,2,3,3,2,3,AAJV02000013.1/68566-68379,0
425,2,3,0,2,0,3,2,1,3,1,0,3,3,1,1,0,3,4,1,3,4,1,3,3,0,3,2,3,3,1,2,1,1,3,3,0,4,4,4,4,4,4,4,4,4,4,4,4,4,4,4,4,4,2,3,4,4,4,4,4,4,4,4,4,4,4,4,4,4,4,4,4,4,4,4,4,4,4,4,4,4,4,4,4,4,2,1,4,1,3,1,0,3,0,0,0,1,3,1,1,4,2,2,0,0,3,2,0,1,2,1,4,0,2,0,4,2,1,1,2,3,3,4,4,4,4,3,0,1,2,2,4,4,3,2,1,3,3,4,0,4,3,1,2,3,1,1,0,4,4,1,3,2,0,4,1,0,2,0,3,2,4,3,1,2,1,4,4,4,3,3,4,0,4,3,2,1,1,4,4,4,4,4,4,4,3,4,4,4,4,4,4,4,4,4,4,4,4,4,4,4,4,4,4,4,4,4,4,4,4,4,4,4,4,4,4,4,4,4,4,4,4,4,4,4,4,4,4,4,4,4,4,4,4,4,4,4,4,4,4,1,0,3,1,0,2,0,1,0,1,1,0,4,3,2,2,0,1,0,1,0,0,1,2,3,3,2,0,4,4,4,4,4,4,4,4,4,4,4,4,4,4,4,4,4,4,4,4,4,2,3,2,0,0,2,1,0,4,1,1,4,4,1,0,1,3,4,4,3,2,3,3,2,3,1,0,4,3,4,0,1,0,4,4,4,4,4,4,4,4,4,4,4,4,4,4,4,4,4,4,4,4,4,4,4,4,4,4,4,4,4,4,4,4,2,0,1,1,3,2,4,4,4,4,4,4,4,4,4,4,4,4,4,4,4,4,4,3,3,3,3,0,0,1,2,1,1,3,2,1,3,1,1,2,3,0,0,4,3,0,0,4,4,4,4,4,4,4,4,4,4,4,4,4,4,4,4,4,4,4,4,4,4,4,4,4,4,4,4,4,4,4,4,4,4,4,4,4,4,4,4,2,0,2,1,0,2,2,1,2,3,3,3,3,3,3,3,AFVF01000021.1/41222-41428,0
426,2,3,4,4,4,2,2,1,3,1,0,3,3,1,0,1,1,4,3,3,4,1,3,3,0,3,2,3,1,0,2,1,1,1,1,3,3,0,2,4,4,4,4,4,4,4,4,4,4,2,2,0,1,2,1,4,4,4,4,4,4,4,4,4,4,4,4,4,4,4,4,4,4,4,4,4,4,4,4,4,4,4,4,4,4,2,1,4,3,0,1,0,3,0,0,0,1,3,3,1,4,4,2,0,0,3,2,0,1,2,1,4,4,4,4,4,0,1,0,0,4,4,4,4,4,4,1,0,0,2,2,4,4,3,2,1,1,3,4,2,4,1,1,2,3,1,1,0,4,4,0,1,3,3,4,1,3,2,0,3,0,4,0,3,0,2,1,4,2,3,4,4,4,4,0,2,1,3,4,4,4,4,4,4,4,3,4,4,4,4,4,4,4,4,4,4,4,4,4,4,4,4,4,4,4,4,4,4,4,4,4,4,4,4,4,4,4,4,4,4,4,4,4,4,4,4,4,4,4,4,4,4,4,4,4,4,4,4,4,4,3,0,3,1,0,4,4,0,1,1,3,1,4,1,2,2,2,1,2,0,0,0,1,2,3,1,2,0,4,4,4,4,4,4,4,4,4,4,4,4,4,4,4,4,4,4,4,4,4,2,3,3,0,2,2,1,0,4,1,1,2,4,1,1,3,3,4,4,4,0,3,3,4,4,4,4,4,4,4,4,4,4,4,4,4,4,4,4,4,4,4,4,4,4,4,4,4,4,4,4,4,4,4,4,4,4,4,4,4,4,4,4,4,4,4,4,4,1,1,0,4,4,4,4,4,4,4,4,4,4,4,4,4,4,4,4,4,3,0,0,1,0,0,0,2,1,1,2,2,2,3,3,3,4,4,4,4,4,4,4,4,4,4,4,4,4,4,4,4,4,4,4,4,4,4,4,4,4,4,4,4,4,4,4,4,4,4,4,4,4,4,4,4,4,4,4,4,4,4,4,4,0,2,1,1,1,2,2,1,3,3,3,2,3,3,2,3,AETG01000009.1/32883-32699,0
427,0,1,0,2,3,3,2,1,3,1,0,3,3,1,0,1,1,4,3,3,4,3,3,3,0,3,2,0,3,0,2,1,1,1,1,2,4,4,4,4,4,4,4,4,4,4,4,4,4,4,4,4,4,4,4,1,0,0,3,3,0,0,2,1,4,4,4,4,4,4,4,4,4,4,4,4,2,2,0,3,2,0,3,2,1,2,1,4,3,3,1,0,3,0,0,2,1,1,3,1,4,1,2,0,0,3,2,0,3,2,1,4,1,3,0,4,4,4,0,2,0,1,4,4,4,4,4,4,3,2,2,4,4,3,2,1,1,3,4,0,4,3,1,2,3,1,1,0,1,1,3,0,0,0,4,1,1,2,0,1,0,4,3,3,2,3,2,4,3,2,0,4,0,4,0,2,1,0,1,4,4,4,4,4,0,3,4,4,4,4,4,4,4,4,4,4,4,4,4,4,4,4,4,4,4,4,4,4,4,4,4,4,4,4,4,4,4,4,4,4,4,4,4,4,4,4,4,4,4,4,4,4,4,4,4,4,4,4,4,4,3,0,3,1,0,4,4,0,0,1,0,3,4,1,2,2,0,1,2,0,1,0,1,2,3,3,2,0,4,4,4,4,4,4,4,4,4,4,4,4,4,4,4,4,4,4,4,4,4,2,3,2,0,2,2,1,0,4,1,1,2,4,1,1,3,0,4,4,3,2,3,1,4,4,4,4,4,4,4,4,4,4,4,4,4,4,4,4,4,4,4,4,4,4,4,4,4,4,4,4,4,4,4,4,4,4,4,4,4,4,4,4,4,4,4,4,4,1,3,2,4,4,4,4,4,4,4,4,4,4,4,4,4,4,4,4,4,1,3,2,3,2,0,3,2,0,0,3,4,4,4,4,4,4,4,4,4,4,4,4,4,4,4,4,4,4,4,4,4,4,4,4,4,4,4,4,4,4,4,4,4,4,4,4,4,4,4,4,4,4,4,4,4,4,4,4,4,4,4,4,3,4,4,4,4,0,3,3,1,0,3,1,0,0,3,3,3,CP001585.1/2946088-2945891,0
428,2,3,0,2,0,3,2,1,3,1,0,3,3,1,3,0,3,4,1,3,4,1,3,3,0,3,2,3,3,1,2,1,1,3,3,0,4,4,4,4,4,4,4,4,4,4,4,4,4,4,4,4,4,2,3,4,4,4,4,4,4,4,4,4,4,4,4,4,4,4,4,4,4,4,4,4,4,4,4,4,4,4,4,4,4,2,1,4,1,3,1,0,3,0,0,0,1,3,1,1,4,2,2,0,0,3,2,0,1,2,1,4,0,2,0,4,2,1,1,2,3,3,4,4,4,4,3,0,1,2,2,4,4,3,2,1,3,3,4,0,4,3,1,2,3,1,1,0,4,4,1,3,2,0,4,1,0,2,0,3,2,4,3,1,2,1,4,4,4,3,3,4,0,4,3,2,1,1,4,4,4,4,4,4,4,3,4,4,4,4,4,4,4,4,4,4,4,4,4,4,4,4,4,4,4,4,4,4,4,4,4,4,4,4,4,4,4,4,4,4,4,4,4,4,4,4,4,4,4,4,4,4,4,4,4,4,4,4,4,4,1,0,3,1,0,2,0,1,0,1,1,0,4,3,2,2,0,1,0,1,0,0,1,2,3,3,2,0,4,4,4,4,4,4,4,4,4,4,4,4,4,4,4,4,4,4,4,4,4,2,3,2,0,0,2,1,0,4,1,1,4,4,1,0,1,3,4,4,3,2,3,3,2,3,1,0,4,3,4,0,1,0,4,4,4,4,4,4,4,4,4,4,4,4,4,4,4,4,4,4,4,4,4,4,4,4,4,4,4,4,4,4,4,4,2,0,1,1,3,2,4,4,4,4,4,4,4,4,4,4,4,4,4,4,4,4,4,3,3,3,3,0,0,1,2,1,1,3,2,1,3,1,1,2,3,0,0,4,3,0,0,4,4,4,4,4,4,4,4,4,4,4,4,4,4,4,4,4,4,4,4,4,4,4,4,4,4,4,4,4,4,4,4,4,4,4,4,4,4,4,4,2,0,2,1,0,2,2,1,2,3,3,3,3,3,3,3,CP001665.1/4467132-4466926,0
429,2,3,0,2,0,3,2,1,3,1,0,3,3,1,1,0,3,4,1,3,4,1,3,3,0,3,2,3,3,1,2,1,1,3,3,0,4,4,4,4,4,4,4,4,4,4,4,4,4,4,4,4,4,2,3,4,4,4,4,4,4,4,4,4,4,4,4,4,4,4,4,4,4,4,4,4,4,4,4,4,4,4,4,4,4,2,1,4,1,3,1,0,3,0,0,0,1,3,1,1,4,2,2,0,0,3,2,0,1,2,1,4,0,2,0,4,2,1,1,2,3,3,4,4,4,4,3,0,1,2,2,4,4,3,2,1,3,3,4,0,4,3,1,2,3,1,1,0,4,4,1,3,2,0,4,1,0,2,0,3,2,4,3,1,2,1,4,4,4,3,3,4,0,4,3,2,1,1,4,4,4,4,4,4,4,3,4,4,4,4,4,4,4,4,4,4,4,4,4,4,4,4,4,4,4,4,4,4,4,4,4,4,4,4,4,4,4,4,4,4,4,4,4,4,4,4,4,4,4,4,4,4,4,4,4,4,4,4,4,4,1,0,3,1,0,2,0,1,0,1,1,0,4,3,2,2,0,1,0,1,0,0,1,2,3,3,2,0,4,4,4,4,4,4,4,4,4,4,4,4,4,4,4,4,4,4,4,4,4,2,3,2,0,0,2,1,0,4,1,1,4,4,1,0,1,3,4,4,3,2,3,3,2,3,1,0,4,3,4,0,1,0,4,4,4,4,4,4,4,4,4,4,4,4,4,4,4,4,4,4,4,4,4,4,4,4,4,4,4,4,4,4,4,4,2,0,1,1,3,2,4,4,4,4,4,4,4,4,4,4,4,4,4,4,4,4,4,3,3,3,3,0,0,1,2,1,1,3,2,1,3,1,1,2,3,0,0,4,3,0,0,4,4,4,4,4,4,4,4,4,4,4,4,4,4,4,4,4,4,4,4,4,4,4,4,4,4,4,4,4,4,4,4,4,4,4,4,4,4,4,4,2,0,2,1,0,2,2,1,2,3,3,3,3,3,3,3,AFRM01000016.1/190110-190316,0
430,2,3,4,4,4,2,2,1,3,1,0,3,3,1,0,1,1,4,2,0,4,1,3,3,0,3,2,3,1,0,2,1,1,1,1,3,3,1,2,4,4,4,4,4,4,4,4,4,4,2,2,0,1,2,3,4,4,4,4,4,4,4,4,4,4,4,4,4,4,4,4,4,4,4,4,4,4,4,4,4,4,4,4,4,4,2,1,4,3,0,1,0,3,0,0,0,0,3,3,1,4,4,2,0,0,3,2,0,1,2,1,4,4,4,4,4,0,1,0,0,4,4,4,4,4,4,1,0,0,2,2,4,4,3,2,1,1,3,4,2,4,1,1,2,3,1,1,0,4,4,0,1,3,3,4,1,3,2,0,3,0,4,3,1,0,2,1,4,2,3,0,4,4,4,4,2,1,3,4,4,4,4,4,4,4,0,4,4,4,4,4,4,4,4,4,4,4,4,4,4,4,4,4,4,4,4,4,4,4,4,4,4,4,4,4,4,4,4,4,4,4,4,4,4,4,4,4,4,4,4,4,4,4,4,4,4,4,4,4,4,3,0,3,1,0,4,4,0,1,1,0,3,4,1,2,2,2,1,2,0,0,0,1,2,3,1,2,0,4,4,4,4,4,4,4,4,4,4,4,4,4,4,4,4,4,4,4,4,4,2,3,3,0,2,2,1,0,4,1,1,2,4,1,1,3,3,4,4,4,0,3,3,4,4,4,4,4,4,4,4,4,4,4,4,4,4,4,4,4,4,4,4,4,4,4,4,4,4,4,4,4,4,4,4,4,4,4,4,4,4,4,4,4,4,4,4,4,1,1,0,4,4,4,4,4,4,4,4,4,4,4,4,4,4,4,4,4,3,0,0,1,0,0,0,2,1,1,2,2,2,4,4,3,0,0,3,4,4,4,4,3,4,4,4,4,4,4,4,4,4,4,4,4,4,4,4,4,4,4,4,4,4,4,4,4,4,4,4,4,4,4,4,4,4,4,4,4,4,4,4,4,4,4,1,1,1,2,2,1,3,3,3,2,3,3,2,3,ABJT01000008.1/153538-153354,0
431,2,3,4,4,4,2,2,1,3,1,0,3,3,1,0,1,1,4,2,0,4,1,3,3,0,3,2,3,1,0,2,1,1,1,1,3,3,1,2,4,4,4,4,4,4,4,4,4,4,2,2,0,1,2,3,4,4,4,4,4,4,4,4,4,4,4,4,4,4,4,4,4,4,4,4,4,4,4,4,4,4,4,4,4,4,2,1,4,3,0,1,0,3,0,0,0,0,3,3,0,4,4,2,0,0,3,2,0,1,2,1,4,4,4,4,4,0,1,0,0,4,4,4,4,4,4,1,0,0,2,2,4,4,3,2,1,1,3,4,2,4,1,1,2,3,1,1,0,4,4,0,1,3,3,4,1,3,2,0,3,0,4,3,1,0,2,4,4,4,1,3,4,3,4,0,2,1,3,4,4,4,4,4,4,4,0,4,4,4,4,4,4,4,4,4,4,4,4,4,4,4,4,4,4,4,4,4,4,4,4,4,4,4,4,4,4,4,4,4,4,4,4,4,4,4,4,4,4,4,4,4,4,4,4,4,4,4,4,4,4,3,0,3,1,0,4,4,0,1,1,0,3,4,1,2,2,2,1,2,0,0,0,1,2,3,1,2,0,4,4,4,4,4,4,4,4,4,4,4,4,4,4,4,4,4,4,4,4,4,2,3,3,0,2,2,1,0,4,1,1,2,4,1,1,3,3,4,4,4,0,3,3,4,4,4,4,4,4,4,4,4,4,4,4,4,4,4,4,4,4,4,4,4,4,4,4,4,4,4,4,4,4,4,4,4,4,4,4,4,4,4,4,4,4,4,4,4,1,1,0,4,4,4,4,4,4,4,4,4,4,4,4,4,4,4,4,4,1,0,0,1,0,0,0,2,1,1,2,2,2,4,4,3,0,0,3,4,4,4,4,3,4,4,4,4,4,4,4,4,4,4,4,4,4,4,4,4,4,4,4,4,4,4,4,4,4,4,4,4,4,4,4,4,4,4,4,4,4,4,4,4,4,4,1,1,1,2,2,1,3,3,3,2,3,3,2,3,AEJV01000021.1/23546-23362,0
432,2,3,4,4,4,2,2,1,3,1,0,3,3,1,0,1,1,4,3,3,4,1,3,3,0,3,2,3,1,0,2,1,1,1,1,3,3,0,2,4,4,4,4,4,4,4,4,4,4,2,2,0,1,2,1,4,4,4,4,4,4,4,4,4,4,4,4,4,4,4,4,4,4,4,4,4,4,4,4,4,4,4,4,4,4,2,1,4,3,0,1,0,3,0,0,0,1,3,3,1,4,4,2,0,0,3,2,0,1,2,1,4,4,4,4,4,0,1,0,0,4,4,4,4,4,4,1,0,0,2,2,4,4,3,2,1,1,3,4,2,4,1,1,2,3,1,3,0,4,4,0,1,3,3,4,1,3,2,0,3,0,4,0,3,0,2,1,4,2,3,4,4,4,4,0,2,1,3,4,4,4,4,4,4,4,3,4,4,4,4,4,4,4,4,4,4,4,4,4,4,4,4,4,4,4,4,4,4,4,4,4,4,4,4,4,4,4,4,4,4,4,4,4,4,4,4,4,4,4,4,4,4,4,4,4,4,4,4,4,4,3,0,3,1,0,4,4,0,1,1,3,1,4,1,2,2,2,1,2,0,0,0,1,2,3,1,2,0,4,4,4,4,4,4,4,4,4,4,4,4,4,4,4,4,4,4,4,4,4,2,3,3,0,2,2,1,0,4,1,1,2,4,1,1,3,3,4,4,4,0,3,3,4,4,4,4,4,4,4,4,4,4,4,4,4,4,4,4,4,4,4,4,4,4,4,4,4,4,4,4,4,4,4,4,4,4,4,4,4,4,4,4,4,4,4,4,4,1,1,0,4,4,4,4,4,4,4,4,4,4,4,4,4,4,4,4,4,3,0,0,1,0,0,0,2,1,1,2,2,2,4,4,3,3,3,0,4,4,4,4,2,4,4,4,4,4,4,4,4,4,4,4,4,4,4,4,4,4,4,4,4,4,4,4,4,4,4,4,4,4,4,4,4,4,4,4,4,4,4,4,4,4,4,4,1,1,2,2,1,3,3,3,2,3,3,2,3,CAAW01000085.1/582-765,0
433,2,3,4,4,4,2,2,1,3,1,0,3,3,1,0,1,1,4,3,3,4,1,3,3,0,3,2,3,1,0,2,1,1,1,1,3,3,0,2,4,4,4,4,4,4,4,4,4,4,2,2,0,1,2,1,4,4,4,4,4,4,4,4,4,4,4,4,4,4,4,4,4,4,4,4,4,4,4,4,4,4,4,4,4,4,2,1,4,3,0,1,0,3,0,0,0,1,3,3,1,4,4,2,0,0,3,2,0,1,2,1,4,4,4,4,4,0,1,0,0,4,4,4,4,4,4,1,0,0,2,2,4,4,3,2,1,1,3,4,2,4,1,1,2,3,1,1,0,4,4,0,1,3,3,4,1,3,2,0,3,0,4,0,3,0,2,1,4,2,3,4,4,4,4,0,2,1,3,4,4,4,4,4,4,4,3,4,4,4,4,4,4,4,4,4,4,4,4,4,4,4,4,4,4,4,4,4,4,4,4,4,4,4,4,4,4,4,4,4,4,4,4,4,4,4,4,4,4,4,4,4,4,4,4,4,4,4,4,4,4,3,0,3,1,0,4,4,0,1,1,3,1,4,1,2,2,2,1,2,0,0,0,1,2,3,1,2,0,4,4,4,4,4,4,4,4,4,4,4,4,4,4,4,4,4,4,4,4,4,2,3,3,0,2,2,1,0,4,1,1,2,4,1,1,3,3,4,4,4,0,3,3,4,4,4,4,4,4,4,4,4,4,4,4,4,4,4,4,4,4,4,4,4,4,4,4,4,4,4,4,4,4,4,4,4,4,4,4,4,4,4,4,4,4,4,4,4,1,1,0,4,4,4,4,4,4,4,4,4,4,4,4,4,4,4,4,4,3,0,0,1,0,0,0,2,1,1,2,2,2,3,3,3,4,4,4,4,4,4,4,4,4,4,4,4,4,4,4,4,4,4,4,4,4,4,4,4,4,4,4,4,4,4,4,4,4,4,4,4,4,4,4,4,4,4,4,4,4,4,4,4,0,2,1,1,1,2,2,1,3,3,3,2,3,3,2,3,AEUL01000001.1/2699421-2699237,0
434,2,3,0,2,0,3,2,1,3,1,0,3,3,1,1,0,3,4,1,3,4,1,3,3,0,3,2,3,3,1,2,1,1,3,3,1,4,4,4,4,4,4,4,4,4,4,4,4,4,4,4,4,4,3,2,4,4,4,4,4,4,4,4,4,4,4,4,4,4,4,4,4,4,4,4,4,4,4,4,4,4,4,4,4,4,2,1,4,1,3,1,0,3,0,0,0,1,3,1,0,4,2,2,0,0,3,2,0,3,2,1,4,0,2,0,4,2,1,1,2,3,3,4,4,4,4,3,0,1,2,2,4,4,3,2,1,3,3,4,0,4,3,1,2,3,1,1,0,4,4,1,3,2,0,4,1,0,2,0,3,2,4,3,1,2,1,4,4,4,3,3,4,0,4,1,2,1,1,4,4,4,4,4,4,4,3,4,4,4,4,4,4,4,4,4,4,4,4,4,4,4,4,4,4,4,4,4,4,4,4,4,4,4,4,4,4,4,4,4,4,4,4,4,4,4,4,4,4,4,4,4,4,4,4,4,4,4,4,4,4,1,0,3,1,0,0,0,1,0,1,1,1,4,3,2,2,0,1,0,1,0,0,1,2,3,3,2,0,4,4,4,4,4,4,4,4,4,4,4,4,4,4,4,4,4,4,4,4,4,2,3,2,0,0,2,1,0,4,1,1,1,4,1,3,3,3,4,0,3,2,3,3,2,3,1,0,4,3,4,0,1,0,4,4,4,4,4,4,4,4,4,4,4,4,4,4,4,4,4,4,4,4,4,4,4,4,4,4,4,4,4,4,4,4,2,0,1,1,3,2,4,4,4,4,4,4,4,4,4,4,4,4,4,4,4,4,4,3,3,3,3,2,0,1,2,1,1,3,2,1,1,1,1,3,3,0,0,4,4,1,1,4,4,4,4,4,4,4,4,4,4,4,4,4,4,4,4,4,4,4,4,4,4,4,4,4,4,4,4,4,4,4,4,4,4,4,4,4,4,4,4,2,2,2,1,0,2,2,1,2,3,3,3,3,3,3,3,AETW01000070.1/39985-40192,0
435,2,3,0,2,0,3,2,1,3,1,0,3,3,1,1,0,3,4,1,3,4,1,3,3,0,3,2,3,3,1,2,1,1,3,3,0,4,4,4,4,4,4,4,4,4,4,4,4,4,4,4,4,4,2,3,4,4,4,4,4,4,4,4,4,4,4,4,4,4,4,4,4,4,4,4,4,4,4,4,4,4,4,4,4,4,2,1,4,1,3,1,0,3,0,0,0,1,3,1,1,4,2,2,0,0,3,2,0,1,2,1,4,0,2,0,4,2,1,1,2,3,3,4,4,4,4,3,0,1,2,2,4,4,3,2,1,3,3,4,0,4,3,1,2,3,1,1,0,4,4,1,3,2,0,4,1,0,2,0,3,2,4,3,1,2,1,4,4,4,3,3,4,0,4,3,2,1,1,4,4,4,4,4,4,4,3,4,4,4,4,4,4,4,4,4,4,4,4,4,4,4,4,4,4,4,4,4,4,4,4,4,4,4,4,4,4,4,4,4,4,4,4,4,4,4,4,4,4,4,4,4,4,4,4,4,4,4,4,4,4,1,0,3,1,0,2,0,1,0,1,1,0,4,3,2,2,0,1,0,1,0,0,1,2,3,3,2,0,4,4,4,4,4,4,4,4,4,4,4,4,4,4,4,4,4,4,4,4,4,2,3,2,0,0,2,1,0,4,1,1,1,4,0,4,4,4,4,4,4,4,4,4,4,4,4,4,4,4,4,4,4,4,4,4,4,4,4,4,4,4,4,4,4,4,4,4,4,4,4,4,4,4,4,4,4,4,4,4,4,4,4,4,4,4,4,4,4,4,4,4,4,4,4,4,4,4,4,4,4,4,4,4,4,4,4,4,4,4,4,4,4,4,4,4,4,4,4,4,4,4,4,4,4,4,4,4,4,4,4,4,4,4,4,4,4,4,4,4,4,4,4,4,4,4,4,4,4,4,4,4,4,4,4,4,4,4,4,4,4,4,4,4,4,4,4,4,4,4,4,4,1,4,4,4,4,4,4,4,4,4,4,4,3,3,2,3,3,ADUC01000117.1/38694-38847,0
436,2,3,0,2,0,3,2,1,3,1,0,3,3,1,1,0,3,4,1,3,4,1,3,3,0,3,2,3,3,1,2,1,1,3,3,1,4,4,4,4,4,4,4,4,4,4,4,4,4,4,4,4,4,3,2,4,4,4,4,4,4,4,4,4,4,4,4,4,4,4,4,4,4,4,4,4,4,4,4,4,4,4,4,4,4,2,1,4,1,3,1,0,3,0,0,0,1,3,1,0,4,2,2,0,0,3,2,0,3,2,1,4,0,2,0,4,2,1,1,2,3,3,4,4,4,4,3,0,1,2,2,4,4,3,2,1,3,3,4,0,4,3,1,2,3,1,1,0,4,4,1,3,2,0,4,1,0,2,0,3,2,4,3,1,2,1,4,4,4,3,3,4,0,4,1,2,1,1,4,4,4,4,4,4,4,3,4,4,4,4,4,4,4,4,4,4,4,4,4,4,4,4,4,4,4,4,4,4,4,4,4,4,4,4,4,4,4,4,4,4,4,4,4,4,4,4,4,4,4,4,4,4,4,4,4,4,4,4,4,4,1,0,3,1,0,0,0,1,0,1,1,1,4,3,2,2,0,1,0,1,0,0,1,2,3,3,2,0,4,4,4,4,4,4,4,4,4,4,4,4,4,4,4,4,4,4,4,4,4,2,3,2,0,0,2,1,0,4,1,1,1,4,1,3,3,3,4,0,3,2,3,3,2,3,1,0,4,3,4,0,1,0,4,4,4,4,4,4,4,4,4,4,4,4,4,4,4,4,4,4,4,4,4,4,4,4,4,4,4,4,4,4,4,4,2,0,1,1,3,2,4,4,4,4,4,4,4,4,4,4,4,4,4,4,4,4,4,3,3,3,3,2,0,1,2,1,1,3,2,1,1,1,1,3,3,0,0,4,4,1,1,4,4,4,4,4,4,4,4,4,4,4,4,4,4,4,4,4,4,4,4,4,4,4,4,4,4,4,4,4,4,4,4,4,4,4,4,4,4,4,4,2,2,2,1,0,2,2,1,2,3,3,3,3,3,3,3,AETC01000002.1/39707-39914,0
437,2,3,0,2,0,3,2,1,3,1,0,3,3,1,1,0,3,4,1,3,4,1,3,3,0,3,2,3,3,1,2,1,1,3,3,1,4,4,4,4,4,4,4,4,4,4,4,4,4,4,4,4,4,3,2,4,4,4,4,4,4,4,4,4,4,4,4,4,4,4,4,4,4,4,4,4,4,4,4,4,4,4,4,4,4,2,1,4,1,3,1,0,3,0,0,0,1,3,1,0,4,2,2,0,0,3,2,0,3,2,1,4,0,2,0,4,2,1,1,2,3,3,4,4,4,4,3,0,1,2,2,4,4,3,2,1,3,3,4,0,4,3,1,2,3,1,1,0,4,4,1,3,2,0,4,1,0,2,0,3,2,4,3,1,2,1,4,4,4,3,3,4,0,4,1,2,1,1,4,4,4,4,4,4,4,3,4,4,4,4,4,4,4,4,4,4,4,4,4,4,4,4,4,4,4,4,4,4,4,4,4,4,4,4,4,4,4,4,4,4,4,4,4,4,4,4,4,4,4,4,4,4,4,4,4,4,4,4,4,4,1,0,3,1,0,0,0,1,0,1,1,1,4,3,2,2,0,1,0,1,0,0,1,2,3,3,2,0,4,4,4,4,4,4,4,4,4,4,4,4,4,4,4,4,4,4,4,4,4,2,3,2,0,0,2,1,0,4,1,1,1,4,1,3,3,3,4,0,3,2,3,3,2,3,1,0,4,3,4,0,1,0,4,4,4,4,4,4,4,4,4,4,4,4,4,4,4,4,4,4,4,4,4,4,4,4,4,4,4,4,4,4,4,4,2,0,1,1,3,2,4,4,4,4,4,4,4,4,4,4,4,4,4,4,4,4,4,3,3,3,3,2,0,1,2,1,1,3,2,1,1,1,1,3,3,0,0,4,4,1,1,4,4,4,4,4,4,4,4,4,4,4,4,4,4,4,4,4,4,4,4,4,4,4,4,4,4,4,4,4,4,4,4,4,4,4,4,4,4,4,4,2,2,2,1,0,2,2,1,2,3,3,3,3,3,3,3,AFCK01001524.1/293-500,0
438,2,1,0,2,3,2,2,1,3,1,0,3,3,1,0,1,1,4,2,0,4,1,3,3,0,3,2,3,1,0,2,1,1,1,1,3,3,1,2,4,4,4,4,4,4,4,4,4,4,2,2,0,1,2,3,4,4,4,4,4,4,4,4,4,4,4,4,4,4,4,4,4,4,4,4,4,4,4,4,4,4,4,4,4,4,2,1,4,3,0,1,0,3,0,0,0,0,3,3,1,4,4,2,0,0,3,2,0,1,2,1,4,0,1,0,4,0,1,4,4,4,4,4,4,4,4,4,0,0,2,2,4,4,3,2,1,1,3,4,2,4,1,1,2,3,1,1,0,4,4,0,1,3,3,4,1,3,2,0,3,0,4,3,1,0,2,1,4,2,3,0,4,4,4,4,2,1,3,4,4,4,4,4,4,4,0,4,4,4,4,4,4,4,4,4,4,4,4,4,4,4,4,4,4,4,4,4,4,4,4,4,4,4,4,4,4,4,4,4,4,4,4,4,4,4,4,4,4,4,4,4,4,4,4,4,4,4,4,4,4,3,0,3,1,0,4,4,0,1,1,0,3,4,1,2,2,2,1,2,0,0,0,1,2,3,1,2,0,4,4,4,4,4,4,4,4,4,4,4,4,4,4,4,4,4,4,4,4,4,2,3,3,0,2,2,1,0,4,1,1,2,4,1,1,3,3,4,4,4,0,3,3,4,4,4,4,4,4,4,4,4,4,4,4,4,4,4,4,4,4,4,4,4,4,4,4,4,4,4,4,4,4,4,4,4,4,4,4,4,4,4,4,4,4,4,4,4,1,1,0,4,4,4,4,4,4,4,4,4,4,4,4,4,4,4,4,4,3,0,0,1,0,0,0,2,1,1,2,2,2,4,4,3,0,0,3,4,4,4,4,3,4,4,4,4,4,4,4,4,4,4,4,4,4,4,4,4,4,4,4,4,4,4,4,4,4,4,4,4,4,4,4,4,4,4,4,4,4,4,4,4,4,4,1,1,1,2,2,1,3,3,3,2,3,3,2,3,AFRM01000012.1/800689-800502,0
439,2,3,4,4,4,2,2,1,3,1,0,3,3,1,0,1,1,4,1,3,4,1,3,3,0,3,2,3,1,0,2,1,1,1,1,3,3,1,2,4,4,4,4,4,4,4,4,4,4,2,2,0,1,2,3,4,4,4,4,4,4,4,4,4,4,4,4,4,4,4,4,4,4,4,4,4,4,4,4,4,4,4,4,4,4,2,1,4,3,0,1,0,3,0,0,0,1,3,3,1,4,4,2,0,0,3,2,0,1,2,1,4,4,4,4,4,0,1,0,0,0,0,4,4,4,4,4,4,0,2,2,4,4,3,2,1,1,3,4,2,4,1,1,2,3,1,1,0,4,4,0,1,3,0,4,1,3,2,0,3,0,4,0,0,0,2,1,4,0,3,3,4,2,4,4,4,4,1,4,4,4,4,4,4,4,3,4,4,4,4,4,4,4,4,4,4,4,4,4,4,4,4,4,4,4,4,4,4,4,4,4,4,4,4,4,4,4,4,4,4,4,4,4,4,4,4,4,4,4,4,4,4,4,4,4,4,4,4,4,4,3,0,3,1,0,2,2,1,4,4,4,1,4,0,2,2,2,1,2,3,0,0,1,2,3,1,2,0,4,4,4,4,4,4,4,4,4,4,4,4,4,4,4,4,4,4,4,4,4,2,3,3,0,2,2,1,0,4,1,1,2,4,1,1,3,1,4,4,0,3,3,1,4,4,4,4,4,4,4,4,1,0,4,4,4,4,4,4,4,4,4,4,4,4,4,4,4,4,4,4,4,4,4,4,4,4,4,4,4,4,4,4,4,4,4,4,4,1,4,4,4,4,4,4,4,4,4,4,4,4,4,4,4,4,4,4,4,4,4,0,0,1,0,0,0,2,1,1,2,2,2,3,3,3,3,3,4,4,4,4,4,4,4,4,4,4,4,4,4,4,4,4,4,4,4,4,4,4,4,4,4,4,4,4,4,4,4,4,4,4,4,4,4,4,4,4,4,4,4,4,4,0,1,1,1,2,2,1,3,3,3,2,3,3,2,3,0,CP003026.1/3504621-3504437,0
440,2,3,0,2,0,3,2,1,3,1,0,3,3,1,1,0,3,4,1,3,4,1,3,3,0,3,2,3,3,1,2,1,1,3,3,1,4,4,4,4,4,4,4,4,4,4,4,4,4,4,4,4,4,3,2,4,4,4,4,4,4,4,4,4,4,4,4,4,4,4,4,4,4,4,4,4,4,4,4,4,4,4,4,4,4,2,1,4,1,3,1,0,3,0,0,0,1,3,1,0,4,2,2,0,0,3,2,0,3,2,1,4,0,2,0,4,2,1,1,2,3,3,4,4,4,4,3,0,1,2,2,4,4,3,2,1,3,3,4,0,4,3,1,2,3,1,1,0,4,4,1,3,2,0,4,1,0,2,0,3,2,4,3,1,2,1,4,4,4,3,3,4,0,4,1,2,1,1,4,4,4,4,4,4,4,3,4,4,4,4,4,4,4,4,4,4,4,4,4,4,4,4,4,4,4,4,4,4,4,4,4,4,4,4,4,4,4,4,4,4,4,4,4,4,4,4,4,4,4,4,4,4,4,4,4,4,4,4,4,4,1,0,3,1,0,0,0,1,0,1,1,1,4,3,2,2,0,1,0,1,0,0,1,2,3,3,2,0,4,4,4,4,4,4,4,4,4,4,4,4,4,4,4,4,4,4,4,4,4,2,3,2,0,0,2,1,0,4,1,1,1,4,1,3,3,3,4,0,3,2,3,3,2,3,1,0,4,3,4,0,1,0,4,4,4,4,4,4,4,4,4,4,4,4,4,4,4,4,4,4,4,4,4,4,4,4,4,4,4,4,4,4,4,4,2,0,1,1,3,2,4,4,4,4,4,4,4,4,4,4,4,4,4,4,4,4,4,3,3,3,3,2,0,1,2,1,1,3,2,1,1,1,1,3,3,0,0,4,4,1,1,4,4,4,4,4,4,4,4,4,4,4,4,4,4,4,4,4,4,4,4,4,4,4,4,4,4,4,4,4,4,4,4,4,4,4,4,4,4,4,4,2,2,2,1,0,2,2,1,2,3,3,3,3,3,3,3,AETU01000117.1/53205-52998,0
441,2,3,0,2,0,3,2,1,3,1,0,3,3,1,1,0,3,4,1,3,4,1,3,3,0,3,2,3,3,1,2,1,1,3,3,1,4,4,4,4,4,4,4,4,4,4,4,4,4,4,4,4,4,2,3,4,4,4,4,4,4,4,4,4,4,4,4,4,4,4,4,4,4,4,4,4,4,4,4,4,4,4,4,4,4,2,1,4,1,3,1,0,3,0,0,0,1,3,1,0,4,2,2,0,0,3,2,0,3,2,1,4,0,2,0,4,2,1,1,0,3,3,4,4,4,4,3,0,1,2,2,4,4,3,2,1,3,3,4,0,4,3,1,2,3,1,1,0,4,4,1,3,2,0,4,1,0,2,0,3,2,4,3,1,2,1,4,4,4,3,3,4,1,4,2,2,1,1,4,4,4,4,4,4,4,3,4,4,4,4,4,4,4,4,4,4,4,4,4,4,4,4,4,4,4,4,4,4,4,4,4,4,4,4,4,4,4,4,4,4,4,4,4,4,4,4,4,4,4,4,4,4,4,4,4,4,4,4,4,4,1,0,3,1,0,2,0,1,0,1,1,0,4,3,2,2,2,1,0,3,0,0,1,2,3,3,2,0,4,4,4,4,4,4,4,4,4,4,4,4,4,4,4,4,4,4,4,4,4,2,3,2,0,0,2,1,0,4,1,1,0,4,0,0,3,0,4,4,3,2,3,3,2,3,1,3,4,3,4,0,1,0,4,4,4,4,4,4,4,4,4,4,4,4,4,4,4,4,4,4,4,4,4,4,4,4,4,4,4,4,4,4,4,4,2,0,1,1,3,2,4,4,4,4,4,4,4,4,4,4,4,4,4,4,4,4,4,3,3,3,3,0,0,1,2,1,1,3,2,1,3,1,3,3,0,4,4,4,4,4,4,4,4,4,4,4,4,4,4,4,4,4,4,4,4,4,4,4,4,4,4,4,4,4,4,4,4,4,4,4,4,4,4,4,4,4,4,4,4,4,4,3,0,2,1,0,2,2,1,2,3,3,3,3,3,3,3,CP001918.1/5114380-5114178,0
442,2,3,4,4,4,2,2,1,3,1,0,3,3,1,0,1,1,4,2,0,4,1,3,3,0,3,2,3,1,0,2,1,1,1,1,3,3,1,2,4,4,4,4,4,4,4,4,4,4,2,2,0,1,2,3,4,4,4,4,4,4,4,4,4,4,4,4,4,4,4,4,4,4,4,4,4,4,4,4,4,4,4,4,4,4,2,1,4,3,0,1,0,3,0,0,0,0,3,0,1,4,4,2,0,0,3,2,0,1,2,1,4,4,4,4,4,0,1,0,0,4,4,4,4,4,4,1,0,0,2,2,4,4,3,2,1,1,3,4,2,4,1,1,2,3,1,1,0,4,4,0,1,3,3,4,1,3,2,0,3,0,4,3,1,0,2,1,4,2,3,0,4,4,4,4,2,1,3,4,4,4,4,4,4,4,0,4,4,4,4,4,4,4,4,4,4,4,4,4,4,4,4,4,4,4,4,4,4,4,4,4,4,4,4,4,4,4,4,4,4,4,4,4,4,4,4,4,4,4,4,4,4,4,4,4,4,4,4,4,4,3,0,3,1,0,4,4,0,1,1,0,3,4,1,2,2,3,1,2,0,0,0,1,2,3,1,2,0,4,4,4,4,4,4,4,4,4,4,4,4,4,4,4,4,4,4,4,4,4,2,3,3,0,2,2,1,0,4,1,1,2,4,1,1,3,3,4,4,4,0,3,3,4,4,4,4,4,4,4,4,4,4,4,4,4,4,4,4,4,4,4,4,4,4,4,4,4,4,4,4,4,4,4,4,4,4,4,4,4,4,4,4,4,4,4,4,4,1,1,0,4,4,4,4,4,4,4,4,4,4,4,4,4,4,4,4,4,3,0,0,1,0,0,0,2,1,1,2,2,2,4,4,3,0,0,3,4,4,4,4,3,4,4,4,4,4,4,4,4,4,4,4,4,4,4,4,4,4,4,4,4,4,4,4,4,4,4,4,4,4,4,4,4,4,4,4,4,4,4,4,4,4,4,1,1,1,2,2,1,3,3,3,2,3,3,2,3,AERN01000049.1/219751-219567,0
443,2,3,4,4,4,2,2,1,3,1,0,3,3,1,0,1,1,4,3,3,4,1,3,3,0,3,2,3,1,0,2,1,1,1,1,3,3,0,2,4,4,4,4,4,4,4,4,4,4,2,2,0,1,2,1,4,4,4,4,4,4,4,4,4,4,4,4,4,4,4,4,4,4,4,4,4,4,4,4,4,4,4,4,4,4,2,1,4,3,0,1,0,3,0,0,0,1,3,3,1,4,4,2,0,0,3,2,0,1,2,1,4,4,4,4,4,0,1,0,0,4,4,4,4,4,4,1,0,0,2,2,4,4,3,2,1,1,3,4,2,4,1,1,2,3,1,1,0,4,4,0,1,3,3,4,1,3,2,0,3,0,4,0,3,0,2,1,4,2,3,4,4,4,4,0,2,1,3,4,4,4,4,4,4,4,3,4,4,4,4,4,4,4,4,4,4,4,4,4,4,4,4,4,4,4,4,4,4,4,4,4,4,4,4,4,4,4,4,4,4,4,4,4,4,4,4,4,4,4,4,4,4,4,4,4,4,4,4,4,4,3,0,3,1,0,4,4,0,1,1,3,1,4,1,2,2,2,1,2,0,0,0,1,2,3,1,2,0,4,4,4,4,4,4,4,4,4,4,4,4,4,4,4,4,4,4,4,4,4,2,3,3,0,2,2,1,0,4,1,1,2,4,1,1,3,3,4,4,4,0,3,3,4,4,4,4,4,4,4,4,4,4,4,4,4,4,4,4,4,4,4,4,4,4,4,4,4,4,4,4,4,4,4,4,4,4,4,4,4,4,4,4,4,4,4,4,4,1,1,0,4,4,4,4,4,4,4,4,4,4,4,4,4,4,4,4,4,3,0,0,1,0,0,0,2,1,1,2,2,2,3,3,3,4,4,4,4,4,4,4,4,4,4,4,4,4,4,4,4,4,4,4,4,4,4,4,4,4,4,4,4,4,4,4,4,4,4,4,4,4,4,4,4,4,4,4,4,4,4,4,4,0,2,1,1,1,2,2,1,3,3,3,2,3,3,2,3,CP000886.1/335300-335484,0
444,2,1,0,2,3,2,2,1,3,1,0,3,3,1,0,1,1,4,2,0,4,1,3,3,0,3,2,3,1,0,2,1,1,1,1,3,3,1,2,4,4,4,4,4,4,4,4,4,4,2,2,0,1,2,3,4,4,4,4,4,4,4,4,4,4,4,4,4,4,4,4,4,4,4,4,4,4,4,4,4,4,4,4,4,4,2,1,4,3,0,1,0,3,0,0,0,0,3,3,1,4,4,2,0,0,3,2,0,1,2,1,4,0,1,0,4,0,1,4,4,4,4,4,4,4,4,4,0,0,2,2,4,4,3,2,1,1,3,4,2,4,1,1,2,3,1,1,0,4,4,0,1,3,3,4,1,3,2,0,3,0,4,3,1,0,2,1,4,2,3,0,4,4,4,4,2,1,3,4,4,4,4,4,4,4,0,4,4,4,4,4,4,4,4,4,4,4,4,4,4,4,4,4,4,4,4,4,4,4,4,4,4,4,4,4,4,4,4,4,4,4,4,4,4,4,4,4,4,4,4,4,4,4,4,4,4,4,4,4,4,3,0,3,1,0,4,4,0,1,1,0,3,4,1,2,2,2,1,2,0,0,0,1,2,3,1,2,0,4,4,4,4,4,4,4,4,4,4,4,4,4,4,4,4,4,4,4,4,4,2,3,3,0,2,2,1,0,4,1,1,2,4,1,1,3,3,4,4,4,0,3,3,4,4,4,4,4,4,4,4,4,4,4,4,4,4,4,4,4,4,4,4,4,4,4,4,4,4,4,4,4,4,4,4,4,4,4,4,4,4,4,4,4,4,4,4,4,1,1,0,4,4,4,4,4,4,4,4,4,4,4,4,4,4,4,4,4,3,0,0,1,0,0,0,2,1,1,2,2,2,4,4,3,0,0,3,4,4,4,4,3,4,4,4,4,4,4,4,4,4,4,4,4,4,4,4,4,4,4,4,4,4,4,4,4,4,4,4,4,4,4,4,4,4,4,4,4,4,4,4,4,4,4,1,1,1,2,2,1,3,3,3,2,3,3,2,3,AEZY01000030.1/546356-546169,0
445,2,3,0,2,0,3,2,1,3,1,0,3,3,1,1,0,3,4,1,3,4,1,3,3,0,3,2,3,3,1,2,1,1,3,3,0,4,4,4,4,4,4,4,4,4,4,4,4,4,4,4,4,4,2,3,4,4,4,4,4,4,4,4,4,4,4,4,4,4,4,4,4,4,4,4,4,4,4,4,4,4,4,4,4,4,2,1,4,1,3,1,0,3,0,0,0,1,3,1,1,4,2,2,0,0,3,2,0,1,2,1,4,0,2,0,4,2,1,1,2,3,3,4,4,4,4,3,0,1,2,2,4,4,3,2,1,3,3,4,0,4,3,1,2,3,1,1,0,4,4,1,3,2,0,4,1,0,2,0,3,2,4,3,1,2,1,4,4,4,3,3,4,0,4,3,2,1,1,4,4,4,4,4,4,4,3,4,4,4,4,4,4,4,4,4,4,4,4,4,4,4,4,4,4,4,4,4,4,4,4,4,4,4,4,4,4,4,4,4,4,4,4,4,4,4,4,4,4,4,4,4,4,4,4,4,4,4,4,4,4,1,0,3,1,0,2,0,1,0,1,1,0,4,3,2,2,0,1,0,1,0,0,1,2,3,3,2,0,4,4,4,4,4,4,4,4,4,4,4,4,4,4,4,4,4,4,4,4,4,2,3,2,0,0,2,1,0,4,1,1,4,4,1,0,1,3,4,4,3,2,3,3,2,3,1,0,4,3,4,0,1,0,4,4,4,4,4,4,4,4,4,4,4,4,4,4,4,4,4,4,4,4,4,4,4,4,4,4,4,4,4,4,4,4,2,0,1,1,3,2,4,4,4,4,4,4,4,4,4,4,4,4,4,4,4,4,4,3,3,3,3,0,0,1,2,1,1,3,2,1,3,1,1,2,3,0,0,4,3,0,0,4,4,4,4,4,4,4,4,4,4,4,4,4,4,4,4,4,4,4,4,4,4,4,4,4,4,4,4,4,4,4,4,4,4,4,4,4,4,4,4,2,0,2,1,0,2,2,1,2,3,3,3,3,3,3,3,CP002167.1/3988484-3988690,0
446,2,3,0,2,0,3,2,1,3,1,0,3,1,3,1,0,3,4,3,3,4,0,3,3,0,3,2,0,3,0,2,1,2,3,2,2,3,2,3,3,0,3,0,4,4,4,2,1,1,0,0,1,3,3,0,4,4,4,4,4,4,4,4,4,4,4,4,4,4,4,4,4,4,4,4,4,4,4,4,4,4,4,4,4,4,2,1,4,3,3,1,0,3,0,0,0,1,1,1,0,4,2,0,2,0,3,2,0,3,2,1,4,0,2,0,4,2,1,1,2,0,3,4,4,3,3,3,0,2,2,2,4,4,3,2,1,1,3,4,0,4,3,3,2,3,1,1,0,4,3,2,3,0,0,4,0,1,2,0,3,2,4,3,1,2,0,0,4,3,0,3,4,1,4,3,3,4,4,4,4,4,4,4,4,4,4,4,4,4,4,4,4,4,4,4,4,4,4,4,4,4,4,4,4,4,4,4,4,4,4,4,4,4,4,4,4,4,4,4,4,4,4,4,4,4,4,4,4,4,4,4,4,4,4,4,4,4,4,4,4,1,0,3,1,0,4,4,1,0,3,0,1,4,1,2,2,2,1,0,3,0,0,1,2,3,3,2,0,4,4,4,4,4,4,4,4,4,4,4,4,4,4,4,4,4,4,4,4,4,2,3,2,0,2,2,1,2,4,1,1,2,4,0,1,0,3,4,4,3,2,3,3,2,3,1,3,4,2,4,3,4,0,4,4,4,4,4,4,4,4,4,4,4,4,4,4,4,4,4,4,4,4,4,4,4,4,4,4,4,4,4,4,4,4,2,0,1,1,3,2,0,0,4,4,4,4,4,4,4,4,4,4,4,4,0,0,3,3,3,3,0,2,0,1,2,1,3,3,2,1,1,3,3,3,1,4,4,4,4,4,4,4,4,4,4,4,4,4,4,4,4,4,4,4,4,4,4,4,4,4,4,4,4,4,4,4,4,4,4,4,4,4,4,4,4,4,4,4,4,4,4,1,2,2,1,0,0,2,1,2,3,3,3,3,3,3,3,AALF02000074.1/688-908,0
447,2,3,0,2,0,3,2,1,3,1,0,3,3,1,1,0,3,4,1,3,4,1,3,3,0,3,2,3,3,1,2,1,1,3,3,0,4,4,4,4,4,4,4,4,4,4,4,4,4,4,4,4,4,4,2,4,4,4,4,4,4,4,4,4,4,4,4,4,4,4,4,4,4,4,4,4,4,4,4,4,4,4,4,4,4,2,1,4,1,3,1,0,3,0,0,0,1,3,1,0,4,2,2,0,0,3,2,0,1,2,1,4,0,2,0,4,2,1,1,2,3,3,4,4,4,4,3,0,1,2,2,4,4,3,2,1,3,3,4,0,4,3,1,2,3,1,1,0,4,4,1,3,2,0,4,1,0,2,0,3,2,4,3,1,2,1,4,4,4,3,3,4,1,4,2,2,1,1,4,4,4,4,4,4,4,3,4,4,4,4,4,4,4,4,4,4,4,4,4,4,4,4,4,4,4,4,4,4,4,4,4,4,4,4,4,4,4,4,4,4,4,4,4,4,4,4,4,4,4,4,4,4,4,4,4,4,4,4,4,4,1,0,3,1,0,2,0,1,0,1,1,0,4,3,2,2,0,1,0,1,0,0,1,2,3,3,2,0,4,4,4,4,4,4,4,4,4,4,4,4,4,4,4,4,4,4,4,4,4,2,3,2,0,0,2,1,0,4,1,1,0,4,0,0,3,0,4,4,3,2,3,3,2,3,1,3,4,3,4,0,1,0,4,4,4,4,4,4,4,4,4,4,4,4,4,4,4,4,4,4,4,4,4,4,4,4,4,4,4,4,4,4,4,4,2,0,1,1,3,2,4,4,4,4,4,4,4,4,4,4,4,4,4,4,4,4,4,3,3,3,3,0,0,1,2,1,1,3,2,1,3,3,3,3,0,4,4,4,4,4,4,4,4,4,4,4,4,4,4,4,4,4,4,4,4,4,4,4,4,4,4,4,4,4,4,4,4,4,4,4,4,4,4,4,4,4,4,4,4,4,4,3,0,2,1,0,2,2,1,2,3,3,3,3,3,3,3,AFHR01000073.1/53987-53786,0
448,3,1,0,2,3,3,2,1,3,1,0,3,3,1,0,1,1,4,3,1,4,3,3,3,0,3,2,0,3,0,2,3,1,1,1,2,4,4,4,4,4,4,4,4,4,4,4,4,4,4,4,4,4,4,4,1,1,2,3,0,1,0,2,1,4,4,4,4,4,4,4,4,4,4,4,4,2,2,0,0,3,0,3,2,1,2,1,4,3,3,1,0,3,0,0,0,1,1,0,1,4,1,2,0,0,3,2,0,3,2,1,4,1,3,0,0,2,0,1,4,4,4,4,4,4,4,4,4,3,2,2,4,4,3,2,1,1,3,4,0,4,3,1,2,3,1,1,0,1,1,1,0,0,0,4,1,1,2,0,3,0,4,3,3,2,3,2,4,3,2,0,4,0,4,3,2,1,0,1,4,4,4,4,4,0,3,4,4,4,4,4,4,4,4,4,4,4,4,4,4,4,4,4,4,4,4,4,4,4,4,4,4,4,4,4,4,4,4,4,4,4,4,4,4,4,4,4,4,4,4,4,4,4,4,4,4,4,4,4,4,3,0,3,1,0,4,4,0,0,1,0,3,4,1,2,2,0,1,2,0,1,0,1,2,3,3,2,0,4,4,4,4,4,4,4,4,4,4,4,4,4,4,4,4,4,4,4,4,4,2,3,2,0,2,2,3,2,4,1,1,2,4,1,1,3,0,4,4,3,2,3,1,4,4,4,4,4,4,4,4,4,4,4,4,4,4,4,4,4,4,4,4,4,4,4,4,4,4,4,4,4,4,4,4,4,4,4,4,4,4,4,4,4,4,4,4,4,1,3,2,4,4,4,4,4,4,4,4,4,4,4,4,4,4,4,4,4,1,3,2,3,2,0,3,2,0,4,4,4,4,4,4,2,3,0,2,4,4,4,4,3,4,4,4,4,4,4,4,4,4,4,4,4,4,4,4,4,4,4,4,4,4,4,4,4,4,4,4,4,4,4,4,4,4,4,4,4,4,4,4,4,4,4,4,4,4,4,3,1,0,3,1,0,0,3,0,3,CACU01000010.1/96072-96269,0
449,2,1,0,2,3,2,2,1,3,1,0,3,3,1,0,1,1,4,3,3,4,1,3,3,0,3,2,3,1,0,2,1,1,1,1,3,3,1,2,4,4,4,4,4,4,4,4,4,4,2,2,0,0,2,1,4,4,4,4,4,4,4,4,4,4,4,4,4,4,4,4,4,4,4,4,4,4,4,4,4,4,4,4,4,4,2,1,4,3,0,1,0,3,0,0,0,1,3,3,1,4,4,2,0,0,3,2,0,1,2,1,0,1,0,0,4,0,1,4,4,4,4,4,4,4,4,4,4,0,2,2,4,4,3,2,1,1,3,4,2,4,1,1,2,3,1,1,0,4,4,0,1,3,1,4,1,3,2,0,3,0,4,0,1,0,2,4,4,4,1,3,4,1,4,3,2,1,3,4,4,4,4,4,4,4,3,4,4,4,4,4,4,4,4,4,4,4,4,4,4,4,4,4,4,4,4,4,4,4,4,4,4,4,4,4,4,4,4,4,4,4,4,4,4,4,4,4,4,4,4,4,4,4,4,4,4,4,4,4,4,3,0,3,1,0,4,4,2,3,1,0,3,4,1,2,2,2,1,2,0,0,0,1,2,3,1,2,0,4,4,4,4,4,4,4,4,4,4,4,4,4,4,4,4,4,4,4,4,4,2,3,0,0,2,2,1,0,4,1,1,2,4,1,1,3,1,4,4,0,3,3,1,4,4,4,4,4,4,4,4,4,4,4,4,4,4,4,4,4,4,4,4,4,4,4,4,4,4,4,4,4,4,4,4,4,4,4,4,4,4,4,4,4,4,4,4,4,1,3,3,4,4,4,4,4,4,4,4,4,4,4,4,4,4,4,4,4,0,0,3,0,0,0,2,2,1,0,2,2,1,3,3,3,0,4,4,4,4,4,4,4,4,4,4,4,4,4,4,4,4,4,4,4,4,4,4,4,4,4,4,4,4,4,4,4,4,4,4,4,4,4,4,4,4,4,4,4,4,4,4,4,2,0,2,1,1,3,2,1,1,3,3,3,0,3,3,2,AEWW01005537.1/5917-6106,0
450,2,3,0,2,0,3,2,1,3,1,0,3,3,1,1,0,3,4,1,3,4,1,3,3,0,3,2,3,3,1,2,1,1,3,3,0,4,4,4,4,4,4,4,4,4,4,4,4,4,4,4,4,4,2,3,4,4,4,4,4,4,4,4,4,4,4,4,4,4,4,4,4,4,4,4,4,4,4,4,4,4,4,4,4,4,2,1,4,1,3,1,0,3,0,0,0,1,3,1,1,4,2,2,0,0,3,2,0,1,2,1,4,0,2,0,4,2,1,1,2,3,3,4,4,4,4,3,0,1,2,2,4,4,3,2,1,3,3,4,0,4,3,1,2,3,1,1,0,4,4,1,3,2,0,4,1,0,2,0,3,2,4,3,1,2,1,4,4,4,3,3,4,0,4,3,2,1,1,4,4,4,4,4,4,4,3,4,4,4,4,4,4,4,4,4,4,4,4,4,4,4,4,4,4,4,4,4,4,4,4,4,4,4,4,4,4,4,4,4,4,4,4,4,4,4,4,4,4,4,4,4,4,4,4,4,4,4,4,4,4,1,0,3,1,0,2,0,1,0,1,1,0,4,3,2,2,0,1,0,1,0,0,1,2,3,3,2,0,4,4,4,4,4,4,4,4,4,4,4,4,4,4,4,4,4,4,4,4,4,2,3,2,0,0,2,1,0,4,1,1,4,4,1,0,1,3,4,4,3,2,3,3,2,3,1,0,4,3,4,0,1,0,4,4,4,4,4,4,4,4,4,4,4,4,4,4,4,4,4,4,4,4,4,4,4,4,4,4,4,4,4,4,4,4,2,0,1,1,3,2,4,4,4,4,4,4,4,4,4,4,4,4,4,4,4,4,4,3,3,3,3,0,0,1,2,1,1,3,2,1,3,1,1,2,3,0,0,4,3,0,0,4,4,4,4,4,4,4,4,4,4,4,4,4,4,4,4,4,4,4,4,4,4,4,4,4,4,4,4,4,4,4,4,4,4,4,4,4,4,4,4,2,0,2,1,0,2,2,1,2,3,3,3,3,3,3,3,AEZS01000021.1/276975-277181,0
451,2,1,0,2,3,2,2,1,3,1,0,3,3,1,0,1,1,4,2,0,4,1,3,3,0,3,2,3,1,0,2,1,1,1,1,3,3,1,2,4,4,4,4,4,4,4,4,4,4,2,2,0,1,2,3,4,4,4,4,4,4,4,4,4,4,4,4,4,4,4,4,4,4,4,4,4,4,4,4,4,4,4,4,4,4,2,1,4,3,0,1,0,3,0,0,0,0,3,3,1,4,4,2,0,0,3,2,0,1,2,1,4,0,1,0,4,0,1,4,4,4,4,4,4,4,4,4,0,0,2,2,4,4,3,2,1,1,3,4,2,4,1,1,2,3,1,1,0,4,4,0,1,3,3,4,1,3,2,0,3,0,4,3,1,0,2,1,4,2,3,0,4,4,4,4,2,1,3,4,4,4,4,4,4,4,0,4,4,4,4,4,4,4,4,4,4,4,4,4,4,4,4,4,4,4,4,4,4,4,4,4,4,4,4,4,4,4,4,4,4,4,4,4,4,4,4,4,4,4,4,4,4,4,4,4,4,4,4,4,4,3,0,3,1,0,4,4,0,1,1,0,3,4,1,2,2,2,1,2,0,0,0,1,2,3,1,2,0,4,4,4,4,4,4,4,4,4,4,4,4,4,4,4,4,4,4,4,4,4,2,3,3,0,2,2,1,0,4,1,1,2,4,1,1,3,3,4,4,4,0,3,3,4,4,4,4,4,4,4,4,4,4,4,4,4,4,4,4,4,4,4,4,4,4,4,4,4,4,4,4,4,4,4,4,4,4,4,4,4,4,4,4,4,4,4,4,4,1,1,0,4,4,4,4,4,4,4,4,4,4,4,4,4,4,4,4,4,3,0,0,1,0,0,0,2,1,1,2,2,2,4,4,3,0,0,3,4,4,4,4,3,4,4,4,4,4,4,4,4,4,4,4,4,4,4,4,4,4,4,4,4,4,4,4,4,4,4,4,4,4,4,4,4,4,4,4,4,4,4,4,4,4,4,1,1,1,2,2,1,3,3,3,2,3,3,2,3,AAJW02000007.1/35537-35724,0
452,0,1,0,2,3,3,2,1,3,1,0,3,3,1,0,1,1,4,3,3,4,3,3,3,0,3,2,0,3,0,2,1,1,1,1,2,4,4,4,4,4,4,4,4,4,4,4,4,4,4,4,4,4,4,4,1,0,0,3,3,0,0,2,1,4,4,4,4,4,4,4,4,4,4,4,4,2,2,0,3,2,0,3,2,1,2,1,4,3,3,1,0,3,0,0,2,1,1,3,1,4,1,2,0,0,3,2,0,3,2,1,4,1,3,0,4,4,4,0,2,0,1,4,4,4,4,4,4,3,2,2,4,4,3,2,1,1,3,4,0,4,3,1,2,3,1,1,0,1,1,3,0,0,0,4,1,1,2,0,1,0,4,3,3,2,3,2,4,3,2,0,4,0,4,0,2,1,0,1,4,4,4,4,4,0,3,4,4,4,4,4,4,4,4,4,4,4,4,4,4,4,4,4,4,4,4,4,4,4,4,4,4,4,4,4,4,4,4,4,4,4,4,4,4,4,4,4,4,4,4,4,4,4,4,4,4,4,4,4,4,3,0,3,1,0,4,4,0,0,1,0,3,4,1,2,2,0,1,2,0,1,0,1,2,3,3,2,0,4,4,4,4,4,4,4,4,4,4,4,4,4,4,4,4,4,4,4,4,4,2,3,2,0,2,2,1,0,4,1,1,2,4,1,1,3,0,4,4,3,2,3,1,4,4,4,4,4,4,4,4,4,4,4,4,4,4,4,4,4,4,4,4,4,4,4,4,4,4,4,4,4,4,4,4,4,4,4,4,4,4,4,4,4,4,4,4,4,1,3,2,4,4,4,4,4,4,4,4,4,4,4,4,4,4,4,4,4,1,3,2,3,2,0,3,2,0,0,3,4,4,4,4,4,4,4,4,4,4,4,4,4,4,4,4,4,4,4,4,4,4,4,4,4,4,4,4,4,4,4,4,4,4,4,4,4,4,4,4,4,4,4,4,4,4,4,4,4,4,4,4,3,4,4,4,4,0,3,3,1,0,3,1,0,0,3,3,3,AL590842.1/3260859-3260662,0
453,2,3,0,2,0,3,2,1,3,1,0,3,3,1,1,0,3,4,1,3,4,1,3,3,0,3,2,3,3,1,2,1,1,3,3,0,4,4,4,4,4,4,4,4,4,4,4,4,4,4,4,4,4,2,3,4,4,4,4,4,4,4,4,4,4,4,4,4,4,4,4,4,4,4,4,4,4,4,4,4,4,4,4,4,4,2,1,4,1,3,1,0,3,0,0,0,1,3,1,1,4,2,2,0,0,3,2,0,1,2,1,4,0,2,0,4,2,1,1,2,3,3,4,4,4,4,3,0,1,2,2,4,4,3,2,1,3,3,4,0,4,3,1,2,3,1,1,0,4,4,1,3,2,0,4,1,0,2,0,3,2,4,3,1,2,1,4,4,4,3,3,4,0,4,3,2,1,1,4,4,4,4,4,4,4,3,4,4,4,4,4,4,4,4,4,4,4,4,4,4,4,4,4,4,4,4,4,4,4,4,4,4,4,4,4,4,4,4,4,4,4,4,4,4,4,4,4,4,4,4,4,4,4,4,4,4,4,4,4,4,1,0,3,1,0,2,0,1,0,1,1,0,4,3,2,2,0,1,0,1,0,0,1,2,3,3,2,0,4,4,4,4,4,4,4,4,4,4,4,4,4,4,4,4,4,4,4,4,4,2,3,2,0,0,2,1,0,4,1,1,4,4,1,0,1,3,4,4,3,2,3,3,2,3,1,0,4,3,4,0,1,0,4,4,4,4,4,4,4,4,4,4,4,4,4,4,4,4,4,4,4,4,4,4,4,4,4,4,4,4,4,4,4,4,2,0,1,1,3,2,4,4,4,4,4,4,4,4,4,4,4,4,4,4,4,4,4,3,3,3,3,0,0,1,2,1,1,3,2,1,3,1,1,2,3,0,0,4,3,0,0,4,4,4,4,4,4,4,4,4,4,4,4,4,4,4,4,4,4,4,4,4,4,4,4,4,4,4,4,4,4,4,4,4,4,4,4,4,4,4,4,2,0,2,1,0,2,2,1,2,3,3,3,3,3,3,3,AEZP01000133.1/54269-54063,0
454,2,3,4,4,4,3,2,1,3,1,0,3,3,1,3,1,1,4,3,2,4,3,1,3,0,3,2,0,3,3,2,1,1,1,1,2,1,0,1,3,2,4,4,4,4,4,4,4,1,2,2,3,3,2,0,4,4,4,4,4,4,4,4,4,4,4,4,4,4,4,4,4,4,4,4,4,4,4,4,4,4,4,4,4,4,2,1,4,4,3,1,0,3,0,0,0,0,3,0,3,4,1,2,0,0,3,2,0,1,2,1,4,0,4,4,4,4,1,1,0,0,0,4,4,4,4,4,4,1,2,2,4,4,0,2,1,1,3,4,2,4,1,1,2,3,1,1,0,4,1,1,1,0,0,4,1,1,2,0,3,0,4,0,3,1,2,1,4,3,3,2,4,1,4,3,3,3,2,1,0,4,4,0,1,2,3,4,4,4,4,4,4,4,4,4,4,4,4,4,4,4,4,4,4,4,4,4,4,4,4,4,4,4,4,4,4,4,4,4,4,4,4,4,4,4,4,4,4,4,4,4,4,4,4,4,4,4,4,4,4,3,0,3,1,0,4,4,0,2,1,0,1,4,1,2,2,0,1,2,1,0,0,1,2,3,3,2,0,4,4,4,4,4,4,4,4,4,4,4,4,4,4,4,4,4,4,4,4,4,2,3,3,0,2,2,1,3,4,1,1,0,4,1,1,3,0,4,4,3,3,3,3,2,1,0,2,4,2,4,1,2,0,4,4,4,4,4,4,4,4,4,4,4,4,4,4,4,4,4,4,4,4,4,4,4,4,4,4,4,4,4,4,4,4,3,2,1,3,2,1,2,2,1,4,4,4,4,4,4,4,4,4,4,2,3,1,2,1,3,1,3,1,0,1,2,2,1,0,2,2,1,1,0,0,0,0,4,4,4,4,4,4,4,4,4,4,4,4,4,4,4,4,4,4,4,4,4,4,4,4,4,4,4,4,4,4,4,4,4,4,4,4,4,4,4,4,4,4,4,4,4,2,2,1,1,3,2,1,1,2,3,3,3,3,1,2,3,BABY01000083.1/135747-135530,0
455,2,3,0,2,0,3,2,1,3,1,0,3,3,1,1,0,3,4,1,3,4,1,3,3,0,3,2,3,3,1,2,1,1,3,3,0,4,4,4,4,4,4,4,4,4,4,4,4,4,4,4,4,4,2,3,4,4,4,4,4,4,4,4,4,4,4,4,4,4,4,4,4,4,4,4,4,4,4,4,4,4,4,4,4,4,2,1,4,1,3,1,0,3,0,0,0,1,3,1,1,4,2,2,0,0,3,2,0,1,2,1,4,0,2,0,4,2,1,1,2,3,3,4,4,4,4,3,0,1,2,2,4,4,3,2,1,3,3,4,0,4,3,1,2,3,1,1,0,4,4,1,3,2,0,4,1,0,2,0,3,2,4,3,1,2,1,4,4,4,3,3,4,0,4,3,2,1,1,4,4,4,4,4,4,4,3,4,4,4,4,4,4,4,4,4,4,4,4,4,4,4,4,4,4,4,4,4,4,4,4,4,4,4,4,4,4,4,4,4,4,4,4,4,4,4,4,4,4,4,4,4,4,4,4,4,4,4,4,4,4,1,0,3,1,0,2,0,1,0,1,1,0,4,3,2,2,0,1,0,1,0,0,1,2,3,3,2,0,4,4,4,4,4,4,4,4,4,4,4,4,4,4,4,4,4,4,4,4,4,2,3,2,0,0,2,1,0,4,1,1,4,4,1,0,1,3,4,4,3,2,3,3,2,3,1,0,4,3,4,0,1,0,4,4,4,4,4,4,4,4,4,4,4,4,4,4,4,4,4,4,4,4,4,4,4,4,4,4,4,4,4,4,4,4,2,0,1,1,3,2,4,4,4,4,4,4,4,4,4,4,4,4,4,4,4,4,4,3,3,3,3,0,0,1,2,1,1,3,2,1,3,1,1,2,3,0,0,4,3,0,0,4,4,4,4,4,4,4,4,4,4,4,4,4,4,4,4,4,4,4,4,4,4,4,4,4,4,4,4,4,4,4,4,4,4,4,4,4,4,4,4,2,0,2,1,0,2,2,1,2,3,3,3,3,3,3,3,AFGE01000062.1/17662-17456,0
456,2,3,0,2,0,3,2,1,3,1,0,3,3,1,1,0,3,4,1,3,4,1,3,3,0,3,2,3,3,1,2,1,1,3,3,0,4,4,4,4,4,4,4,4,4,4,4,4,4,4,4,4,4,2,3,4,4,4,4,4,4,4,4,4,4,4,4,4,4,4,4,4,4,4,4,4,4,4,4,4,4,4,4,4,4,2,1,4,1,3,1,0,3,0,0,0,1,3,1,1,4,2,2,0,0,3,2,0,1,2,1,4,0,2,0,4,2,1,1,2,3,3,4,4,4,4,3,0,1,2,2,4,4,3,2,1,3,3,4,0,4,3,1,2,3,1,1,0,4,4,1,3,2,0,4,1,0,2,0,3,2,4,3,1,2,1,4,4,4,3,3,4,0,4,3,2,1,1,4,4,4,4,4,4,4,3,4,4,4,4,4,4,4,4,4,4,4,4,4,4,4,4,4,4,4,4,4,4,4,4,4,4,4,4,4,4,4,4,4,4,4,4,4,4,4,4,4,4,4,4,4,4,4,4,4,4,4,4,4,4,1,0,3,1,0,2,0,1,0,1,1,0,4,3,2,2,0,1,0,1,0,0,1,2,3,3,2,0,4,4,4,4,4,4,4,4,4,4,4,4,4,4,4,4,4,4,4,4,4,2,3,2,0,0,2,1,0,4,1,1,4,4,1,0,1,3,4,4,3,2,3,3,2,3,1,0,4,3,4,0,1,0,4,4,4,4,4,4,4,4,4,4,4,4,4,4,4,4,4,4,4,4,4,4,4,4,4,4,4,4,4,4,4,4,2,0,1,1,3,2,4,4,4,4,4,4,4,4,4,4,4,4,4,4,4,4,4,3,3,3,3,0,0,1,2,1,1,3,2,1,3,1,1,2,3,0,0,4,3,0,0,4,4,4,4,4,4,4,4,4,4,4,4,4,4,4,4,4,4,4,4,4,4,4,4,4,4,4,4,4,4,4,4,4,4,4,4,4,4,4,4,2,0,2,1,0,2,2,1,2,3,3,3,3,3,3,3,AFVX01000019.1/48760-48554,0
457,2,1,0,2,3,2,2,1,3,1,0,3,3,1,0,1,1,4,2,0,4,1,3,3,0,3,2,3,1,0,2,1,1,1,1,3,3,1,2,4,4,4,4,4,4,4,4,4,4,2,2,0,1,2,3,4,4,4,4,4,4,4,4,4,4,4,4,4,4,4,4,4,4,4,4,4,4,4,4,4,4,4,4,4,4,2,1,4,3,0,1,0,3,0,0,0,0,3,3,1,4,4,2,0,0,3,2,0,1,2,1,4,0,1,0,4,0,1,4,4,4,4,4,4,4,4,4,0,0,2,2,4,4,3,2,1,1,3,4,2,4,1,1,2,3,1,1,0,4,4,0,1,3,3,4,1,3,2,0,3,0,4,3,1,0,2,1,4,2,3,0,4,4,4,4,2,1,3,4,4,4,4,4,4,4,0,4,4,4,4,4,4,4,4,4,4,4,4,4,4,4,4,4,4,4,4,4,4,4,4,4,4,4,4,4,4,4,4,4,4,4,4,4,4,4,4,4,4,4,4,4,4,4,4,4,4,4,4,4,4,3,0,3,1,0,4,4,0,1,1,0,3,4,1,2,2,2,1,2,0,0,0,1,2,3,1,2,0,4,4,4,4,4,4,4,4,4,4,4,4,4,4,4,4,4,4,4,4,4,2,3,3,0,2,2,1,0,4,1,1,2,4,1,1,3,3,4,4,4,0,3,3,4,4,4,4,4,4,4,4,4,4,4,4,4,4,4,4,4,4,4,4,4,4,4,4,4,4,4,4,4,4,4,4,4,4,4,4,4,4,4,4,4,4,4,4,4,1,1,0,4,4,4,4,4,4,4,4,4,4,4,4,4,4,4,4,4,3,0,0,1,0,0,0,2,1,1,2,2,2,4,4,3,0,0,3,4,4,4,4,3,4,4,4,4,4,4,4,4,4,4,4,4,4,4,4,4,4,4,4,4,4,4,4,4,4,4,4,4,4,4,4,4,4,4,4,4,4,4,4,4,4,4,1,1,1,2,2,1,3,3,3,2,3,3,2,3,ADTO01000169.1/15120-14933,0
458,0,1,0,2,3,3,2,1,3,1,0,3,3,1,0,1,1,4,3,3,4,3,3,3,0,3,2,0,3,0,2,1,1,1,1,2,4,4,4,4,4,4,4,4,4,4,4,4,4,4,4,4,4,4,4,1,0,0,3,3,0,0,2,1,4,4,4,4,4,4,4,4,4,4,4,4,2,2,0,3,2,0,3,2,1,2,1,4,3,3,1,0,3,0,0,2,1,1,3,1,4,1,2,0,0,3,2,0,3,2,1,4,1,3,0,4,4,4,0,2,0,1,4,4,4,4,4,4,3,2,2,4,4,3,2,1,1,3,4,0,4,3,1,2,3,1,1,0,1,1,3,0,0,0,4,1,1,2,0,1,0,4,3,3,2,3,2,4,3,2,0,4,0,4,0,2,1,0,1,4,4,4,4,4,0,3,4,4,4,4,4,4,4,4,4,4,4,4,4,4,4,4,4,4,4,4,4,4,4,4,4,4,4,4,4,4,4,4,4,4,4,4,4,4,4,4,4,4,4,4,4,4,4,4,4,4,4,4,4,4,3,0,3,1,0,4,4,0,0,1,0,3,4,1,2,2,0,1,2,0,1,0,1,2,3,3,2,0,4,4,4,4,4,4,4,4,4,4,4,4,4,4,4,4,4,4,4,4,4,2,3,2,0,2,2,1,0,4,1,1,2,4,1,1,3,0,4,4,3,2,3,1,4,4,4,4,4,4,4,4,4,4,4,4,4,4,4,4,4,4,4,4,4,4,4,4,4,4,4,4,4,4,4,4,4,4,4,4,4,4,4,4,4,4,4,4,4,1,3,2,4,4,4,4,4,4,4,4,4,4,4,4,4,4,4,4,4,1,3,2,3,2,0,3,2,0,0,4,4,4,4,4,4,4,4,4,4,4,4,4,4,3,4,4,4,4,4,4,4,4,4,4,4,4,4,4,4,4,4,4,4,4,4,4,4,4,4,4,4,4,4,4,4,4,4,4,4,4,4,3,2,4,4,4,4,4,3,3,1,0,3,1,0,0,3,3,3,CP000720.1/1353389-1353586,0
459,2,3,4,4,4,2,2,1,3,1,0,3,3,1,0,1,1,4,2,0,4,1,3,3,0,3,2,3,1,0,2,1,1,1,1,3,3,1,2,4,4,4,4,4,4,4,4,4,4,2,2,0,1,2,3,4,4,4,4,4,4,4,4,4,4,4,4,4,4,4,4,4,4,4,4,4,4,4,4,4,4,4,4,4,4,2,1,4,3,0,1,0,3,0,0,0,0,3,3,1,4,4,2,0,0,3,2,0,1,2,1,4,4,4,4,4,0,1,0,0,4,4,4,4,4,4,1,0,0,2,2,4,4,3,2,1,1,3,4,2,4,1,1,2,3,1,1,0,4,4,0,1,3,3,4,1,3,2,0,3,0,4,3,1,0,2,1,4,2,3,0,4,4,4,4,2,1,3,4,4,4,4,4,4,4,0,4,4,4,4,4,4,4,4,4,4,4,4,4,4,4,4,4,4,4,4,4,4,4,4,4,4,4,4,4,4,4,4,4,4,4,4,4,4,4,4,4,4,4,4,4,4,4,4,4,4,4,4,4,4,3,0,3,1,0,4,4,0,1,1,0,3,4,1,2,2,2,1,2,0,0,0,1,2,3,1,2,0,4,4,4,4,4,4,4,4,4,4,4,4,4,4,4,4,4,4,4,4,4,2,3,3,0,2,2,1,0,4,1,1,2,4,1,1,3,3,4,4,4,0,3,3,4,4,4,4,4,4,4,4,4,4,4,4,4,4,4,4,4,4,4,4,4,4,4,4,4,4,4,4,4,4,4,4,4,4,4,4,4,4,4,4,4,4,4,4,4,1,1,0,4,4,4,4,4,4,4,4,4,4,4,4,4,4,4,4,4,3,0,0,1,0,0,0,2,1,1,2,2,2,4,4,3,0,0,3,4,4,4,4,3,4,4,4,4,4,4,4,4,4,4,4,4,4,4,4,4,4,4,4,4,4,4,4,4,4,4,4,4,4,4,4,4,4,4,4,4,4,4,4,4,4,4,1,1,1,2,2,1,3,3,3,2,3,3,2,3,FN554766.1/2945829-2945645,0
460,2,3,0,2,3,3,2,1,3,1,0,3,3,1,0,0,1,4,3,3,4,3,3,3,0,3,2,3,1,2,2,4,4,4,4,4,4,4,4,4,4,4,4,4,4,4,4,4,4,4,4,4,4,4,4,0,3,1,1,3,0,3,0,2,1,2,4,4,4,4,4,4,4,4,0,3,2,2,0,3,2,1,0,3,0,4,1,4,1,0,1,0,3,0,0,2,1,1,0,2,4,4,2,0,0,3,2,0,3,2,1,4,1,0,0,4,0,0,4,4,4,4,4,4,4,2,3,0,0,2,2,4,4,3,2,1,1,3,4,0,4,3,1,2,3,1,1,0,4,0,1,0,2,1,4,0,3,2,0,3,0,4,3,0,2,1,3,4,3,0,0,4,0,4,3,3,0,0,3,1,3,4,2,1,3,3,4,4,4,4,4,4,4,4,4,4,4,4,4,4,4,4,4,4,4,4,4,4,4,4,4,4,4,4,4,4,4,4,4,4,4,4,4,4,4,4,4,4,4,4,4,4,4,4,4,4,4,4,4,4,3,0,3,1,0,4,4,0,0,1,0,3,4,1,2,2,2,1,2,0,1,0,1,2,3,2,2,0,4,4,4,4,4,4,4,4,4,4,4,4,4,4,4,4,4,4,4,4,4,2,3,2,0,2,2,1,0,4,1,1,0,4,3,1,3,0,4,4,3,0,0,0,4,4,0,0,4,3,4,3,1,2,4,4,4,4,4,4,4,4,4,4,4,4,4,4,4,4,4,4,4,4,4,4,4,4,4,4,4,4,4,4,4,4,4,4,4,1,3,2,4,4,4,4,4,4,4,4,4,4,4,4,4,4,4,4,4,1,3,1,3,4,4,4,1,1,3,1,2,1,1,2,0,3,0,3,4,4,4,4,4,4,4,4,4,4,4,4,4,4,4,4,4,4,4,4,4,4,4,4,4,4,4,4,4,4,4,4,4,4,4,4,4,4,4,4,4,4,4,4,4,2,2,2,1,2,2,2,2,4,4,4,3,2,1,0,2,FN545167.1/37791-38000,0
461,2,3,4,4,4,2,2,1,3,1,0,3,3,1,0,1,1,4,2,0,4,1,3,3,0,3,2,3,1,0,2,1,1,1,1,3,3,1,2,4,4,4,4,4,4,4,4,4,4,2,2,0,1,2,3,4,4,4,4,4,4,4,4,4,4,4,4,4,4,4,4,4,4,4,4,4,4,4,4,4,4,4,4,4,4,2,1,4,3,0,1,0,3,0,0,0,0,3,0,1,4,4,2,0,0,3,2,0,1,2,1,4,4,4,4,4,0,1,0,0,4,4,4,4,4,4,1,0,0,2,2,4,4,3,2,1,1,3,4,2,4,1,1,2,3,1,1,0,4,4,0,1,3,3,4,1,3,2,0,3,0,4,3,1,0,2,1,4,2,3,0,4,4,4,4,2,1,3,4,4,4,4,4,4,4,0,4,4,4,4,4,4,4,4,4,4,4,4,4,4,4,4,4,4,4,4,4,4,4,4,4,4,4,4,4,4,4,4,4,4,4,4,4,4,4,4,4,4,4,4,4,4,4,4,4,4,4,4,4,4,3,0,3,1,0,4,4,0,1,1,0,3,4,1,2,2,2,1,2,0,0,0,1,2,3,1,2,0,4,4,4,4,4,4,4,4,4,4,4,4,4,4,4,4,4,4,4,4,4,2,3,3,0,2,2,1,0,4,1,1,2,4,1,1,3,3,4,4,4,0,3,3,4,4,4,4,4,4,4,4,4,4,4,4,4,4,4,4,4,4,4,4,4,4,4,4,4,4,4,4,4,4,4,4,4,4,4,4,4,4,4,4,4,4,4,4,4,1,1,0,4,4,4,4,4,4,4,4,4,4,4,4,4,4,4,4,4,3,0,0,1,0,0,0,2,1,1,2,2,2,4,4,3,0,0,3,4,4,4,4,3,4,4,4,4,4,4,4,4,4,4,4,4,4,4,4,4,4,4,4,4,4,4,4,4,4,4,4,4,4,4,4,4,4,4,4,4,4,4,4,4,4,4,1,1,1,2,2,1,3,3,3,2,3,3,2,3,AFAD01000027.1/1132229-1132045,0
462,2,1,0,2,3,2,2,1,3,1,0,3,3,1,0,1,1,4,2,0,4,1,3,3,0,3,2,3,1,0,2,1,1,1,1,3,3,1,2,4,4,4,4,4,4,4,4,4,4,2,2,0,1,2,3,4,4,4,4,4,4,4,4,4,4,4,4,4,4,4,4,4,4,4,4,4,4,4,4,4,4,4,4,4,4,2,1,4,3,0,1,0,3,0,0,0,0,3,3,1,4,4,2,0,0,3,2,0,1,2,1,4,0,1,0,4,0,1,4,4,4,4,4,4,4,4,4,0,0,2,2,4,4,3,2,1,1,3,4,2,4,1,1,2,3,1,1,0,4,4,0,1,3,3,4,1,3,2,0,3,0,4,3,1,0,2,1,4,2,3,0,4,4,4,4,2,1,3,4,4,4,4,4,4,4,0,4,4,4,4,4,4,4,4,4,4,4,4,4,4,4,4,4,4,4,4,4,4,4,4,4,4,4,4,4,4,4,4,4,4,4,4,4,4,4,4,4,4,4,4,4,4,4,4,4,4,4,4,4,4,3,0,3,1,0,4,4,0,1,1,0,3,4,1,2,2,2,1,2,0,0,0,1,2,3,1,2,0,4,4,4,4,4,4,4,4,4,4,4,4,4,4,4,4,4,4,4,4,4,2,3,3,0,2,2,1,0,4,1,1,2,4,1,1,3,3,4,4,4,0,3,3,4,4,4,4,4,4,4,4,4,4,4,4,4,4,4,4,4,4,4,4,4,4,4,4,4,4,4,4,4,4,4,4,4,4,4,4,4,4,4,4,4,4,4,4,4,1,1,0,4,4,4,4,4,4,4,4,4,4,4,4,4,4,4,4,4,3,0,0,1,0,0,0,2,1,1,2,2,2,4,4,3,0,0,3,4,4,4,4,3,4,4,4,4,4,4,4,4,4,4,4,4,4,4,4,4,4,4,4,4,4,4,4,4,4,4,4,4,4,4,4,4,4,4,4,4,4,4,4,4,4,4,1,1,1,2,2,1,3,3,3,2,3,3,2,3,ADUO01000175.1/28138-27951,0
463,3,1,0,2,3,3,2,1,3,1,0,3,3,1,0,0,1,4,3,3,4,3,3,3,0,3,2,3,1,2,2,3,1,1,0,1,0,0,3,0,0,3,2,2,4,2,3,2,2,2,0,0,1,0,3,4,4,4,4,4,4,4,4,4,4,4,4,4,4,4,4,4,4,4,4,4,4,4,4,4,4,4,4,4,4,0,1,4,1,0,1,0,3,0,0,2,1,1,0,2,4,4,2,0,0,3,2,0,1,2,1,4,4,1,0,4,2,0,2,4,4,4,4,4,4,4,3,0,0,2,2,4,4,3,2,1,1,3,4,2,4,1,1,2,3,1,1,0,4,0,1,0,3,1,4,0,3,2,0,3,0,4,1,3,1,2,3,4,1,3,3,4,1,2,2,0,1,1,4,4,4,4,4,4,4,3,4,4,4,4,4,4,4,4,4,4,4,4,4,4,4,4,4,4,4,4,4,4,4,4,4,4,4,4,4,4,4,4,4,4,4,4,4,4,4,4,4,4,4,4,4,4,4,4,4,4,4,4,4,4,3,0,3,1,0,4,4,0,0,1,0,1,4,0,2,2,2,1,2,0,1,0,1,2,3,2,2,0,4,4,4,4,4,4,4,4,4,4,4,4,4,4,4,4,4,4,4,4,4,2,3,2,0,2,2,1,0,4,1,1,0,4,1,1,3,3,4,4,1,0,3,3,1,3,1,3,4,3,4,3,3,0,4,4,4,4,4,4,4,4,4,4,4,4,4,4,4,4,4,4,4,4,4,4,4,4,4,4,4,4,4,4,4,4,2,0,2,0,0,0,0,0,0,2,0,2,0,3,2,0,0,0,3,0,3,3,2,0,1,2,0,2,1,2,2,0,0,3,0,3,1,3,1,0,0,3,4,4,4,4,0,4,4,4,4,4,4,4,4,4,4,4,4,4,4,4,4,4,4,4,4,4,4,4,4,4,4,4,4,4,4,4,4,4,4,4,4,4,4,4,4,0,2,0,3,0,3,3,1,1,2,1,3,1,3,1,1,ADGK01000334.1/259-25,0
464,2,3,4,4,4,2,2,1,3,1,0,3,3,1,0,1,1,4,3,3,4,1,3,3,0,3,2,3,1,0,2,1,1,1,1,3,3,0,2,4,4,4,4,4,4,4,4,4,4,2,2,0,1,2,1,4,4,4,4,4,4,4,4,4,4,4,4,4,4,4,4,4,4,4,4,4,4,4,4,4,4,4,4,4,4,2,1,4,3,0,1,0,3,0,0,0,1,3,3,1,4,4,2,0,0,3,2,0,1,2,1,4,4,4,4,4,0,1,0,0,4,4,4,4,4,4,1,0,0,2,2,4,4,3,2,1,1,3,4,2,4,1,1,2,3,1,1,0,4,4,0,1,3,3,4,1,3,2,0,3,0,4,0,3,0,2,1,4,2,3,4,4,4,4,0,2,1,3,4,4,4,4,4,4,4,3,4,4,4,4,4,4,4,4,4,4,4,4,4,4,4,4,4,4,4,4,4,4,4,4,4,4,4,4,4,4,4,4,4,4,4,4,4,4,4,4,4,4,4,4,4,4,4,4,4,4,4,4,4,4,3,0,3,1,0,4,4,0,1,1,3,1,4,1,2,2,2,1,2,0,0,0,1,2,3,1,2,0,4,4,4,4,4,4,4,4,4,4,4,4,4,4,4,4,4,4,4,4,4,2,3,3,0,2,2,1,0,4,1,1,2,4,1,1,3,3,4,4,4,0,3,3,4,4,4,4,4,4,4,4,4,4,4,4,4,4,4,4,4,4,4,4,4,4,4,4,4,4,4,4,4,4,4,4,4,4,4,4,4,4,4,4,4,4,4,4,4,1,1,0,4,4,4,4,4,4,4,4,4,4,4,4,4,4,4,4,4,3,0,0,1,0,0,0,2,1,1,2,2,2,3,3,3,4,4,4,4,4,4,4,4,4,4,4,4,4,4,4,4,4,4,4,4,4,4,4,4,4,4,4,4,4,4,4,4,4,4,4,4,4,4,4,4,4,4,4,4,4,4,4,4,0,2,1,1,1,2,2,1,3,3,3,2,3,3,2,3,ABAK02000001.1/2113544-2113360,0
465,3,1,0,2,3,3,2,1,3,1,0,3,3,1,0,1,1,4,3,1,4,3,3,3,0,3,2,0,3,0,2,3,1,1,1,2,4,4,4,4,4,4,4,4,4,4,4,4,4,4,4,4,4,4,4,1,3,2,3,3,0,0,2,1,4,4,4,4,4,4,4,4,4,4,4,4,2,2,0,0,3,0,3,2,1,2,1,4,3,3,1,0,3,0,0,2,1,1,0,1,4,1,2,0,0,3,2,0,3,2,1,4,1,3,0,0,2,0,1,4,4,4,4,4,4,4,4,4,3,2,2,4,4,3,2,1,1,3,4,0,4,3,1,2,3,1,1,0,1,1,3,0,0,0,4,1,1,2,0,3,0,4,3,3,2,3,2,4,3,2,0,4,0,4,3,2,1,0,1,4,4,4,4,4,0,3,4,4,4,4,4,4,4,4,4,4,4,4,4,4,4,4,4,4,4,4,4,4,4,4,4,4,4,4,4,4,4,4,4,4,4,4,4,4,4,4,4,4,4,4,4,4,4,4,4,4,4,4,4,4,3,0,3,1,0,4,4,0,0,1,0,3,4,1,2,2,0,1,2,0,1,0,1,2,3,3,2,0,4,4,4,4,4,4,4,4,4,4,4,4,4,4,4,4,4,4,4,4,4,2,3,2,0,2,2,1,0,4,1,1,2,4,1,1,3,0,4,4,3,2,3,1,4,4,4,4,4,4,4,4,4,4,4,4,4,4,4,4,4,4,4,4,4,4,4,4,4,4,4,4,4,4,4,4,4,4,4,4,4,4,4,4,4,4,4,4,4,1,3,2,4,4,4,4,4,4,4,4,4,4,4,4,4,4,4,4,4,1,3,2,3,2,0,3,2,0,0,4,4,4,4,4,4,4,4,4,4,4,4,4,4,1,4,4,4,4,4,4,4,4,4,4,4,4,4,4,4,4,4,4,4,4,4,4,4,4,4,4,4,4,4,4,4,4,4,4,4,4,4,1,0,4,4,4,4,4,3,3,1,0,3,1,0,0,3,3,3,AALC02000019.1/46317-46514,0
466,2,3,0,2,0,3,2,1,3,1,0,3,3,1,1,0,3,4,1,3,4,1,3,3,0,3,2,3,3,1,2,1,1,3,3,1,4,4,4,4,4,4,4,4,4,4,4,4,4,4,4,4,4,3,2,4,4,4,4,4,4,4,4,4,4,4,4,4,4,4,4,4,4,4,4,4,4,4,4,4,4,4,4,4,4,2,1,4,1,3,1,0,3,0,0,0,1,3,1,0,4,2,2,0,0,3,2,0,3,2,1,4,0,2,0,4,2,1,1,2,3,3,4,4,4,4,3,0,1,2,2,4,4,3,2,1,3,3,4,0,4,3,1,2,3,1,1,0,4,4,1,3,2,0,4,1,0,2,0,3,2,4,3,1,2,1,4,4,4,3,3,4,0,4,1,2,1,1,4,4,4,4,4,4,4,3,4,4,4,4,4,4,4,4,4,4,4,4,4,4,4,4,4,4,4,4,4,4,4,4,4,4,4,4,4,4,4,4,4,4,4,4,4,4,4,4,4,4,4,4,4,4,4,4,4,4,4,4,4,4,1,0,3,1,0,0,0,1,0,1,1,1,4,3,2,2,0,1,0,1,0,0,1,2,3,3,2,0,4,4,4,4,4,4,4,4,4,4,4,4,4,4,4,4,4,4,4,4,4,2,3,2,0,0,2,1,0,4,1,1,1,4,1,3,3,3,4,0,3,2,3,3,2,3,1,0,4,3,4,0,1,0,4,4,4,4,4,4,4,4,4,4,4,4,4,4,4,4,4,4,4,4,4,4,4,4,4,4,4,4,4,4,4,4,2,0,1,1,3,2,4,4,4,4,4,4,4,4,4,4,4,4,4,4,4,4,4,3,3,3,3,2,0,1,2,1,1,3,2,1,1,1,1,3,3,0,0,4,4,1,1,4,4,4,4,4,4,4,4,4,4,4,4,4,4,4,4,4,4,4,4,4,4,4,4,4,4,4,4,4,4,4,4,4,4,4,4,4,4,4,4,2,2,2,1,0,2,2,1,2,3,3,3,3,3,3,3,ABEH02000008.1/43031-43238,0
467,2,3,0,2,0,3,2,1,3,1,0,3,3,1,1,0,3,4,1,3,4,1,3,3,0,3,2,3,3,1,2,1,1,3,3,0,4,4,4,4,4,4,4,4,4,4,4,4,4,4,4,4,4,2,3,4,4,4,4,4,4,4,4,4,4,4,4,4,4,4,4,4,4,4,4,4,4,4,4,4,4,4,4,4,4,2,1,4,1,3,1,0,3,0,0,0,1,3,1,1,4,2,2,0,0,3,2,0,1,2,1,4,0,2,0,4,2,1,1,2,3,3,4,4,4,4,3,0,1,2,2,4,4,3,2,1,3,3,4,0,4,3,1,2,3,1,1,0,4,4,1,3,2,0,4,1,0,2,0,3,2,4,3,1,2,1,4,4,4,3,3,4,0,4,3,2,1,1,4,4,4,4,4,4,4,3,4,4,4,4,4,4,4,4,4,4,4,4,4,4,4,4,4,4,4,4,4,4,4,4,4,4,4,4,4,4,4,4,4,4,4,4,4,4,4,4,4,4,4,4,4,4,4,4,4,4,4,4,4,4,1,0,3,1,0,2,0,1,0,1,1,0,4,3,2,2,0,1,0,1,0,0,1,2,3,3,2,0,4,4,4,4,4,4,4,4,4,4,4,4,4,4,4,4,4,4,4,4,4,2,3,2,0,0,2,1,0,4,1,1,4,4,1,0,1,3,4,4,3,2,3,3,2,3,1,0,4,3,4,0,1,0,4,4,4,4,4,4,4,4,4,4,4,4,4,4,4,4,4,4,4,4,4,4,4,4,4,4,4,4,4,4,4,4,2,0,1,1,3,2,4,4,4,4,4,4,4,4,4,4,4,4,4,4,4,4,4,3,3,3,3,0,0,1,2,1,1,3,2,1,3,1,1,2,3,0,0,4,3,0,0,4,4,4,4,4,4,4,4,4,4,4,4,4,4,4,4,4,4,4,4,4,4,4,4,4,4,4,4,4,4,4,4,4,4,4,4,4,4,4,4,2,0,2,1,0,2,2,1,2,3,3,3,3,3,3,3,AFAH01000034.1/208200-208406,0
468,2,3,4,4,4,2,2,1,3,1,0,3,3,1,0,1,1,4,2,0,4,1,3,3,0,3,2,3,1,0,2,1,1,1,1,3,3,1,2,4,4,4,4,4,4,4,4,4,4,2,2,0,1,2,3,4,4,4,4,4,4,4,4,4,4,4,4,4,4,4,4,4,4,4,4,4,4,4,4,4,4,4,4,4,4,2,1,4,3,0,1,0,3,0,0,0,0,3,3,1,4,4,2,0,0,3,2,0,1,2,1,4,4,4,4,4,0,1,0,0,4,4,4,4,4,4,1,0,0,2,2,4,4,3,2,1,1,3,4,2,4,1,1,2,3,1,1,0,4,4,0,1,3,3,4,1,3,2,0,3,0,4,3,1,0,2,1,4,2,3,0,4,4,4,4,2,1,3,4,4,4,4,4,4,4,0,4,4,4,4,4,4,4,4,4,4,4,4,4,4,4,4,4,4,4,4,4,4,4,4,4,4,4,4,4,4,4,4,4,4,4,4,4,4,4,4,4,4,4,4,4,4,4,4,4,4,4,4,4,4,3,0,3,1,0,4,4,0,1,1,0,3,4,1,2,2,2,1,2,0,0,0,1,2,3,1,2,0,4,4,4,4,4,4,4,4,4,4,4,4,4,4,4,4,4,4,4,4,4,2,3,3,0,2,2,1,0,4,1,1,2,4,1,1,3,3,4,4,4,0,3,3,4,4,4,4,4,4,4,4,4,4,4,4,4,4,4,4,4,4,4,4,4,4,4,4,4,4,4,4,4,4,4,4,4,4,4,4,4,4,4,4,4,4,4,4,4,1,1,0,4,4,4,4,4,4,4,4,4,4,4,4,4,4,4,4,4,3,0,0,1,0,0,0,2,1,1,2,2,2,4,4,3,0,0,3,4,4,4,4,3,4,4,4,4,4,4,4,4,4,4,4,4,4,4,4,4,4,4,4,4,4,4,4,4,4,4,4,4,4,4,4,4,4,4,4,4,4,4,4,4,4,4,1,1,1,2,2,1,3,3,3,2,3,3,2,3,ADUZ01000768.1/34557-34741,0
469,2,1,0,2,3,2,2,1,3,1,0,3,3,1,0,1,1,4,2,0,4,1,3,3,0,3,2,3,1,0,2,1,1,1,1,3,3,1,2,4,4,4,4,4,4,4,4,4,4,2,2,0,1,2,3,4,4,4,4,4,4,4,4,4,4,4,4,4,4,4,4,4,4,4,4,4,4,4,4,4,4,4,4,4,4,2,1,4,3,0,1,0,3,0,0,0,0,3,3,1,4,4,2,0,0,3,2,0,1,2,1,4,0,1,0,4,0,1,4,4,4,4,4,4,4,4,4,0,0,2,2,4,4,3,2,1,1,3,4,2,4,1,1,2,3,1,1,0,4,4,0,1,3,3,4,1,3,2,0,3,0,4,3,1,0,2,1,4,2,3,0,4,4,4,4,2,1,3,4,4,4,4,4,4,4,0,4,4,4,4,4,4,4,4,4,4,4,4,4,4,4,4,4,4,4,4,4,4,4,4,4,4,4,4,4,4,4,4,4,4,4,4,4,4,4,4,4,4,4,4,4,4,4,4,4,4,4,4,4,4,3,0,3,1,0,4,4,0,1,1,0,3,4,1,2,2,2,1,2,0,0,0,1,2,3,1,2,0,4,4,4,4,4,4,4,4,4,4,4,4,4,4,4,4,4,4,4,4,4,2,3,3,0,2,2,1,0,4,1,1,2,4,1,1,3,3,4,4,4,0,3,3,4,4,4,4,4,4,4,4,4,4,4,4,4,4,4,4,4,4,4,4,4,4,4,4,4,4,4,4,4,4,4,4,4,4,4,4,4,4,4,4,4,4,4,4,4,1,1,0,4,4,4,4,4,4,4,4,4,4,4,4,4,4,4,4,4,3,0,0,1,0,0,0,2,1,1,2,2,2,4,4,3,0,0,3,4,4,4,4,3,4,4,4,4,4,4,4,4,4,4,4,4,4,4,4,4,4,4,4,4,4,4,4,4,4,4,4,4,4,4,4,4,4,4,4,4,4,4,4,4,4,4,1,1,1,2,2,1,3,3,3,2,3,3,2,3,AFVR01000227.1/34780-34967,0
470,2,3,4,4,4,2,2,1,3,1,0,3,3,1,0,1,1,4,2,0,4,1,3,3,0,3,2,3,1,0,2,1,1,1,1,3,3,1,2,4,4,4,4,4,4,4,4,4,4,2,2,0,1,2,3,4,4,4,4,4,4,4,4,4,4,4,4,4,4,4,4,4,4,4,4,4,4,4,4,4,4,4,4,4,4,2,1,4,3,0,1,0,3,0,0,0,0,3,3,1,4,4,2,0,0,3,2,0,1,2,1,4,4,4,4,4,0,1,0,0,4,4,4,4,4,4,1,0,0,2,2,4,4,3,2,1,1,3,4,2,4,1,1,2,3,1,1,0,4,4,0,1,3,3,4,1,3,2,0,3,0,4,3,1,0,2,1,4,2,3,0,4,4,4,4,2,1,3,4,4,4,4,4,4,4,0,4,4,4,4,4,4,4,4,4,4,4,4,4,4,4,4,4,4,4,4,4,4,4,4,4,4,4,4,4,4,4,4,4,4,4,4,4,4,4,4,4,4,4,4,4,4,4,4,4,4,4,4,4,4,3,0,3,1,0,4,4,0,1,1,0,3,4,1,2,2,2,1,2,0,0,0,1,2,3,1,2,0,4,4,4,4,4,4,4,4,4,4,4,4,4,4,4,4,4,4,4,4,4,2,3,3,0,2,2,1,0,4,1,1,2,4,1,1,3,3,4,4,4,0,3,3,4,4,4,4,4,4,4,4,4,4,4,4,4,4,4,4,4,4,4,4,4,4,4,4,4,4,4,4,4,4,4,4,4,4,4,4,4,4,4,4,4,4,4,4,4,1,1,0,4,4,4,4,4,4,4,4,4,4,4,4,4,4,4,4,4,3,0,0,1,0,0,0,2,1,1,2,2,2,4,4,3,0,0,3,4,4,4,4,3,4,4,4,4,4,4,4,4,4,4,4,4,4,4,4,4,4,4,4,4,4,4,4,4,4,4,4,4,4,4,4,4,4,4,4,4,4,4,4,4,4,4,1,1,1,2,2,1,3,3,3,2,3,3,2,3,ACXN01000304.1/7350-7166,0
471,2,3,0,2,0,3,2,1,3,1,0,3,1,1,1,0,1,4,3,3,4,0,3,3,0,3,2,0,1,0,2,1,3,3,2,2,1,1,0,3,3,0,0,4,4,2,2,1,3,0,0,3,3,3,0,4,4,4,4,4,4,4,4,4,4,4,4,4,4,4,4,4,4,4,4,4,4,4,4,4,4,4,4,4,4,2,1,4,3,3,1,0,3,0,0,0,1,1,1,0,4,2,2,2,0,3,2,0,1,2,1,4,0,2,0,4,2,1,1,2,0,3,4,4,3,3,3,0,2,0,2,4,4,3,2,1,1,3,4,0,4,3,3,2,3,1,1,0,4,3,2,3,0,0,4,1,1,2,0,3,2,4,3,3,2,0,2,4,3,0,0,4,3,4,2,3,4,4,4,4,4,4,4,4,4,4,4,4,4,4,4,4,4,4,4,4,4,4,4,4,4,4,4,4,4,4,4,4,4,4,4,4,4,4,4,4,4,4,4,4,4,4,4,4,4,4,4,4,4,4,4,4,4,4,4,4,4,4,4,4,1,0,3,1,0,4,4,1,0,3,0,1,4,1,2,2,2,1,0,3,0,0,1,2,3,3,2,0,4,4,4,4,4,4,4,4,4,4,4,4,4,4,4,4,4,4,4,4,4,2,3,2,0,2,2,1,0,4,1,3,2,4,0,3,0,3,4,4,3,2,3,3,2,3,1,3,4,0,4,3,1,4,4,4,4,4,4,4,4,4,4,4,4,4,4,4,4,4,4,4,4,4,4,4,4,4,4,4,4,4,4,4,4,4,2,0,1,1,3,2,0,0,4,4,4,4,4,4,4,4,4,4,4,4,0,0,3,3,3,3,0,2,0,1,0,1,3,3,2,1,1,1,3,3,3,3,4,4,4,4,4,4,4,4,4,4,4,4,4,4,4,4,4,4,4,4,4,4,4,4,4,4,4,4,4,4,4,4,4,4,4,4,4,4,4,4,4,4,4,4,4,1,2,2,1,0,0,2,3,2,3,3,3,3,3,3,3,CP001589.1/4297648-4297426,0
472,2,3,0,2,0,3,2,1,3,1,0,3,3,1,1,0,3,4,1,3,4,1,3,3,0,3,2,3,3,1,2,1,1,3,3,1,4,4,4,4,4,4,4,4,4,4,4,4,4,4,4,4,4,3,2,4,4,4,4,4,4,4,4,4,4,4,4,4,4,4,4,4,4,4,4,4,4,4,4,4,4,4,4,4,4,2,1,4,1,3,1,0,3,0,0,0,1,3,1,0,4,2,2,0,0,3,2,0,3,2,1,4,0,2,0,4,2,1,1,2,3,3,4,4,4,4,3,0,1,2,2,4,4,3,2,1,3,3,4,0,4,3,1,2,3,1,1,0,4,4,1,3,2,0,4,1,0,2,0,3,2,4,3,1,2,1,4,4,4,3,3,4,0,4,1,2,1,1,4,4,4,4,4,4,4,3,4,4,4,4,4,4,4,4,4,4,4,4,4,4,4,4,4,4,4,4,4,4,4,4,4,4,4,4,4,4,4,4,4,4,4,4,4,4,4,4,4,4,4,4,4,4,4,4,4,4,4,4,4,4,1,0,3,1,0,0,0,1,0,1,1,1,4,3,2,2,0,1,0,1,0,0,1,2,3,3,2,0,4,4,4,4,4,4,4,4,4,4,4,4,4,4,4,4,4,4,4,4,4,2,3,2,0,0,2,1,0,4,1,1,1,4,1,3,3,3,4,0,3,2,3,3,2,3,1,0,4,3,4,0,1,0,4,4,4,4,4,4,4,4,4,4,4,4,4,4,4,4,4,4,4,4,4,4,4,4,4,4,4,4,4,4,4,4,2,0,1,1,3,2,4,4,4,4,4,4,4,4,4,4,4,4,4,4,4,4,4,3,3,3,3,2,0,1,2,1,1,3,2,1,1,1,1,3,3,0,0,4,4,1,1,4,4,4,4,4,4,4,4,4,4,4,4,4,4,4,4,4,4,4,4,4,4,4,4,4,4,4,4,4,4,4,4,4,4,4,4,4,4,4,4,2,2,2,1,0,2,2,1,2,3,3,3,3,3,3,3,FN424405.1/4164521-4164728,0
473,2,3,0,2,0,3,2,1,3,1,0,3,3,1,1,0,3,4,1,3,4,1,3,3,0,3,2,3,3,1,2,1,2,3,3,3,4,4,4,4,4,4,4,4,4,4,4,4,4,4,4,4,4,0,1,4,4,4,4,4,4,4,4,4,4,4,4,4,4,4,4,4,4,4,4,4,4,4,4,4,4,4,4,4,4,2,1,4,1,3,1,0,3,0,0,0,1,3,1,0,4,2,2,0,0,3,2,0,1,2,1,4,0,2,0,4,2,1,4,4,4,4,4,4,4,4,4,4,4,4,4,4,4,4,4,4,4,4,4,4,4,4,4,4,4,4,4,4,4,4,4,4,4,4,4,4,4,4,4,4,4,4,4,4,4,4,4,4,4,4,4,4,4,4,4,4,4,4,4,4,4,4,4,4,4,4,4,4,4,4,4,4,4,4,4,4,4,4,4,4,4,4,4,4,4,4,4,4,4,4,4,4,4,4,4,4,4,4,4,4,4,4,4,4,4,4,4,4,4,4,4,4,4,4,4,4,4,4,4,4,4,4,4,4,4,4,4,4,4,4,4,4,4,4,4,4,4,4,4,4,4,4,4,4,4,4,4,4,4,4,4,4,4,4,4,4,4,4,4,4,4,4,4,4,4,4,4,4,4,4,4,4,4,4,4,4,4,4,4,4,4,4,4,4,4,4,4,4,4,4,4,4,4,4,4,4,4,4,4,4,4,4,4,4,4,4,4,4,4,4,4,4,4,4,4,4,4,4,4,4,4,4,4,4,4,4,4,4,4,4,4,4,4,4,4,4,4,4,4,4,4,4,4,4,4,4,4,4,4,4,4,4,4,4,4,4,4,4,4,4,4,4,4,4,4,4,4,4,4,4,4,4,4,4,4,4,4,4,4,4,4,4,4,4,4,4,4,4,4,4,4,4,4,4,4,4,4,4,4,4,4,4,4,4,4,4,4,4,4,4,4,4,4,4,4,4,4,4,4,4,4,4,4,4,4,4,4,4,4,4,4,4,4,4,4,4,4,AGFS01107082.1/375-439,0
474,2,1,0,2,3,2,2,1,3,1,0,3,3,1,0,1,1,4,2,0,4,1,3,3,0,3,2,3,1,0,2,1,1,1,1,3,3,1,2,4,4,4,4,4,4,4,4,4,4,2,2,0,1,2,3,4,4,4,4,4,4,4,4,4,4,4,4,4,4,4,4,4,4,4,4,4,4,4,4,4,4,4,4,4,4,2,1,4,3,0,1,0,3,0,0,0,0,3,3,1,4,4,2,0,0,3,2,0,1,2,1,4,0,1,0,4,0,1,4,4,4,4,4,4,4,4,4,0,0,2,2,4,4,3,2,1,1,3,4,2,4,1,1,2,3,1,1,0,4,4,0,1,3,3,4,1,3,2,0,3,0,4,3,1,0,2,1,4,2,3,0,4,4,4,4,2,1,3,4,4,4,4,4,4,4,0,4,4,4,4,4,4,4,4,4,4,4,4,4,4,4,4,4,4,4,4,4,4,4,4,4,4,4,4,4,4,4,4,4,4,4,4,4,4,4,4,4,4,4,4,4,4,4,4,4,4,4,4,4,4,3,0,3,1,0,4,4,0,1,1,0,3,4,1,2,2,2,1,2,0,0,0,1,2,3,1,2,0,4,4,4,4,4,4,4,4,4,4,4,4,4,4,4,4,4,4,4,4,4,2,3,3,0,2,2,1,0,4,1,1,2,4,1,1,3,3,4,4,4,0,3,3,4,4,4,4,4,4,4,4,4,4,4,4,4,4,4,4,4,4,4,4,4,4,4,4,4,4,4,4,4,4,4,4,4,4,4,4,4,4,4,4,4,4,4,4,4,1,1,0,4,4,4,4,4,4,4,4,4,4,4,4,4,4,4,4,4,3,0,0,1,0,0,0,2,1,1,2,2,2,4,4,3,0,0,3,4,4,4,4,3,4,4,4,4,4,4,4,4,4,4,4,4,4,4,4,4,4,4,4,4,4,4,4,4,4,4,4,4,4,4,4,4,4,4,4,4,4,4,4,4,4,4,1,1,1,2,2,1,3,3,3,2,3,3,2,3,BABF01000169.1/5532-5345,0
475,2,3,4,4,4,2,2,1,3,1,0,3,3,1,0,1,1,4,3,3,4,1,3,3,0,3,2,3,1,0,2,1,1,1,1,3,3,0,2,4,4,4,4,4,4,4,4,4,4,2,2,0,1,2,3,4,4,4,4,4,4,4,4,4,4,4,4,4,4,4,4,4,4,4,4,4,4,4,4,4,4,4,4,4,4,2,1,4,3,0,1,0,3,0,0,0,1,3,3,1,4,4,2,0,0,3,2,0,1,2,1,4,4,4,4,4,0,1,0,0,4,4,4,4,4,4,1,0,0,2,2,4,4,3,2,1,1,3,4,2,4,1,1,2,3,1,1,0,4,4,0,1,3,3,4,1,3,2,0,3,0,4,0,3,0,2,1,4,2,3,4,4,4,4,0,2,1,3,4,4,4,4,4,4,4,3,4,4,4,4,4,4,4,4,4,4,4,4,4,4,4,4,4,4,4,4,4,4,4,4,4,4,4,4,4,4,4,4,4,4,4,4,4,4,4,4,4,4,4,4,4,4,4,4,4,4,4,4,4,4,3,0,3,1,0,4,4,0,1,1,3,1,4,1,2,2,2,1,2,0,0,0,1,2,3,1,2,0,4,4,4,4,4,4,4,4,4,4,4,4,4,4,4,4,4,4,4,4,4,2,3,3,0,2,2,1,0,4,1,1,2,4,1,1,3,3,4,4,4,0,3,3,4,4,4,4,4,4,4,4,4,4,4,4,4,4,4,4,4,4,4,4,4,4,4,4,4,4,4,4,4,4,4,4,4,4,4,4,4,4,4,4,4,4,4,4,4,1,1,0,4,4,4,4,4,4,4,4,4,4,4,4,4,4,4,4,4,3,0,0,1,0,0,0,2,1,1,2,2,2,3,3,3,4,4,4,4,4,4,4,4,4,4,4,4,4,4,4,4,4,4,4,4,4,4,4,4,4,4,4,4,4,4,4,4,4,4,4,4,4,4,4,4,4,4,4,4,4,4,4,4,0,2,1,1,1,2,2,1,3,3,3,2,3,3,2,3,CP001138.1/2669600-2669416,0
476,2,3,4,4,4,2,2,1,3,1,0,3,3,1,0,1,1,4,2,0,4,1,3,3,0,3,2,3,1,0,2,1,1,1,1,3,3,1,2,4,4,4,4,4,4,4,4,4,4,2,2,0,1,2,3,4,4,4,4,4,4,4,4,4,4,4,4,4,4,4,4,4,4,4,4,4,4,4,4,4,4,4,4,4,4,2,1,4,3,0,1,0,3,0,0,0,0,3,0,1,4,4,2,0,0,3,2,0,1,2,1,4,4,4,4,4,0,1,0,0,4,4,4,4,4,4,1,0,0,2,2,4,4,3,2,1,1,3,4,2,4,1,1,2,3,1,1,0,4,4,0,1,3,3,4,1,3,2,0,3,0,4,3,1,0,2,1,4,2,3,0,4,4,4,4,2,1,3,4,4,4,4,4,4,4,0,4,4,4,4,4,4,4,4,4,4,4,4,4,4,4,4,4,4,4,4,4,4,4,4,4,4,4,4,4,4,4,4,4,4,4,4,4,4,4,4,4,4,4,4,4,4,4,4,4,4,4,4,4,4,3,0,3,1,0,4,4,0,1,1,0,3,4,1,2,2,2,1,2,0,0,0,1,2,3,1,2,0,4,4,4,4,4,4,4,4,4,4,4,4,4,4,4,4,4,4,4,4,4,2,3,3,0,2,2,1,0,4,1,1,2,4,1,1,3,3,4,4,4,0,3,3,4,4,4,4,4,4,4,4,4,4,4,4,4,4,4,4,4,4,4,4,4,4,4,4,4,4,4,4,4,4,4,4,4,4,4,4,4,4,4,4,4,4,4,4,4,1,1,0,4,4,4,4,4,4,4,4,4,4,4,4,4,4,4,4,4,3,0,0,1,0,0,0,2,1,1,2,2,2,4,4,3,0,0,3,4,4,4,4,3,4,4,4,4,4,4,4,4,4,4,4,4,4,4,4,4,4,4,4,4,4,4,4,4,4,4,4,4,4,4,4,4,4,4,4,4,4,4,4,4,4,4,1,1,1,2,2,1,3,3,3,2,3,3,2,3,AFYG01000005.1/170117-169933,0
477,2,3,4,4,4,2,2,1,3,1,0,3,3,1,0,1,1,4,3,3,4,1,3,3,0,3,2,3,1,0,2,1,1,1,1,3,3,0,2,4,4,4,4,4,4,4,4,4,4,2,2,0,1,2,1,4,4,4,4,4,4,4,4,4,4,4,4,4,4,4,4,4,4,4,4,4,4,4,4,4,4,4,4,4,4,2,1,4,3,0,1,0,3,0,0,0,1,3,3,1,4,4,2,0,0,3,2,0,1,2,1,4,4,4,4,4,0,1,0,0,4,4,4,4,4,4,1,0,0,2,2,4,4,3,2,1,1,3,4,2,4,1,1,2,3,1,1,0,4,4,0,1,3,3,4,1,3,2,0,3,0,4,0,1,0,2,1,4,2,3,4,4,4,4,0,2,1,3,4,4,4,4,4,4,4,3,4,4,4,4,4,4,4,4,4,4,4,4,4,4,4,4,4,4,4,4,4,4,4,4,4,4,4,4,4,4,4,4,4,4,4,4,4,4,4,4,4,4,4,4,4,4,4,4,4,4,4,4,4,4,3,0,3,1,0,4,4,0,1,1,3,1,4,1,2,2,2,1,2,0,0,0,1,2,3,1,2,0,4,4,4,4,4,4,4,4,4,4,4,4,4,4,4,4,4,4,4,4,4,2,3,3,0,2,2,1,0,4,1,1,2,4,1,1,3,3,4,4,4,0,3,3,4,4,4,4,4,4,4,4,4,4,4,4,4,4,4,4,4,4,4,4,4,4,4,4,4,4,4,4,4,4,4,4,4,4,4,4,4,4,4,4,4,4,4,4,4,1,1,0,4,4,4,4,4,4,4,4,4,4,4,4,4,4,4,4,4,3,0,0,1,0,0,0,2,1,1,2,2,2,3,3,3,4,4,4,4,4,4,4,4,4,4,4,4,4,4,4,4,4,4,4,4,4,4,4,4,4,4,4,4,4,4,4,4,4,4,4,4,4,4,4,4,4,4,4,4,4,4,4,4,0,2,1,1,1,2,2,1,3,3,3,2,3,3,2,3,ABEL01000007.1/174370-174186,0
478,2,3,4,4,4,2,2,1,3,1,0,3,3,1,0,1,1,4,3,3,4,1,3,3,0,3,2,3,1,0,2,1,1,1,1,3,3,0,2,4,4,4,4,4,4,4,4,4,4,2,2,0,1,2,1,4,4,4,4,4,4,4,4,4,4,4,4,4,4,4,4,4,4,4,4,4,4,4,4,4,4,4,4,4,4,2,1,4,3,0,1,0,3,0,0,0,1,3,3,1,4,4,2,0,0,3,2,0,1,2,1,4,4,4,4,4,0,1,0,0,4,4,4,4,4,4,1,0,0,2,2,4,4,3,2,1,1,3,4,2,4,1,1,2,3,1,1,0,4,4,0,1,3,3,4,1,3,2,0,3,0,4,0,3,0,2,1,4,2,3,4,4,4,4,0,2,1,3,4,4,4,4,4,4,4,3,4,4,4,4,4,4,4,4,4,4,4,4,4,4,4,4,4,4,4,4,4,4,4,4,4,4,4,4,4,4,4,4,4,4,4,4,4,4,4,4,4,4,4,4,4,4,4,4,4,4,4,4,4,4,3,0,3,1,0,4,4,0,1,1,3,1,4,1,2,2,2,1,2,0,0,0,1,2,3,1,2,0,4,4,4,4,4,4,4,4,4,4,4,4,4,4,4,4,4,4,4,4,4,2,3,3,0,2,2,1,0,4,1,1,2,4,1,1,3,3,4,4,4,0,3,3,4,4,4,4,4,4,4,4,4,4,4,4,4,4,4,4,4,4,4,4,4,4,4,4,4,4,4,4,4,4,4,4,4,4,4,4,4,4,4,4,4,4,4,4,4,1,1,0,4,4,4,4,4,4,4,4,4,4,4,4,4,4,4,4,4,3,0,0,1,0,0,0,2,1,1,2,2,2,3,3,3,4,4,4,4,4,4,4,4,4,4,4,4,4,4,4,4,4,4,4,4,4,4,4,4,4,4,4,4,4,4,4,4,4,4,4,4,4,4,4,4,4,4,4,4,4,4,4,4,0,2,1,1,1,2,2,1,3,3,3,2,3,3,2,3,AETW01000050.1/32883-32699,0
479,2,3,0,2,0,3,2,1,3,1,0,3,1,1,1,0,1,4,3,3,4,0,3,3,0,3,2,0,1,0,2,1,3,3,2,2,1,1,0,3,3,0,0,4,4,2,2,1,3,0,0,3,3,3,0,4,4,4,4,4,4,4,4,4,4,4,4,4,4,4,4,4,4,4,4,4,4,4,4,4,4,4,4,4,4,2,1,4,3,3,1,0,3,0,0,0,1,1,1,0,4,2,2,2,0,3,2,0,1,2,1,4,0,2,0,4,2,1,1,2,0,3,4,4,3,3,3,0,2,0,2,4,4,3,2,1,1,3,4,0,4,3,3,2,3,1,1,0,4,3,2,3,0,0,4,1,1,2,0,3,2,4,3,3,2,0,2,4,3,0,0,4,3,4,2,3,4,4,4,4,4,4,4,4,4,4,4,4,4,4,4,4,4,4,4,4,4,4,4,4,4,4,4,4,4,4,4,4,4,4,4,4,4,4,4,4,4,4,4,4,4,4,4,4,4,4,4,4,4,4,4,4,4,4,4,4,4,4,4,4,1,0,3,1,0,4,4,1,0,3,0,1,4,1,2,2,2,1,0,3,0,0,1,2,3,3,2,0,4,4,4,4,4,4,4,4,4,4,4,4,4,4,4,4,4,4,4,4,4,2,3,2,0,2,2,1,0,4,1,3,2,4,0,3,0,3,4,4,3,2,3,3,2,3,1,3,4,0,4,3,1,4,4,4,4,4,4,4,4,4,4,4,4,4,4,4,4,4,4,4,4,4,4,4,4,4,4,4,4,4,4,4,4,4,2,0,1,1,3,2,0,0,4,4,4,4,4,4,4,4,4,4,4,4,0,0,3,3,3,3,0,2,0,1,0,1,3,3,2,1,1,1,3,3,3,3,4,4,4,4,4,4,4,4,4,4,4,4,4,4,4,4,4,4,4,4,4,4,4,4,4,4,4,4,4,4,4,4,4,4,4,4,4,4,4,4,4,4,4,4,4,1,2,2,1,0,0,2,3,2,3,3,3,3,3,3,3,AAYT01000013.1/569-791,0
480,2,1,0,2,3,2,2,1,3,1,0,3,3,1,0,1,1,4,2,0,4,1,3,3,0,3,2,3,1,0,2,1,1,1,1,3,3,1,2,4,4,4,4,4,4,4,4,4,4,2,2,0,1,2,3,4,4,4,4,4,4,4,4,4,4,4,4,4,4,4,4,4,4,4,4,4,4,4,4,4,4,4,4,4,4,2,1,4,3,0,1,0,3,0,0,0,0,3,3,1,4,4,2,0,0,3,2,0,1,2,1,4,0,1,0,4,0,1,4,4,4,4,4,4,4,4,4,0,0,2,2,4,4,3,2,1,1,3,4,2,4,1,1,2,3,1,1,0,4,4,0,1,3,3,4,1,3,2,0,3,0,4,3,1,0,2,1,4,2,3,0,4,4,4,4,2,1,3,4,4,4,4,4,4,4,0,4,4,4,4,4,4,4,4,4,4,4,4,4,4,4,4,4,4,4,4,4,4,4,4,4,4,4,4,4,4,4,4,4,4,4,4,4,4,4,4,4,4,4,4,4,4,4,4,4,4,4,4,4,4,3,0,3,1,0,4,4,0,1,1,0,3,4,1,2,2,2,1,2,0,0,0,1,2,3,1,2,0,4,4,4,4,4,4,4,4,4,4,4,4,4,4,4,4,4,4,4,4,4,2,3,3,0,2,2,1,0,4,1,1,2,4,1,1,3,3,4,4,4,0,3,3,4,4,4,4,4,4,4,4,4,4,4,4,4,4,4,4,4,4,4,4,4,4,4,4,4,4,4,4,4,4,4,4,4,4,4,4,4,4,4,4,4,4,4,4,4,1,1,0,4,4,4,4,4,4,4,4,4,4,4,4,4,4,4,4,4,3,0,0,1,0,0,0,2,1,1,2,2,2,4,4,3,0,0,3,4,4,4,4,3,4,4,4,4,4,4,4,4,4,4,4,4,4,4,4,4,4,4,4,4,4,4,4,4,4,4,4,4,4,4,4,4,4,4,4,4,4,4,4,4,4,4,1,1,1,2,2,1,3,3,3,2,3,3,2,3,AFRK01000006.1/901225-901038,0
481,2,3,0,2,0,3,2,1,3,1,0,3,3,1,1,0,1,4,1,3,4,1,3,3,0,3,2,3,3,3,2,1,2,1,0,0,4,4,4,4,4,4,4,4,4,4,4,4,4,4,4,4,4,4,4,4,4,4,4,4,4,4,4,4,4,4,4,4,4,4,4,4,4,4,4,4,4,4,4,4,4,4,4,4,4,2,1,4,3,3,1,0,3,0,0,0,1,1,3,2,4,2,2,0,0,3,2,0,3,2,1,4,0,2,0,4,2,1,1,0,3,3,4,4,4,4,3,0,1,2,2,4,4,3,0,1,1,3,4,2,4,3,3,2,1,1,1,0,4,0,1,1,1,2,4,1,1,0,0,3,0,4,3,1,2,3,4,4,4,3,1,4,0,4,2,2,1,1,4,4,4,4,4,4,4,3,4,4,4,4,4,4,4,4,4,4,4,4,4,4,4,4,4,4,4,4,4,4,4,4,4,4,4,4,4,4,4,4,4,4,4,4,4,4,4,4,4,4,4,4,4,4,4,4,4,4,4,4,4,4,3,0,3,3,2,4,4,2,0,3,1,3,4,1,2,2,2,1,0,1,0,1,1,2,3,3,2,0,4,4,4,4,4,4,4,4,4,4,4,4,4,4,4,4,4,4,4,4,4,2,3,1,2,2,2,3,0,4,1,1,4,4,0,0,3,1,4,4,2,2,3,3,2,3,1,3,4,3,4,0,1,1,4,4,4,4,4,4,4,4,4,4,4,4,4,4,4,4,4,4,4,4,4,4,4,4,4,4,4,4,4,4,4,4,2,0,1,1,3,2,4,4,4,4,4,4,4,4,4,4,4,4,4,4,4,4,0,3,0,3,3,3,0,3,0,1,1,3,2,1,1,2,0,1,4,4,4,4,4,4,4,4,4,4,4,4,4,4,4,4,4,4,4,4,4,4,4,4,4,4,4,4,4,4,4,4,4,4,4,4,4,4,4,4,4,4,4,4,4,4,4,1,2,2,1,0,2,2,3,3,3,3,3,3,3,3,3,CU468135.1/251447-251645,0
482,2,3,0,2,0,3,2,1,3,1,0,3,3,1,1,0,3,4,1,3,4,1,3,3,0,3,2,3,3,1,2,1,1,3,3,0,4,4,4,4,4,4,4,4,4,4,4,4,4,4,4,4,4,2,3,4,4,4,4,4,4,4,4,4,4,4,4,4,4,4,4,4,4,4,4,4,4,4,4,4,4,4,4,4,4,2,1,4,1,3,1,0,3,0,0,0,1,3,1,1,4,2,2,0,0,3,2,0,1,2,1,4,0,2,0,4,2,1,1,2,3,3,4,4,4,4,3,0,1,2,2,4,4,3,2,1,3,3,4,0,4,3,1,2,3,1,1,0,4,4,1,3,2,0,4,1,0,2,0,3,2,4,3,1,2,1,4,4,4,3,3,4,0,4,3,2,1,1,4,4,4,4,4,4,4,3,4,4,4,4,4,4,4,4,4,4,4,4,4,4,4,4,4,4,4,4,4,4,4,4,4,4,4,4,4,4,4,4,4,4,4,4,4,4,4,4,4,4,4,4,4,4,4,4,4,4,4,4,4,4,1,0,3,1,0,2,0,1,0,1,1,0,4,3,2,2,0,1,0,1,0,0,1,2,3,3,2,0,4,4,4,4,4,4,4,4,4,4,4,4,4,4,4,4,4,4,4,4,4,2,3,2,0,0,2,1,0,4,1,1,4,4,1,0,1,3,4,4,3,2,3,3,2,3,1,0,4,3,4,0,1,0,4,4,4,4,4,4,4,4,4,4,4,4,4,4,4,4,4,4,4,4,4,4,4,4,4,4,4,4,4,4,4,4,2,0,1,1,3,2,4,4,4,4,4,4,4,4,4,4,4,4,4,4,4,4,4,3,3,3,3,0,0,1,2,1,1,3,2,1,3,1,1,2,3,0,0,4,3,0,0,4,4,4,4,4,4,4,4,4,4,4,4,4,4,4,4,4,4,4,4,4,4,4,4,4,4,4,4,4,4,4,4,4,4,4,4,4,4,4,4,2,0,2,1,0,2,2,1,2,3,3,3,3,3,3,3,CP002212.1/4308521-4308727,0
483,2,3,0,2,0,3,2,1,3,1,0,3,3,1,1,0,3,4,1,3,4,1,3,3,0,3,2,3,3,1,2,1,1,0,3,1,4,4,4,4,4,4,4,4,4,4,4,4,4,4,4,4,4,3,2,4,4,4,4,4,4,4,4,4,4,4,4,4,4,4,4,4,4,4,4,4,4,4,4,4,4,4,4,4,4,2,1,4,1,3,1,0,3,0,0,0,1,3,1,0,4,2,2,0,0,3,2,0,3,2,1,4,0,2,0,4,2,1,1,2,3,3,4,4,4,4,3,0,1,2,2,4,4,3,2,1,3,3,4,0,4,3,1,2,3,1,1,0,4,4,1,0,2,0,4,1,0,2,0,3,2,4,3,1,2,1,4,4,4,3,1,4,0,4,2,2,1,1,4,4,4,4,4,4,4,3,4,4,4,4,4,4,4,4,4,4,4,4,4,4,4,4,4,4,4,4,4,4,4,4,4,4,4,4,4,4,4,4,4,4,4,4,4,4,4,4,4,4,4,4,4,4,4,4,4,4,4,4,4,4,1,0,3,1,0,0,0,1,0,1,1,0,4,3,2,2,0,1,0,3,0,0,1,2,3,3,2,0,4,4,4,4,4,4,4,4,4,4,4,4,4,4,4,4,4,4,4,4,4,2,3,2,0,0,2,1,0,4,1,1,1,4,0,3,3,3,4,0,3,2,3,3,2,3,1,0,4,3,4,0,1,0,4,4,4,4,4,4,4,4,4,4,4,4,4,4,4,4,4,4,4,4,4,4,4,4,4,4,4,4,4,4,4,4,2,0,1,1,3,2,4,4,4,4,4,4,4,4,4,4,4,4,4,4,4,4,4,4,3,3,3,0,0,1,2,1,1,3,2,1,3,1,1,3,3,0,4,4,4,1,1,4,4,4,4,4,4,4,4,4,4,4,4,4,4,4,4,4,4,4,4,4,4,4,4,4,4,4,4,4,4,4,4,4,4,4,4,4,4,4,4,2,0,2,1,2,2,2,1,2,3,3,3,3,3,3,3,ACDJ01000048.1/35081-35286,0
484,2,3,0,2,0,3,2,1,3,1,0,3,3,1,1,0,3,4,1,3,4,1,3,3,0,3,2,3,3,1,2,1,1,3,3,0,4,4,4,4,4,4,4,4,4,4,4,4,4,4,4,4,4,2,3,4,4,4,4,4,4,4,4,4,4,4,4,4,4,4,4,4,4,4,4,4,4,4,4,4,4,4,4,4,4,2,1,4,1,3,1,0,3,0,0,0,1,3,1,1,4,2,2,0,0,3,2,0,1,2,1,4,0,2,0,4,2,1,1,2,3,3,4,4,4,4,3,0,1,2,2,4,4,3,2,1,3,3,4,0,4,3,1,2,3,1,1,0,4,4,1,3,2,0,4,1,0,2,0,3,2,4,3,1,2,1,4,4,4,3,3,4,0,4,3,2,1,1,4,4,4,4,4,4,4,3,4,4,4,4,4,4,4,4,4,4,4,4,4,4,4,4,4,4,4,4,4,4,4,4,4,4,4,4,4,4,4,4,4,4,4,4,4,4,4,4,4,4,4,4,4,4,4,4,4,4,4,4,4,4,1,0,3,1,0,2,0,1,0,1,1,0,4,3,2,2,0,1,0,1,0,0,1,2,3,3,2,0,4,4,4,4,4,4,4,4,4,4,4,4,4,4,4,4,4,4,4,4,4,2,3,2,0,0,2,1,0,4,1,1,4,4,1,0,1,3,4,4,3,2,3,3,2,3,1,0,4,3,4,0,1,0,4,4,4,4,4,4,4,4,4,4,4,4,4,4,4,4,4,4,4,4,4,4,4,4,4,4,4,4,4,4,4,4,2,0,1,1,3,2,4,4,4,4,4,4,4,4,4,4,4,4,4,4,4,4,4,3,3,3,3,0,0,1,2,1,1,3,2,1,3,1,1,2,3,0,0,4,3,0,0,4,4,4,4,4,4,4,4,4,4,4,4,4,4,4,4,4,4,4,4,4,4,4,4,4,4,4,4,4,4,4,4,4,4,4,4,4,4,4,4,2,0,2,1,0,2,2,1,2,3,3,3,3,3,3,3,ADUQ01000074.1/176633-176839,0
485,2,3,0,2,0,3,2,1,3,1,0,3,3,1,3,0,3,4,1,3,4,1,3,3,0,3,2,3,3,1,2,1,1,3,3,0,4,4,4,4,4,4,4,4,4,4,4,4,4,4,4,4,4,2,3,4,4,4,4,4,4,4,4,4,4,4,4,4,4,4,4,4,4,4,4,4,4,4,4,4,4,4,4,4,4,2,1,4,1,3,1,0,3,0,0,0,1,3,1,1,4,2,2,0,0,3,2,0,1,2,1,4,0,2,0,4,2,1,1,2,3,3,4,4,4,4,3,0,1,2,2,4,4,3,2,1,3,3,4,0,4,3,1,2,3,1,1,0,4,4,1,3,2,0,4,1,0,2,0,3,2,4,3,1,2,1,4,4,4,3,3,4,0,4,3,2,1,1,4,4,4,4,4,4,4,3,4,4,4,4,4,4,4,4,4,4,4,4,4,4,4,4,4,4,4,4,4,4,4,4,4,4,4,4,4,4,4,4,4,4,4,4,4,4,4,4,4,4,4,4,4,4,4,4,4,4,4,4,4,4,1,0,3,1,0,2,0,1,0,1,1,0,4,3,2,2,0,1,0,1,0,0,1,2,3,3,2,0,4,4,4,4,4,4,4,4,4,4,4,4,4,4,4,4,4,4,4,4,4,2,3,2,0,0,2,1,0,4,1,1,4,4,1,0,1,3,4,4,3,2,3,3,2,3,1,0,4,3,4,0,1,0,4,4,4,4,4,4,4,4,4,4,4,4,4,4,4,4,4,4,4,4,4,4,4,4,4,4,4,4,4,4,4,4,2,0,1,1,3,2,4,4,4,4,4,4,4,4,4,4,4,4,4,4,4,4,4,3,3,3,3,0,0,1,2,1,1,3,2,1,3,1,1,2,3,0,0,4,3,0,0,4,4,4,4,4,4,4,4,4,4,4,4,4,4,4,4,4,4,4,4,4,4,4,4,4,4,4,4,4,4,4,4,4,4,4,4,4,4,4,4,2,0,2,1,0,2,2,1,2,3,3,3,3,3,3,3,AM946981.2/3876672-3876878,0
486,2,1,0,2,3,2,2,1,3,1,0,3,3,1,2,1,1,4,2,0,4,1,3,3,0,3,2,3,1,0,2,1,1,1,1,3,3,1,2,4,4,4,4,4,4,4,4,4,4,2,2,0,1,2,3,4,4,4,4,4,4,4,4,4,4,4,4,4,4,4,4,4,4,4,4,4,4,4,4,4,4,4,4,4,4,2,1,4,3,0,1,0,3,0,0,0,0,3,4,3,4,1,2,0,0,3,2,0,1,2,1,4,0,1,0,4,0,1,4,4,4,4,4,4,4,4,4,0,0,2,2,4,4,3,2,1,1,3,4,2,4,1,1,2,3,1,1,0,4,4,0,1,3,3,4,1,3,2,0,3,0,4,3,1,0,2,1,4,2,3,0,4,4,4,4,2,1,3,4,4,4,4,4,4,4,0,4,4,4,4,4,4,4,4,4,4,4,4,4,4,4,4,4,4,4,4,4,4,4,4,4,4,4,4,4,4,4,4,4,4,4,4,4,4,4,4,4,4,4,4,4,4,4,4,4,4,4,4,4,4,3,0,3,1,0,4,4,0,1,1,0,3,4,1,2,2,2,1,2,0,0,0,1,2,3,1,2,0,4,4,4,4,4,4,4,4,4,4,4,4,4,4,4,4,4,4,4,4,4,2,3,3,0,2,2,1,0,4,1,1,2,4,1,1,3,3,4,4,4,0,3,3,4,4,4,4,4,4,4,4,4,4,4,4,4,4,4,4,4,4,4,4,4,4,4,4,4,4,4,4,4,4,4,4,4,4,4,4,4,4,4,4,4,4,4,4,4,1,1,0,4,4,4,4,4,4,4,4,4,4,4,4,4,4,4,4,4,3,0,0,1,0,0,0,2,1,1,2,2,2,4,4,3,0,0,3,4,4,4,4,3,4,4,4,4,4,4,4,4,4,4,4,4,4,4,4,4,4,4,4,4,4,4,4,4,4,4,4,4,4,4,4,4,4,4,4,4,4,4,4,4,4,4,1,1,1,2,2,1,3,3,3,2,3,3,2,3,CP000247.1/2696739-2696552,0
487,3,1,0,2,3,3,2,1,3,1,0,3,3,1,0,0,1,4,3,3,4,3,3,3,0,3,2,0,3,2,2,1,1,1,1,2,3,0,3,3,3,0,2,4,4,0,1,2,2,0,0,2,3,3,3,4,4,4,4,4,4,4,4,4,4,4,4,4,4,4,4,4,4,4,4,4,4,4,4,4,4,4,4,4,4,2,1,4,1,3,1,0,3,0,0,2,1,1,3,1,4,1,2,0,0,3,2,0,3,2,1,4,1,3,0,4,0,2,0,0,0,3,4,4,4,4,4,4,4,2,2,4,4,3,2,1,1,3,4,0,4,3,1,2,3,1,1,0,0,1,1,0,0,0,4,1,1,2,0,3,0,4,0,1,0,2,0,4,1,2,1,4,2,4,1,0,0,2,1,2,4,4,2,1,3,3,4,4,4,4,4,4,4,4,4,4,4,4,4,4,4,4,4,4,4,4,4,4,4,4,4,4,4,4,4,4,4,4,4,4,4,4,4,4,4,4,4,4,4,4,4,4,4,4,4,4,4,4,4,4,3,0,3,1,0,0,2,4,4,1,0,3,4,1,2,2,2,1,2,0,1,0,1,2,3,2,2,0,4,4,4,4,4,4,4,4,4,4,4,4,4,4,4,4,4,4,4,4,4,2,3,2,0,2,2,1,0,4,1,1,2,4,4,4,4,4,4,4,4,4,4,4,4,4,4,4,4,4,4,4,4,4,4,4,4,4,4,4,4,4,4,4,4,4,4,4,4,4,4,4,4,4,4,4,4,4,4,4,4,4,4,4,4,4,4,4,4,4,4,4,4,4,4,4,4,4,4,4,4,4,4,4,4,4,4,4,4,4,4,4,4,4,4,4,4,4,4,4,4,4,4,4,4,4,4,4,4,4,4,4,4,1,4,4,4,4,4,4,4,4,4,4,4,4,4,4,4,4,4,4,4,4,4,4,4,4,4,4,4,4,4,4,4,4,4,4,4,4,4,4,1,4,4,4,4,4,4,4,4,4,4,4,3,2,3,0,3,CP002774.1/4117953-4117781,0
488,3,1,0,2,3,3,2,1,3,1,0,3,3,1,0,1,1,4,3,1,4,3,3,3,0,3,2,0,3,0,2,3,1,1,1,2,4,4,4,4,4,4,4,4,4,4,4,4,4,4,4,4,4,4,4,1,1,2,3,0,1,0,2,1,4,4,4,4,4,4,4,4,4,4,4,4,2,2,0,0,3,0,3,2,1,2,1,4,3,3,1,0,3,0,0,0,1,1,0,1,4,1,2,0,0,3,2,0,3,2,1,4,1,3,0,0,2,0,1,4,4,4,4,4,4,4,4,4,3,2,2,4,4,3,2,1,1,3,4,0,4,3,1,2,3,1,1,0,1,1,1,0,0,0,4,1,1,2,0,3,0,4,3,3,2,3,2,4,3,2,0,4,0,4,3,2,1,0,1,4,4,4,4,4,0,3,4,4,4,4,4,4,4,4,4,4,4,4,4,4,4,4,4,4,4,4,4,4,4,4,4,4,4,4,4,4,4,4,4,4,4,4,4,4,4,4,4,4,4,4,4,4,4,4,4,4,4,4,4,4,3,0,3,1,0,4,4,0,0,1,0,3,4,1,2,2,0,1,2,0,1,0,1,2,3,3,2,0,4,4,4,4,4,4,4,4,4,4,4,4,4,4,4,4,4,4,4,4,4,2,3,2,0,2,2,3,2,4,1,1,2,4,1,1,3,0,4,4,3,2,3,1,4,4,4,4,4,4,4,4,4,4,4,4,4,4,4,4,4,4,4,4,4,4,4,4,4,4,4,4,4,4,4,4,4,4,4,4,4,4,4,4,4,4,4,4,4,1,3,2,4,4,4,4,4,4,4,4,4,4,4,4,4,4,4,4,4,1,3,2,3,2,0,3,2,0,4,4,4,4,4,4,2,3,0,2,4,4,4,4,3,4,4,4,4,4,4,4,4,4,4,4,4,4,4,4,4,4,4,4,4,4,4,4,4,4,4,4,4,4,4,4,4,4,4,4,4,4,4,4,4,4,4,4,4,4,4,3,1,0,3,1,0,0,3,0,3,AGQO01000012.1/29603-29800,0
489,2,3,0,2,0,3,2,1,3,1,0,3,3,1,1,0,3,4,1,3,4,1,3,3,0,3,2,3,3,1,2,1,1,3,3,1,4,4,4,4,4,4,4,4,4,4,4,4,4,4,4,4,4,3,2,4,4,4,4,4,4,4,4,4,4,4,4,4,4,4,4,4,4,4,4,4,4,4,4,4,4,4,4,4,4,2,1,4,1,3,1,0,3,0,0,0,1,3,1,0,4,2,2,0,0,3,2,0,3,2,1,4,0,2,0,4,2,1,1,2,3,3,4,4,4,4,3,0,1,2,2,4,4,3,2,1,3,3,4,0,4,3,1,2,3,1,1,0,4,4,1,3,2,0,4,1,0,2,0,3,2,4,3,1,2,1,4,4,4,3,3,4,0,4,1,2,1,1,4,4,4,4,4,4,4,3,4,4,4,4,4,4,4,4,4,4,4,4,4,4,4,4,4,4,4,4,4,4,4,4,4,4,4,4,4,4,4,4,4,4,4,4,4,4,4,4,4,4,4,4,4,4,4,4,4,4,4,4,4,4,1,0,3,1,0,0,0,1,0,1,1,1,4,3,2,2,0,1,0,1,0,0,1,2,3,3,2,0,4,4,4,4,4,4,4,4,4,4,4,4,4,4,4,4,4,4,4,4,4,2,3,2,0,0,2,1,0,4,1,1,1,4,1,3,3,3,4,0,3,2,3,3,2,3,1,0,4,3,4,0,1,0,4,4,4,4,4,4,4,4,4,4,4,4,4,4,4,4,4,4,4,4,4,4,4,4,4,4,4,4,4,4,4,4,2,0,1,1,3,2,4,4,4,4,4,4,4,4,4,4,4,4,4,4,4,4,4,3,3,3,3,2,0,1,2,1,1,3,2,1,1,1,1,3,3,0,0,4,4,1,1,4,4,4,4,4,4,4,4,4,4,4,4,4,4,4,4,4,4,4,4,4,4,4,4,4,4,4,4,4,4,4,4,4,4,4,4,4,4,4,4,2,2,2,1,0,2,2,1,2,3,3,3,3,3,3,3,AESI01000049.1/53128-52921,0
490,2,1,0,2,3,2,2,1,3,1,0,3,3,1,0,1,1,4,2,0,4,1,3,3,0,3,2,3,1,0,2,1,1,1,1,3,3,1,2,4,4,4,4,4,4,4,4,4,4,2,2,0,1,2,3,4,4,4,4,4,4,4,4,4,4,4,4,4,4,4,4,4,4,4,4,4,4,4,4,4,4,4,4,4,4,2,1,4,3,0,1,0,3,0,0,0,0,3,3,1,4,4,2,0,0,3,2,0,1,2,1,4,0,1,0,4,0,1,4,4,4,4,4,4,4,4,4,0,0,2,2,4,4,3,2,1,1,3,4,2,4,1,1,2,3,1,1,0,4,4,0,1,3,3,4,1,3,2,0,3,0,4,3,1,0,2,1,4,2,3,0,4,4,4,4,2,1,3,4,4,4,4,4,4,4,0,4,4,4,4,4,4,4,4,4,4,4,4,4,4,4,4,4,4,4,4,4,4,4,4,4,4,4,4,4,4,4,4,4,4,4,4,4,4,4,4,4,4,4,4,4,4,4,4,4,4,4,4,4,4,3,0,3,1,0,4,4,0,1,1,0,3,4,1,2,2,2,1,2,0,0,0,1,2,3,1,2,0,4,4,4,4,4,4,4,4,4,4,4,4,4,4,4,4,4,4,4,4,4,2,3,3,0,2,2,1,0,4,1,1,2,4,1,1,3,3,4,4,4,0,3,3,4,4,4,4,4,4,4,4,4,4,4,4,4,4,4,4,4,4,4,4,4,4,4,4,4,4,4,4,4,4,4,4,4,4,4,4,4,4,4,4,4,4,4,4,4,1,1,0,4,4,4,4,4,4,4,4,4,4,4,4,4,4,4,4,4,3,0,0,1,0,0,0,2,1,1,2,2,2,4,4,3,0,0,3,4,4,4,4,3,4,4,4,4,4,4,4,4,4,4,4,4,4,4,4,4,4,4,4,4,4,4,4,4,4,4,4,4,4,4,4,4,4,4,4,4,4,4,4,4,4,4,1,1,1,2,2,1,3,3,3,2,3,3,2,3,AFHC01000046.1/38526-38339,0
491,2,3,4,4,4,2,2,1,3,1,0,3,3,1,0,1,1,4,3,3,4,1,3,3,0,3,2,3,1,0,2,1,1,1,1,3,3,0,2,4,4,4,4,4,4,4,4,4,4,2,2,0,1,2,1,4,4,4,4,4,4,4,4,4,4,4,4,4,4,4,4,4,4,4,4,4,4,4,4,4,4,4,4,4,4,2,1,4,3,0,1,0,3,0,0,0,1,3,3,1,4,4,2,0,0,3,2,0,1,2,1,4,4,4,4,4,0,1,0,0,4,4,4,4,4,4,1,0,0,2,2,4,4,3,2,1,1,3,4,2,4,1,1,2,3,1,1,0,4,4,0,1,3,3,4,1,3,2,0,3,0,4,0,3,0,2,1,4,2,3,4,4,4,4,0,2,1,3,4,4,4,4,4,4,4,3,4,4,4,4,4,4,4,4,4,4,4,4,4,4,4,4,4,4,4,4,4,4,4,4,4,4,4,4,4,4,4,4,4,4,4,4,4,4,4,4,4,4,4,4,4,4,4,4,4,4,4,4,4,4,3,0,3,1,0,4,4,0,1,1,3,1,4,1,2,2,2,1,2,0,0,0,1,2,3,1,2,0,4,4,4,4,4,4,4,4,4,4,4,4,4,4,4,4,4,4,4,4,4,2,3,3,0,2,2,1,0,4,1,1,2,4,1,1,3,3,4,4,4,0,3,3,4,4,4,4,4,4,4,4,4,4,4,4,4,4,4,4,4,4,4,4,4,4,4,4,4,4,4,4,4,4,4,4,4,4,4,4,4,4,4,4,4,4,4,4,4,1,1,0,4,4,4,4,4,4,4,4,4,4,4,4,4,4,4,4,4,3,0,0,1,0,0,0,2,1,1,2,2,2,3,3,3,4,4,4,4,4,4,4,4,4,4,4,4,4,4,4,4,4,4,4,4,4,4,4,4,4,4,4,4,4,4,4,4,4,4,4,4,4,4,4,4,4,4,4,4,4,4,4,4,0,2,1,1,1,2,2,1,3,3,3,2,3,3,2,3,AESO01000076.1/40321-40505,0
492,2,3,0,2,0,3,2,1,3,1,0,3,3,1,1,0,3,4,1,3,4,1,3,3,0,3,2,3,3,1,2,1,1,3,3,1,4,4,4,4,4,4,4,4,4,4,4,4,4,4,4,4,4,3,2,4,4,4,4,4,4,4,4,4,4,4,4,4,4,4,4,4,4,4,4,4,4,4,4,4,4,4,4,4,4,2,1,4,1,3,1,0,3,0,0,0,1,3,1,0,4,2,2,0,0,3,2,0,3,2,1,4,0,2,0,4,2,1,1,2,3,3,4,4,4,4,3,0,1,2,2,4,4,3,2,1,3,3,4,0,4,3,1,2,3,1,1,0,4,4,1,3,2,0,4,1,0,2,0,3,2,4,3,1,2,1,4,4,4,3,3,4,0,4,1,2,1,1,4,4,4,4,4,4,4,3,4,4,4,4,4,4,4,4,4,4,4,4,4,4,4,4,4,4,4,4,4,4,4,4,4,4,4,4,4,4,4,4,4,4,4,4,4,4,4,4,4,4,4,4,4,4,4,4,4,4,4,4,4,4,1,0,3,1,0,0,0,1,0,1,1,1,4,3,2,2,0,1,0,1,0,0,1,2,3,3,2,0,4,4,4,4,4,4,4,4,4,4,4,4,4,4,4,4,4,4,4,4,4,2,3,2,0,0,2,1,0,4,1,1,1,4,1,3,3,3,4,0,3,2,3,3,2,3,1,0,4,3,4,0,1,0,4,4,4,4,4,4,4,4,4,4,4,4,4,4,4,4,4,4,4,4,4,4,4,4,4,4,4,4,4,4,4,4,2,0,1,1,3,2,4,4,4,4,4,4,4,4,4,4,4,4,4,4,4,4,4,3,3,3,3,2,0,1,2,1,1,3,2,1,1,1,1,3,3,0,0,4,4,1,1,4,4,4,4,4,4,4,4,4,4,4,4,4,4,4,4,4,4,4,4,4,4,4,4,4,4,4,4,4,4,4,4,4,4,4,4,4,4,4,4,2,2,2,1,0,2,2,1,2,3,3,3,3,3,3,3,ABFF01000023.1/55311-55104,0
493,2,3,0,2,0,3,2,1,3,1,0,3,3,1,1,0,3,4,1,3,4,1,3,3,0,3,2,3,3,1,2,1,1,3,3,0,4,4,4,4,4,4,4,4,4,4,4,4,4,4,4,4,4,2,3,4,4,4,4,4,4,4,4,4,4,4,4,4,4,4,4,4,4,4,4,4,4,4,4,4,4,4,4,4,4,2,1,4,1,3,1,0,3,0,0,0,1,3,1,1,4,2,2,0,0,3,2,0,1,2,1,4,0,2,0,4,2,1,1,2,3,3,4,4,4,4,3,0,1,2,2,4,4,3,2,1,3,3,4,0,4,3,1,2,3,1,1,0,4,4,1,3,2,0,4,1,0,2,0,3,2,4,3,1,2,1,4,4,4,3,3,4,0,4,3,2,1,1,4,4,4,4,4,4,4,3,4,4,4,4,4,4,4,4,4,4,4,4,4,4,4,4,4,4,4,4,4,4,4,4,4,4,4,4,4,4,4,4,4,4,4,4,4,4,4,4,4,4,4,4,4,4,4,4,4,4,4,4,4,4,1,0,3,1,0,2,0,1,0,1,1,0,4,3,2,2,0,1,0,1,0,0,1,2,3,3,2,0,4,4,4,4,4,4,4,4,4,4,4,4,4,4,4,4,4,4,4,4,4,2,3,2,0,0,2,1,0,4,1,1,4,4,1,0,1,3,4,4,3,2,3,3,2,3,1,0,4,3,4,0,1,0,4,4,4,4,4,4,4,4,4,4,4,4,4,4,4,4,4,4,4,4,4,4,4,4,4,4,4,4,4,4,4,4,2,0,1,1,3,2,4,4,4,4,4,4,4,4,4,4,4,4,4,4,4,4,4,3,3,3,3,0,0,1,2,1,1,3,2,1,3,1,1,2,3,0,0,4,3,0,0,4,4,4,4,4,4,4,4,4,4,4,4,4,4,4,4,4,4,4,4,4,4,4,4,4,4,4,4,4,4,4,4,4,4,4,4,4,4,4,4,2,0,2,1,0,2,2,1,2,3,3,3,3,3,3,3,AAJV02000033.1/54034-53828,0
494,2,3,4,4,4,2,2,1,3,1,0,3,3,1,0,1,1,4,3,3,4,1,3,3,0,3,2,3,1,0,2,1,1,1,1,3,3,0,2,4,4,4,4,4,4,4,4,4,4,2,2,0,1,2,1,4,4,4,4,4,4,4,4,4,4,4,4,4,4,4,4,4,4,4,4,4,4,4,4,4,4,4,4,4,4,2,1,4,3,0,1,0,3,0,0,0,1,3,3,1,4,4,2,0,0,3,2,0,1,2,1,4,4,4,4,4,0,1,0,0,4,4,4,4,4,4,1,0,0,2,2,4,4,3,2,1,1,3,4,2,4,1,1,2,3,1,1,0,4,4,0,1,3,3,4,1,3,2,0,3,0,4,0,3,0,2,1,4,2,3,4,4,4,4,0,2,1,3,4,4,4,4,4,4,4,3,4,4,4,4,4,4,4,4,4,4,4,4,4,4,4,4,4,4,4,4,4,4,4,4,4,4,4,4,4,4,4,4,4,4,4,4,4,4,4,4,4,4,4,4,4,4,4,4,4,4,4,4,4,4,3,0,3,1,0,4,4,0,1,1,3,1,4,1,2,2,2,1,2,0,0,0,1,2,3,1,2,0,4,4,4,4,4,4,4,4,4,4,4,4,4,4,4,4,4,4,4,4,4,2,3,3,0,2,2,1,0,4,1,1,2,4,1,1,3,3,4,4,4,0,3,3,4,4,4,4,4,4,4,4,4,4,4,4,4,4,4,4,4,4,4,4,4,4,4,4,4,4,4,4,4,4,4,4,4,4,4,4,4,4,4,4,4,4,4,4,4,1,1,0,4,4,4,4,4,4,4,4,4,4,4,4,4,4,4,4,4,3,0,0,1,0,0,0,2,1,1,2,2,2,3,3,3,4,4,4,4,4,4,4,4,4,4,4,4,4,4,4,4,4,4,4,4,4,4,4,4,4,4,4,4,4,4,4,4,4,4,4,4,4,4,4,4,4,4,4,4,4,4,4,4,0,2,1,1,1,2,2,1,3,3,3,2,3,3,2,3,AETD01000007.1/32891-32707,0
495,2,3,0,2,0,3,2,1,3,1,0,3,1,3,1,0,1,4,3,3,4,0,3,3,0,3,2,0,1,0,2,1,3,3,2,2,3,1,3,3,0,1,1,4,4,4,2,1,1,0,0,3,3,3,0,4,4,4,4,4,4,4,4,4,4,4,4,4,4,4,4,4,4,4,4,4,4,4,4,4,4,4,4,4,4,2,1,4,3,3,1,0,3,0,0,0,1,1,1,0,4,2,0,2,0,3,2,0,3,2,1,4,0,2,0,4,2,1,1,0,0,3,4,4,3,3,3,0,2,2,2,4,4,3,2,1,1,3,4,0,4,3,3,2,3,1,1,0,4,0,2,3,0,0,4,0,1,2,0,3,2,4,3,3,2,0,0,4,3,0,1,4,1,4,3,3,4,4,4,4,4,4,4,4,4,4,4,4,4,4,4,4,4,4,4,4,4,4,4,4,4,4,4,4,4,4,4,4,4,4,4,4,4,4,4,4,4,4,4,4,4,4,4,4,4,4,4,4,4,4,4,4,4,4,4,4,4,4,4,4,1,0,3,1,0,4,4,1,0,3,0,1,4,1,2,2,2,1,0,3,0,0,1,2,3,3,2,0,4,4,4,4,4,4,4,4,4,4,4,4,4,4,4,4,4,4,4,4,4,2,3,2,0,2,2,1,2,4,1,1,2,4,0,1,0,3,4,4,4,2,3,3,2,3,1,2,4,3,4,0,4,4,4,4,4,4,4,4,4,4,4,4,4,4,4,4,4,4,4,4,4,4,4,4,4,4,4,4,4,4,4,4,4,4,2,0,1,1,3,2,0,0,4,4,4,4,4,4,4,4,4,4,4,4,2,0,3,3,3,3,0,2,0,1,2,1,3,3,2,1,1,2,0,0,0,0,4,4,4,4,4,4,4,4,4,4,4,4,4,4,4,4,4,4,4,4,4,4,4,4,4,4,4,4,4,4,4,4,4,4,4,4,4,4,4,4,4,4,4,4,4,3,2,2,1,0,2,2,1,2,3,3,3,3,3,3,3,AALD02000050.1/26165-26384,0
496,2,3,0,2,0,3,2,1,3,1,0,3,1,1,1,0,1,4,3,3,4,0,3,3,0,3,2,0,1,0,2,1,3,3,2,2,1,1,0,3,3,0,0,4,4,2,2,1,3,0,0,3,3,3,0,4,4,4,4,4,4,4,4,4,4,4,4,4,4,4,4,4,4,4,4,4,4,4,4,4,4,4,4,4,4,2,1,4,3,3,1,0,3,0,0,0,1,1,1,0,4,2,2,2,0,3,2,0,1,2,1,4,0,2,0,4,2,1,1,2,0,3,4,4,3,3,3,0,2,0,2,4,4,3,2,1,1,3,4,0,4,3,3,2,3,1,1,0,4,3,2,3,0,0,4,1,1,2,0,3,2,4,3,3,2,0,2,4,3,0,0,4,3,4,2,3,4,4,4,4,4,4,4,4,4,4,4,4,4,4,4,4,4,4,4,4,4,4,4,4,4,4,4,4,4,4,4,4,4,4,4,4,4,4,4,4,4,4,4,4,4,4,4,4,4,4,4,4,4,4,4,4,4,4,4,4,4,4,4,4,1,0,3,1,0,4,4,1,0,3,0,1,4,1,2,2,2,1,0,3,0,0,1,2,3,3,2,0,4,4,4,4,4,4,4,4,4,4,4,4,4,4,4,4,4,4,4,4,4,2,3,2,0,2,2,1,0,4,1,3,2,4,0,3,0,3,4,4,3,2,3,3,2,3,1,3,4,0,4,3,1,4,4,4,4,4,4,4,4,4,4,4,4,4,4,4,4,4,4,4,4,4,4,4,4,4,4,4,4,4,4,4,4,4,2,0,1,1,3,2,0,0,4,4,4,4,4,4,4,4,4,4,4,4,0,0,3,3,3,3,0,2,0,1,0,1,3,3,2,1,1,1,3,3,3,3,4,4,4,4,4,4,4,4,4,4,4,4,4,4,4,4,4,4,4,4,4,4,4,4,4,4,4,4,4,4,4,4,4,4,4,4,4,4,4,4,4,4,4,4,4,1,2,2,1,0,0,2,3,2,3,3,3,3,3,3,3,BX936398.1/217919-218141,0
497,2,1,0,2,3,2,2,1,3,1,0,3,3,1,0,1,1,4,2,0,4,1,3,3,0,3,2,3,1,0,2,1,1,1,1,3,3,1,2,4,4,4,4,4,4,4,4,4,4,2,2,0,1,2,3,4,4,4,4,4,4,4,4,4,4,4,4,4,4,4,4,4,4,4,4,4,4,4,4,4,4,4,4,4,4,2,1,4,3,0,1,0,3,0,0,0,0,3,3,1,4,4,2,0,0,3,2,0,1,2,1,4,0,1,0,4,0,1,4,4,4,4,4,4,4,4,4,0,0,2,2,4,4,3,2,1,1,3,4,2,4,1,1,2,3,1,1,0,4,4,0,1,3,3,4,1,3,2,0,3,0,4,3,1,0,2,1,4,2,3,0,4,4,4,4,2,1,3,4,4,4,4,4,4,4,0,4,4,4,4,4,4,4,4,4,4,4,4,4,4,4,4,4,4,4,4,4,4,4,4,4,4,4,4,4,4,4,4,4,4,4,4,4,4,4,4,4,4,4,4,4,4,4,4,4,4,4,4,4,4,3,0,3,1,0,4,4,0,1,1,0,3,4,1,2,2,2,1,2,0,0,0,1,2,3,1,2,0,4,4,4,4,4,4,4,4,4,4,4,4,4,4,4,4,4,4,4,4,4,2,3,3,0,2,2,1,0,4,1,1,2,4,1,1,3,3,4,4,4,0,3,3,4,4,4,4,4,4,4,4,4,4,4,4,4,4,4,4,4,4,4,4,4,4,4,4,4,4,4,4,4,4,4,4,4,4,4,4,4,4,4,4,4,4,4,4,4,1,1,0,4,4,4,4,4,4,4,4,4,4,4,4,4,4,4,4,4,3,0,0,1,0,0,0,2,1,1,2,2,2,4,4,3,0,0,3,4,4,4,4,3,4,4,4,4,4,4,4,4,4,4,4,4,4,4,4,4,4,4,4,4,4,4,4,4,4,4,4,4,4,4,4,4,4,4,4,4,4,4,4,4,4,4,1,1,1,2,2,1,3,3,3,2,3,3,2,3,AFOB02000095.1/213395-213208,0
498,2,3,4,4,4,2,2,1,3,1,0,3,3,1,0,1,1,4,3,3,4,1,3,3,0,3,2,3,1,0,2,1,1,1,1,3,3,0,2,4,4,4,4,4,4,4,4,4,4,2,2,0,1,2,1,4,4,4,4,4,4,4,4,4,4,4,4,4,4,4,4,4,4,4,4,4,4,4,4,4,4,4,4,4,4,2,1,4,3,0,1,0,3,0,0,0,1,3,3,1,4,4,2,0,0,3,2,0,1,2,1,4,4,4,4,4,0,1,0,0,4,4,4,4,4,4,1,0,0,2,2,4,4,3,2,1,1,3,4,2,4,1,1,2,3,1,3,0,4,4,0,1,3,3,4,1,3,2,0,3,0,4,0,3,0,2,1,4,2,3,4,4,4,4,0,2,1,3,4,4,4,4,4,4,4,3,4,4,4,4,4,4,4,4,4,4,4,4,4,4,4,4,4,4,4,4,4,4,4,4,4,4,4,4,4,4,4,4,4,4,4,4,4,4,4,4,4,4,4,4,4,4,4,4,4,4,4,4,4,4,3,0,3,1,0,4,4,0,1,1,3,1,4,1,2,2,2,1,2,0,0,0,1,2,3,1,2,0,4,4,4,4,4,4,4,4,4,4,4,4,4,4,4,4,4,4,4,4,4,2,3,3,0,2,2,1,0,4,1,1,2,4,1,1,3,3,4,4,4,0,3,3,4,4,4,4,4,4,4,4,4,4,4,4,4,4,4,4,4,4,4,4,4,4,4,4,4,4,4,4,4,4,4,4,4,4,4,4,4,4,4,4,4,4,4,4,4,1,1,0,4,4,4,4,4,4,4,4,4,4,4,4,4,4,4,4,4,3,0,0,1,0,0,0,2,1,1,2,2,2,3,3,3,4,4,4,4,4,4,4,4,4,4,4,4,4,4,4,4,4,4,4,4,4,4,4,4,4,4,4,4,4,4,4,4,4,4,4,4,4,4,4,4,4,4,4,4,4,4,4,4,0,2,1,1,1,2,2,1,3,3,3,2,3,3,2,3,CAAY01006063.1/67-251,0
499,2,3,4,4,4,2,2,1,3,1,0,3,3,1,0,1,1,4,3,3,4,1,3,3,0,3,2,3,1,0,2,1,1,1,1,3,3,1,2,4,4,4,4,4,4,4,4,4,4,2,2,0,1,2,1,4,4,4,4,4,4,4,4,4,4,4,4,4,4,4,4,4,4,4,4,4,4,4,4,4,4,4,4,4,4,2,1,4,3,0,1,0,3,0,0,0,1,3,3,1,4,4,2,0,0,3,2,0,1,2,1,4,4,4,4,4,0,1,0,0,0,1,4,4,4,4,4,4,0,2,2,4,4,3,2,1,1,3,4,2,4,1,1,2,3,1,1,0,4,4,0,1,3,1,4,1,3,2,0,3,0,4,0,1,0,2,4,4,4,1,1,4,3,4,2,2,1,3,4,4,4,4,4,4,4,3,4,4,4,4,4,4,4,4,4,4,4,4,4,4,4,4,4,4,4,4,4,4,4,4,4,4,4,4,4,4,4,4,4,4,4,4,4,4,4,4,4,4,4,4,4,4,4,4,4,4,4,4,4,4,3,0,3,1,0,4,4,2,0,1,0,3,4,1,2,2,2,1,2,0,0,0,1,2,3,1,2,0,4,4,4,4,4,4,4,4,4,4,4,4,4,4,4,4,4,4,4,4,4,2,3,0,0,2,2,1,0,4,1,1,2,4,1,1,3,1,4,4,0,3,3,1,4,4,4,4,4,4,4,4,4,4,4,4,4,4,4,4,4,4,4,4,4,4,4,4,4,4,4,4,4,4,4,4,4,4,4,4,4,4,4,4,4,4,4,4,4,1,3,2,4,4,4,4,4,4,4,4,4,4,4,4,4,4,4,4,4,4,0,0,1,0,0,0,2,1,1,0,2,2,1,1,3,3,2,4,4,4,4,4,4,4,4,4,4,4,4,4,4,4,4,4,4,4,4,4,4,4,4,4,4,4,4,4,4,4,4,4,4,4,4,4,4,4,4,4,4,4,4,4,4,1,2,1,1,3,2,2,1,3,3,3,2,3,3,2,3,ACZD01000034.1/63899-63713,0
500,2,3,0,2,0,3,2,1,3,1,0,3,3,1,1,0,3,4,1,3,4,1,3,3,0,3,2,3,3,1,2,1,1,3,3,1,4,4,4,4,4,4,4,4,4,4,4,4,4,4,4,4,4,3,2,4,4,4,4,4,4,4,4,4,4,4,4,4,4,4,4,4,4,4,4,4,4,4,4,4,4,4,4,4,4,2,1,4,1,3,1,0,3,0,0,0,1,3,1,0,4,2,2,0,0,3,2,0,3,2,1,4,0,2,0,4,2,1,1,2,3,3,4,4,4,4,3,0,1,2,2,4,4,3,2,1,3,3,4,0,4,3,1,2,3,1,1,0,4,4,1,3,2,0,4,1,0,2,0,3,2,4,3,1,2,1,4,4,4,3,3,4,0,4,1,2,1,1,4,4,4,4,4,4,4,3,4,4,4,4,4,4,4,4,4,4,4,4,4,4,4,4,4,4,4,4,4,4,4,4,4,4,4,4,4,4,4,4,4,4,4,4,4,4,4,4,4,4,4,4,4,4,4,4,4,4,4,4,4,4,1,0,3,1,0,0,0,1,0,1,1,1,4,3,2,2,0,1,0,1,0,0,1,2,3,3,2,0,4,4,4,4,4,4,4,4,4,4,4,4,4,4,4,4,4,4,4,4,4,2,3,2,0,0,2,1,0,4,1,1,1,4,1,3,3,3,4,0,3,2,3,3,2,3,1,0,4,3,4,0,1,0,4,4,4,4,4,4,4,4,4,4,4,4,4,4,4,4,4,4,4,4,4,4,4,4,4,4,4,4,4,4,4,4,2,0,1,1,3,2,4,4,4,4,4,4,4,4,4,4,4,4,4,4,4,4,4,3,3,3,3,2,0,1,2,1,1,3,2,1,1,1,1,3,3,0,0,4,4,1,1,4,4,4,4,4,4,4,4,4,4,4,4,4,4,4,4,4,4,4,4,4,4,4,4,4,4,4,4,4,4,4,4,4,4,4,4,4,4,4,4,2,2,2,1,0,2,2,1,2,3,3,3,3,3,3,3,AETI01000043.1/53205-52998,0
501,2,1,0,2,1,3,2,1,3,1,0,3,3,1,0,1,1,4,3,2,4,3,3,3,0,3,2,0,3,3,2,1,1,1,1,2,1,3,3,0,2,1,4,4,4,4,4,2,2,0,2,0,0,2,0,4,4,4,4,4,4,4,4,4,4,4,4,4,4,4,4,4,4,4,4,4,4,4,4,4,4,4,4,4,4,2,1,4,4,3,1,0,3,0,0,0,2,1,1,1,4,4,2,0,0,3,2,0,1,2,1,4,0,4,4,4,1,1,0,0,0,4,4,4,4,4,4,4,1,2,2,4,4,0,2,1,1,3,4,2,4,1,1,2,3,1,1,0,4,0,1,3,2,0,4,1,1,2,0,3,0,4,0,3,1,2,1,4,3,3,2,4,1,4,2,4,4,4,4,4,4,4,4,4,4,3,4,4,4,4,4,4,4,4,4,4,4,4,4,4,4,4,4,4,4,4,4,4,4,4,4,4,4,4,4,4,4,4,4,4,4,4,4,4,4,4,4,4,4,4,4,4,4,4,4,4,4,4,4,4,3,0,3,1,0,4,4,0,0,1,0,1,4,1,2,2,0,1,2,3,0,0,1,2,3,3,2,0,4,4,4,4,4,4,4,4,4,4,4,4,4,4,4,4,4,4,4,4,4,2,3,0,0,2,2,1,3,4,1,1,0,4,1,1,1,0,4,4,3,3,3,3,3,0,1,2,4,1,4,2,0,3,4,4,4,4,4,4,4,4,4,4,4,4,4,4,4,4,4,4,4,4,4,4,4,4,4,4,4,4,4,4,4,4,2,1,0,3,1,0,3,2,1,4,4,4,4,4,4,4,4,4,4,2,3,1,2,3,2,1,1,0,2,1,2,2,1,0,2,2,1,1,0,3,3,2,4,4,4,4,4,4,4,4,4,4,4,4,4,4,4,4,4,4,4,4,4,4,4,4,4,4,4,4,4,4,4,4,4,4,4,4,4,4,4,4,4,4,4,4,4,0,2,1,1,3,2,1,1,2,3,3,3,3,1,3,3,ADWZ01000013.1/41622-41409,0
502,2,3,0,2,0,3,2,1,3,1,0,3,3,1,1,0,1,4,1,3,4,1,3,3,0,3,2,3,1,3,2,1,3,2,0,3,4,4,4,4,4,4,4,4,4,4,4,4,4,4,4,4,4,4,4,4,4,4,4,4,4,4,4,4,4,4,4,4,4,4,4,4,4,4,4,4,4,4,4,4,4,4,4,4,4,2,1,4,3,2,1,0,3,0,0,0,1,1,3,2,4,2,2,0,0,3,2,0,3,2,1,4,0,2,0,4,2,1,1,1,1,3,4,4,4,4,3,0,1,2,2,4,4,3,0,3,1,1,4,2,4,3,3,2,3,1,1,0,4,2,1,1,0,2,4,2,1,0,2,3,0,4,3,1,2,1,4,4,4,2,1,4,2,4,0,2,1,1,4,4,4,4,4,4,4,3,4,4,4,4,4,4,4,4,4,4,4,4,4,4,4,4,4,4,4,4,4,4,4,4,4,4,4,4,4,4,4,4,4,4,4,4,4,4,4,4,4,4,4,4,4,4,4,4,4,4,4,4,4,4,3,0,3,3,2,1,0,2,3,0,0,1,4,0,2,2,0,1,0,3,3,0,1,2,3,3,2,0,4,4,4,4,4,4,4,4,4,4,4,4,4,4,4,4,4,4,4,4,4,2,3,1,2,2,0,3,0,4,1,1,4,4,4,0,3,1,4,4,0,2,3,3,2,3,1,3,4,3,4,0,1,1,4,4,4,4,4,4,4,4,4,4,4,4,4,4,4,4,4,4,4,4,4,4,4,4,4,4,4,4,4,4,4,4,2,0,1,1,3,2,4,4,4,4,4,4,4,4,4,4,4,4,4,4,4,4,4,0,3,1,3,3,0,1,0,1,1,3,2,1,1,3,1,4,4,4,4,4,4,4,4,4,4,4,4,4,4,4,4,4,4,4,4,4,4,4,4,4,4,4,4,4,4,4,4,4,4,4,4,4,4,4,4,4,4,4,4,4,4,4,4,3,2,2,1,0,2,2,3,2,3,3,3,3,3,3,3,CP002433.1/179971-180168,0
503,2,3,4,4,4,2,2,1,3,1,0,3,3,1,0,1,1,4,3,3,4,1,3,3,0,3,2,3,1,0,2,1,1,1,1,3,3,0,1,4,4,4,4,4,4,4,4,4,4,2,2,0,1,2,1,4,4,4,4,4,4,4,4,4,4,4,4,4,4,4,4,4,4,4,4,4,4,4,4,4,4,4,4,4,4,2,1,4,3,0,1,0,3,0,0,0,1,3,3,1,4,4,2,0,0,3,2,0,1,2,1,4,4,4,4,4,0,1,0,0,4,4,4,4,4,4,1,0,0,2,2,4,4,3,2,1,1,3,4,2,4,1,1,2,3,1,1,0,4,4,0,1,3,3,4,1,3,2,0,3,0,4,0,3,0,2,1,4,2,3,4,4,4,4,0,2,1,3,4,4,4,4,4,4,4,3,4,4,4,4,4,4,4,4,4,4,4,4,4,4,4,4,4,4,4,4,4,4,4,4,4,4,4,4,4,4,4,4,4,4,4,4,4,4,4,4,4,4,4,4,4,4,4,4,4,4,4,4,4,4,3,0,3,1,0,4,4,0,1,1,3,1,4,1,2,2,2,1,2,0,0,0,1,2,3,1,2,0,4,4,4,4,4,4,4,4,4,4,4,4,4,4,4,4,4,4,4,4,4,2,3,3,0,2,2,1,2,4,1,1,2,4,1,1,3,3,4,4,4,0,3,3,4,4,4,4,4,4,4,4,4,4,4,4,4,4,4,4,4,4,4,4,4,4,4,4,4,4,4,4,4,4,4,4,4,4,4,4,4,4,4,4,4,4,4,4,4,1,1,0,4,4,4,4,4,4,4,4,4,4,4,4,4,4,4,4,4,3,0,0,1,0,0,0,2,1,1,2,2,2,3,3,3,4,4,4,4,4,4,4,4,4,4,4,4,4,4,4,4,4,4,4,4,4,4,4,4,4,4,4,4,4,4,4,4,4,4,4,4,4,4,4,4,4,4,4,4,4,4,4,4,0,2,1,1,1,2,2,1,3,3,3,2,3,3,2,3,ACBF01000015.1/69750-69566,0
504,2,3,4,4,4,2,2,1,3,1,0,3,3,1,0,1,1,4,3,3,4,1,3,3,0,3,2,3,1,0,2,1,1,1,1,3,3,0,2,4,4,4,4,4,4,4,4,4,4,2,2,0,1,2,1,4,4,4,4,4,4,4,4,4,4,4,4,4,4,4,4,4,4,4,4,4,4,4,4,4,4,4,4,4,4,2,1,4,3,0,1,0,3,0,0,0,1,3,3,1,4,4,2,0,0,3,2,0,1,2,1,4,4,4,4,4,0,1,0,0,4,4,4,4,4,4,1,0,0,2,2,4,4,3,2,1,1,3,4,2,4,1,1,2,3,1,1,0,4,4,0,1,3,3,4,1,3,2,0,3,0,4,0,3,0,2,1,4,2,3,4,4,4,4,0,2,1,3,4,4,4,4,4,4,4,3,4,4,4,4,4,4,4,4,4,4,4,4,4,4,4,4,4,4,4,4,4,4,4,4,4,4,4,4,4,4,4,4,4,4,4,4,4,4,4,4,4,4,4,4,4,4,4,4,4,4,4,4,4,4,3,0,3,1,0,4,4,0,1,1,3,1,4,1,2,2,2,1,2,0,0,0,1,2,3,1,2,0,4,4,4,4,4,4,4,4,4,4,4,4,4,4,4,4,4,4,4,4,4,2,3,3,0,2,2,1,0,4,1,1,2,4,1,1,3,3,4,4,4,0,3,3,4,4,4,4,4,4,4,4,4,4,4,4,4,4,4,4,4,4,4,4,4,4,4,4,4,4,4,4,4,4,4,4,4,4,4,4,4,4,4,4,4,4,4,4,4,1,1,0,4,4,4,4,4,4,4,4,4,4,4,4,4,4,4,4,4,3,0,0,1,0,0,0,2,1,1,2,2,2,3,3,3,4,4,4,4,4,4,4,4,4,4,4,4,4,4,4,4,4,4,4,4,4,4,4,4,4,4,4,4,4,4,4,4,4,4,4,4,4,4,4,4,4,4,4,4,4,4,4,4,0,2,1,1,1,2,2,1,3,3,3,2,3,3,2,3,AETA01000011.1/32883-32699,0
505,2,3,0,2,0,3,2,1,3,1,0,3,3,1,1,0,3,4,1,3,4,1,3,3,0,3,2,3,3,1,2,1,1,3,3,0,4,4,4,4,4,4,4,4,4,4,4,4,4,4,4,4,4,2,3,4,4,4,4,4,4,4,4,4,4,4,4,4,4,4,4,4,4,4,4,4,4,4,4,4,4,4,4,4,4,2,1,4,1,3,1,0,3,0,0,0,1,3,1,1,4,2,2,0,0,3,2,0,1,2,1,4,0,2,0,4,2,1,1,2,3,3,4,4,4,4,3,0,1,2,2,4,4,3,2,1,3,3,4,0,4,3,1,2,3,1,1,0,4,4,1,3,2,0,4,1,0,2,0,3,2,4,3,1,2,1,4,4,4,3,3,4,0,4,3,2,1,1,4,4,4,4,4,4,4,3,4,4,4,4,4,4,4,4,4,4,4,4,4,4,4,4,4,4,4,4,4,4,4,4,4,4,4,4,4,4,4,4,4,4,4,4,4,4,4,4,4,4,4,4,4,4,4,4,4,4,4,4,4,4,1,0,3,1,0,2,0,1,0,1,1,0,4,3,2,2,0,1,0,1,0,0,1,2,3,3,2,0,4,4,4,4,4,4,4,4,4,4,4,4,4,4,4,4,4,4,4,4,4,2,3,2,0,0,2,1,0,4,1,1,4,4,1,0,1,3,4,4,3,2,3,3,2,3,1,0,4,3,4,0,1,0,4,4,4,4,4,4,4,4,4,4,4,4,4,4,4,4,4,4,4,4,4,4,4,4,4,4,4,4,4,4,4,4,2,0,1,1,3,2,4,4,4,4,4,4,4,4,4,4,4,4,4,4,4,4,4,3,3,3,3,0,0,1,2,1,1,3,2,1,3,1,1,2,3,0,0,4,3,0,0,4,4,4,4,4,4,4,4,4,4,4,4,4,4,4,4,4,4,4,4,4,4,4,4,4,4,4,4,4,4,4,4,4,4,4,4,4,4,4,4,2,0,2,1,0,2,2,1,2,3,3,3,3,3,3,3,AGTL01000163.1/35183-34977,0
506,2,3,0,2,0,3,2,1,3,1,0,3,3,1,1,0,3,4,1,3,4,1,3,3,0,3,2,3,3,1,2,1,1,3,3,0,4,4,4,4,4,4,4,4,4,4,4,4,4,4,4,4,4,2,3,4,4,4,4,4,4,4,4,4,4,4,4,4,4,4,4,4,4,4,4,4,4,4,4,4,4,4,4,4,4,2,1,4,1,3,1,0,3,0,0,0,1,3,1,1,4,2,2,0,0,3,2,0,1,2,1,4,0,2,0,4,2,1,1,2,3,3,4,4,4,4,3,0,1,2,2,4,4,3,2,1,3,3,4,0,4,3,1,2,3,1,1,0,4,4,1,3,2,0,4,1,0,2,0,3,2,4,3,1,2,1,4,4,4,3,3,4,0,4,3,2,1,1,4,4,4,4,4,4,4,3,4,4,4,4,4,4,4,4,4,4,4,4,4,4,4,4,4,4,4,4,4,4,4,4,4,4,4,4,4,4,4,4,4,4,4,4,4,4,4,4,4,4,4,4,4,4,4,4,4,4,4,4,4,4,1,0,3,1,0,2,0,1,0,1,1,0,4,3,2,2,0,1,0,1,0,0,1,2,3,3,2,0,4,4,4,4,4,4,4,4,4,4,4,4,4,4,4,4,4,4,4,4,4,2,3,2,0,0,2,1,0,4,1,1,4,4,1,0,1,3,4,4,3,2,3,3,2,3,1,0,4,3,4,0,1,0,4,4,4,4,4,4,4,4,4,4,4,4,4,4,4,4,4,4,4,4,4,4,4,4,4,4,4,4,4,4,4,4,2,0,1,1,3,2,4,4,4,4,4,4,4,4,4,4,4,4,4,4,4,4,4,3,3,3,3,0,0,1,2,1,1,3,2,1,3,1,1,2,3,0,0,4,3,0,0,4,4,4,4,4,4,4,4,4,4,4,4,4,4,4,4,4,4,4,4,4,4,4,4,4,4,4,4,4,4,4,4,4,4,4,4,4,4,4,4,2,0,2,1,0,2,2,1,2,3,3,3,3,3,3,3,ADAU01000123.1/27313-27519,0
507,2,3,0,2,0,3,2,1,3,1,0,3,3,1,1,0,3,4,1,3,4,1,3,3,0,3,2,3,3,1,2,1,1,3,3,0,4,4,4,4,4,4,4,4,4,4,4,4,4,4,4,4,4,2,3,4,4,4,4,4,4,4,4,4,4,4,4,4,4,4,4,4,4,4,4,4,4,4,4,4,4,4,4,4,4,2,1,4,1,3,1,0,3,0,0,0,1,3,1,1,4,2,2,0,0,3,2,0,1,2,1,4,0,2,0,4,2,1,1,2,3,3,4,4,4,4,3,0,1,2,2,4,4,3,2,1,3,3,4,0,4,3,1,2,3,1,1,0,4,4,1,3,2,0,4,1,0,2,0,3,2,4,3,1,2,1,4,4,4,3,3,4,0,4,3,2,1,1,4,4,4,4,4,4,4,3,4,4,4,4,4,4,4,4,4,4,4,4,4,4,4,4,4,4,4,4,4,4,4,4,4,4,4,4,4,4,4,4,4,4,4,4,4,4,4,4,4,4,4,4,4,4,4,4,4,4,4,4,4,4,1,0,3,1,0,2,0,1,0,1,1,0,4,3,2,2,0,1,0,1,0,0,1,2,3,3,2,0,4,4,4,4,4,4,4,4,4,4,4,4,4,4,4,4,4,4,4,4,4,2,3,2,0,0,2,1,0,4,1,1,4,4,1,0,1,3,4,4,3,2,3,3,2,3,1,0,4,3,4,0,1,0,4,4,4,4,4,4,4,4,4,4,4,4,4,4,4,4,4,4,4,4,4,4,4,4,4,4,4,4,4,4,4,4,2,0,1,1,3,2,4,4,4,4,4,4,4,4,4,4,4,4,4,4,4,4,4,3,3,3,3,0,0,1,2,1,1,3,2,1,3,1,1,2,3,0,0,4,3,0,0,4,4,4,4,4,4,4,4,4,4,4,4,4,4,4,4,4,4,4,4,4,4,4,4,4,4,4,4,4,4,4,4,4,4,4,4,4,4,4,4,2,0,2,1,0,2,2,1,2,3,3,3,3,3,3,3,CP001671.1/4355433-4355639,0
508,2,3,0,2,0,3,2,1,3,1,0,3,3,1,1,0,3,4,1,3,4,1,3,3,0,3,2,3,3,1,2,1,1,3,3,0,4,4,4,4,4,4,4,4,4,4,4,4,4,4,4,4,4,2,3,4,4,4,4,4,4,4,4,4,4,4,4,4,4,4,4,4,4,4,4,4,4,4,4,4,4,4,4,4,4,2,1,4,1,3,1,0,3,0,0,0,1,3,1,1,4,2,2,0,0,3,2,0,1,2,1,4,0,2,0,4,2,1,1,2,3,3,4,4,4,4,3,0,1,2,2,4,4,3,2,1,3,3,4,0,4,3,1,2,3,1,1,0,4,4,1,3,2,0,4,1,0,2,0,3,2,4,3,1,2,1,4,4,4,3,3,4,0,4,3,2,1,1,4,4,4,4,4,4,4,3,4,4,4,4,4,4,4,4,4,4,4,4,4,4,4,4,4,4,4,4,4,4,4,4,4,4,4,4,4,4,4,4,4,4,4,4,4,4,4,4,4,4,4,4,4,4,4,4,4,4,4,4,4,4,1,0,3,1,0,2,0,1,0,1,1,0,4,3,2,2,0,1,0,1,0,0,1,2,3,3,2,0,4,4,4,4,4,4,4,4,4,4,4,4,4,4,4,4,4,4,4,4,4,2,3,2,0,0,2,1,0,4,1,1,4,4,1,0,1,3,4,4,3,2,3,3,2,3,1,0,4,3,4,0,1,0,4,4,4,4,4,4,4,4,4,4,4,4,4,4,4,4,4,4,4,4,4,4,4,4,4,4,4,4,4,4,4,4,2,0,1,1,3,2,4,4,4,4,4,4,4,4,4,4,4,4,4,4,4,4,4,3,3,3,3,0,0,1,2,1,1,3,2,1,3,1,1,2,3,0,0,4,3,0,0,4,4,4,4,4,4,4,4,4,4,4,4,4,4,4,4,4,4,4,4,4,4,4,4,4,4,4,4,4,4,4,4,4,4,4,4,4,4,4,4,2,0,2,1,0,2,2,1,2,3,3,3,3,3,3,3,CU928161.2/4193930-4194136,0
509,2,1,0,2,3,2,2,1,3,1,0,3,3,1,0,1,1,4,2,0,4,1,3,3,0,3,2,3,1,0,2,1,1,1,1,3,3,1,2,4,4,4,4,4,4,4,4,4,4,2,2,0,1,2,3,4,4,4,4,4,4,4,4,4,4,4,4,4,4,4,4,4,4,4,4,4,4,4,4,4,4,4,4,4,4,2,1,4,3,0,1,0,3,0,0,0,0,3,3,1,4,4,2,0,0,3,2,0,1,2,1,4,0,1,0,4,0,1,4,4,4,4,4,4,4,4,4,0,0,2,2,4,4,3,2,1,1,3,4,2,4,1,1,2,3,1,1,0,4,4,0,1,3,3,4,1,3,2,0,3,0,4,3,1,0,2,1,4,2,3,0,4,4,4,4,2,1,3,4,4,4,4,4,4,4,0,4,4,4,4,4,4,4,4,4,4,4,4,4,4,4,4,4,4,4,4,4,4,4,4,4,4,4,4,4,4,4,4,4,4,4,4,4,4,4,4,4,4,4,4,4,4,4,4,4,4,4,4,4,4,3,0,3,1,0,4,4,0,1,1,0,3,4,1,2,2,2,1,2,0,0,0,1,2,3,1,2,0,4,4,4,4,4,4,4,4,4,4,4,4,4,4,4,4,4,4,4,4,4,2,3,3,0,2,2,1,0,4,1,1,2,4,1,1,3,3,4,4,4,0,3,3,4,4,4,4,4,4,4,4,4,4,4,4,4,4,4,4,4,4,4,4,4,4,4,4,4,4,4,4,4,4,4,4,4,4,4,4,4,4,4,4,4,4,4,4,4,1,1,0,4,4,4,4,4,4,4,4,4,4,4,4,4,4,4,4,4,3,0,0,1,0,0,0,2,1,1,2,2,2,4,4,3,0,0,3,4,4,4,4,3,4,4,4,4,4,4,4,4,4,4,4,4,4,4,4,4,4,4,4,4,4,4,4,4,4,4,4,4,4,4,4,4,4,4,4,4,4,4,4,4,4,4,1,1,1,2,2,1,3,3,3,2,3,3,2,3,CU928160.2/2714914-2714727,0
510,2,3,4,4,4,2,2,1,3,1,0,3,3,1,0,1,1,4,2,0,4,1,3,3,0,3,2,3,1,0,2,1,1,1,1,3,3,1,2,4,4,4,4,4,4,4,4,4,4,2,2,0,1,2,3,4,4,4,4,4,4,4,4,4,4,4,4,4,4,4,4,4,4,4,4,4,4,4,4,4,4,4,4,4,4,2,1,4,3,0,1,0,3,0,0,0,0,3,0,1,4,4,2,0,0,3,2,0,1,2,1,4,4,4,4,4,0,1,0,0,4,4,4,4,4,4,1,0,0,2,2,4,4,3,2,1,1,3,4,2,4,1,1,2,3,1,1,0,4,4,0,1,3,3,4,1,3,2,0,3,0,4,3,1,0,2,1,4,2,3,0,4,4,4,4,2,1,3,4,4,4,4,4,4,4,0,4,4,4,4,4,4,4,4,4,4,4,4,4,4,4,4,4,4,4,4,4,4,4,4,4,4,4,4,4,4,4,4,4,4,4,4,4,4,4,4,4,4,4,4,4,4,4,4,4,4,4,4,4,4,3,0,3,1,0,4,4,0,1,1,0,3,4,1,2,2,2,1,2,0,0,0,1,2,3,1,2,0,4,4,4,4,4,4,4,4,4,4,4,4,4,4,4,4,4,4,4,4,4,2,3,3,0,2,2,1,0,4,1,1,2,4,1,1,3,3,4,4,4,0,3,3,4,4,4,4,4,4,4,4,4,4,4,4,4,4,4,4,4,4,4,4,4,4,4,4,4,4,4,4,4,4,4,4,4,4,4,4,4,4,4,4,4,4,4,4,4,1,1,0,4,4,4,4,4,4,4,4,4,4,4,4,4,4,4,4,4,3,0,0,1,0,0,0,2,1,1,2,2,2,4,4,3,0,0,3,4,4,4,4,3,4,4,4,4,4,4,4,4,4,4,4,4,4,4,4,4,4,4,4,4,4,4,4,4,4,4,4,4,4,4,4,4,4,4,4,4,4,4,4,4,4,4,1,1,1,2,2,1,3,3,3,2,3,3,2,3,ACDM01000002.1/9240-9424,0
511,2,3,4,4,4,2,2,1,3,1,0,3,3,1,0,1,1,4,2,0,4,1,3,3,0,3,2,3,1,0,2,1,1,1,1,3,3,1,2,4,4,4,4,4,4,4,4,4,4,2,2,0,1,2,3,4,4,4,4,4,4,4,4,4,4,4,4,4,4,4,4,4,4,4,4,4,4,4,4,4,4,4,4,4,4,2,1,4,3,0,1,0,3,0,0,0,0,3,0,1,4,4,2,0,0,3,2,0,1,2,1,4,4,4,4,4,0,1,0,0,4,4,4,4,4,4,1,0,0,2,2,4,4,3,2,1,1,3,4,2,4,1,1,2,3,1,1,0,4,4,0,1,3,3,4,1,3,2,0,3,0,4,3,1,0,2,1,4,2,3,0,4,4,4,4,2,1,3,4,4,4,4,4,4,4,0,4,4,4,4,4,4,4,4,4,4,4,4,4,4,4,4,4,4,4,4,4,4,4,4,4,4,4,4,4,4,4,4,4,4,4,4,4,4,4,4,4,4,4,4,4,4,4,4,4,4,4,4,4,4,3,0,3,1,0,4,4,0,1,1,0,3,4,1,2,2,2,1,2,0,0,0,1,2,3,1,2,0,4,4,4,4,4,4,4,4,4,4,4,4,4,4,4,4,4,4,4,4,4,2,3,3,0,2,2,1,0,4,1,1,2,4,1,1,3,3,4,4,4,0,3,3,4,4,4,4,4,4,4,4,4,4,4,4,4,4,4,4,4,4,4,4,4,4,4,4,4,4,4,4,4,4,4,4,4,4,4,4,4,4,4,4,4,4,4,4,4,1,1,0,4,4,4,4,4,4,4,4,4,4,4,4,4,4,4,4,4,3,0,0,1,0,0,0,2,1,1,2,2,2,4,4,3,0,0,3,4,4,4,4,3,4,4,4,4,4,4,4,4,4,4,4,4,4,4,4,4,4,4,4,4,4,4,4,4,4,4,4,4,4,4,4,4,4,4,4,4,4,4,4,4,4,4,1,1,1,2,2,1,3,3,3,2,3,3,2,3,ADBC01000131.1/160200-160016,0
512,2,3,0,2,0,3,2,1,3,1,0,3,1,1,0,2,1,4,3,3,4,1,3,3,2,3,2,0,3,3,2,1,2,3,3,3,4,4,4,4,4,4,4,4,4,4,4,4,4,4,4,4,4,4,1,4,4,4,4,4,4,4,4,4,4,4,4,4,4,4,4,4,4,4,4,4,4,4,4,4,4,4,4,4,4,2,1,4,0,3,1,0,3,0,0,0,1,3,0,3,4,0,2,2,0,3,2,0,1,2,1,4,0,2,0,4,2,1,1,0,0,3,4,4,4,3,3,0,0,3,2,4,4,3,2,1,1,3,4,0,4,3,3,2,3,1,1,0,4,1,2,3,3,0,4,3,1,2,0,3,2,4,1,0,0,4,4,4,4,4,3,4,0,4,0,3,0,3,4,4,4,4,4,4,4,1,4,4,4,4,4,4,4,4,4,4,4,4,4,4,4,4,4,4,4,4,4,4,4,4,4,4,4,4,4,4,4,4,4,4,4,4,4,4,4,4,4,4,4,4,4,4,4,4,4,4,4,4,4,4,1,0,3,1,0,4,4,1,1,0,0,1,4,1,2,2,0,1,2,1,0,0,1,2,3,3,2,0,4,4,4,4,4,4,4,4,4,4,4,4,4,4,4,4,4,4,4,4,4,2,3,2,0,2,2,1,0,4,1,0,4,4,0,3,1,1,4,4,4,4,4,4,2,3,1,3,4,2,4,3,4,0,4,4,4,4,4,4,4,4,4,4,4,4,4,4,4,4,4,4,4,4,4,4,4,4,4,4,4,4,4,4,4,4,2,0,1,1,3,2,0,3,3,4,4,4,4,4,4,4,4,4,4,4,2,3,0,3,3,3,3,2,0,1,0,1,1,3,0,3,1,3,3,3,4,4,4,4,4,4,4,4,4,4,4,4,4,4,4,4,4,4,4,4,4,4,4,4,4,4,4,4,4,4,4,4,4,4,4,4,4,4,4,4,4,4,4,4,4,4,4,3,2,0,3,2,2,2,3,2,3,3,3,3,3,3,3,FN545161.1/42622-42820,0
513,2,1,0,2,3,2,2,1,3,1,0,3,3,1,0,1,1,4,2,0,4,1,3,3,0,3,2,3,1,0,2,1,1,1,1,3,3,1,2,4,4,4,4,4,4,4,4,4,4,2,2,0,1,2,3,4,4,4,4,4,4,4,4,4,4,4,4,4,4,4,4,4,4,4,4,4,4,4,4,4,4,4,4,4,4,2,1,4,3,0,1,0,3,0,0,0,0,3,3,1,4,4,2,0,0,3,2,0,1,2,1,4,0,1,0,4,0,1,4,4,4,4,4,4,4,4,4,0,0,2,2,4,4,3,2,1,1,3,4,2,4,1,1,2,3,1,1,0,4,4,0,1,3,3,4,1,3,2,0,3,0,4,3,1,0,2,1,4,2,3,0,4,4,4,4,2,1,3,4,4,4,4,4,4,4,0,4,4,4,4,4,4,4,4,4,4,4,4,4,4,4,4,4,4,4,4,4,4,4,4,4,4,4,4,4,4,4,4,4,4,4,4,4,4,4,4,4,4,4,4,4,4,4,4,4,4,4,4,4,4,3,0,3,1,0,4,4,0,1,1,0,3,4,1,2,2,2,1,2,0,0,0,1,2,3,1,2,0,4,4,4,4,4,4,4,4,4,4,4,4,4,4,4,4,4,4,4,4,4,2,3,3,0,2,2,1,0,4,1,1,2,4,1,1,3,3,4,4,4,0,3,3,4,4,4,4,4,4,4,4,4,4,4,4,4,4,4,4,4,4,4,4,4,4,4,4,4,4,4,4,4,4,4,4,4,4,4,4,4,4,4,4,4,4,4,4,4,1,1,0,4,4,4,4,4,4,4,4,4,4,4,4,4,4,4,4,4,3,0,0,1,0,0,0,2,1,1,2,2,2,4,4,3,0,0,3,4,4,4,4,3,4,4,4,4,4,4,4,4,4,4,4,4,4,4,4,4,4,4,4,4,4,4,4,4,4,4,4,4,4,4,4,4,4,4,4,4,4,4,4,4,4,4,1,1,1,2,2,1,3,3,3,2,3,3,2,3,CP001383.1/2713909-2713722,0
514,2,1,0,2,3,2,2,1,3,1,0,3,3,1,0,1,1,4,2,0,4,1,3,3,0,3,2,3,1,0,2,1,1,1,1,3,3,1,2,4,4,4,4,4,4,4,4,4,4,2,2,0,1,2,3,4,4,4,4,4,4,4,4,4,4,4,4,4,4,4,4,4,4,4,4,4,4,4,4,4,4,4,4,4,4,2,1,4,3,0,1,0,3,0,0,0,0,3,3,1,4,4,2,0,0,3,2,0,1,2,1,4,0,1,0,4,0,1,4,4,4,4,4,4,4,4,4,0,0,2,2,4,4,3,2,1,1,3,4,2,4,1,1,2,3,1,1,0,4,4,0,1,3,3,4,1,3,2,0,3,0,4,3,1,0,2,1,4,2,3,0,4,4,4,4,2,1,3,4,4,4,4,4,4,4,0,4,4,4,4,4,4,4,4,4,4,4,4,4,4,4,4,4,4,4,4,4,4,4,4,4,4,4,4,4,4,4,4,4,4,4,4,4,4,4,4,4,4,4,4,4,4,4,4,4,4,4,4,4,4,3,0,3,1,0,4,4,0,1,1,0,3,4,1,2,2,2,1,2,0,0,0,1,2,3,1,2,0,4,4,4,4,4,4,4,4,4,4,4,4,4,4,4,4,4,4,4,4,4,2,3,3,0,2,2,1,0,4,1,1,2,4,1,1,3,3,4,4,4,0,3,3,4,4,4,4,4,4,4,4,4,4,4,4,4,4,4,4,4,4,4,4,4,4,4,4,4,4,4,4,4,4,4,4,4,4,4,4,4,4,4,4,4,4,4,4,4,1,1,0,4,4,4,4,4,4,4,4,4,4,4,4,4,4,4,4,4,3,0,0,1,0,0,0,2,1,1,2,2,2,4,4,3,0,0,3,4,4,4,4,3,4,4,4,4,4,4,4,4,4,4,4,4,4,4,4,4,4,4,4,4,4,4,4,4,4,4,4,4,4,4,4,4,4,4,4,4,4,4,4,4,4,4,1,1,1,2,2,1,3,3,3,2,3,3,2,3,AFAC01000012.1/388666-388853,0
515,0,1,0,2,3,3,2,1,3,1,0,3,3,1,0,1,1,4,3,3,4,3,3,3,0,3,2,0,3,0,2,1,1,1,1,2,4,4,4,4,4,4,4,4,4,4,4,4,4,4,4,4,4,4,4,1,0,0,3,3,0,0,2,1,4,4,4,4,4,4,4,4,4,4,4,4,2,2,0,3,2,0,3,2,1,2,1,4,3,3,1,0,3,0,0,2,1,1,3,1,4,1,2,0,0,3,2,0,3,2,1,4,1,3,0,4,4,4,0,2,0,1,4,4,4,4,4,4,3,2,2,4,4,3,2,1,1,3,4,0,4,3,1,2,3,1,1,0,1,1,3,0,0,0,4,1,1,2,0,1,0,4,3,3,2,3,2,4,3,2,0,4,0,4,0,2,1,0,1,4,4,4,4,4,0,3,4,4,4,4,4,4,4,4,4,4,4,4,4,4,4,4,4,4,4,4,4,4,4,4,4,4,4,4,4,4,4,4,4,4,4,4,4,4,4,4,4,4,4,4,4,4,4,4,4,4,4,4,4,4,3,0,3,1,0,4,4,0,0,1,0,3,4,1,2,2,0,1,2,0,1,0,1,2,3,3,2,0,4,4,4,4,4,4,4,4,4,4,4,4,4,4,4,4,4,4,4,4,4,2,3,2,0,2,2,1,0,4,1,1,2,4,1,1,3,0,4,4,3,2,3,1,4,4,4,4,4,4,4,4,4,4,4,4,4,4,4,4,4,4,4,4,4,4,4,4,4,4,4,4,4,4,4,4,4,4,4,4,4,4,4,4,4,4,4,4,4,1,3,2,4,4,4,4,4,4,4,4,4,4,4,4,4,4,4,4,4,1,3,2,3,2,0,3,2,0,0,4,4,4,4,4,4,4,4,4,4,4,4,4,4,3,4,4,4,4,4,4,4,4,4,4,4,4,4,4,4,4,4,4,4,4,4,4,4,4,4,4,4,4,4,4,4,4,4,4,4,4,4,3,2,4,4,4,4,4,3,3,1,0,3,1,0,0,3,3,3,CP001048.1/3318702-3318505,0
516,2,3,0,2,0,3,2,1,3,1,0,3,3,1,1,0,3,4,1,3,4,1,3,3,0,3,2,3,3,1,2,1,1,3,3,0,4,4,4,4,4,4,4,4,4,4,4,4,4,4,4,4,4,2,3,4,4,4,4,4,4,4,4,4,4,4,4,4,4,4,4,4,4,4,4,4,4,4,4,4,4,4,4,4,4,2,1,4,1,3,1,0,3,0,0,0,1,3,3,0,4,2,2,0,0,3,2,0,1,2,1,4,0,2,0,4,2,1,1,2,3,3,4,4,4,4,3,0,1,2,2,4,4,3,2,1,3,3,4,0,4,3,1,2,3,1,1,0,4,4,1,3,2,0,4,1,0,2,0,3,2,4,3,1,2,1,4,4,4,3,3,4,3,4,3,2,1,1,4,4,4,4,4,4,4,3,4,4,4,4,4,4,4,4,4,4,4,4,4,4,4,4,4,4,4,4,4,4,4,4,4,4,4,4,4,4,4,4,4,4,4,4,4,4,4,4,4,4,4,4,4,4,4,4,4,4,4,4,4,4,1,0,3,1,0,2,0,1,0,1,1,0,4,3,2,2,0,1,0,1,0,0,1,2,3,3,2,0,4,4,4,4,4,4,4,4,4,4,4,4,4,4,4,4,4,4,4,4,4,2,3,2,0,0,2,1,0,4,1,1,4,4,1,0,1,3,4,4,3,2,3,3,2,3,1,0,4,3,4,0,1,0,4,4,4,4,4,4,4,4,4,4,4,4,4,4,4,4,4,4,4,4,4,4,4,4,4,4,4,4,4,4,4,4,2,0,1,1,3,2,4,4,4,4,4,4,4,4,4,4,4,4,4,4,4,4,4,3,3,3,3,0,0,1,2,1,1,3,2,1,3,1,1,2,3,0,0,4,3,0,0,4,4,4,4,4,4,4,4,4,4,4,4,4,4,4,4,4,4,4,4,4,4,4,4,4,4,4,4,4,4,4,4,4,4,4,4,4,4,4,4,2,0,2,1,0,2,2,1,2,3,3,3,3,3,3,3,AEMF01000001.1/990821-991027,0
517,2,3,0,2,3,2,2,1,3,1,0,3,3,1,0,1,1,4,2,0,4,1,3,3,0,3,2,3,1,0,2,1,1,1,1,3,3,1,2,4,4,4,4,4,4,4,4,4,4,2,2,0,1,2,3,4,4,4,4,4,4,4,4,4,4,4,4,4,4,4,4,4,4,4,4,4,4,4,4,4,4,4,4,4,4,2,1,4,3,0,1,0,3,0,0,0,0,3,3,1,4,4,2,0,0,3,2,0,1,2,1,4,0,1,0,4,0,1,4,4,4,4,4,4,4,4,4,0,0,2,2,4,4,3,2,1,1,3,4,2,4,1,1,2,3,1,1,0,4,4,0,1,3,3,4,1,3,2,0,3,0,4,3,1,0,2,1,4,2,3,0,4,4,4,4,2,1,3,4,4,4,4,4,4,4,0,4,4,4,4,4,4,4,4,4,4,4,4,4,4,4,4,4,4,4,4,4,4,4,4,4,4,4,4,4,4,4,4,4,4,4,4,4,4,4,4,4,4,4,4,4,4,4,4,4,4,4,4,4,4,3,0,3,1,0,4,4,0,1,1,0,3,4,1,2,2,2,1,2,0,0,0,1,2,3,1,2,0,4,4,4,4,4,4,4,4,4,4,4,4,4,4,4,4,4,4,4,4,4,2,3,3,0,2,2,1,0,4,1,1,2,4,1,1,3,3,4,4,4,0,3,3,4,4,4,4,4,4,4,4,4,4,4,4,4,4,4,4,4,4,4,4,4,4,4,4,4,4,4,4,4,4,4,4,4,4,4,4,4,4,4,4,4,4,4,4,4,1,1,0,4,4,4,4,4,4,4,4,4,4,4,4,4,4,4,4,4,3,0,0,1,0,0,0,2,1,1,2,2,2,4,4,3,0,0,3,4,4,4,4,3,4,4,4,4,4,4,4,4,4,4,4,4,4,4,4,4,4,4,4,4,4,4,4,4,4,4,4,4,4,4,4,4,4,4,4,4,4,4,4,4,4,4,1,1,1,2,2,1,3,3,3,2,3,3,2,3,ADUS01000037.1/37627-37814,0
518,2,3,0,2,0,3,2,1,3,1,0,3,3,1,1,0,3,4,1,3,4,1,3,3,0,3,2,3,3,1,2,1,1,3,3,0,4,4,4,4,4,4,4,4,4,4,4,4,4,4,4,4,4,2,3,4,4,4,4,4,4,4,4,4,4,4,4,4,4,4,4,4,4,4,4,4,4,4,4,4,4,4,4,4,4,2,1,4,1,3,1,0,3,0,0,0,1,3,1,1,4,2,2,0,0,3,2,0,1,2,1,4,0,2,0,4,2,1,1,2,3,3,4,4,4,4,3,0,1,2,2,4,4,3,2,1,3,3,4,0,4,3,1,2,3,1,1,0,4,4,1,3,2,0,4,1,0,2,0,3,2,4,3,1,2,1,4,4,4,3,3,4,0,4,3,2,1,1,4,4,4,4,4,4,4,3,4,4,4,4,4,4,4,4,4,4,4,4,4,4,4,4,4,4,4,4,4,4,4,4,4,4,4,4,4,4,4,4,4,4,4,4,4,4,4,4,4,4,4,4,4,4,4,4,4,4,4,4,4,4,1,0,3,1,0,2,0,1,0,1,1,0,4,3,2,2,0,1,0,1,0,0,1,2,3,3,2,0,4,4,4,4,4,4,4,4,4,4,4,4,4,4,4,4,4,4,4,4,4,2,3,2,0,0,2,1,0,4,1,1,4,4,1,0,1,3,4,4,3,2,3,3,2,3,1,0,4,3,4,0,1,0,4,4,4,4,4,4,4,4,4,4,4,4,4,4,4,4,4,4,4,4,4,4,4,4,4,4,4,4,4,4,4,4,2,0,1,1,3,2,4,4,4,4,4,4,4,4,4,4,4,4,4,4,4,4,4,3,3,3,3,0,0,1,2,1,1,3,2,1,3,1,1,2,3,0,0,4,3,0,0,4,4,4,4,4,4,4,4,4,4,4,4,4,4,4,4,4,4,4,4,4,4,4,4,4,4,4,4,4,4,4,4,4,4,4,4,4,4,4,4,2,0,2,1,0,2,2,1,2,3,3,3,3,3,3,3,ACXE01000118.1/13267-13473,0
519,2,3,0,2,0,3,2,1,3,1,0,3,3,1,1,0,3,4,1,3,4,1,3,3,0,3,2,3,3,1,2,1,1,3,3,1,4,4,4,4,4,4,4,4,4,4,4,4,4,4,4,4,4,2,3,4,4,4,4,4,4,4,4,4,4,4,4,4,4,4,4,4,4,4,4,4,4,4,4,4,4,4,4,4,4,2,1,4,1,3,1,0,3,0,0,0,1,3,1,1,4,2,2,0,0,3,2,0,3,2,1,4,0,2,0,4,2,1,1,2,3,3,4,4,1,3,3,0,1,2,2,4,4,3,2,1,3,3,4,0,4,3,1,2,3,1,1,0,4,4,1,3,2,0,4,1,0,2,0,3,2,4,3,1,2,1,0,4,3,3,3,4,0,4,3,2,1,1,4,4,4,4,4,4,4,3,4,4,4,4,4,4,4,4,4,4,4,4,4,4,4,4,4,4,4,4,4,4,4,4,4,4,4,4,4,4,4,4,4,4,4,4,4,4,4,4,4,4,4,4,4,4,4,4,4,4,4,4,4,4,1,0,3,1,0,0,0,1,0,1,1,0,4,3,2,2,0,1,0,3,3,0,1,2,3,3,2,0,4,4,4,4,4,4,4,4,4,4,4,4,4,4,4,4,4,4,4,4,4,2,3,2,0,0,2,1,0,4,1,1,1,4,0,0,3,3,4,4,3,2,3,3,2,3,1,0,4,0,4,0,1,0,4,4,4,4,4,4,4,4,4,4,4,4,4,4,4,4,4,4,4,4,4,4,4,4,4,4,4,4,4,4,4,4,2,0,1,1,3,2,4,4,4,4,4,4,4,4,4,4,4,4,4,4,4,4,4,3,3,3,3,0,0,1,2,1,1,3,2,1,1,1,3,2,0,3,3,4,3,1,0,4,4,4,4,4,4,4,4,4,4,4,4,4,4,4,4,4,4,4,4,4,4,4,4,4,4,4,4,4,4,4,4,4,4,4,4,4,4,4,4,2,1,2,1,0,2,2,1,2,3,3,3,3,3,3,3,CP000647.1/4707421-4707632,0
520,2,3,0,2,0,3,2,1,3,1,0,3,3,1,1,0,3,4,1,3,4,1,3,3,0,3,2,3,3,1,2,1,1,3,3,0,4,4,4,4,4,4,4,4,4,4,4,4,4,4,4,4,4,2,3,4,4,4,4,4,4,4,4,4,4,4,4,4,4,4,4,4,4,4,4,4,4,4,4,4,4,4,4,4,4,2,1,4,1,3,1,0,3,0,0,0,1,3,1,1,4,2,2,0,0,3,2,0,1,2,1,4,0,2,0,4,2,1,1,2,3,3,4,4,4,4,3,0,1,2,2,4,4,3,2,1,3,3,4,0,4,3,1,2,3,1,1,0,4,4,1,3,2,0,4,1,0,2,0,3,2,4,3,1,2,1,4,4,4,3,3,4,0,4,3,2,1,1,4,4,4,4,4,4,4,3,4,4,4,4,4,4,4,4,4,4,4,4,4,4,4,4,4,4,4,4,4,4,4,4,4,4,4,4,4,4,4,4,4,4,4,4,4,4,4,4,4,4,4,4,4,4,4,4,4,4,4,4,4,4,1,0,3,1,0,2,0,1,0,1,1,0,4,3,2,2,0,1,0,1,0,0,1,2,3,3,2,0,4,4,4,4,4,4,4,4,4,4,4,4,4,4,4,4,4,4,4,4,4,2,3,2,0,0,2,1,0,4,1,1,4,4,1,0,1,3,4,4,3,2,3,3,2,3,1,0,4,3,4,0,1,0,4,4,4,4,4,4,4,4,4,4,4,4,4,4,4,4,4,4,4,4,4,4,4,4,4,4,4,4,4,4,4,4,2,0,1,1,3,2,4,4,4,4,4,4,4,4,4,4,4,4,4,4,4,4,4,3,3,3,3,0,0,1,2,1,1,3,2,1,3,1,1,2,3,0,0,4,3,0,0,4,4,4,4,4,4,4,4,4,4,4,4,4,4,4,4,4,4,4,4,4,4,4,4,4,4,4,4,4,4,4,4,4,4,4,4,4,4,4,4,2,0,2,1,0,2,2,1,2,3,3,3,3,3,3,3,AEHV01000118.1/15904-15698,0
521,2,3,0,2,0,3,2,1,3,1,0,3,3,1,1,0,3,4,1,3,4,1,3,3,0,3,2,3,3,1,2,1,1,3,3,0,4,4,4,4,4,4,4,4,4,4,4,4,4,4,4,4,4,2,3,4,4,4,4,4,4,4,4,4,4,4,4,4,4,4,4,4,4,4,4,4,4,4,4,4,4,4,4,4,4,2,1,4,1,3,1,0,3,0,0,0,1,3,1,1,4,2,2,0,0,3,2,0,1,2,1,4,0,2,0,4,2,1,1,2,3,3,4,4,4,4,3,0,1,2,2,4,4,3,2,1,3,3,4,0,4,3,1,2,3,1,1,0,4,4,1,3,2,0,4,1,0,2,0,3,2,4,3,1,2,1,4,4,4,3,3,4,0,4,3,2,1,1,4,4,4,4,4,4,4,3,4,4,4,4,4,4,4,4,4,4,4,4,4,4,4,4,4,4,4,4,4,4,4,4,4,4,4,4,4,4,4,4,4,4,4,4,4,4,4,4,4,4,4,4,4,4,4,4,4,4,4,4,4,4,1,0,3,1,0,2,0,1,0,1,1,0,4,3,2,2,0,1,0,1,0,0,1,2,3,3,2,0,4,4,4,4,4,4,4,4,4,4,4,4,4,4,4,4,4,4,4,4,4,2,3,2,0,0,2,1,0,4,1,1,4,4,1,0,1,3,4,4,3,2,3,3,2,3,1,0,4,3,4,0,1,0,4,4,4,4,4,4,4,4,4,4,4,4,4,4,4,4,4,4,4,4,4,4,4,4,4,4,4,4,4,4,4,4,2,0,1,1,3,2,4,4,4,4,4,4,4,4,4,4,4,4,4,4,4,4,4,3,3,3,3,0,0,1,2,1,1,3,2,1,3,1,1,2,3,0,0,4,3,0,0,4,4,4,4,4,4,4,4,4,4,4,4,4,4,4,4,4,4,4,4,4,4,4,4,4,4,4,4,4,4,4,4,4,4,4,4,4,4,4,4,2,0,2,1,0,2,2,1,2,3,3,3,3,3,3,3,AERU01000034.1/50516-50310,0
522,2,3,4,4,4,3,2,1,3,1,0,3,3,1,0,3,1,4,3,2,4,3,3,3,0,3,2,0,3,3,2,1,1,0,1,1,1,1,0,1,0,2,4,4,4,4,4,1,2,2,2,1,0,2,0,4,4,4,4,4,4,4,4,4,4,4,4,4,4,4,4,4,4,4,4,4,4,4,4,4,4,4,4,4,4,2,1,4,4,3,1,0,3,0,0,0,0,3,1,1,4,4,2,0,0,3,2,0,1,2,1,4,0,4,4,4,4,1,1,0,0,0,4,4,4,4,4,4,1,2,2,4,4,0,2,1,1,3,4,2,4,3,1,2,3,1,1,0,4,1,1,1,0,0,4,1,1,2,0,3,0,4,0,3,1,2,3,4,0,3,2,4,3,4,3,1,3,4,2,1,0,4,3,1,2,3,4,4,4,4,4,4,4,4,4,4,4,4,4,4,4,4,4,4,4,4,4,4,4,4,4,4,4,4,4,4,4,4,4,4,4,4,4,4,4,4,4,4,4,4,4,4,4,4,4,4,4,4,4,4,3,0,3,1,0,0,2,4,4,1,0,3,4,1,2,2,0,1,2,1,0,0,1,2,3,3,2,0,4,4,4,4,4,4,4,4,4,4,4,4,4,4,4,4,4,4,4,4,4,2,3,3,0,2,2,1,3,4,1,1,0,4,1,1,1,0,4,4,3,3,1,3,1,2,1,2,4,3,4,0,1,3,4,4,4,4,4,4,4,4,4,4,4,4,4,4,4,4,4,4,4,4,4,4,4,4,4,4,4,4,4,4,4,4,2,1,3,0,3,2,2,1,2,4,4,4,4,4,4,4,4,4,4,4,2,3,2,1,2,3,1,0,0,1,2,2,1,0,2,2,1,1,0,3,1,2,4,4,4,4,4,4,4,4,4,4,4,4,4,4,4,4,4,4,4,4,4,4,4,4,4,4,4,4,4,4,4,4,4,4,4,4,4,4,4,4,4,4,4,4,4,1,2,1,1,3,2,1,1,2,3,3,3,3,1,3,3,CAEJ01000007.1/306843-306626,0
523,2,3,4,4,4,2,2,1,3,1,0,3,3,1,0,1,1,4,1,2,4,2,3,3,0,3,2,0,1,0,2,1,1,1,3,2,1,3,1,0,0,2,4,4,4,4,1,2,2,0,1,0,0,2,3,4,4,4,4,4,4,4,4,4,4,4,4,4,4,4,4,4,4,4,4,4,4,4,4,4,4,4,4,4,4,2,1,4,4,1,1,0,3,0,0,1,0,3,3,1,4,4,2,0,0,3,2,0,1,2,1,4,4,4,4,4,0,1,0,0,4,4,4,4,4,4,3,0,1,2,2,4,4,3,2,1,1,3,4,2,4,3,1,2,3,1,1,0,4,1,1,1,1,2,4,1,1,2,0,3,0,4,0,3,1,2,3,4,3,1,0,4,1,4,3,3,3,2,3,2,4,4,2,1,2,3,4,4,4,4,4,4,4,4,4,4,4,4,4,4,4,4,4,4,4,4,4,4,4,4,4,4,4,4,4,4,4,4,4,4,4,4,4,4,4,4,4,4,4,4,4,4,4,4,4,4,4,4,4,4,3,0,3,1,0,4,4,2,0,1,0,3,4,1,2,2,0,1,2,1,3,0,1,2,3,3,2,0,4,4,4,4,4,4,4,4,4,4,4,4,4,4,4,4,4,4,4,4,4,2,3,1,0,2,2,3,0,4,1,1,0,4,3,1,3,0,4,4,3,3,3,3,2,3,4,4,4,4,4,4,4,4,3,0,1,2,1,4,4,4,4,4,4,4,4,4,4,4,4,4,4,4,4,4,4,2,2,2,3,3,3,4,4,4,4,0,1,1,2,2,1,2,3,4,4,4,4,4,4,4,4,4,4,2,0,1,3,3,3,2,2,0,0,2,2,1,3,2,2,3,3,1,0,1,3,2,4,4,4,4,4,4,4,4,4,4,4,4,4,4,4,4,4,4,4,4,4,4,4,4,4,4,4,4,4,4,4,4,4,4,4,4,4,4,4,4,4,4,4,4,4,2,0,0,1,1,2,2,1,1,3,3,3,3,3,3,3,FN392235.1/1169616-1169839,0
524,2,3,0,2,3,3,2,1,3,1,0,3,3,1,0,1,1,4,3,3,4,3,3,3,0,3,2,3,1,2,2,1,1,1,0,1,0,0,3,3,0,2,2,4,4,4,3,2,2,0,0,0,3,0,3,4,4,4,4,4,4,4,4,4,4,4,4,4,4,4,4,4,4,4,4,4,4,4,4,4,4,4,4,4,4,2,1,4,1,0,1,0,3,0,0,2,1,1,3,0,4,4,2,0,0,3,2,0,3,2,1,4,1,2,0,4,0,2,4,4,4,4,4,4,4,4,3,0,0,2,2,4,4,3,2,1,1,3,4,0,4,1,1,2,3,1,1,0,4,0,1,3,3,0,4,0,3,2,0,3,0,4,1,3,1,2,1,3,3,3,1,4,2,4,2,2,1,1,4,4,4,4,4,4,4,3,4,4,4,4,4,4,4,4,4,4,4,4,4,4,4,4,4,4,4,4,4,4,4,4,4,4,4,4,4,4,4,4,4,4,4,4,4,4,4,4,4,4,4,4,4,4,4,4,4,4,4,4,4,4,3,0,3,1,0,4,4,0,0,1,3,0,4,1,2,2,2,1,2,0,1,0,1,2,3,2,2,0,4,4,4,4,4,4,4,4,4,4,4,4,4,4,4,4,4,4,4,4,4,2,3,2,0,2,2,1,0,4,1,1,0,4,1,1,3,0,4,4,1,0,3,0,1,3,4,1,4,0,4,3,1,0,4,4,4,4,4,4,4,4,4,4,4,4,4,4,4,4,4,4,4,4,4,4,4,4,4,4,4,4,4,4,4,4,4,0,2,1,0,2,3,0,3,2,0,0,2,4,4,2,0,3,1,1,3,1,0,1,3,2,2,1,2,2,2,0,3,0,2,3,0,2,0,3,0,0,4,4,4,4,2,4,4,4,4,4,4,4,4,4,4,4,4,4,4,4,4,4,4,4,4,4,4,4,4,4,4,4,4,4,4,4,4,4,4,4,4,4,4,4,4,0,3,0,1,3,0,3,1,1,1,2,1,1,2,3,1,FN667741.1/3003377-3003149,0
525,2,3,0,2,0,3,2,1,3,1,0,3,3,1,1,0,3,4,1,3,4,1,3,3,0,3,2,3,3,1,2,1,1,3,3,0,4,4,4,4,4,4,4,4,4,4,4,4,4,4,4,4,4,2,3,4,4,4,4,4,4,4,4,4,4,4,4,4,4,4,4,4,4,4,4,4,4,4,4,4,4,4,4,4,4,2,1,4,1,3,1,0,3,0,0,0,1,3,1,1,4,2,2,0,0,3,2,0,1,2,1,4,0,2,0,4,2,1,1,2,3,3,4,4,4,4,3,0,1,2,2,4,4,3,2,1,3,3,4,0,4,3,1,2,3,1,1,0,4,4,1,3,2,0,4,1,0,2,0,3,2,4,3,1,2,1,4,4,4,3,3,4,0,4,3,2,1,1,4,4,4,4,4,4,4,3,4,4,4,4,4,4,4,4,4,4,4,4,4,4,4,4,4,4,4,4,4,4,4,4,4,4,4,4,4,4,4,4,4,4,4,4,4,4,4,4,4,4,4,4,4,4,4,4,4,4,4,4,4,4,1,0,3,1,0,2,0,1,0,1,1,0,4,3,2,2,0,1,0,1,0,0,1,2,3,3,2,0,4,4,4,4,4,4,4,4,4,4,4,4,4,4,4,4,4,4,4,4,4,2,3,2,0,0,2,1,0,4,1,1,4,4,1,0,1,3,4,4,3,2,3,3,2,3,1,0,4,3,4,0,1,0,4,4,4,4,4,4,4,4,4,4,4,4,4,4,4,4,4,4,4,4,4,4,4,4,4,4,4,4,4,4,4,4,2,0,1,1,3,2,4,4,4,4,4,4,4,4,4,4,4,4,4,4,4,4,4,3,3,3,3,0,0,1,2,1,1,3,2,1,3,1,1,2,3,0,0,4,3,0,0,4,4,4,4,4,4,4,4,4,4,4,4,4,4,4,4,4,4,4,4,4,4,4,4,4,4,4,4,4,4,4,4,4,4,4,4,4,4,4,4,2,0,2,1,0,2,2,1,2,3,3,3,3,3,3,3,CP000468.1/4279222-4279428,0
526,2,3,0,2,0,3,2,1,3,1,0,3,3,1,1,0,3,4,1,3,4,1,3,3,0,3,2,3,3,1,2,1,1,3,3,1,4,4,4,4,4,4,4,4,4,4,4,4,4,4,4,4,4,3,2,4,4,4,4,4,4,4,4,4,4,4,4,4,4,4,4,4,4,4,4,4,4,4,4,4,4,4,4,4,4,2,1,4,1,3,1,0,3,0,0,0,1,3,1,0,4,2,2,0,0,3,2,0,3,2,1,4,0,2,0,4,2,1,1,2,3,3,4,4,4,4,3,0,1,2,2,4,4,3,2,1,3,3,4,0,4,3,1,2,3,1,1,0,4,4,1,3,2,0,4,1,0,2,0,3,2,4,3,1,2,1,4,4,4,3,3,4,0,4,1,2,1,1,4,4,4,4,4,4,4,3,4,4,4,4,4,4,4,4,4,4,4,4,4,4,4,4,4,4,4,4,4,4,4,4,4,4,4,4,4,4,4,4,4,4,4,4,4,4,4,4,4,4,4,4,4,4,4,4,4,4,4,4,4,4,1,0,3,1,0,0,0,1,0,1,1,1,4,3,2,2,0,1,0,1,0,0,1,2,3,3,2,0,4,4,4,4,4,4,4,4,4,4,4,4,4,4,4,4,4,4,4,4,4,2,3,2,0,0,2,1,0,4,1,1,1,4,1,3,3,3,4,0,3,2,3,3,2,3,1,0,4,3,4,0,1,0,4,4,4,4,4,4,4,4,4,4,4,4,4,4,4,4,4,4,4,4,4,4,4,4,4,4,4,4,4,4,4,4,2,0,1,1,3,2,4,4,4,4,4,4,4,4,4,4,4,4,4,4,4,4,4,3,3,3,3,2,0,1,2,1,1,3,2,1,1,1,1,3,3,0,0,4,4,1,1,4,4,4,4,4,4,4,4,4,4,4,4,4,4,4,4,4,4,4,4,4,4,4,4,4,4,4,4,4,4,4,4,4,4,4,4,4,4,4,4,2,2,2,1,0,2,2,1,2,3,3,3,3,3,3,3,AE006468.1/4141647-4141854,0
527,2,3,4,4,4,2,2,1,3,1,0,3,3,1,0,1,1,4,3,3,4,1,3,3,0,3,2,3,1,0,2,1,1,1,1,3,3,0,2,4,4,4,4,4,4,4,4,4,4,2,2,0,1,2,1,4,4,4,4,4,4,4,4,4,4,4,4,4,4,4,4,4,4,4,4,4,4,4,4,4,4,4,4,4,4,2,1,4,3,0,1,0,3,0,0,0,1,3,3,1,4,4,2,0,0,3,2,0,1,2,1,4,4,4,4,4,0,1,0,0,4,4,4,4,4,4,1,0,0,2,2,4,4,3,2,1,1,3,4,2,4,1,1,2,3,1,1,0,4,4,0,1,3,3,4,1,3,2,0,3,0,4,0,3,0,2,1,4,2,3,4,4,4,4,0,2,1,3,4,4,4,4,4,4,4,3,4,4,4,4,4,4,4,4,4,4,4,4,4,4,4,4,4,4,4,4,4,4,4,4,4,4,4,4,4,4,4,4,4,4,4,4,4,4,4,4,4,4,4,4,4,4,4,4,4,4,4,4,4,4,3,0,3,1,0,4,4,0,1,1,3,1,4,1,2,2,2,1,2,0,0,0,1,2,3,1,2,0,4,4,4,4,4,4,4,4,4,4,4,4,4,4,4,4,4,4,4,4,4,2,3,3,0,2,2,1,0,4,1,1,2,4,1,1,3,3,4,4,4,0,3,3,4,4,4,4,4,4,4,4,4,4,4,4,4,4,4,4,4,4,4,4,4,4,4,4,4,4,4,4,4,4,4,4,4,4,4,4,4,4,4,4,4,4,4,4,4,1,1,0,4,4,4,4,4,4,4,4,4,4,4,4,4,4,4,4,4,3,0,0,1,0,0,0,2,1,1,2,2,2,3,3,3,4,4,4,4,4,4,4,4,4,4,4,4,4,4,4,4,4,4,4,4,4,4,4,4,4,4,4,4,4,4,4,4,4,4,4,4,4,4,4,4,4,4,4,4,4,4,4,4,0,2,1,1,1,2,2,1,3,3,3,2,3,3,2,3,AETS01000015.1/20127-20311,0
528,2,3,4,4,4,2,2,1,3,1,0,3,3,1,0,1,1,4,2,0,4,1,3,3,0,3,2,3,1,0,2,1,1,1,1,3,3,1,2,4,4,4,4,4,4,4,4,4,4,2,2,0,1,2,3,4,4,4,4,4,4,4,4,4,4,4,4,4,4,4,4,4,4,4,4,4,4,4,4,4,4,4,4,4,4,2,1,4,3,0,1,0,3,0,0,0,0,3,0,1,4,4,2,0,0,3,2,0,1,2,1,4,4,4,4,4,0,1,0,0,4,4,4,4,4,4,1,0,0,2,2,4,4,3,2,1,1,3,4,2,4,1,1,2,3,1,1,0,4,4,0,1,3,3,4,1,3,2,0,3,0,4,3,1,0,2,1,4,2,3,0,4,4,4,4,2,1,3,4,4,4,4,4,4,4,0,4,4,4,4,4,4,4,4,4,4,4,4,4,4,4,4,4,4,4,4,4,4,4,4,4,4,4,4,4,4,4,4,4,4,4,4,4,4,4,4,4,4,4,4,4,4,4,4,4,4,4,4,4,4,3,0,3,1,0,4,4,0,1,1,0,3,4,1,2,2,2,1,2,0,0,0,1,2,3,1,2,0,4,4,4,4,4,4,4,4,4,4,4,4,4,4,4,4,4,4,4,4,4,2,3,3,0,2,2,1,0,4,1,1,2,4,1,1,3,3,4,4,4,0,3,3,4,4,4,4,4,4,4,4,4,4,4,4,4,4,4,4,4,4,4,4,4,4,4,4,4,4,4,4,4,4,4,4,4,4,4,4,4,4,4,4,4,4,4,4,4,1,1,0,4,4,4,4,4,4,4,4,4,4,4,4,4,4,4,4,4,3,0,0,1,0,0,0,2,1,1,2,2,2,4,4,3,0,0,3,4,4,4,4,3,4,4,4,4,4,4,4,4,4,4,4,4,4,4,4,4,4,4,4,4,4,4,4,4,4,4,4,4,4,4,4,4,4,4,4,4,4,4,4,4,4,4,1,1,1,2,2,1,3,3,3,2,3,3,2,3,AEFE01000025.1/176125-175941,0
529,2,3,0,2,0,3,2,1,3,1,0,3,3,1,1,0,3,4,1,3,4,1,3,3,0,3,2,3,3,1,2,1,1,3,3,0,4,4,4,4,4,4,4,4,4,4,4,4,4,4,4,4,4,2,3,4,4,4,4,4,4,4,4,4,4,4,4,4,4,4,4,4,4,4,4,4,4,4,4,4,4,4,4,4,4,2,1,4,1,3,1,0,3,0,0,0,1,3,1,1,4,2,2,0,0,3,2,0,1,2,1,4,0,2,0,4,2,1,1,2,3,3,4,4,4,4,3,0,1,2,2,4,4,3,2,1,3,3,4,0,4,3,1,2,3,1,1,0,4,4,1,3,2,0,4,1,0,2,0,3,2,4,3,1,2,1,4,4,4,3,3,4,0,4,3,2,1,1,4,4,4,4,4,4,4,3,4,4,4,4,4,4,4,4,4,4,4,4,4,4,4,4,4,4,4,4,4,4,4,4,4,4,4,4,4,4,4,4,4,4,4,4,4,4,4,4,4,4,4,4,4,4,4,4,4,4,4,4,4,4,1,0,3,1,0,2,0,1,0,1,1,0,4,3,2,2,0,1,0,1,0,0,1,2,3,3,2,0,4,4,4,4,4,4,4,4,4,4,4,4,4,4,4,4,4,4,4,4,4,2,3,2,0,0,2,1,0,4,1,1,4,4,1,0,1,3,4,4,3,2,3,3,2,3,1,0,4,3,4,0,1,0,4,4,4,4,4,4,4,4,4,4,4,4,4,4,4,4,4,4,4,4,4,4,4,4,4,4,4,4,4,4,4,4,2,0,1,1,3,2,4,4,4,4,4,4,4,4,4,4,4,4,4,4,4,4,4,3,3,3,3,0,0,1,2,1,1,3,2,1,3,1,1,2,3,0,0,4,3,0,0,4,4,4,4,4,4,4,4,4,4,4,4,4,4,4,4,4,4,4,4,4,4,4,4,4,4,4,4,4,4,4,4,4,4,4,4,4,4,4,4,2,0,2,1,0,2,2,1,2,3,3,3,3,3,3,3,AFEB01000060.1/73155-73361,0
530,2,3,0,2,0,3,2,1,3,1,0,3,3,1,1,0,3,4,1,3,4,1,3,3,0,3,2,3,3,1,2,1,1,3,3,1,4,4,4,4,4,4,4,4,4,4,4,4,4,4,4,4,4,3,2,4,4,4,4,4,4,4,4,4,4,4,4,4,4,4,4,4,4,4,4,4,4,4,4,4,4,4,4,4,4,2,1,4,1,3,1,0,3,0,0,0,1,3,1,0,4,2,2,0,0,3,2,0,3,2,1,4,0,2,0,4,2,1,1,2,3,3,4,4,4,4,3,0,1,2,2,4,4,3,2,1,3,3,4,0,4,3,1,2,3,1,1,0,4,4,1,3,2,0,4,1,0,2,0,3,2,4,3,1,2,1,4,4,4,3,3,4,0,4,1,2,1,1,4,4,4,4,4,4,4,3,4,4,4,4,4,4,4,4,4,4,4,4,4,4,4,4,4,4,4,4,4,4,4,4,4,4,4,4,4,4,4,4,4,4,4,4,4,4,4,4,4,4,4,4,4,4,4,4,4,4,4,4,4,4,1,0,3,1,0,0,0,1,0,1,1,1,4,3,2,2,0,1,0,1,0,0,1,2,3,3,2,0,4,4,4,4,4,4,4,4,4,4,4,4,4,4,4,4,4,4,4,4,4,2,3,2,0,0,2,1,0,4,1,1,1,4,1,3,3,3,4,0,3,2,3,3,2,3,1,0,4,3,4,0,1,0,4,4,4,4,4,4,4,4,4,4,4,4,4,4,4,4,4,4,4,4,4,4,4,4,4,4,4,4,4,4,4,4,2,0,1,1,3,2,4,4,4,4,4,4,4,4,4,4,4,4,4,4,4,4,4,3,3,3,3,2,0,1,2,1,1,3,2,1,1,1,1,3,3,0,0,4,4,1,1,4,4,4,4,4,4,4,4,4,4,4,4,4,4,4,4,4,4,4,4,4,4,4,4,4,4,4,4,4,4,4,4,4,4,4,4,4,4,4,4,2,2,2,1,0,2,2,1,2,3,3,3,3,3,3,3,CP001363.1/4155338-4155545,0
531,2,3,0,2,0,3,2,1,3,1,0,3,3,1,1,0,1,4,1,3,4,1,3,3,0,3,2,3,3,3,2,1,3,3,1,2,4,4,4,4,4,4,4,4,4,4,4,4,4,4,4,4,4,4,4,4,4,4,4,4,4,4,4,4,4,4,4,4,4,4,4,4,4,4,4,4,4,4,4,4,4,4,4,4,4,2,1,4,3,0,1,0,3,0,0,0,1,1,3,2,4,2,2,0,0,3,2,0,1,2,1,4,0,2,0,4,2,1,1,0,0,3,4,4,4,3,3,3,2,2,2,4,4,3,0,1,1,3,4,2,4,3,3,2,3,1,3,2,4,4,1,1,3,2,4,1,1,3,2,3,0,4,3,1,2,1,4,4,4,2,0,4,0,4,0,2,3,1,4,4,4,4,4,4,4,3,4,4,4,4,4,4,4,4,4,4,4,4,4,4,4,4,4,4,4,4,4,4,4,4,4,4,4,4,4,4,4,4,4,4,4,4,4,4,4,4,4,4,4,4,4,4,4,4,4,4,4,4,4,4,3,0,1,0,2,2,4,2,3,3,0,3,4,1,0,2,0,1,0,1,1,0,1,2,3,3,2,0,4,4,4,4,4,4,4,4,4,4,4,4,4,4,4,4,4,4,4,4,4,2,3,1,2,2,2,3,0,4,1,1,4,4,3,1,3,1,4,4,2,2,3,3,2,3,1,3,4,0,4,0,1,1,4,4,4,4,4,4,4,4,4,4,4,4,4,4,4,4,4,4,4,4,4,4,4,4,4,4,4,4,4,4,4,4,2,0,1,1,3,2,4,4,4,4,4,4,4,4,4,4,4,4,4,4,4,4,4,0,3,1,3,3,0,1,0,1,1,3,2,1,3,3,3,4,4,4,4,4,4,4,4,4,4,4,4,4,4,4,4,4,4,4,4,4,4,4,4,4,4,4,4,4,4,4,4,4,4,4,4,4,4,4,4,4,4,4,4,4,4,4,4,3,0,2,1,0,2,2,3,2,3,3,3,3,3,3,3,CAEJ01000036.1/420-617,0
532,2,3,0,2,0,3,2,1,3,1,0,3,3,1,1,0,3,4,1,3,4,1,3,3,0,3,2,3,3,1,2,1,1,3,3,1,4,4,4,4,4,4,4,4,4,4,4,4,4,4,4,4,4,3,2,4,4,4,4,4,4,4,4,4,4,4,4,4,4,4,4,4,4,4,4,4,4,4,4,4,4,4,4,4,4,2,1,4,1,3,1,0,3,0,0,0,1,3,1,0,4,2,2,0,0,3,2,0,3,2,1,4,0,2,0,4,2,1,1,2,3,3,4,4,4,4,3,0,1,2,2,4,4,3,2,1,3,3,4,0,4,3,1,2,3,1,1,0,4,4,1,3,2,0,4,1,0,2,0,3,2,4,3,1,2,1,4,4,4,3,3,4,0,4,1,2,1,1,4,4,4,4,4,4,4,3,4,4,4,4,4,4,4,4,4,4,4,4,4,4,4,4,4,4,4,4,4,4,4,4,4,4,4,4,4,4,4,4,4,4,4,4,4,4,4,4,4,4,4,4,4,4,4,4,4,4,4,4,4,4,1,0,3,1,0,0,0,1,0,1,1,1,4,3,2,2,0,1,0,1,0,0,1,2,3,3,2,0,4,4,4,4,4,4,4,4,4,4,4,4,4,4,4,4,4,4,4,4,4,2,3,2,0,0,2,1,0,4,1,1,1,4,1,3,3,3,4,0,3,2,3,3,2,3,1,0,4,3,4,0,1,0,4,4,4,4,4,4,4,4,4,4,4,4,4,4,4,4,4,4,4,4,4,4,4,4,4,4,4,4,4,4,4,4,2,0,1,1,3,2,4,4,4,4,4,4,4,4,4,4,4,4,4,4,4,4,4,3,3,3,3,2,0,1,2,1,1,3,2,1,1,1,1,3,3,0,0,4,4,1,1,4,4,4,4,4,4,4,4,4,4,4,4,4,4,4,4,4,4,4,4,4,4,4,4,4,4,4,4,4,4,4,4,4,4,4,4,4,4,4,4,2,2,2,1,0,2,2,1,2,3,3,3,3,3,3,3,AFCJ01002363.1/293-500,0
533,2,3,0,2,0,3,2,1,3,1,0,3,3,1,1,0,3,4,1,3,4,1,1,3,0,3,2,3,3,1,2,1,1,3,3,0,4,4,4,4,4,4,4,4,4,4,4,4,4,4,4,4,4,2,3,4,4,4,4,4,4,4,4,4,4,4,4,4,4,4,4,4,4,4,4,4,4,4,4,4,4,4,4,4,4,2,1,4,1,3,1,0,3,0,0,0,1,3,1,1,4,2,2,0,0,3,2,0,1,2,1,4,0,2,0,4,2,1,1,2,3,3,4,4,4,4,3,0,1,2,2,4,4,3,2,1,3,3,4,0,4,3,1,2,3,1,1,0,4,4,1,3,2,0,4,1,0,2,0,3,2,4,3,1,2,1,4,4,4,3,3,4,0,4,3,2,1,1,4,4,4,4,4,4,4,3,4,4,4,4,4,4,4,4,4,4,4,4,4,4,4,4,4,4,4,4,4,4,4,4,4,4,4,4,4,4,4,4,4,4,4,4,4,4,4,4,4,4,4,4,4,4,4,4,4,4,4,4,4,4,1,0,3,1,0,2,0,1,0,1,1,0,4,3,2,2,0,1,0,1,0,0,1,2,3,3,2,0,4,4,4,4,4,4,4,4,4,4,4,4,4,4,4,4,4,4,4,4,4,2,3,2,0,0,2,1,0,4,1,1,4,4,1,0,1,3,4,4,3,2,3,3,2,3,1,0,4,3,4,0,1,0,4,4,4,4,4,4,4,4,4,4,4,4,4,4,4,4,4,4,4,4,4,4,4,4,4,4,4,4,4,4,4,4,2,0,1,1,1,2,4,4,4,4,4,4,4,4,4,4,4,4,4,4,4,4,4,3,3,3,3,0,0,1,2,1,1,3,2,1,3,1,1,2,3,0,0,4,3,0,0,4,4,4,4,4,4,4,4,4,4,4,4,4,4,4,4,4,4,4,4,4,4,4,4,4,4,4,4,4,4,4,4,4,4,4,4,4,4,4,4,2,0,2,1,0,2,2,1,2,3,3,3,3,3,3,0,ADUT01000014.1/43103-43309,0
534,2,3,0,2,0,3,2,1,3,1,0,3,3,1,1,0,3,4,1,3,4,1,3,3,0,3,2,3,3,1,2,1,1,3,3,0,4,4,4,4,4,4,4,4,4,4,4,4,4,4,4,4,4,2,3,4,4,4,4,4,4,4,4,4,4,4,4,4,4,4,4,4,4,4,4,4,4,4,4,4,4,4,4,4,4,2,1,4,1,3,1,0,3,0,0,0,1,3,1,1,4,2,2,0,0,3,2,0,1,2,1,4,0,2,0,4,2,1,1,2,3,3,4,4,4,4,3,0,1,2,2,4,4,3,2,1,3,3,4,0,4,3,1,2,3,1,1,0,4,4,1,3,2,0,4,1,0,2,0,3,2,4,3,1,2,1,4,4,4,3,3,4,0,4,3,2,1,1,4,4,4,4,4,4,4,3,4,4,4,4,4,4,4,4,4,4,4,4,4,4,4,4,4,4,4,4,4,4,4,4,4,4,4,4,4,4,4,4,4,4,4,4,4,4,4,4,4,4,4,4,4,4,4,4,4,4,4,4,4,4,1,0,3,1,0,2,0,1,0,1,1,0,4,3,2,2,0,1,0,1,0,0,1,2,3,3,2,0,4,4,4,4,4,4,4,4,4,4,4,4,4,4,4,4,4,4,4,4,4,2,3,2,0,0,2,1,0,4,1,1,4,4,1,0,1,3,4,4,3,2,3,3,2,3,1,0,4,3,4,0,1,0,4,4,4,4,4,4,4,4,4,4,4,4,4,4,4,4,4,4,4,4,4,4,4,4,4,4,4,4,4,4,4,4,2,0,1,1,3,2,4,4,4,4,4,4,4,4,4,4,4,4,4,4,4,4,4,3,3,3,3,0,0,1,2,1,1,3,2,1,3,1,1,2,3,0,0,4,3,0,0,4,4,4,4,4,4,4,4,4,4,4,4,4,4,4,4,4,4,4,4,4,4,4,4,4,4,4,4,4,4,4,4,4,4,4,4,4,4,4,4,2,0,2,1,0,2,2,1,2,3,3,3,3,3,3,3,CP000243.1/4246425-4246631,0
535,2,3,0,2,0,3,2,1,3,1,0,3,3,1,1,0,3,4,1,3,4,1,3,3,0,3,2,3,3,1,2,1,1,3,3,0,4,4,4,4,4,4,4,4,4,4,4,4,4,4,4,4,4,2,3,4,4,4,4,4,4,4,4,4,4,4,4,4,4,4,4,4,4,4,4,4,4,4,4,4,4,4,4,4,4,2,1,4,1,3,1,0,3,0,0,0,1,3,1,0,4,2,2,0,0,3,2,0,1,2,1,4,0,2,0,4,2,1,1,2,3,3,4,4,4,4,3,0,1,2,2,4,4,3,2,1,3,3,4,0,4,3,1,2,3,1,1,0,4,4,1,3,2,0,4,1,0,2,0,3,2,4,3,1,2,1,4,4,4,3,3,4,0,4,3,2,1,1,4,4,4,4,4,4,4,3,4,4,4,4,4,4,4,4,4,4,4,4,4,4,4,4,4,4,4,4,4,4,4,4,4,4,4,4,4,4,4,4,4,4,4,4,4,4,4,4,4,4,4,4,4,4,4,4,4,4,4,4,4,4,1,0,3,1,0,2,0,1,0,1,1,0,4,3,2,2,0,1,0,1,0,0,1,2,3,3,2,0,4,4,4,4,4,4,4,4,4,4,4,4,4,4,4,4,4,4,4,4,4,2,3,2,0,0,2,1,0,4,1,1,4,4,1,0,1,3,4,4,3,2,3,3,2,3,1,0,4,3,4,0,1,0,4,4,4,4,4,4,4,4,4,4,4,4,4,4,4,4,4,4,4,4,4,4,4,4,4,4,4,4,4,4,4,4,2,0,1,1,3,2,4,4,4,4,4,4,4,4,4,4,4,4,4,4,4,4,4,3,3,3,3,0,0,1,2,1,1,3,2,1,1,1,1,2,3,0,0,4,2,0,0,4,4,4,4,4,4,4,4,4,4,4,4,4,4,4,4,4,4,4,4,4,4,4,4,4,4,4,4,4,4,4,4,4,4,4,4,4,4,4,4,2,0,2,1,0,2,2,1,2,3,3,3,3,3,3,3,AEJU01000105.1/213-419,0
536,2,3,0,2,0,3,2,1,3,1,0,3,3,1,1,0,3,4,1,3,4,1,3,3,0,3,2,3,3,1,2,1,1,3,3,0,4,4,4,4,4,4,4,4,4,4,4,4,4,4,4,4,4,2,3,4,4,4,4,4,4,4,4,4,4,4,4,4,4,4,4,4,4,4,4,4,4,4,4,4,4,4,4,4,4,2,1,4,1,3,1,0,3,0,0,0,1,3,1,1,4,2,2,0,0,3,2,0,1,2,1,4,0,2,0,4,2,1,1,2,3,3,4,4,4,4,3,0,1,2,2,4,4,3,2,1,3,3,4,0,4,3,1,2,3,1,1,0,4,4,1,3,2,0,4,1,0,2,0,3,2,4,3,1,2,1,4,4,4,3,3,4,0,4,3,2,1,1,4,4,4,4,4,4,4,3,4,4,4,4,4,4,4,4,4,4,4,4,4,4,4,4,4,4,4,4,4,4,4,4,4,4,4,4,4,4,4,4,4,4,4,4,4,4,4,4,4,4,4,4,4,4,4,4,4,4,4,4,4,4,1,0,3,1,0,2,0,1,0,1,1,0,4,3,2,2,0,1,0,1,0,0,1,2,3,3,2,0,4,4,4,4,4,4,4,4,4,4,4,4,4,4,4,4,4,4,4,4,4,2,3,2,0,0,2,1,0,4,1,1,4,4,1,0,1,3,4,4,3,2,3,3,2,3,1,0,4,3,4,0,1,0,4,4,4,4,4,4,4,4,4,4,4,4,4,4,4,4,4,4,4,4,4,4,4,4,4,4,4,4,4,4,4,4,2,0,1,1,3,2,4,4,4,4,4,4,4,4,4,4,4,4,4,4,4,4,4,3,3,3,3,0,0,1,2,1,1,3,2,1,3,1,1,2,3,0,0,4,3,0,0,4,4,4,4,4,4,4,4,4,4,4,4,4,4,4,4,4,4,4,4,4,4,4,4,4,4,4,4,4,4,4,4,4,4,4,4,4,4,4,4,2,0,2,1,0,2,2,1,2,3,3,3,3,3,3,3,AFAI01000049.1/586353-586559,0
537,3,1,0,2,3,3,2,1,3,1,0,3,3,1,4,0,1,4,3,3,4,3,3,3,0,3,2,0,3,0,2,3,1,1,1,2,4,4,4,4,4,4,4,4,4,4,4,4,4,4,4,4,4,4,4,1,1,2,3,0,0,0,2,1,4,4,4,4,4,4,4,4,4,4,4,4,2,2,0,0,3,0,3,2,1,2,1,4,3,3,1,0,3,0,0,2,1,1,0,1,4,1,2,0,0,3,2,0,3,2,1,4,1,3,0,0,2,0,1,4,4,4,4,4,4,4,4,4,3,2,2,4,4,3,2,1,1,3,4,0,4,3,1,2,3,1,1,0,1,1,3,0,0,0,4,1,1,2,0,3,0,4,3,3,2,3,2,4,3,2,0,4,0,4,3,2,1,0,1,4,4,4,4,4,0,3,4,4,4,4,4,4,4,4,4,4,4,4,4,4,4,4,4,4,4,4,4,4,4,4,4,4,4,4,4,4,4,4,4,4,4,4,4,4,4,4,4,4,4,4,4,4,4,4,4,4,4,4,4,4,3,0,3,1,0,4,4,0,0,1,0,3,4,1,2,2,0,1,2,0,1,0,1,2,3,3,2,0,4,4,4,4,4,4,4,4,4,4,4,4,4,4,4,4,4,4,4,4,4,2,3,2,0,2,2,1,2,4,1,1,2,4,1,1,3,0,4,4,3,2,3,1,4,4,4,4,4,4,4,4,4,4,4,4,4,4,4,4,4,4,4,4,4,4,4,4,4,4,4,4,4,4,4,4,4,4,4,4,4,4,4,4,4,4,4,4,4,4,4,4,4,4,4,4,4,4,4,4,4,4,4,4,4,4,4,4,4,4,4,4,4,4,4,4,4,4,4,4,4,4,4,4,4,4,4,4,4,4,4,4,4,1,3,0,1,3,2,3,2,0,3,2,4,4,4,4,4,4,4,4,4,4,4,4,4,4,4,4,4,0,0,3,2,2,3,3,1,0,3,1,0,4,4,4,4,4,4,4,4,4,4,4,0,3,3,3,3,AALE02000007.1/162367-162170,0
538,2,1,0,2,3,2,2,1,3,1,0,3,3,1,0,1,1,4,3,3,4,1,3,3,0,3,2,3,1,0,2,1,1,1,1,3,3,1,2,4,4,4,4,4,4,4,4,4,4,2,2,0,1,2,3,4,4,4,4,4,4,4,4,4,4,4,4,4,4,4,4,4,4,4,4,4,4,4,4,4,4,4,4,4,4,2,1,4,3,0,1,0,3,0,0,0,1,3,3,1,4,4,2,0,0,3,2,0,1,2,1,4,0,1,0,4,0,1,4,4,4,4,4,4,4,4,4,0,0,2,2,4,4,3,2,1,1,3,4,2,4,1,1,2,3,1,1,0,4,4,2,1,3,3,4,1,3,2,0,3,0,4,0,1,0,2,4,4,4,1,0,4,3,4,3,2,1,3,4,4,4,4,4,4,4,3,4,4,4,4,4,4,4,4,4,4,4,4,4,4,4,4,4,4,4,4,4,4,4,4,4,4,4,4,4,4,4,4,4,4,4,4,4,4,4,4,4,4,4,4,4,4,4,4,4,4,4,4,4,4,3,0,3,1,0,4,4,2,1,1,0,3,4,1,2,2,2,1,2,0,0,0,1,2,3,1,2,0,4,4,4,4,4,4,4,4,4,4,4,4,4,4,4,4,4,4,4,4,4,2,3,3,0,2,2,1,0,4,1,1,2,4,1,1,3,3,4,4,4,0,3,3,4,4,4,4,4,4,4,4,4,4,4,4,4,4,4,4,4,4,4,4,4,4,4,4,4,4,4,4,4,4,4,4,4,4,4,4,4,4,4,4,4,4,4,4,4,1,1,0,4,4,4,4,4,4,4,4,4,4,4,4,4,4,4,4,4,3,0,0,1,0,0,0,2,1,1,2,2,2,3,3,0,4,4,4,4,4,4,4,4,4,4,4,4,4,4,4,4,4,4,4,4,4,4,4,4,4,4,4,4,4,4,4,4,4,4,4,4,4,4,4,4,4,4,4,4,4,4,4,4,0,2,1,1,1,2,2,1,3,3,3,2,3,3,2,3,FN543502.1/2635121-2634934,0
539,0,1,0,2,3,3,2,1,3,1,0,3,3,1,0,1,1,4,3,3,4,3,3,3,0,3,2,0,3,0,2,1,1,1,1,2,4,4,4,4,4,4,4,4,4,4,4,4,4,4,4,4,4,4,4,1,0,0,3,3,0,0,2,1,4,4,4,4,4,4,4,4,4,4,4,4,2,2,0,3,2,0,3,2,1,2,1,4,3,3,1,0,3,0,0,2,1,1,3,1,4,1,2,0,0,3,2,0,3,2,1,4,1,3,0,4,4,4,0,2,0,1,4,4,4,4,4,4,3,2,2,4,4,3,2,1,1,3,4,0,4,3,1,2,3,1,1,0,1,1,3,0,0,0,4,1,1,2,0,1,0,4,3,3,2,3,2,4,3,2,0,4,0,4,0,2,1,0,1,4,4,4,4,4,0,3,4,4,4,4,4,4,4,4,4,4,4,4,4,4,4,4,4,4,4,4,4,4,4,4,4,4,4,4,4,4,4,4,4,4,4,4,4,4,4,4,4,4,4,4,4,4,4,4,4,4,4,4,4,4,3,0,3,1,0,4,4,0,0,1,0,3,4,1,2,2,0,1,2,0,1,0,1,2,3,3,2,0,4,4,4,4,4,4,4,4,4,4,4,4,4,4,4,4,4,4,4,4,4,2,3,2,0,2,2,1,0,4,1,1,2,4,1,1,3,0,4,4,3,2,3,1,4,4,4,4,4,4,4,4,4,4,4,4,4,4,4,4,4,4,4,4,4,4,4,4,4,4,4,4,4,4,4,4,4,4,4,4,4,4,4,4,4,4,4,4,4,1,3,2,4,4,4,4,4,4,4,4,4,4,4,4,4,4,4,4,4,1,3,2,3,2,0,3,2,0,0,3,4,4,4,4,4,4,4,4,4,4,4,4,4,4,4,4,4,4,4,4,4,4,4,4,4,4,4,4,4,4,4,4,4,4,4,4,4,4,4,4,4,4,4,4,4,4,4,4,4,4,4,4,3,4,4,4,4,0,3,3,1,0,3,1,0,0,3,3,3,CP000305.1/1387988-1388185,0
540,2,3,0,2,0,3,2,1,3,1,0,3,3,1,1,0,3,4,1,3,4,1,3,3,0,3,2,3,3,1,2,1,1,3,3,0,4,4,4,4,4,4,4,4,4,4,4,4,4,4,4,4,4,2,3,4,4,4,4,4,4,4,4,4,4,4,4,4,4,4,4,4,4,4,4,4,4,4,4,4,4,4,4,4,4,2,1,4,1,3,1,0,3,0,0,0,1,3,1,1,4,2,2,0,0,3,2,0,1,2,1,4,0,2,0,4,2,1,1,2,3,3,4,4,4,4,3,0,1,2,2,4,4,3,2,1,3,3,4,0,4,3,1,2,3,1,1,0,4,4,1,3,2,0,4,1,0,2,0,3,2,4,3,1,2,1,4,4,4,3,3,4,0,4,3,2,1,1,4,4,4,4,4,4,4,3,4,4,4,4,4,4,4,4,4,4,4,4,4,4,4,4,4,4,4,4,4,4,4,4,4,4,4,4,4,4,4,4,4,4,4,4,4,4,4,4,4,4,4,4,4,4,4,4,4,4,4,4,4,4,1,0,3,1,0,2,0,1,0,1,1,0,4,3,2,2,0,1,0,1,0,0,1,2,3,3,2,0,4,4,4,4,4,4,4,4,4,4,4,4,4,4,4,4,4,4,4,4,4,2,3,2,0,0,2,1,0,4,1,1,4,4,1,0,1,3,4,4,3,2,3,3,2,3,1,0,4,3,4,0,1,0,4,4,4,4,4,4,4,4,4,4,4,4,4,4,4,4,4,4,4,4,4,4,4,4,4,4,4,4,4,4,4,4,2,0,1,1,3,2,4,4,4,4,4,4,4,4,4,4,4,4,4,4,4,4,4,3,3,3,3,0,0,1,2,1,1,3,2,1,3,1,1,2,3,0,0,4,3,0,0,4,4,4,4,4,4,4,4,4,4,4,4,4,4,4,4,4,4,4,4,4,4,4,4,4,4,4,4,4,4,4,4,4,4,4,4,4,4,4,4,2,0,2,1,0,2,2,1,2,3,3,3,3,3,3,3,AEDF01000019.1/50363-50157,0
541,2,1,0,2,3,2,2,1,3,1,0,3,3,1,0,1,1,4,2,0,4,1,3,3,0,3,2,3,1,0,2,1,1,1,1,3,3,1,2,4,4,4,4,4,4,4,4,4,4,2,2,0,3,2,3,4,4,4,4,4,4,4,4,4,4,4,4,4,4,4,4,4,4,4,4,4,4,4,4,4,4,4,4,4,4,2,1,4,3,0,1,0,3,0,0,0,0,3,3,1,4,4,2,0,0,3,2,0,1,2,1,4,0,1,0,4,0,1,4,4,4,4,4,4,4,4,4,0,0,2,2,4,4,3,2,1,1,3,4,2,4,1,1,2,3,1,1,0,4,4,0,1,3,3,4,1,3,2,0,3,0,4,3,1,0,2,1,4,2,3,0,4,4,4,4,2,1,3,4,4,4,4,4,4,4,0,4,4,4,4,4,4,4,4,4,4,4,4,4,4,4,4,4,4,4,4,4,4,4,4,4,4,4,4,4,4,4,4,4,4,4,4,4,4,4,4,4,4,4,4,4,4,4,4,4,4,4,4,4,4,3,0,3,1,0,4,4,0,1,1,0,3,4,1,2,2,2,1,2,0,0,0,1,2,3,1,2,0,4,4,4,4,4,4,4,4,4,4,4,4,4,4,4,4,4,4,4,4,4,2,3,3,0,2,2,1,0,4,1,1,2,4,1,1,3,3,4,4,4,0,3,3,4,4,4,4,4,4,4,4,4,4,4,4,4,4,4,4,4,4,4,4,4,4,4,4,4,4,4,4,4,4,4,4,4,4,4,4,4,4,4,4,4,4,4,4,4,1,1,0,4,4,4,4,4,4,4,4,4,4,4,4,4,4,4,4,4,3,0,0,1,0,0,0,2,1,1,2,2,2,4,4,3,0,0,3,4,4,4,4,3,4,4,4,4,4,4,4,4,4,4,4,4,4,4,4,4,4,4,4,4,4,4,4,4,4,4,4,4,4,4,4,4,4,4,4,4,4,4,4,4,4,4,1,1,1,2,2,1,3,3,3,2,3,3,2,3,ADUN01000062.1/152713-152526,0
542,2,3,0,2,0,3,2,1,3,1,0,3,3,1,1,0,3,4,1,3,4,1,3,3,0,3,2,3,3,1,2,1,1,3,3,0,4,4,4,4,4,4,4,4,4,4,4,4,4,4,4,4,4,2,3,4,4,4,4,4,4,4,4,4,4,4,4,4,4,4,4,4,4,4,4,4,4,4,4,4,4,4,4,4,4,2,1,4,1,3,1,0,3,0,0,0,1,3,1,1,4,2,2,0,0,3,2,0,1,2,1,4,0,2,0,4,2,1,1,2,3,3,4,4,4,4,3,0,1,2,2,4,4,3,2,1,3,3,4,0,4,3,1,2,3,1,1,0,4,4,1,3,2,0,4,1,0,2,0,3,2,4,3,1,2,1,4,4,4,3,3,4,0,4,3,2,1,1,4,4,4,4,4,4,4,3,4,4,4,4,4,4,4,4,4,4,4,4,4,4,4,4,4,4,4,4,4,4,4,4,4,4,4,4,4,4,4,4,4,4,4,4,4,4,4,4,4,4,4,4,4,4,4,4,4,4,4,4,4,4,1,0,3,1,0,2,0,1,0,1,1,0,4,3,2,2,0,1,0,1,0,0,1,2,3,3,2,0,4,4,4,4,4,4,4,4,4,4,4,4,4,4,4,4,4,4,4,4,4,2,3,2,0,0,2,1,0,4,1,1,4,4,1,0,1,3,4,4,3,2,3,3,2,3,1,0,4,3,4,0,1,0,4,4,4,4,4,4,4,4,4,4,4,4,4,4,4,4,4,4,4,4,4,4,4,4,4,4,4,4,4,4,4,4,2,0,1,1,3,2,4,4,4,4,4,4,4,4,4,4,4,4,4,4,4,4,4,3,3,3,3,0,0,1,2,1,1,3,2,1,3,1,1,2,3,0,0,4,3,0,0,4,4,4,4,4,4,4,4,4,4,4,4,4,4,4,4,4,4,4,4,4,4,4,4,4,4,4,4,4,4,4,4,4,4,4,4,4,4,4,4,2,0,2,1,0,2,2,1,2,3,3,3,3,3,3,3,AFUZ01000025.1/38242-38448,0
543,2,3,0,2,0,3,2,1,3,1,0,3,1,1,1,0,1,4,3,3,4,0,3,3,0,3,2,0,1,0,2,1,3,3,2,2,1,1,0,3,3,0,0,4,4,2,2,1,3,0,0,3,3,3,0,4,4,4,4,4,4,4,4,4,4,4,4,4,4,4,4,4,4,4,4,4,4,4,4,4,4,4,4,4,4,2,1,4,3,3,1,0,3,0,0,0,1,1,1,0,4,2,2,2,0,3,2,0,1,2,1,4,0,2,0,4,2,1,1,2,0,3,4,4,3,3,3,0,2,0,2,4,4,3,2,1,1,3,4,0,4,3,3,2,3,1,1,0,4,3,2,3,0,0,4,1,1,2,0,3,2,4,3,3,2,0,2,4,3,0,0,4,3,4,2,3,4,4,4,4,4,4,4,4,4,4,4,4,4,4,4,4,4,4,4,4,4,4,4,4,4,4,4,4,4,4,4,4,4,4,4,4,4,4,4,4,4,4,4,4,4,4,4,4,4,4,4,4,4,4,4,4,4,4,4,4,4,4,4,4,1,0,3,1,0,4,4,1,0,3,0,1,4,1,2,2,2,1,0,3,0,0,1,2,3,3,2,0,4,4,4,4,4,4,4,4,4,4,4,4,4,4,4,4,4,4,4,4,4,2,3,2,0,2,2,1,0,4,1,3,2,4,0,3,0,3,4,4,3,2,3,3,2,3,1,3,4,0,4,3,1,4,4,4,4,4,4,4,4,4,4,4,4,4,4,4,4,4,4,4,4,4,4,4,4,4,4,4,4,4,4,4,4,4,2,0,1,1,3,2,0,0,4,4,4,4,4,4,4,4,4,4,4,4,0,0,3,3,3,3,0,2,0,1,0,1,3,3,2,1,1,1,3,3,3,3,4,4,4,4,4,4,4,4,4,4,4,4,4,4,4,4,4,4,4,4,4,4,4,4,4,4,4,4,4,4,4,4,4,4,4,4,4,4,4,4,4,4,4,4,4,1,2,2,1,0,0,2,3,2,3,3,3,3,3,3,3,CP001585.1/4311569-4311347,0
544,2,3,4,4,4,2,2,1,3,1,0,3,3,1,0,1,1,4,2,0,4,1,3,3,0,3,2,3,1,0,2,1,1,1,1,3,3,1,2,4,4,4,4,4,4,4,4,4,4,2,2,0,1,2,3,4,4,4,4,4,4,4,4,4,4,4,4,4,4,4,4,4,4,4,4,4,4,4,4,4,4,4,4,4,4,2,1,4,3,0,1,0,3,0,0,0,0,3,0,1,4,4,2,0,0,3,2,0,1,2,1,4,4,4,4,4,0,1,0,0,4,4,4,4,4,4,1,0,0,2,2,4,4,3,2,1,1,3,4,2,4,1,1,2,3,1,1,0,4,4,0,1,3,3,4,1,3,2,0,3,0,4,3,1,0,2,1,4,2,3,0,4,4,4,4,2,1,3,4,4,4,4,4,4,4,0,4,4,4,4,4,4,4,4,4,4,4,4,4,4,4,4,4,4,4,4,4,4,4,4,4,4,4,4,4,4,4,4,4,4,4,4,4,4,4,4,4,4,4,4,4,4,4,4,4,4,4,4,4,4,3,0,3,1,0,4,4,0,1,1,0,3,4,1,2,2,2,1,2,0,0,0,1,2,3,1,2,0,4,4,4,4,4,4,4,4,4,4,4,4,4,4,4,4,4,4,4,4,4,2,3,3,0,2,2,1,0,4,1,1,2,4,1,1,3,3,4,4,4,0,3,3,4,4,4,4,4,4,4,4,4,4,4,4,4,4,4,4,4,4,4,4,4,4,4,4,4,4,4,4,4,4,4,4,4,4,4,4,4,4,4,4,4,4,4,4,4,1,1,0,4,4,4,4,4,4,4,4,4,4,4,4,4,4,4,4,4,3,0,0,1,0,0,0,2,1,1,2,2,2,4,4,3,0,0,3,4,4,4,4,3,4,4,4,4,4,4,4,4,4,4,4,4,4,4,4,4,4,4,4,4,4,4,4,4,4,4,4,4,4,4,4,4,4,4,4,4,4,4,4,4,4,4,1,1,1,2,2,1,3,3,3,2,3,3,2,3,AFDX01000027.1/588349-588165,0
545,2,1,0,2,3,2,2,1,3,1,0,3,3,1,0,1,1,4,2,0,4,1,3,3,0,3,2,3,1,0,2,1,1,1,1,3,3,1,2,4,4,4,4,4,4,4,4,4,4,2,2,0,1,2,3,4,4,4,4,4,4,4,4,4,4,4,4,4,4,4,4,4,4,4,4,4,4,4,4,4,4,4,4,4,4,2,1,4,3,0,1,0,3,0,0,0,0,3,3,1,4,4,2,0,0,3,2,0,1,2,1,4,0,1,0,4,0,1,4,4,4,4,4,4,4,4,4,0,0,2,2,4,4,3,2,1,1,3,4,2,4,1,1,2,3,1,1,0,4,4,0,1,3,3,4,1,3,2,0,3,0,4,3,1,0,2,1,4,2,3,0,4,4,4,4,2,1,3,4,4,4,4,4,4,4,0,4,4,4,4,4,4,4,4,4,4,4,4,4,4,4,4,4,4,4,4,4,4,4,4,4,4,4,4,4,4,4,4,4,4,4,4,4,4,4,4,4,4,4,4,4,4,4,4,4,4,4,4,4,4,3,0,3,1,0,4,4,0,1,1,0,3,4,1,2,2,2,1,2,0,0,0,1,2,3,1,2,0,4,4,4,4,4,4,4,4,4,4,4,4,4,4,4,4,4,4,4,4,4,2,3,3,0,2,2,1,0,4,1,1,2,4,1,1,4,3,4,4,3,0,3,3,4,4,4,4,4,4,4,4,4,4,4,4,4,4,4,4,4,4,4,4,4,4,4,4,4,4,4,4,4,4,4,4,4,4,4,4,4,4,4,4,4,4,4,4,4,1,1,2,4,4,4,4,4,4,4,4,4,4,4,4,4,4,4,4,4,3,0,0,1,0,0,0,2,1,1,2,2,2,4,4,3,0,0,3,4,4,4,4,3,4,4,4,4,4,4,4,4,4,4,4,4,4,4,4,4,4,4,4,4,4,4,4,4,4,4,4,4,4,4,4,4,4,4,4,4,4,4,4,4,4,4,1,1,1,2,2,1,3,3,3,2,3,3,2,3,FM180568.1/2920987-2920800,0
546,2,1,0,2,3,2,2,1,3,1,0,3,3,1,0,1,1,4,2,0,4,1,3,3,0,3,2,3,1,0,2,1,1,1,1,3,3,1,2,4,4,4,4,4,4,4,4,4,4,2,2,0,1,2,3,4,4,4,4,4,4,4,4,4,4,4,4,4,4,4,4,4,4,4,4,4,4,4,4,4,4,4,4,4,4,2,1,4,3,0,1,0,3,0,0,0,0,3,3,1,4,4,2,0,0,3,2,0,1,2,1,4,0,1,0,4,0,1,4,4,4,4,4,4,4,4,4,0,0,2,2,4,4,3,2,1,1,3,4,2,4,1,1,2,3,1,1,0,4,4,0,1,3,3,4,1,3,2,0,3,0,4,3,1,0,2,1,4,2,3,0,4,4,4,4,2,1,3,4,4,4,4,4,4,4,0,4,4,4,4,4,4,4,4,4,4,4,4,4,4,4,4,4,4,4,4,4,4,4,4,4,4,4,4,4,4,4,4,4,4,4,4,4,4,4,4,4,4,4,4,4,4,4,4,4,4,4,4,4,4,3,0,3,1,0,4,4,0,1,1,0,3,4,1,2,2,2,1,2,0,0,0,1,2,3,1,2,0,4,4,4,4,4,4,4,4,4,4,4,4,4,4,4,4,4,4,4,4,4,2,3,3,0,2,2,1,0,4,1,1,2,4,1,1,3,3,4,4,4,0,3,3,4,4,4,4,4,4,4,4,4,4,4,4,4,4,4,4,4,4,4,4,4,4,4,4,4,4,4,4,4,4,4,4,4,4,4,4,4,4,4,4,4,4,4,4,4,1,1,0,4,4,4,4,4,4,4,4,4,4,4,4,4,4,4,4,4,3,0,0,1,0,0,0,2,1,1,2,2,2,4,4,3,0,0,3,4,4,4,4,3,4,4,4,4,4,4,4,4,4,4,4,4,4,4,4,4,4,4,4,4,4,4,4,4,4,4,4,4,4,4,4,4,4,4,4,4,4,4,4,4,4,4,1,1,1,2,2,1,3,3,3,2,3,3,2,3,ACAC01000062.1/109317-109130,0
547,2,1,0,2,3,2,2,1,3,1,0,3,3,1,0,1,1,4,2,0,4,1,3,3,0,3,2,3,1,0,2,1,1,1,1,3,3,1,2,4,4,4,4,4,4,4,4,4,4,2,2,0,1,2,3,4,4,4,4,4,4,4,4,4,4,4,4,4,4,4,4,4,4,4,4,4,4,4,4,4,4,4,4,4,4,2,1,4,3,0,1,0,3,0,0,0,0,3,3,1,4,4,2,0,0,3,2,0,1,2,1,4,0,1,0,4,0,1,4,4,4,4,4,4,4,4,4,0,0,2,2,4,4,3,2,1,1,3,4,2,4,1,1,2,3,1,1,0,4,4,0,1,3,3,4,1,3,2,0,3,0,4,3,1,0,2,1,4,2,3,0,4,4,4,4,2,1,3,4,4,4,4,4,4,4,0,4,4,4,4,4,4,4,4,4,4,4,4,4,4,4,4,4,4,4,4,4,4,4,4,4,4,4,4,4,4,4,4,4,4,4,4,4,4,4,4,4,4,4,4,4,4,4,4,4,4,4,4,4,4,3,0,3,1,0,4,4,0,1,1,0,3,4,1,2,2,2,1,2,0,0,0,1,2,3,1,2,0,4,4,4,4,4,4,4,4,4,4,4,4,4,4,4,4,4,4,4,4,4,2,3,3,0,2,2,1,0,4,1,1,2,4,1,1,3,3,4,4,4,0,3,3,4,4,4,4,4,4,4,4,4,4,4,4,4,4,4,4,4,4,4,4,4,4,4,4,4,4,4,4,4,4,4,4,4,4,4,4,4,4,4,4,4,4,4,4,4,1,1,0,4,4,4,4,4,4,4,4,4,4,4,4,4,4,4,4,4,3,0,0,1,0,0,0,2,1,1,2,2,2,4,4,3,0,0,3,4,4,4,4,3,4,4,4,4,4,4,4,4,4,4,4,4,4,4,4,4,4,4,4,4,4,4,4,4,4,4,4,4,4,4,4,4,4,4,4,4,4,4,4,4,4,4,1,1,1,2,2,1,3,3,3,2,3,3,2,3,AGTJ01000028.1/158211-158024,0
548,2,1,0,2,3,3,2,1,3,1,0,3,3,1,0,0,3,4,3,3,4,3,3,3,0,3,2,3,1,2,2,1,1,1,2,1,0,0,3,0,3,2,2,4,4,4,1,2,2,0,0,0,1,0,3,4,4,4,4,4,4,4,4,4,4,4,4,4,4,4,4,4,4,4,4,4,4,4,4,4,4,4,4,4,4,2,1,4,1,0,1,0,3,0,0,2,1,1,1,2,4,2,2,0,0,3,2,0,3,2,1,1,0,2,0,4,2,3,4,4,4,4,4,4,4,4,4,0,0,2,2,4,4,3,2,1,1,3,4,0,4,1,1,2,3,1,1,2,3,3,0,0,3,0,4,1,1,2,0,3,0,4,0,1,3,2,1,4,2,1,4,4,0,4,0,2,1,3,4,4,4,4,4,4,4,3,4,4,4,4,4,4,4,4,4,4,4,4,4,4,4,4,4,4,4,4,4,4,4,4,4,4,4,4,4,4,4,4,4,4,4,4,4,4,4,4,4,4,4,4,4,4,4,4,4,4,4,4,4,4,3,0,3,1,0,4,4,2,0,1,0,1,4,0,2,2,2,1,2,0,1,0,1,2,3,3,2,0,4,4,4,4,4,4,4,4,4,4,4,4,4,4,4,4,4,4,4,4,4,2,3,2,0,2,2,1,0,4,1,1,4,4,0,1,1,3,4,4,3,0,3,1,4,4,4,4,4,4,4,3,1,0,4,4,4,4,4,4,4,4,4,4,4,4,4,4,4,4,4,4,4,4,4,4,4,4,4,4,4,4,4,4,4,4,4,4,4,1,3,4,4,4,4,4,4,4,4,4,4,4,4,4,4,4,4,4,4,4,4,4,4,2,0,1,2,2,0,1,2,4,1,0,2,2,0,0,4,4,4,4,1,4,4,4,4,4,4,4,4,4,4,4,4,4,4,4,4,4,4,4,4,4,4,4,4,4,4,4,4,4,4,4,4,4,4,4,4,4,4,4,4,3,2,3,1,2,3,1,1,2,3,1,3,1,0,3,3,CACX01002073.1/1192967-1192767,0
549,2,3,0,2,0,3,2,1,3,1,0,3,3,1,3,0,3,4,1,3,4,1,3,3,0,3,2,3,3,1,2,1,1,3,3,0,4,4,4,4,4,4,4,4,4,4,4,4,4,4,4,4,4,2,3,4,4,4,4,4,4,4,4,4,4,4,4,4,4,4,4,4,4,4,4,4,4,4,4,4,4,4,4,4,4,2,1,4,1,3,1,0,3,0,0,0,1,3,1,1,4,2,2,0,0,3,2,0,1,2,1,4,0,2,0,4,2,1,1,2,3,3,4,4,4,4,3,0,1,2,2,4,4,3,2,1,3,3,4,0,4,3,1,2,3,1,1,0,4,4,1,3,2,0,4,1,0,2,0,3,2,4,3,1,2,1,4,4,4,3,3,4,0,4,3,2,1,1,4,4,4,4,4,4,4,3,4,4,4,4,4,4,4,4,4,4,4,4,4,4,4,4,4,4,4,4,4,4,4,4,4,4,4,4,4,4,4,4,4,4,4,4,4,4,4,4,4,4,4,4,4,4,4,4,4,4,4,4,4,4,1,0,3,1,0,2,0,1,0,1,1,0,4,3,2,2,0,1,0,1,0,0,1,2,3,3,2,0,4,4,4,4,4,4,4,4,4,4,4,4,4,4,4,4,4,4,4,4,4,2,3,2,0,0,2,1,0,4,1,1,4,4,1,0,1,3,4,4,3,2,3,3,2,3,1,0,4,3,4,0,1,0,4,4,4,4,4,4,4,4,4,4,4,4,4,4,4,4,4,4,4,4,4,4,4,4,4,4,4,4,4,4,4,4,2,0,1,1,3,2,4,4,4,4,4,4,4,4,4,4,4,4,4,4,4,4,4,3,3,3,3,0,0,1,2,1,1,3,2,1,3,1,1,2,3,0,0,4,3,0,0,4,4,4,4,4,4,4,4,4,4,4,4,4,4,4,4,4,4,4,4,4,4,4,4,4,4,4,4,4,4,4,4,4,4,4,4,4,4,4,4,2,0,2,1,0,2,2,1,2,3,3,3,3,3,3,3,CU928164.2/3094769-3094563,0
550,2,3,0,2,0,3,2,1,3,1,0,3,3,1,1,0,3,4,1,3,4,1,3,3,0,3,2,3,3,1,2,1,1,3,3,0,4,4,4,4,4,4,4,4,4,4,4,4,4,4,4,4,4,2,3,4,4,4,4,4,4,4,4,4,4,4,4,4,4,4,4,4,4,4,4,4,4,4,4,4,4,4,4,4,4,2,1,4,1,3,1,0,3,0,0,0,1,3,1,1,4,2,2,0,0,3,2,0,1,2,1,4,0,2,0,4,2,1,1,2,3,3,4,4,4,4,3,0,1,2,2,4,4,3,2,1,3,3,4,0,4,3,1,2,3,1,1,0,4,4,1,3,2,0,4,1,0,2,0,3,2,4,3,1,2,1,4,4,4,3,3,4,0,4,3,2,1,1,4,4,4,4,4,4,4,3,4,4,4,4,4,4,4,4,4,4,4,4,4,4,4,4,4,4,4,4,4,4,4,4,4,4,4,4,4,4,4,4,4,4,4,4,4,4,4,4,4,4,4,4,4,4,4,4,4,4,4,4,4,4,1,0,3,1,0,2,0,1,0,1,1,0,4,3,2,2,0,1,0,1,0,0,1,2,3,3,2,0,4,4,4,4,4,4,4,4,4,4,4,4,4,4,4,4,4,4,4,4,4,2,3,2,0,0,2,1,0,4,1,1,4,4,1,0,1,3,4,4,3,2,3,3,2,3,1,0,4,3,4,0,1,0,4,4,4,4,4,4,4,4,4,4,4,4,4,4,4,4,4,4,4,4,4,4,4,4,4,4,4,4,4,4,4,4,2,0,1,1,3,2,4,4,4,4,4,4,4,4,4,4,4,4,4,4,4,4,4,3,3,3,3,0,0,1,2,1,1,3,2,1,3,1,1,2,3,0,0,4,3,0,0,4,4,4,4,4,4,4,4,4,4,4,4,4,4,4,4,4,4,4,4,4,4,4,4,4,4,4,4,4,4,4,4,4,4,4,4,4,4,4,4,2,0,2,1,0,2,2,1,2,3,3,3,3,3,3,3,AP012030.1/3965537-3965743,0
551,2,3,0,2,0,3,2,1,3,1,0,3,3,1,1,0,3,4,1,3,4,1,3,3,0,3,2,3,3,1,2,1,1,3,3,0,4,4,4,4,4,4,4,4,4,4,4,4,4,4,4,4,4,2,3,4,4,4,4,4,4,4,4,4,4,4,4,4,4,4,4,4,4,4,4,4,4,4,4,4,4,4,4,4,4,2,1,4,1,3,1,0,3,0,0,0,1,3,1,1,4,2,2,0,0,3,2,0,1,2,1,4,0,2,0,4,2,1,1,2,3,3,4,4,4,4,3,0,1,2,2,4,4,3,2,1,3,3,4,0,4,3,1,2,3,1,1,0,4,4,1,3,2,0,4,1,0,2,0,3,2,4,3,1,2,1,4,4,4,3,3,4,0,4,3,2,1,1,4,4,4,4,4,4,4,3,4,4,4,4,4,4,4,4,4,4,4,4,4,4,4,4,4,4,4,4,4,4,4,4,4,4,4,4,4,4,4,4,4,4,4,4,4,4,4,4,4,4,4,4,4,4,4,4,4,4,4,4,4,4,1,0,3,1,0,2,0,1,0,1,1,0,4,3,2,2,0,1,0,1,0,0,1,2,3,3,2,0,4,4,4,4,4,4,4,4,4,4,4,4,4,4,4,4,4,4,4,4,4,2,3,2,0,0,2,1,0,4,1,1,4,4,4,1,0,1,4,4,3,2,3,3,2,3,1,0,4,3,4,0,1,0,4,4,4,4,4,4,4,4,4,4,4,4,4,4,4,4,4,4,4,4,4,4,4,4,4,4,4,4,4,4,4,4,2,0,1,1,3,2,4,4,4,4,4,4,4,4,4,4,4,4,4,4,4,4,4,3,3,3,3,0,0,1,2,1,1,3,2,1,3,1,1,2,3,0,0,4,3,0,0,4,4,4,4,4,4,4,4,4,4,4,4,4,4,4,4,4,4,4,4,4,4,4,4,4,4,4,4,4,4,4,4,4,4,4,4,4,4,4,4,2,0,2,1,0,2,2,1,2,3,3,3,3,3,3,3,ADUU01000045.1/14928-15133,0
552,2,3,4,4,4,2,2,1,3,1,0,3,3,1,0,1,1,4,2,0,4,1,3,3,0,3,2,3,1,0,2,1,1,1,1,3,3,1,2,4,4,4,4,4,4,4,4,4,4,2,2,0,1,2,3,4,4,4,4,4,4,4,4,4,4,4,4,4,4,4,4,4,4,4,4,4,4,4,4,4,4,4,4,4,4,2,1,4,3,0,1,0,3,0,0,0,0,3,0,1,4,4,2,0,0,3,2,0,1,2,1,4,4,4,4,4,0,1,0,0,4,4,4,4,4,4,1,0,0,2,2,4,4,3,2,1,1,3,4,2,4,1,1,2,3,1,1,0,4,4,0,1,3,3,4,1,3,2,0,3,0,4,3,1,0,2,1,4,2,3,0,4,4,4,4,2,1,3,4,4,4,4,4,4,4,0,4,4,4,4,4,4,4,4,4,4,4,4,4,4,4,4,4,4,4,4,4,4,4,4,4,4,4,4,4,4,4,4,4,4,4,4,4,4,4,4,4,4,4,4,4,4,4,4,4,4,4,4,4,4,3,0,3,1,0,4,4,0,1,1,0,3,4,1,2,2,2,1,2,0,0,0,1,2,3,1,2,0,4,4,4,4,4,4,4,4,4,4,4,4,4,4,4,4,4,4,4,4,4,2,3,3,0,2,2,1,0,4,1,1,2,4,1,1,3,3,4,4,4,0,3,3,4,4,4,4,4,4,4,4,4,4,4,4,4,4,4,4,4,4,4,4,4,4,4,4,4,4,4,4,4,4,4,4,4,4,4,4,4,4,4,4,4,4,4,4,4,1,1,0,4,4,4,4,4,4,4,4,4,4,4,4,4,4,4,4,4,3,0,0,1,0,0,0,2,1,1,2,2,2,4,4,3,0,0,3,4,4,4,4,3,4,4,4,4,4,4,4,4,4,4,4,4,4,4,4,4,4,4,4,4,4,4,4,4,4,4,4,4,4,4,4,4,4,4,4,4,4,4,4,4,4,4,1,1,1,2,2,1,3,3,3,2,3,3,2,3,AFAE01000036.1/71005-71189,0
553,4,4,4,4,4,3,2,1,3,1,0,3,3,1,0,0,1,4,3,2,4,2,3,3,0,3,2,0,3,2,1,0,1,0,2,2,3,0,2,4,4,4,4,4,4,4,4,4,4,3,3,3,3,0,0,4,4,4,4,4,4,4,4,4,4,4,4,4,4,4,4,4,4,4,4,4,4,4,4,4,4,4,4,4,4,3,2,4,1,3,1,0,3,0,0,1,0,1,1,1,4,2,2,0,0,3,2,0,3,2,1,4,4,4,4,4,1,0,1,0,0,2,4,4,4,0,3,0,0,2,2,4,4,3,2,1,1,3,4,0,4,3,1,2,3,1,1,0,0,1,0,3,1,0,4,3,3,2,0,3,0,4,0,1,3,2,1,4,1,3,2,4,1,2,2,2,1,3,4,4,4,4,4,4,4,3,4,4,4,4,4,4,4,4,4,4,4,4,4,4,4,4,4,4,4,4,4,4,4,4,4,4,4,4,4,4,4,4,4,4,4,4,4,4,4,4,4,4,4,4,4,4,4,4,4,4,4,4,4,4,3,0,3,1,2,4,4,1,0,1,0,3,4,1,2,2,2,1,2,0,1,0,1,2,3,3,2,0,4,4,4,4,4,4,4,4,4,4,4,4,4,4,4,4,4,4,4,4,4,2,3,2,0,2,2,1,0,4,1,1,2,4,1,1,3,0,4,4,4,4,3,3,4,4,4,4,4,4,4,4,4,4,4,4,4,4,4,4,4,4,4,4,4,4,4,4,4,4,4,4,4,4,4,4,4,4,4,4,4,4,4,4,4,4,4,4,4,1,0,2,4,4,4,4,4,4,4,4,4,4,4,4,4,4,4,4,4,0,2,0,1,1,1,2,2,3,1,0,2,0,1,0,0,3,3,0,4,4,4,4,3,4,4,4,4,4,4,4,4,4,4,4,4,4,4,4,4,4,4,4,4,4,4,4,4,4,4,4,4,4,4,4,4,4,4,4,4,4,4,4,4,3,2,3,2,3,2,0,1,1,2,2,2,3,3,3,3,CP001655.1/1250976-1251170,0
554,2,3,4,4,4,2,2,1,3,1,0,3,3,1,0,1,1,4,2,0,4,1,3,3,0,3,2,3,1,0,2,1,1,1,1,3,3,1,2,4,4,4,4,4,4,4,4,4,4,2,2,0,1,2,3,4,4,4,4,4,4,4,4,4,4,4,4,4,4,4,4,4,4,4,4,4,4,4,4,4,4,4,4,4,4,2,1,4,3,0,1,0,3,0,0,0,0,3,3,1,4,4,2,0,0,3,2,0,1,2,1,4,4,4,4,4,0,1,0,0,4,4,4,4,4,4,1,0,0,2,2,4,4,3,2,1,1,3,4,2,4,1,1,2,3,1,1,0,4,4,0,1,3,3,4,1,3,2,0,3,0,4,3,1,0,2,1,4,2,3,0,4,4,4,4,2,1,3,4,4,4,4,4,4,4,0,4,4,4,4,4,4,4,4,4,4,4,4,4,4,4,4,4,4,4,4,4,4,4,4,4,4,4,4,4,4,4,4,4,4,4,4,4,4,4,4,4,4,4,4,4,4,4,4,4,4,4,4,4,4,3,0,3,1,0,4,4,0,1,1,0,3,4,1,2,2,2,1,2,0,0,0,1,2,3,1,2,0,4,4,4,4,4,4,4,4,4,4,4,4,4,4,4,4,4,4,4,4,4,2,3,3,0,2,2,1,0,4,1,1,2,4,1,1,3,3,4,4,4,0,3,3,4,4,4,4,4,4,4,4,4,4,4,4,4,4,4,4,4,4,4,4,4,4,4,4,4,4,4,4,4,4,4,4,4,4,4,4,4,4,4,4,4,4,4,4,4,1,1,0,4,4,4,4,4,4,4,4,4,4,4,4,4,4,4,4,4,3,0,0,1,0,0,0,2,1,1,2,2,2,4,4,3,0,0,3,4,4,4,4,3,4,4,4,4,4,4,4,4,4,4,4,4,4,4,4,4,4,4,4,4,4,4,4,4,4,4,4,4,4,4,4,4,4,4,4,4,4,4,4,4,4,4,1,1,1,2,2,1,3,3,3,2,3,3,2,3,AETY01000055.1/162010-161826,0
555,2,3,4,4,4,2,2,1,3,1,0,3,3,1,0,1,1,4,2,0,4,1,3,3,0,3,2,3,1,0,2,1,1,1,1,3,3,1,2,4,4,4,4,4,4,4,4,4,4,2,2,0,1,2,3,4,4,4,4,4,4,4,4,4,4,4,4,4,4,4,4,4,4,4,4,4,4,4,4,4,4,4,4,4,4,2,1,4,3,0,1,0,3,0,0,0,0,3,0,1,4,4,2,0,0,3,2,0,1,2,1,4,4,4,4,4,0,1,0,0,4,4,4,4,4,4,1,0,0,2,2,4,4,3,2,1,1,3,4,2,4,1,1,2,3,1,1,0,4,4,0,1,3,3,4,1,3,2,0,3,0,4,3,1,0,2,1,4,2,3,0,4,4,4,4,2,1,3,4,4,4,4,4,4,4,0,4,4,4,4,4,4,4,4,4,4,4,4,4,4,4,4,4,4,4,4,4,4,4,4,4,4,4,4,4,4,4,4,4,4,4,4,4,4,4,4,4,4,4,4,4,4,4,4,4,4,4,4,4,4,3,0,3,1,0,4,4,0,1,1,0,3,4,1,2,2,2,1,2,0,0,0,1,2,3,1,2,0,4,4,4,4,4,4,4,4,4,4,4,4,4,4,4,4,4,4,4,4,4,2,3,3,0,2,2,1,0,4,1,1,2,4,1,1,3,3,4,4,4,0,3,3,4,4,4,4,4,4,4,4,4,4,4,4,4,4,4,4,4,4,4,4,4,4,4,4,4,4,4,4,4,4,4,4,4,4,4,4,4,4,4,4,4,4,4,4,4,1,1,0,4,4,4,4,4,4,4,4,4,4,4,4,4,4,4,4,4,3,0,0,1,0,0,0,2,1,1,2,2,2,4,4,3,0,0,3,4,4,4,4,3,4,4,4,4,4,4,4,4,4,4,4,4,4,4,4,4,4,4,4,4,4,4,4,4,4,4,4,4,4,4,4,4,4,4,4,4,4,4,4,4,4,4,1,1,1,2,2,1,3,3,3,2,3,3,2,3,AFFZ01000073.1/181703-181519,0
556,4,4,4,4,4,4,4,4,4,4,4,4,4,4,4,4,4,4,4,4,4,4,4,4,4,4,4,4,4,4,4,4,4,4,4,4,4,4,4,4,4,4,4,4,4,4,4,4,4,4,4,4,4,4,4,4,4,4,4,4,4,4,4,4,4,4,4,4,4,4,4,4,4,4,4,4,4,4,4,4,4,4,4,4,4,4,4,4,4,4,4,4,4,4,4,4,4,4,4,4,4,4,4,4,4,4,4,4,4,4,4,4,4,4,4,4,4,4,4,4,4,4,4,4,4,4,4,4,4,4,4,4,4,4,4,4,4,4,4,4,4,4,4,4,4,4,4,4,4,4,4,4,4,4,4,4,4,4,4,4,4,4,4,4,4,4,4,4,4,4,4,4,4,4,4,4,4,4,4,4,4,4,4,4,4,4,4,4,4,4,4,4,4,4,4,4,4,4,4,4,4,4,4,4,4,4,4,4,4,4,4,4,4,4,4,4,4,4,4,4,4,4,4,4,4,4,4,4,4,4,4,4,4,4,4,4,4,4,4,4,4,4,4,4,4,4,4,4,4,4,4,4,4,4,4,4,4,4,4,4,4,4,4,4,4,4,4,4,4,4,4,4,4,4,4,4,4,4,4,4,4,4,4,4,4,4,4,4,4,4,4,4,4,4,4,4,4,4,4,4,4,4,4,3,3,0,4,4,3,2,3,3,2,3,1,0,4,3,4,0,1,0,4,4,4,4,4,4,4,4,4,4,4,4,4,4,4,4,4,4,4,4,4,4,4,4,4,4,4,4,4,4,4,4,2,0,1,1,3,2,4,4,4,4,4,4,4,4,4,4,4,4,4,4,4,4,4,3,3,3,3,2,0,1,2,1,1,3,2,1,1,1,1,3,3,0,0,4,4,1,1,4,4,4,4,4,4,4,4,4,4,4,4,4,4,4,4,4,4,4,4,4,4,4,4,4,4,4,4,4,4,4,4,4,4,4,4,4,4,4,4,2,2,2,1,0,2,2,1,2,3,3,4,4,4,4,4,CAAQ01005722.1/948-895,0
557,2,3,0,2,0,3,2,1,3,1,0,3,3,1,1,0,3,4,1,3,4,1,3,3,0,3,2,1,3,1,2,1,1,3,3,1,4,4,4,4,4,4,4,4,4,4,4,4,4,4,4,4,4,3,2,4,4,4,4,4,4,4,4,4,4,4,4,4,4,4,4,4,4,4,4,4,4,4,4,4,4,4,4,4,4,2,1,4,1,3,1,0,3,0,0,0,1,3,1,0,4,2,2,0,0,3,2,0,1,2,1,4,0,2,0,4,2,1,4,4,4,4,4,4,4,4,4,4,4,4,4,4,4,4,4,4,4,4,4,4,4,4,4,4,4,4,4,4,4,4,4,4,4,4,4,4,4,4,4,4,4,4,4,4,4,4,4,4,4,4,4,4,4,4,4,4,4,4,4,4,4,4,4,4,4,4,4,4,4,4,4,4,4,4,4,4,4,4,4,4,4,4,4,4,4,4,4,4,4,4,4,4,4,4,4,4,4,4,4,4,4,4,4,4,4,4,4,4,4,4,4,4,4,4,4,4,4,4,4,4,4,4,4,4,4,4,4,4,4,4,4,4,4,4,4,4,4,4,4,4,4,4,4,4,4,4,4,4,4,4,4,4,4,4,4,4,4,4,4,4,4,4,4,4,4,4,4,4,4,4,4,4,4,4,4,4,4,4,4,4,4,4,4,4,4,4,4,4,4,4,4,4,4,4,4,4,4,4,4,4,4,4,4,4,4,4,4,4,4,4,4,4,4,4,4,4,4,4,4,4,4,4,4,4,4,4,4,4,4,4,4,4,4,4,4,4,4,4,4,4,4,4,4,4,4,4,4,4,4,4,4,4,4,4,4,4,4,4,4,4,4,4,4,4,4,4,4,4,4,4,4,4,4,4,4,4,4,4,4,4,4,4,4,4,4,4,4,4,4,4,4,4,4,4,4,4,4,4,4,4,4,4,4,4,4,4,4,4,4,4,4,4,4,4,4,4,4,4,4,4,4,4,4,4,4,4,4,4,4,4,4,4,4,4,4,4,4,AGFT01002342.1/144-80,0
558,2,3,4,4,4,2,2,1,3,1,0,3,3,1,0,1,1,4,3,3,4,1,3,3,0,3,2,3,1,0,2,1,1,1,1,3,3,0,2,4,4,4,4,4,4,4,4,4,4,2,2,0,1,2,1,4,4,4,4,4,4,4,4,4,4,4,4,4,4,4,4,4,4,4,4,4,4,4,4,4,4,4,4,4,4,2,1,4,3,0,1,0,3,0,0,0,1,3,3,1,4,4,2,0,0,3,2,0,1,2,1,4,4,4,4,4,0,1,0,0,4,4,4,4,4,4,1,0,0,2,2,4,4,3,2,1,1,3,4,2,4,1,1,2,3,1,1,0,4,4,0,1,3,3,4,1,3,2,0,3,0,4,0,3,0,2,1,4,2,3,4,4,4,4,0,2,1,3,4,4,4,4,4,4,4,3,4,4,4,4,4,4,4,4,4,4,4,4,4,4,4,4,4,4,4,4,4,4,4,4,4,4,4,4,4,4,4,4,4,4,4,4,4,4,4,4,4,4,4,4,4,4,4,4,4,4,4,4,4,4,3,0,3,1,0,4,4,0,1,1,3,1,4,1,2,2,2,1,2,0,0,0,1,2,3,1,2,0,4,4,4,4,4,4,4,4,4,4,4,4,4,4,4,4,4,4,4,4,4,2,3,3,0,2,2,1,0,4,1,1,2,4,4,4,4,4,4,4,4,4,4,4,4,4,4,4,4,4,4,4,4,4,4,4,4,4,4,4,4,4,4,4,4,4,4,4,4,4,4,4,4,4,4,4,4,4,4,4,4,4,4,4,4,4,4,4,4,4,4,4,4,4,4,4,4,4,4,4,4,4,4,4,4,4,4,4,4,4,4,4,4,4,4,4,4,4,4,4,4,4,4,4,4,4,4,4,4,4,4,4,4,1,4,4,4,4,4,4,4,4,4,4,4,4,4,4,4,4,4,4,4,4,4,4,4,4,4,4,4,4,4,4,4,4,4,4,4,4,4,4,1,4,4,4,4,4,4,4,4,4,4,4,3,3,0,3,3,AFCU01001370.1/178-29,0
559,2,3,0,2,0,3,2,1,3,1,0,3,3,1,1,0,3,4,1,3,4,1,3,3,0,3,2,3,3,1,2,1,1,3,3,1,4,4,4,4,4,4,4,4,4,4,4,4,4,4,4,4,4,3,2,4,4,4,4,4,4,4,4,4,4,4,4,4,4,4,4,4,4,4,4,4,4,4,4,4,4,4,4,4,4,2,1,4,1,3,1,0,3,0,0,0,1,3,1,0,4,2,2,0,0,3,2,0,3,2,1,4,0,2,0,4,2,1,1,2,3,3,4,4,4,4,3,0,1,2,2,4,4,3,2,1,3,3,4,0,4,3,1,2,3,1,1,0,4,4,1,3,2,0,4,1,0,2,0,3,2,4,3,1,2,1,4,4,4,3,3,4,0,4,1,2,1,1,4,4,4,4,4,4,4,3,4,4,4,4,4,4,4,4,4,4,4,4,4,4,4,4,4,4,4,4,4,4,4,4,4,4,4,4,4,4,4,4,4,4,4,4,4,4,4,4,4,4,4,4,4,4,4,4,4,4,4,4,4,4,1,0,3,1,0,0,0,1,0,1,1,1,4,3,2,2,0,1,0,1,0,0,1,2,3,3,2,0,4,4,4,4,4,4,4,4,4,4,4,4,4,4,4,4,4,4,4,4,4,2,3,2,0,0,2,1,0,4,1,1,1,4,1,3,3,3,4,0,3,2,3,3,2,3,1,0,4,3,4,0,1,0,4,4,4,4,4,4,4,4,4,4,4,4,4,4,4,4,4,4,4,4,4,4,4,4,4,4,4,4,4,4,4,4,2,0,1,1,3,2,4,4,4,4,4,4,4,4,4,4,4,4,4,4,4,4,4,3,3,3,3,2,0,1,2,1,1,3,2,1,1,1,1,3,3,0,0,4,4,1,1,4,4,4,4,4,4,4,4,4,4,4,4,4,4,4,4,4,4,4,4,4,4,4,4,4,4,4,4,4,4,4,4,4,4,4,4,4,4,4,4,2,2,2,1,0,2,2,1,2,3,3,3,3,3,3,3,CP000886.1/4087093-4087300,0
560,2,3,4,4,4,2,2,1,3,1,0,3,3,1,0,1,1,4,2,0,4,1,3,3,0,3,2,3,1,0,2,1,1,1,1,3,3,1,2,4,4,4,4,4,4,4,4,4,4,2,2,0,1,2,3,4,4,4,4,4,4,4,4,4,4,4,4,4,4,4,4,4,4,4,4,4,4,4,4,4,4,4,4,4,4,2,1,4,3,0,1,0,3,0,0,0,0,3,3,1,4,4,2,0,0,3,2,0,1,2,1,4,4,4,4,4,0,1,0,0,4,4,4,4,4,4,1,0,0,2,2,4,4,3,2,1,1,3,4,2,4,1,1,2,3,1,1,0,4,4,0,1,3,3,4,1,3,2,0,3,0,4,3,1,0,2,1,4,2,3,0,4,4,4,4,2,1,3,4,4,4,4,4,4,4,0,4,4,4,4,4,4,4,4,4,4,4,4,4,4,4,4,4,4,4,4,4,4,4,4,4,4,4,4,4,4,4,4,4,4,4,4,4,4,4,4,4,4,4,4,4,4,4,4,4,4,4,4,4,4,3,0,3,1,0,4,4,0,1,1,0,3,4,1,2,2,2,1,2,0,0,0,1,2,3,1,2,0,4,4,4,4,4,4,4,4,4,4,4,4,4,4,4,4,4,4,4,4,4,2,3,3,0,2,2,1,0,4,1,1,2,4,1,1,3,3,4,4,4,0,3,3,4,4,4,4,4,4,4,4,4,4,4,4,4,4,4,4,4,4,4,4,4,4,4,4,4,4,4,4,4,4,4,4,4,4,4,4,4,4,4,4,4,4,4,4,4,1,1,0,4,4,4,4,4,4,4,4,4,4,4,4,4,4,4,4,4,3,0,0,1,0,0,0,2,1,1,2,2,2,4,4,3,0,0,3,4,4,4,4,3,4,4,4,4,4,4,4,4,4,4,4,4,4,4,4,4,4,4,4,4,4,4,4,4,4,4,4,4,4,4,4,4,4,4,4,4,4,4,4,4,4,4,1,1,1,2,2,1,3,3,3,2,3,3,2,3,ABHL02000001.1/658472-658288,0
561,2,1,0,2,3,2,2,1,3,1,0,3,3,1,0,1,1,4,2,0,4,1,3,3,0,3,2,3,1,0,2,1,1,1,1,3,3,1,2,4,4,4,4,4,4,4,4,4,4,2,2,0,1,2,3,4,4,4,4,4,4,4,4,4,4,4,4,4,4,4,4,4,4,4,4,4,4,4,4,4,4,4,4,4,4,2,1,4,3,0,1,0,3,0,0,0,0,3,3,1,4,4,2,0,0,3,2,0,1,2,1,4,0,1,0,4,0,1,4,4,4,4,4,4,4,4,4,0,0,2,2,4,4,3,2,1,1,3,4,2,4,1,1,2,3,1,1,0,4,4,0,1,3,3,4,1,3,2,0,3,0,4,3,1,0,2,1,4,2,3,0,4,4,4,4,2,1,3,4,4,4,4,4,4,4,0,4,4,4,4,4,4,4,4,4,4,4,4,4,4,4,4,4,4,4,4,4,4,4,4,4,4,4,4,4,4,4,4,4,4,4,4,4,4,4,4,4,4,4,4,4,4,4,4,4,4,4,4,4,4,3,0,3,1,0,4,4,0,1,1,0,3,4,1,2,2,2,1,2,0,0,0,1,2,3,1,2,0,4,4,4,4,4,4,4,4,4,4,4,4,4,4,4,4,4,4,4,4,4,2,3,3,0,2,2,1,0,4,1,1,2,4,1,1,3,3,4,4,4,0,3,3,4,4,4,4,4,4,4,4,4,4,4,4,4,4,4,4,4,4,4,4,4,4,4,4,4,4,4,4,4,4,4,4,4,4,4,4,4,4,4,4,4,4,4,4,4,1,1,0,4,4,4,4,4,4,4,4,4,4,4,4,4,4,4,4,4,3,0,0,1,0,0,0,2,1,1,2,2,2,4,4,3,0,0,3,4,4,4,4,3,4,4,4,4,4,4,4,4,4,4,4,4,4,4,4,4,4,4,4,4,4,4,4,4,4,4,4,4,4,4,4,4,4,4,4,4,4,4,4,4,4,4,1,1,1,2,2,1,3,3,3,2,3,3,2,3,ADWT01000008.1/109773-109586,0
562,2,3,0,2,0,3,2,1,3,1,0,3,1,1,1,0,1,4,3,3,4,0,3,3,0,3,2,0,3,0,2,1,1,3,2,2,3,3,3,3,3,0,3,4,4,0,2,1,1,0,0,3,3,3,0,4,4,4,4,4,4,4,4,4,4,4,4,4,4,4,4,4,4,4,4,4,4,4,4,4,4,4,4,4,4,2,1,4,3,3,1,0,3,0,0,0,1,1,1,0,4,2,2,2,0,3,2,0,1,2,1,4,0,2,0,4,2,1,1,2,0,3,4,4,3,3,3,0,2,2,2,4,4,3,2,1,1,3,4,0,4,3,3,2,3,1,1,0,4,3,2,3,0,0,4,0,1,2,0,3,2,4,3,3,2,0,0,4,3,0,3,4,1,4,3,3,4,4,4,4,4,4,4,4,4,4,4,4,4,4,4,4,4,4,4,4,4,4,4,4,4,4,4,4,4,4,4,4,4,4,4,4,4,4,4,4,4,4,4,4,4,4,4,4,4,4,4,4,4,4,4,4,4,4,4,4,4,4,4,4,1,0,3,1,0,4,4,1,0,3,0,1,4,1,2,2,2,1,0,3,0,0,1,2,3,3,2,0,4,4,4,4,4,4,4,4,4,4,4,4,4,4,4,4,4,4,4,4,4,2,3,2,0,2,2,1,0,4,1,1,2,4,0,1,0,3,4,4,3,2,3,3,2,3,1,3,4,2,4,3,4,0,4,4,4,4,4,4,4,4,4,4,4,4,4,4,4,4,4,4,4,4,4,4,4,4,4,4,4,4,4,4,4,4,2,0,1,1,3,2,0,0,4,4,4,4,4,4,4,4,4,4,4,4,0,0,3,3,3,1,0,2,0,1,2,1,3,3,2,1,1,1,3,3,0,3,4,4,4,4,4,4,4,4,4,4,4,4,4,4,4,4,4,4,4,4,4,4,4,4,4,4,4,4,4,4,4,4,4,4,4,4,4,4,4,4,4,4,4,4,4,1,2,2,1,0,0,2,1,2,3,3,3,3,3,3,3,CACU01000005.1/232689-232911,0
563,2,3,0,2,0,3,2,1,3,1,0,3,3,1,1,0,3,4,1,3,4,1,3,3,0,3,2,3,3,1,2,1,1,3,3,0,4,4,4,4,4,4,4,4,4,4,4,4,4,4,4,4,4,2,3,4,4,4,4,4,4,4,4,4,4,4,4,4,4,4,4,4,4,4,4,4,4,4,4,4,4,4,4,4,4,2,1,4,1,3,1,0,3,0,0,0,1,3,1,1,4,2,2,0,0,3,2,0,1,2,1,4,0,2,0,4,2,1,1,2,3,3,4,4,4,4,3,0,1,2,2,4,4,3,2,1,3,3,4,0,4,3,1,2,3,1,1,0,4,4,1,3,2,0,4,1,0,2,0,3,2,4,3,1,2,1,4,4,4,3,3,4,0,4,3,2,1,1,4,4,4,4,4,4,4,3,4,4,4,4,4,4,4,4,4,4,4,4,4,4,4,4,4,4,4,4,4,4,4,4,4,4,4,4,4,4,4,4,4,4,4,4,4,4,4,4,4,4,4,4,4,4,4,4,4,4,4,4,4,4,1,0,3,1,0,2,0,1,0,1,1,0,4,3,2,2,0,1,0,1,0,0,1,2,3,3,2,0,4,4,4,4,4,4,4,4,4,4,4,4,4,4,4,4,4,4,4,4,4,2,3,2,0,0,2,1,0,4,1,1,4,4,1,0,1,3,4,4,3,2,3,3,2,3,1,0,4,3,4,0,1,0,4,4,4,4,4,4,4,4,4,4,4,4,4,4,4,4,4,4,4,4,4,4,4,4,4,4,4,4,4,4,4,4,2,0,1,1,3,2,4,4,4,4,4,4,4,4,4,4,4,4,4,4,4,4,4,3,3,3,3,0,0,1,2,1,1,3,2,1,3,1,1,2,3,0,0,4,3,0,0,4,4,4,4,4,4,4,4,4,4,4,4,4,4,4,4,4,4,4,4,4,4,4,4,4,4,4,4,4,4,4,4,4,4,4,4,4,4,4,4,2,0,2,1,0,2,2,1,2,3,3,3,3,3,3,3,ADWV01000019.1/50488-50282,0
564,2,3,0,2,0,3,2,1,3,1,0,3,1,1,1,0,1,4,3,3,4,0,3,3,0,3,2,0,1,0,2,1,3,3,2,2,1,1,0,3,3,0,0,4,4,2,2,1,3,0,0,3,3,3,0,4,4,4,4,4,4,4,4,4,4,4,4,4,4,4,4,4,4,4,4,4,4,4,4,4,4,4,4,4,4,2,1,4,3,3,1,0,3,0,0,0,1,1,1,0,4,2,2,2,0,3,2,0,1,2,1,4,0,2,0,4,2,1,1,2,0,3,4,4,3,3,3,0,2,0,2,4,4,3,2,1,1,3,4,0,4,3,3,2,3,1,1,0,4,3,2,3,0,0,4,1,1,2,0,3,2,4,3,3,2,0,2,4,3,0,0,4,3,4,2,3,4,4,4,4,4,4,4,4,4,4,4,4,4,4,4,4,4,4,4,4,4,4,4,4,4,4,4,4,4,4,4,4,4,4,4,4,4,4,4,4,4,4,4,4,4,4,4,4,4,4,4,4,4,4,4,4,4,4,4,4,4,4,4,4,1,0,3,1,0,4,4,1,0,3,0,1,4,1,2,2,2,1,0,3,0,0,1,2,3,3,2,0,4,4,4,4,4,4,4,4,4,4,4,4,4,4,4,4,4,4,4,4,4,2,3,2,0,2,2,1,0,4,1,3,2,4,0,3,0,3,4,4,3,2,3,3,2,3,1,3,4,0,4,3,1,4,4,4,4,4,4,4,4,4,4,4,4,4,4,4,4,4,4,4,4,4,4,4,4,4,4,4,4,4,4,4,4,4,2,0,1,1,3,2,0,0,4,4,4,4,4,4,4,4,4,4,4,4,0,0,3,3,3,3,0,2,0,1,0,1,3,3,2,1,1,1,3,3,3,3,4,4,4,4,4,4,4,4,4,4,4,4,4,4,4,4,4,4,4,4,4,4,4,4,4,4,4,4,4,4,4,4,4,4,4,4,4,4,4,4,4,4,4,4,4,1,2,2,1,0,0,2,3,2,3,3,3,3,3,3,3,ABCD01000005.1/65161-65383,0
565,2,3,0,2,0,3,2,1,3,1,0,3,3,1,1,0,3,4,1,3,4,1,3,3,0,3,2,3,3,1,2,1,1,3,3,0,4,4,4,4,4,4,4,4,4,4,4,4,4,4,4,4,4,2,3,4,4,4,4,4,4,4,4,4,4,4,4,4,4,4,4,4,4,4,4,4,4,4,4,4,4,4,4,4,4,2,1,4,1,3,1,0,3,0,0,0,1,3,1,1,4,2,2,0,0,3,2,0,1,2,1,4,0,2,0,4,2,1,1,2,3,3,4,4,4,4,3,0,1,2,2,4,4,3,2,1,3,3,4,0,4,3,1,2,3,1,1,0,4,4,1,3,2,0,4,1,0,2,0,3,2,4,3,1,2,1,4,4,4,3,3,4,0,4,3,2,1,1,4,4,4,4,4,4,4,3,4,4,4,4,4,4,4,4,4,4,4,4,4,4,4,4,4,4,4,4,4,4,4,4,4,4,4,4,4,4,4,4,4,4,4,4,4,4,4,4,4,4,4,4,4,4,4,4,4,4,4,4,4,4,1,0,3,1,0,2,0,1,0,1,1,0,4,3,2,2,0,1,0,1,0,0,1,2,3,3,2,0,4,4,4,4,4,4,4,4,4,4,4,4,4,4,4,4,4,4,4,4,4,2,3,2,0,0,2,1,0,4,1,1,4,4,1,0,1,3,4,4,3,2,3,3,2,3,1,0,4,3,4,0,1,0,4,4,4,4,4,4,4,4,4,4,4,4,4,4,4,4,4,4,4,4,4,4,4,4,4,4,4,4,4,4,4,4,2,0,1,1,3,2,4,4,4,4,4,4,4,4,4,4,4,4,4,4,4,4,4,3,3,3,3,0,0,1,2,1,1,3,2,1,3,1,1,2,3,0,0,4,3,0,0,4,4,4,4,4,4,4,4,4,4,4,4,4,4,4,4,4,4,4,4,4,4,4,4,4,4,4,4,4,4,4,4,4,4,4,4,4,4,4,4,2,0,2,1,0,2,2,1,2,3,3,3,3,3,3,3,AFGV01000071.1/19629-19423,0
566,2,3,0,2,0,3,2,1,3,1,0,3,3,1,1,0,3,4,1,3,4,1,3,3,0,3,2,3,3,1,2,1,1,3,3,0,4,4,4,4,4,4,4,4,4,4,4,4,4,4,4,4,4,2,3,4,4,4,4,4,4,4,4,4,4,4,4,4,4,4,4,4,4,4,4,4,4,4,4,4,4,4,4,4,4,2,1,4,1,3,1,0,3,0,0,0,1,3,1,1,4,2,2,0,0,3,2,0,1,2,1,4,0,2,0,4,2,1,1,2,3,3,4,4,4,4,3,0,1,2,2,4,4,3,2,1,3,3,4,0,4,3,1,2,3,1,1,0,4,4,1,3,2,0,4,1,0,2,0,3,2,4,3,1,2,1,4,4,4,3,3,4,0,4,3,2,1,1,4,4,4,4,4,4,4,3,4,4,4,4,4,4,4,4,4,4,4,4,4,4,4,4,4,4,4,4,4,4,4,4,4,4,4,4,4,4,4,4,4,4,4,4,4,4,4,4,4,4,4,4,4,4,4,4,4,4,4,4,4,4,1,0,3,1,0,2,0,1,0,1,1,0,4,3,2,2,0,1,0,1,0,0,1,2,3,3,2,0,4,4,4,4,4,4,4,4,4,4,4,4,4,4,4,4,4,4,4,4,4,2,3,2,0,0,2,1,0,4,1,1,4,4,1,0,1,3,4,4,3,2,3,3,2,3,1,0,4,3,4,0,1,0,4,4,4,4,4,4,4,4,4,4,4,4,4,4,4,4,4,4,4,4,4,4,4,4,4,4,4,4,4,4,4,4,2,0,1,1,3,2,4,4,4,4,4,4,4,4,4,4,4,4,4,4,4,4,4,3,3,3,3,0,0,1,2,1,1,3,2,1,3,1,1,2,3,0,0,4,3,0,0,4,4,4,4,4,4,4,4,4,4,4,4,4,4,4,4,4,4,4,4,4,4,4,4,4,4,4,4,4,4,4,4,4,4,4,4,4,4,4,4,2,0,2,1,0,2,2,1,2,3,3,3,3,3,3,3,AFHB01000039.1/18284-18078,0
567,3,1,0,2,3,3,2,1,3,1,0,3,3,1,0,1,1,4,3,1,4,3,3,3,0,3,2,0,3,0,2,3,1,1,1,2,4,4,4,4,4,4,4,4,4,4,4,4,4,4,4,4,4,4,4,1,1,2,3,0,3,0,2,1,4,4,4,4,4,4,4,4,4,4,4,4,2,2,0,0,3,0,3,2,1,0,1,4,3,3,1,0,3,0,0,2,1,1,0,1,4,1,2,0,0,3,2,0,3,2,1,4,1,3,0,0,2,0,1,4,4,4,4,4,4,4,4,4,3,2,2,4,4,3,2,1,1,3,4,0,4,3,1,2,3,1,1,0,1,1,1,0,0,0,4,1,1,2,0,3,0,4,3,3,2,3,2,4,3,2,0,4,0,4,3,2,1,0,1,4,4,4,4,4,0,3,4,4,4,4,4,4,4,4,4,4,4,4,4,4,4,4,4,4,4,4,4,4,4,4,4,4,4,4,4,4,4,4,4,4,4,4,4,4,4,4,4,4,4,4,4,4,4,4,4,4,4,4,4,4,3,0,3,1,0,4,4,0,0,1,0,3,4,1,2,2,0,1,2,0,1,0,1,2,3,3,2,0,4,4,4,4,4,4,4,4,4,4,4,4,4,4,4,4,4,4,4,4,4,2,3,2,0,2,2,3,2,4,1,1,2,4,1,1,3,0,4,4,3,2,3,1,4,4,4,4,4,4,4,4,4,4,4,4,4,4,4,4,4,4,4,4,4,4,4,4,4,4,4,4,4,4,4,4,4,4,4,4,4,4,4,4,4,4,4,4,4,1,3,2,4,4,4,4,4,4,4,4,4,4,4,4,4,4,4,4,4,1,3,2,3,2,0,3,2,0,4,4,4,4,4,4,2,3,0,2,4,4,4,4,3,4,4,4,4,4,4,4,4,4,4,4,4,4,4,4,4,4,4,4,4,4,4,4,4,4,4,4,4,4,4,4,4,4,4,4,4,4,4,4,4,4,4,4,4,4,4,3,1,0,3,1,0,0,3,0,3,CP002246.1/3553795-3553598,0
568,2,3,0,2,0,3,2,1,3,1,0,3,3,1,1,0,3,4,1,3,4,1,3,3,0,3,2,3,3,1,2,1,1,3,3,0,4,4,4,4,4,4,4,4,4,4,4,4,4,4,4,4,4,2,3,4,4,4,4,4,4,4,4,4,4,4,4,4,4,4,4,4,4,4,4,4,4,4,4,4,4,4,4,4,4,2,1,4,1,3,1,0,3,0,0,0,1,3,1,1,4,2,2,0,0,3,2,0,1,2,1,4,0,2,0,4,2,1,1,2,3,3,4,4,4,4,3,0,1,2,2,4,4,3,2,1,3,3,4,0,4,3,1,2,3,1,1,0,4,4,1,3,2,0,4,1,0,2,0,3,2,4,3,1,2,1,4,4,4,3,3,4,0,4,3,2,1,1,4,4,4,4,4,4,4,3,4,4,4,4,4,4,4,4,4,4,4,4,4,4,4,4,4,4,4,4,4,4,4,4,4,4,4,4,4,4,4,4,4,4,4,4,4,4,4,4,4,4,4,4,4,4,4,4,4,4,4,4,4,4,1,0,3,1,0,2,0,1,0,1,1,0,4,3,2,2,0,1,0,1,0,0,1,2,3,3,2,0,4,4,4,4,4,4,4,4,4,4,4,4,4,4,4,4,4,4,4,4,4,2,3,2,0,0,2,1,0,4,1,1,4,4,1,0,1,3,4,4,3,2,3,3,2,3,1,0,4,3,4,0,1,0,4,4,4,4,4,4,4,4,4,4,4,4,4,4,4,4,4,4,4,4,4,4,4,4,4,4,4,4,4,4,4,4,2,0,1,1,3,2,4,4,4,4,4,4,4,4,4,4,4,4,4,4,4,4,4,3,3,3,3,0,0,1,2,1,1,3,2,1,3,1,1,2,3,0,0,4,3,0,0,4,4,4,4,4,4,4,4,4,4,4,4,4,4,4,4,4,4,4,4,4,4,4,4,4,4,4,4,4,4,4,4,4,4,4,4,4,4,4,4,2,0,2,1,0,2,2,1,2,3,3,3,3,3,3,3,AERO01000097.1/43448-43654,0
569,2,3,0,2,0,3,2,1,3,1,0,3,3,1,1,0,3,4,1,3,4,1,3,3,0,3,2,3,3,1,2,1,1,3,3,1,4,4,4,4,4,4,4,4,4,4,4,4,4,4,4,4,4,3,2,4,4,4,4,4,4,4,4,4,4,4,4,4,4,4,4,4,4,4,4,4,4,4,4,4,4,4,4,4,4,2,1,4,1,3,1,0,3,0,0,0,1,3,1,0,4,2,2,0,0,3,2,0,3,2,1,4,0,2,0,4,2,1,1,2,3,3,4,4,4,4,3,0,1,2,2,4,4,3,2,1,3,3,4,0,4,3,1,2,3,1,1,0,4,4,1,3,2,0,4,1,0,2,0,3,2,4,3,1,2,1,4,4,4,3,3,4,0,4,1,2,1,1,4,4,4,4,4,4,4,3,4,4,4,4,4,4,4,4,4,4,4,4,4,4,4,4,4,4,4,4,4,4,4,4,4,4,4,4,4,4,4,4,4,4,4,4,4,4,4,4,4,4,4,4,4,4,4,4,4,4,4,4,4,4,1,0,3,1,0,0,0,1,0,1,1,1,4,3,2,2,0,1,0,1,0,0,1,2,3,3,2,0,4,4,4,4,4,4,4,4,4,4,4,4,4,4,4,4,4,4,4,4,4,2,3,2,0,0,2,1,0,4,1,1,1,4,1,3,3,3,4,0,3,2,3,3,2,3,1,0,4,3,4,0,1,0,4,4,4,4,4,4,4,4,4,4,4,4,4,4,4,4,4,4,4,4,4,4,4,4,4,4,4,4,4,4,4,4,2,0,1,1,3,2,4,4,4,4,4,4,4,4,4,4,4,4,4,4,4,4,4,3,3,3,3,2,0,1,2,1,1,3,2,1,1,1,1,3,3,0,0,4,4,1,1,4,4,4,4,4,4,4,4,4,4,4,4,4,4,4,4,4,4,4,4,4,4,4,4,4,4,4,4,4,4,4,4,4,4,4,4,4,4,4,4,2,2,2,1,0,2,2,1,2,3,3,3,3,3,3,3,AESK01000027.1/39681-39888,0
570,2,3,0,2,0,3,2,1,3,1,0,3,3,1,1,0,3,4,1,3,4,1,3,3,0,3,2,3,3,1,2,1,1,3,3,0,4,4,4,4,4,4,4,4,4,4,4,4,4,4,4,4,4,2,3,4,4,4,4,4,4,4,4,4,4,4,4,4,4,4,4,4,4,4,4,4,4,4,4,4,4,4,4,4,4,2,1,4,1,3,1,0,3,0,0,0,1,3,1,1,4,2,2,0,0,3,2,0,1,2,1,4,0,2,0,4,2,1,1,2,3,3,4,4,4,4,3,0,1,2,2,4,4,3,2,1,3,3,4,0,4,3,1,2,3,1,1,0,4,4,1,3,2,0,4,1,0,2,0,3,2,4,3,1,2,1,4,4,4,3,3,4,0,4,3,2,1,1,4,4,4,4,4,4,4,3,4,4,4,4,4,4,4,4,4,4,4,4,4,4,4,4,4,4,4,4,4,4,4,4,4,4,4,4,4,4,4,4,4,4,4,4,4,4,4,4,4,4,4,4,4,4,4,4,4,4,4,4,4,4,1,0,3,1,0,2,0,1,0,1,1,0,4,3,2,2,0,1,0,1,0,0,1,2,3,3,2,0,4,4,4,4,4,4,4,4,4,4,4,4,4,4,4,4,4,4,4,4,4,2,3,2,0,0,2,1,0,4,1,1,4,4,1,0,1,3,4,4,3,2,3,3,2,3,1,0,4,3,4,0,1,0,4,4,4,4,4,4,4,4,4,4,4,4,4,4,4,4,4,4,4,4,4,4,4,4,4,4,4,4,4,4,4,4,2,0,1,1,3,2,4,4,4,4,4,4,4,4,4,4,4,4,4,4,4,4,4,3,3,3,3,0,0,1,2,1,1,3,2,1,3,1,1,2,3,0,0,4,3,0,0,4,4,4,4,4,4,4,4,4,4,4,4,4,4,4,4,4,4,4,4,4,4,4,4,4,4,4,4,4,4,4,4,4,4,4,4,4,4,4,4,2,0,2,1,0,2,2,1,2,3,3,3,3,3,3,3,ABHL02000001.1/2026989-2027195,0
571,2,3,0,2,0,3,2,1,3,1,0,3,3,1,1,0,1,4,1,3,4,1,3,3,0,3,2,3,3,1,2,1,1,3,3,0,4,4,4,4,4,4,4,4,4,4,4,4,4,4,4,4,4,4,2,4,4,4,4,4,4,4,4,4,4,4,4,4,4,4,4,4,4,4,4,4,4,4,4,4,4,4,4,4,4,2,1,4,3,3,1,0,3,0,0,0,1,1,1,3,2,2,2,0,0,3,2,0,3,2,1,4,0,2,0,4,2,1,1,2,0,3,4,4,4,3,3,0,2,2,2,4,4,3,2,1,1,3,4,0,4,3,3,2,3,1,1,0,4,1,1,0,2,0,4,0,1,2,0,3,2,4,0,1,0,2,1,4,2,3,3,4,2,4,1,3,4,4,4,4,4,4,4,4,4,4,3,2,1,0,0,1,4,4,4,4,4,4,4,4,4,4,4,4,4,4,4,4,4,4,4,4,4,4,4,4,4,4,4,4,4,4,4,4,4,4,4,4,4,4,4,4,4,4,3,2,1,3,2,0,1,0,3,1,0,4,4,1,0,1,3,1,4,1,2,2,2,1,0,3,0,0,1,2,3,3,2,0,4,4,4,4,4,4,4,4,4,4,4,4,4,4,4,4,4,4,4,4,4,2,3,2,0,2,2,1,0,4,1,1,2,4,1,1,1,1,4,4,3,2,3,3,2,3,1,1,4,3,4,0,4,4,4,4,4,4,4,4,4,4,4,4,4,4,4,4,4,4,4,4,4,4,4,4,4,4,4,4,4,4,4,4,4,4,2,0,1,1,3,2,0,3,3,2,4,4,4,4,4,4,4,4,4,1,3,3,3,3,3,3,0,3,0,1,0,1,3,3,2,1,1,0,1,3,2,4,4,4,4,4,4,4,4,4,4,4,4,4,4,4,4,4,4,4,4,4,4,4,4,4,4,4,4,4,4,4,4,4,4,4,4,4,4,4,4,4,4,4,4,4,4,1,2,2,1,0,0,2,3,2,3,3,3,3,3,3,3,CP002775.1/160654-160873,0
572,0,2,0,2,3,3,2,1,3,1,0,3,3,1,0,0,1,4,3,2,4,2,3,3,0,3,2,0,3,3,2,1,2,3,3,2,1,3,0,0,1,3,2,2,1,0,0,0,1,0,3,3,3,3,1,4,4,4,4,4,4,4,4,4,4,4,4,4,4,4,4,4,4,4,4,4,4,4,4,4,4,4,4,4,4,2,1,4,4,3,1,0,3,0,0,1,0,3,1,3,4,2,2,0,0,3,2,0,3,2,1,4,1,0,0,0,4,4,0,2,0,4,4,4,4,4,0,0,2,2,2,4,4,3,2,1,1,3,4,0,4,3,1,2,3,1,1,0,4,1,1,0,2,0,4,1,1,2,0,3,0,4,0,3,1,2,2,4,4,4,4,4,4,4,4,4,4,4,4,4,4,4,4,4,4,4,2,1,2,3,2,0,0,0,4,4,4,4,4,4,4,4,4,4,4,4,4,4,4,4,4,4,4,4,4,4,4,4,4,4,4,4,4,4,4,4,4,4,4,4,4,4,0,1,2,0,0,1,2,3,3,0,3,1,0,0,2,4,4,1,0,3,4,1,2,2,2,1,2,0,1,0,1,2,3,3,2,0,4,4,4,4,4,4,4,4,4,4,4,4,4,4,4,4,4,4,4,4,4,2,3,2,0,2,2,1,0,4,1,1,4,4,4,4,4,4,4,4,4,4,4,4,2,4,4,4,4,4,4,4,4,4,4,4,4,4,4,4,4,4,4,4,4,4,4,4,4,4,4,4,4,4,4,4,4,4,4,4,4,4,4,4,4,4,4,4,1,1,3,0,4,4,4,4,4,4,4,4,4,4,4,4,4,4,4,4,4,3,3,1,0,2,3,3,0,1,2,1,2,2,1,1,0,2,4,4,4,4,4,4,4,0,2,2,2,0,2,1,2,4,4,4,4,4,4,4,4,4,4,4,4,4,4,4,4,4,4,4,4,4,4,4,4,0,3,3,1,3,3,1,3,2,2,1,1,2,1,2,3,2,0,1,2,3,3,3,1,ABVY01000055.1/19463-19242,0
573,2,3,4,4,4,2,2,1,3,1,0,3,3,1,0,1,1,4,3,3,4,1,3,3,0,3,2,3,1,0,2,1,1,1,1,3,3,0,2,4,4,4,4,4,4,4,4,4,4,2,2,0,1,2,1,4,4,4,4,4,4,4,4,4,4,4,4,4,4,4,4,4,4,4,4,4,4,4,4,4,4,4,4,4,4,2,1,4,3,0,1,0,3,0,0,0,1,3,3,1,4,4,2,0,0,3,2,0,1,2,1,4,4,4,4,4,0,1,0,0,4,4,4,4,4,4,1,0,0,2,2,4,4,3,2,1,1,3,4,2,4,1,1,2,3,1,1,0,4,4,0,1,3,3,4,1,3,2,0,3,0,4,0,3,0,2,1,4,2,3,4,4,4,4,0,2,1,3,4,4,4,4,4,4,4,3,4,4,4,4,4,4,4,4,4,4,4,4,4,4,4,4,4,4,4,4,4,4,4,4,4,4,4,4,4,4,4,4,4,4,4,4,4,4,4,4,4,4,4,4,4,4,4,4,4,4,4,4,4,4,3,0,3,1,0,4,4,0,1,1,3,1,4,1,2,2,2,1,2,0,0,0,1,2,3,1,2,0,4,4,4,4,4,4,4,4,4,4,4,4,4,4,4,4,4,4,4,4,4,2,3,3,0,2,2,1,0,4,1,1,2,4,1,1,3,3,4,4,4,0,3,3,4,4,4,4,4,4,4,4,4,4,4,4,4,4,4,4,4,4,4,4,4,4,4,4,4,4,4,4,4,4,4,4,4,4,4,4,4,4,4,4,4,4,4,4,4,1,1,0,4,4,4,4,4,4,4,4,4,4,4,4,4,4,4,4,4,3,0,0,1,0,0,0,2,1,1,2,2,2,3,3,3,4,4,4,4,4,4,4,4,4,4,4,4,4,4,4,4,4,4,4,4,4,4,4,4,4,4,4,4,4,4,4,4,4,4,4,4,4,4,4,4,4,4,4,4,4,4,4,4,0,2,1,1,1,2,2,1,3,3,3,2,3,3,2,3,AETE01000032.1/32889-32705,0
574,2,1,0,2,3,3,2,1,3,1,0,3,3,1,0,0,3,4,3,3,4,3,3,3,0,3,2,3,1,2,2,1,1,1,2,1,0,0,3,1,0,2,2,4,4,4,3,2,2,0,0,0,1,0,3,4,4,4,4,4,4,4,4,4,4,4,4,4,4,4,4,4,4,4,4,4,4,4,4,4,4,4,4,4,4,2,1,4,1,0,1,0,3,0,0,2,1,1,1,0,4,4,2,0,0,3,2,0,1,4,4,4,4,4,4,4,2,1,1,2,0,0,4,4,4,2,3,0,0,2,2,4,4,3,2,1,1,3,4,0,4,1,1,2,3,1,1,0,4,0,1,3,3,0,4,0,3,2,0,3,0,4,1,3,1,2,3,4,3,3,3,4,1,4,2,2,0,1,4,4,4,4,4,4,1,3,4,4,4,4,4,4,4,4,4,4,4,4,4,4,4,4,4,4,4,4,4,4,4,4,4,4,4,4,4,4,4,4,4,4,4,4,4,4,4,4,4,4,4,4,4,4,4,4,4,4,4,4,4,4,3,0,3,1,0,4,4,0,0,1,0,1,4,0,2,2,2,1,2,0,1,0,1,2,3,2,2,0,4,4,4,4,4,4,4,4,4,4,4,4,4,4,4,4,4,4,4,4,4,2,3,3,0,2,2,1,0,4,1,1,0,4,1,1,3,0,4,4,3,0,0,3,2,1,3,1,4,2,4,3,3,0,4,4,4,4,4,4,4,4,4,4,4,4,4,4,4,4,4,4,4,4,4,4,4,4,4,4,4,4,4,2,3,3,0,2,1,0,3,2,0,2,2,2,0,4,4,4,4,4,4,3,1,1,3,1,0,1,3,2,2,1,2,2,2,0,3,0,2,3,0,0,0,0,0,0,4,4,4,4,0,4,4,4,4,4,4,4,4,4,4,4,4,4,4,4,4,4,4,4,4,4,4,4,4,4,4,4,4,4,4,4,4,4,4,4,4,4,4,4,4,3,2,0,1,3,0,3,1,1,1,2,1,1,2,3,1,FN667742.1/3211438-3211667,0
575,2,3,4,4,4,3,2,1,3,1,0,3,3,1,0,3,1,4,3,2,4,3,3,3,0,3,2,0,3,3,2,1,1,0,1,1,1,1,0,1,0,2,4,4,4,4,4,1,2,2,2,1,0,2,0,4,4,4,4,4,4,4,4,4,4,4,4,4,4,4,4,4,4,4,4,4,4,4,4,4,4,4,4,4,4,2,1,4,4,3,1,0,3,0,0,0,0,3,1,1,4,4,2,0,0,3,2,0,1,2,1,4,0,4,4,4,4,1,1,0,0,0,4,4,4,4,4,4,1,2,2,4,4,0,2,1,1,3,4,2,4,3,1,2,3,1,1,0,4,1,1,1,0,0,4,1,1,2,0,3,0,4,0,3,1,2,3,4,0,3,2,4,3,4,3,1,3,4,2,1,0,4,3,1,2,3,4,4,4,4,4,4,4,4,4,4,4,4,4,4,4,4,4,4,4,4,4,4,4,4,4,4,4,4,4,4,4,4,4,4,4,4,4,4,4,4,4,4,4,4,4,4,4,4,4,4,4,4,4,4,3,0,3,1,0,0,2,4,4,1,0,3,4,1,2,2,0,1,2,1,0,0,1,2,3,3,2,0,4,4,4,4,4,4,4,4,4,4,4,4,4,4,4,4,4,4,4,4,4,2,3,3,0,2,2,1,3,4,1,1,0,4,1,1,1,0,4,4,3,3,1,3,1,2,1,2,4,3,4,0,1,3,4,4,4,4,4,4,4,4,4,4,4,4,4,4,4,4,4,4,4,4,4,4,4,4,4,4,4,4,4,4,4,4,2,1,3,0,3,2,2,1,2,4,4,4,4,4,4,4,4,4,4,4,2,3,2,1,2,3,1,0,0,1,2,2,1,0,2,2,1,1,2,3,1,2,4,4,4,4,4,4,4,4,4,4,4,4,4,4,4,4,4,4,4,4,4,4,4,4,4,4,4,4,4,4,4,4,4,4,4,4,4,4,4,4,4,4,4,4,4,1,2,1,1,3,2,1,1,2,3,3,3,3,1,3,3,AP012032.1/2633412-2633195,0
576,2,3,0,2,0,3,2,1,3,1,0,3,3,1,1,0,1,4,3,1,4,1,3,3,0,3,2,0,3,3,2,3,3,0,0,1,4,4,4,4,4,4,4,4,4,4,4,4,4,4,4,4,4,4,4,4,4,4,4,4,4,4,4,4,4,4,4,4,4,4,4,4,4,4,4,4,4,4,4,4,4,4,4,4,4,2,1,4,3,3,1,0,3,0,0,0,1,4,1,0,4,2,2,0,0,3,2,0,3,2,1,4,0,2,0,4,2,1,1,1,3,3,4,4,4,4,3,0,1,2,2,4,4,3,0,1,1,3,4,2,4,3,3,2,3,1,1,0,4,4,1,1,1,2,4,1,1,0,2,3,1,4,3,1,2,1,4,4,4,3,3,4,1,4,2,2,1,1,4,4,4,4,4,4,4,3,4,4,4,4,4,4,4,4,4,4,4,4,4,4,4,4,4,4,4,4,4,4,4,4,4,4,4,4,4,4,4,4,4,4,4,4,4,4,4,4,4,4,4,4,4,4,4,4,4,4,4,4,4,4,3,0,1,3,2,2,0,2,3,1,1,0,4,0,2,2,0,1,0,0,3,0,1,2,3,3,2,0,4,4,4,4,4,4,4,4,4,4,4,4,4,4,4,4,4,4,4,4,4,2,3,1,0,2,2,3,0,4,1,1,0,4,2,1,1,0,4,4,0,0,3,3,2,3,1,3,4,3,4,0,1,1,4,4,4,4,4,4,4,4,4,4,4,4,4,4,4,4,4,4,4,4,4,4,4,4,4,4,4,4,4,4,4,4,2,0,1,1,3,2,4,4,4,4,4,4,4,4,4,4,4,4,4,4,4,4,0,3,1,3,3,3,0,1,0,1,1,3,2,1,1,0,2,3,3,4,4,4,4,4,4,4,4,4,4,4,4,4,4,4,4,4,4,4,4,4,4,4,4,4,4,4,4,4,4,4,4,4,4,4,4,4,4,4,4,4,4,4,4,4,4,3,2,2,1,0,2,2,3,2,3,3,3,3,3,3,3,FP236843.1/235018-235218,0
577,2,3,0,2,0,3,2,1,3,1,0,3,3,1,1,0,3,4,1,3,4,1,3,3,0,3,2,3,3,1,2,1,1,3,3,1,4,4,4,4,4,4,4,4,4,4,4,4,4,4,4,4,4,3,2,4,4,4,4,4,4,4,4,4,4,4,4,4,4,4,4,4,4,4,4,4,4,4,4,4,4,4,4,4,4,2,1,4,1,3,1,0,3,0,0,0,1,3,1,0,4,2,2,0,0,3,2,0,3,2,1,4,0,2,0,4,2,1,1,2,3,3,4,4,4,4,3,0,1,2,2,4,4,3,2,1,3,3,4,0,4,3,1,2,3,1,1,0,4,4,1,3,2,0,4,1,0,2,0,3,2,4,3,1,2,1,4,4,4,3,3,4,0,4,1,2,1,1,4,4,4,4,4,4,4,3,4,4,4,4,4,4,4,4,4,4,4,4,4,4,4,4,4,4,4,4,4,4,4,4,4,4,4,4,4,4,4,4,4,4,4,4,4,4,4,4,4,4,4,4,4,4,4,4,4,4,4,4,4,4,1,0,3,1,0,0,0,1,0,1,1,1,4,3,2,2,0,1,0,1,0,0,1,2,3,3,2,0,4,4,4,4,4,4,4,4,4,4,4,4,4,4,4,4,4,4,4,4,4,2,3,2,0,0,2,1,0,4,1,1,1,4,1,3,3,3,4,0,3,2,3,3,2,3,1,0,4,3,4,0,1,0,4,4,4,4,4,4,4,4,4,4,4,4,4,4,4,4,4,4,4,4,4,4,4,4,4,4,4,4,4,4,4,4,2,0,1,1,3,2,4,4,4,4,4,4,4,4,4,4,4,4,4,4,4,4,4,3,3,3,3,2,0,1,2,1,1,3,2,1,1,1,1,3,3,0,0,4,4,1,1,4,4,4,4,4,4,4,4,4,4,4,4,4,4,4,4,4,4,4,4,4,4,4,4,4,4,4,4,4,4,4,4,4,4,4,4,4,4,4,4,2,2,2,1,0,2,2,1,2,3,3,3,3,3,3,3,AFCQ01001429.1/293-500,0
578,2,3,0,2,0,3,2,1,3,1,0,3,3,1,1,0,3,4,1,3,4,1,3,3,0,3,2,3,3,1,2,1,1,3,3,0,4,4,4,4,4,4,4,4,4,4,4,4,4,4,4,4,4,2,3,4,4,4,4,4,4,4,4,4,4,4,4,4,4,4,4,4,4,4,4,4,4,4,4,4,4,4,4,4,4,2,1,4,1,3,1,0,3,0,0,0,1,3,1,1,4,2,2,0,0,3,2,0,1,2,1,4,0,2,0,4,2,1,1,2,3,3,4,4,4,4,3,0,1,2,2,4,4,3,2,1,3,3,4,0,4,3,1,2,3,1,1,0,4,4,1,3,2,0,4,1,0,2,0,3,2,4,3,1,2,1,4,4,4,3,3,4,0,4,3,2,1,1,4,4,4,4,4,4,4,3,4,4,4,4,4,4,4,4,4,4,4,4,4,4,4,4,4,4,4,4,4,4,4,4,4,4,4,4,4,4,4,4,4,4,4,4,4,4,4,4,4,4,4,4,4,4,4,4,4,4,4,4,4,4,1,0,3,1,0,2,0,1,0,1,1,0,4,3,2,2,0,1,0,1,0,0,1,2,3,3,2,0,4,4,4,4,4,4,4,4,4,4,4,4,4,4,4,4,4,4,4,4,4,2,3,2,0,0,2,1,0,4,1,1,4,4,1,0,1,3,4,4,3,2,3,3,2,3,1,0,4,3,4,0,1,0,4,4,4,4,4,4,4,4,4,4,4,4,4,4,4,4,4,4,4,4,4,4,4,4,4,4,4,4,4,4,4,4,2,0,1,1,3,2,4,4,4,4,4,4,4,4,4,4,4,4,4,4,4,4,4,3,3,3,3,0,0,1,2,1,1,3,2,1,3,1,1,2,3,0,0,4,3,0,0,4,4,4,4,4,4,4,4,4,4,4,4,4,4,4,4,4,4,4,4,4,4,4,4,4,4,4,4,4,4,4,4,4,4,4,4,4,4,4,4,2,0,2,1,0,2,2,1,2,3,3,3,3,3,3,3,AFGC01000054.1/44556-44762,0
579,2,3,0,2,0,3,2,1,3,1,0,3,3,1,1,0,3,4,1,3,4,1,3,3,0,3,2,3,3,1,2,1,1,3,3,1,4,4,4,4,4,4,4,4,4,4,4,4,4,4,4,4,4,2,3,4,4,4,4,4,4,4,4,4,4,4,4,4,4,4,4,4,4,4,4,4,4,4,4,4,4,4,4,4,4,2,1,4,1,3,1,0,3,0,0,0,1,3,1,1,4,2,2,0,0,3,2,0,3,2,1,4,0,2,0,4,2,1,1,2,3,3,4,4,1,3,3,0,1,2,2,4,4,3,2,1,3,3,4,0,4,3,1,2,3,1,1,0,4,4,1,3,2,0,4,1,0,2,0,3,2,4,3,1,2,1,0,4,3,3,3,4,0,4,3,2,1,1,4,4,4,4,4,4,4,3,4,4,4,4,4,4,4,4,4,4,4,4,4,4,4,4,4,4,4,4,4,4,4,4,4,4,4,4,4,4,4,4,4,4,4,4,4,4,4,4,4,4,4,4,4,4,4,4,4,4,4,4,4,4,1,0,3,1,0,0,0,1,0,1,1,0,4,3,2,2,0,1,0,3,3,0,1,2,3,3,2,0,4,4,4,4,4,4,4,4,4,4,4,4,4,4,4,4,4,4,4,4,4,2,3,2,0,0,2,1,0,4,1,1,1,4,0,0,3,3,4,4,3,2,3,3,2,3,1,0,4,0,4,0,1,0,4,4,4,4,4,4,4,4,4,4,4,4,4,4,4,4,4,4,4,4,4,4,4,4,4,4,4,4,4,4,4,4,2,0,1,1,3,2,4,4,4,4,4,4,4,4,4,4,4,4,4,4,4,4,4,3,3,3,3,0,0,1,2,1,1,3,2,1,1,1,3,2,0,3,3,4,3,1,0,4,4,4,4,4,4,4,4,4,4,4,4,4,4,4,4,4,4,4,4,4,4,4,4,4,4,4,4,4,4,4,4,4,4,4,4,4,4,4,4,2,1,2,1,0,2,2,1,2,3,3,3,3,3,3,3,CP000964.1/5445896-5445685,0
580,3,1,0,2,3,3,2,1,3,1,0,3,3,1,0,0,1,4,3,3,4,3,3,3,0,3,2,0,3,2,2,1,1,2,2,3,0,0,0,3,0,0,0,4,4,1,1,2,0,0,3,1,1,0,3,4,4,4,4,4,4,4,4,4,4,4,4,4,4,4,4,4,4,4,4,4,4,4,4,4,4,4,4,4,4,2,1,4,1,3,1,0,3,0,0,2,1,1,3,1,4,1,2,0,0,3,2,0,3,2,1,1,0,0,0,4,2,0,4,0,4,4,4,4,4,4,4,0,3,2,2,4,4,3,2,1,1,3,4,0,4,3,1,2,3,1,1,0,0,1,1,0,0,0,4,1,1,2,0,3,0,4,0,1,0,2,0,4,1,2,1,4,2,4,1,0,0,2,1,2,4,4,0,1,3,3,4,4,4,4,4,4,4,4,4,4,4,4,4,4,4,4,4,4,4,4,4,4,4,4,4,4,4,4,4,4,4,4,4,4,4,4,4,4,4,4,4,4,4,4,4,4,4,4,4,4,4,4,4,4,3,0,3,1,0,0,2,4,4,1,0,3,4,1,2,2,2,1,2,0,1,0,1,2,3,2,2,0,4,4,4,4,4,4,4,4,4,4,4,4,4,4,4,4,4,4,4,4,4,2,3,2,0,2,2,1,0,4,1,1,2,4,4,4,4,4,4,4,4,4,4,4,4,4,4,4,4,4,4,4,4,4,4,4,4,4,4,4,4,4,4,4,4,4,4,4,4,4,4,4,4,4,4,4,4,4,4,4,4,4,4,4,4,4,4,4,4,4,4,4,4,4,4,4,4,4,4,4,4,4,4,4,4,4,4,4,4,4,4,4,4,4,4,4,4,4,4,4,4,4,4,4,4,4,4,4,4,4,4,4,4,1,4,4,4,4,4,4,4,4,4,4,4,4,4,4,4,4,4,4,4,4,4,4,4,4,4,4,4,4,4,4,4,4,4,4,4,4,4,4,1,4,4,4,4,4,4,4,4,4,4,4,3,2,3,0,3,ADBY01000042.1/39351-39523,0
581,2,3,4,4,4,2,2,1,3,1,0,3,3,1,0,1,1,4,2,0,4,1,3,3,0,3,2,3,1,0,2,1,1,1,1,3,3,1,2,4,4,4,4,4,4,4,4,4,4,2,2,0,1,2,3,4,4,4,4,4,4,4,4,4,4,4,4,4,4,4,4,4,4,4,4,4,4,4,4,4,4,4,4,4,4,2,1,4,3,0,1,0,3,0,0,0,0,3,3,1,4,4,2,0,0,3,2,0,1,2,1,4,4,4,4,4,0,1,0,0,4,4,4,4,4,4,1,0,0,2,2,4,4,3,2,1,1,3,4,2,4,1,1,2,3,1,1,0,4,4,0,1,3,3,4,1,3,2,0,3,0,4,3,1,0,2,1,4,2,3,0,4,4,4,4,2,1,3,4,4,4,4,4,4,4,0,4,4,4,4,4,4,4,4,4,4,4,4,4,4,4,4,4,4,4,4,4,4,4,4,4,4,4,4,4,4,4,4,4,4,4,4,4,4,4,4,4,4,4,4,4,4,4,4,4,4,4,4,4,4,3,0,3,1,0,4,4,0,1,1,0,3,4,1,2,2,2,1,2,0,0,0,1,2,3,1,2,0,4,4,4,4,4,4,4,4,4,4,4,4,4,4,4,4,4,4,4,4,4,2,3,3,0,2,2,1,0,4,1,1,2,4,1,1,3,3,4,4,4,0,3,3,4,4,4,4,4,4,4,4,4,4,4,4,4,4,4,4,4,4,4,4,4,4,4,4,4,4,4,4,4,4,4,4,4,4,4,4,4,4,4,4,4,4,4,4,4,1,1,0,4,4,4,4,4,4,4,4,4,4,4,4,4,4,4,4,4,3,0,0,1,0,0,0,2,1,1,2,2,2,4,4,3,0,0,3,4,4,4,4,3,4,4,4,4,4,4,4,4,4,4,4,4,4,4,4,4,4,4,4,4,4,4,4,4,4,4,4,4,4,4,4,4,4,4,4,4,4,4,4,4,4,4,1,1,1,2,2,1,3,3,3,2,3,3,2,3,ACXO01000001.1/34537-34721,0
582,2,3,0,2,0,3,2,1,3,1,0,3,3,1,1,0,3,4,1,3,4,1,3,3,0,3,2,3,3,1,2,1,1,3,3,0,4,4,4,4,4,4,4,4,4,4,4,4,4,4,4,4,4,2,3,4,4,4,4,4,4,4,4,4,4,4,4,4,4,4,4,4,4,4,4,4,4,4,4,4,4,4,4,4,4,2,1,4,1,3,1,0,3,0,0,0,1,3,1,1,4,2,2,0,0,3,2,0,1,2,1,4,0,2,0,4,2,1,1,2,3,3,4,4,4,4,3,0,1,2,2,4,4,3,2,1,3,3,4,0,4,3,1,2,3,1,1,0,4,4,1,3,2,0,4,1,0,2,0,3,2,4,3,1,2,1,4,4,4,3,3,4,0,4,3,2,1,1,4,4,4,4,4,4,4,3,4,4,4,4,4,4,4,4,4,4,4,4,4,4,4,4,4,4,4,4,4,4,4,4,4,4,4,4,4,4,4,4,4,4,4,4,4,4,4,4,4,4,4,4,4,4,4,4,4,4,4,4,4,4,1,0,3,1,0,2,0,1,0,1,1,0,4,3,2,2,0,1,0,1,0,0,1,2,3,3,2,0,4,4,4,4,4,4,4,4,4,4,4,4,4,4,4,4,4,4,4,4,4,2,3,2,0,0,2,1,0,4,1,1,4,4,1,0,1,3,4,4,3,2,3,3,2,3,1,0,4,3,4,0,1,0,4,4,4,4,4,4,4,4,4,4,4,4,4,4,4,4,4,4,4,4,4,4,4,4,4,4,4,4,4,4,4,4,2,0,1,1,3,2,4,4,4,4,4,4,4,4,4,4,4,4,4,4,4,4,4,3,3,3,3,0,0,1,2,1,1,3,2,1,3,1,1,2,3,0,0,4,3,0,0,4,4,4,4,4,4,4,4,4,4,4,4,4,4,4,4,4,4,4,4,4,4,4,4,4,4,4,4,4,4,4,4,4,4,4,4,4,4,4,4,2,0,2,1,0,2,2,1,2,3,3,3,3,3,3,3,CP002185.1/4209296-4209502,0
583,2,3,0,2,0,3,2,1,3,1,0,3,3,1,1,0,3,4,1,3,4,1,3,3,0,3,2,3,3,1,2,1,1,3,3,1,4,4,4,4,4,4,4,4,4,4,4,4,4,4,4,4,4,3,2,4,4,4,4,4,4,4,4,4,4,4,4,4,4,4,4,4,4,4,4,4,4,4,4,4,4,4,4,4,4,2,1,4,1,3,1,0,3,0,0,0,1,3,1,0,4,2,2,0,0,3,2,0,3,2,1,4,0,2,0,4,2,1,1,3,3,4,4,4,4,4,3,0,1,2,2,4,4,3,2,1,3,3,4,0,4,3,1,2,3,1,1,0,4,4,1,3,2,0,4,1,0,2,0,3,2,4,3,1,2,1,4,4,4,3,3,4,0,4,1,2,1,1,4,4,4,4,4,4,4,3,4,4,4,4,4,4,4,4,4,4,4,4,4,4,4,4,4,4,4,4,4,4,4,4,4,4,4,4,4,4,4,4,4,4,4,4,4,4,4,4,4,4,4,4,4,4,4,4,4,4,4,4,4,4,1,0,3,1,0,0,0,1,0,1,1,1,4,3,2,2,0,1,0,1,0,0,1,2,3,3,2,0,4,4,4,4,4,4,4,4,4,4,4,4,4,4,4,4,4,4,4,4,4,2,3,2,0,0,2,1,0,4,1,1,1,4,1,3,3,3,4,0,3,2,3,3,2,3,1,0,4,3,4,0,1,0,4,4,4,4,4,4,4,4,4,4,4,4,4,4,4,4,4,4,4,4,4,4,4,4,4,4,4,4,4,4,4,4,2,0,1,1,3,2,4,4,4,4,4,4,4,4,4,4,4,4,4,4,4,4,4,3,3,3,3,2,0,1,2,1,1,3,2,1,1,1,1,3,3,0,0,4,4,1,1,4,4,4,4,4,4,4,4,4,4,4,4,4,4,4,4,4,4,4,4,4,4,4,4,4,4,4,4,4,4,4,4,4,4,4,4,4,4,4,4,2,2,2,1,0,2,2,1,2,3,3,3,3,3,3,3,AFCO01001829.1/1256-1462,0
584,2,3,0,2,0,3,2,1,3,1,0,3,3,1,1,0,3,4,1,3,4,1,3,3,0,3,2,3,3,1,2,1,1,3,3,0,4,4,4,4,4,4,4,4,4,4,4,4,4,4,4,4,4,2,3,4,4,4,4,4,4,4,4,4,4,4,4,4,4,4,4,4,4,4,4,4,4,4,4,4,4,4,4,4,4,2,1,4,1,3,1,0,3,0,0,0,1,3,1,1,4,2,2,0,0,3,2,0,1,2,1,4,0,2,0,4,2,1,1,2,3,3,4,4,4,4,3,0,1,2,2,4,4,3,2,1,3,3,4,0,4,3,1,2,3,1,1,0,4,4,1,3,2,0,4,1,0,2,0,3,2,4,3,1,2,1,4,4,4,3,3,4,0,4,3,2,1,1,4,4,4,4,4,4,4,3,4,4,4,4,4,4,4,4,4,4,4,4,4,4,4,4,4,4,4,4,4,4,4,4,4,4,4,4,4,4,4,4,4,4,4,4,4,4,4,4,4,4,4,4,4,4,4,4,4,4,4,4,4,4,1,0,3,1,0,2,0,1,0,1,1,0,4,3,2,2,0,1,0,1,0,0,1,2,3,3,2,0,4,4,4,4,4,4,4,4,4,4,4,4,4,4,4,4,4,4,4,4,4,2,3,2,0,0,2,1,0,4,1,1,4,4,1,0,1,3,4,4,3,2,3,3,2,3,1,0,4,3,4,0,1,0,4,4,4,4,4,4,4,4,4,4,4,4,4,4,4,4,4,4,4,4,4,4,4,4,4,4,4,4,4,4,4,4,2,0,1,1,3,2,4,4,4,4,4,4,4,4,4,4,4,4,4,4,4,4,4,3,3,3,3,0,0,1,2,1,1,3,2,1,3,1,1,2,3,0,0,4,3,0,0,4,4,4,4,4,4,4,4,4,4,4,4,4,4,4,4,4,4,4,4,4,4,4,4,4,4,4,4,4,4,4,4,4,4,4,4,4,4,4,4,2,0,2,1,0,2,2,1,2,3,3,3,3,3,3,3,AELD01000006.1/388242-388448,0
585,2,3,4,4,4,2,2,1,3,1,0,3,3,1,0,1,1,4,3,3,4,1,3,3,0,3,2,3,1,0,2,1,1,1,1,3,3,1,2,4,4,4,4,4,4,4,4,4,4,2,2,0,1,2,1,4,4,4,4,4,4,4,4,4,4,4,4,4,4,4,4,4,4,4,4,4,4,4,4,4,4,4,4,4,4,2,1,4,3,0,1,0,3,0,0,0,1,3,3,1,4,4,2,0,0,3,2,0,1,2,1,4,4,4,4,4,0,1,0,0,0,1,4,4,4,4,4,4,0,2,2,4,4,3,2,1,1,3,4,2,4,1,1,2,3,1,1,0,4,4,0,1,3,1,4,1,3,2,0,3,0,4,0,1,0,2,4,4,4,1,1,4,3,4,2,2,1,3,4,4,4,4,4,4,4,3,4,4,4,4,4,4,4,4,4,4,4,4,4,4,4,4,4,4,4,4,4,4,4,4,4,4,4,4,4,4,4,4,4,4,4,4,4,4,4,4,4,4,4,4,4,4,4,4,4,4,4,4,4,4,3,0,3,1,0,4,4,2,0,1,0,3,4,1,2,2,2,1,2,0,0,0,1,2,3,1,2,0,4,4,4,4,4,4,4,4,4,4,4,4,4,4,4,4,4,4,4,4,4,2,3,0,0,2,2,1,0,4,1,1,2,4,1,1,3,1,4,4,0,3,3,1,4,4,4,4,4,4,4,4,4,4,4,4,4,4,4,4,4,4,4,4,4,4,4,4,4,4,4,4,4,4,4,4,4,4,4,4,4,4,4,4,4,4,4,4,4,1,3,2,4,4,4,4,4,4,4,4,4,4,4,4,4,4,4,4,4,4,0,0,1,0,0,0,2,1,1,0,2,2,1,1,3,3,2,4,4,4,4,4,4,4,4,4,4,4,4,4,4,4,4,4,4,4,4,4,4,4,4,4,4,4,4,4,4,4,4,4,4,4,4,4,4,4,4,4,4,4,4,4,4,1,2,1,1,3,2,2,1,3,3,3,2,3,3,2,3,CP000964.1/1260536-1260722,0
586,2,3,4,4,4,2,2,1,3,1,0,3,3,1,0,1,1,4,3,3,4,1,3,3,0,3,2,3,1,0,2,1,1,1,1,3,3,0,2,4,4,4,4,4,4,4,4,4,4,2,2,0,1,2,1,4,4,4,4,4,4,4,4,4,4,4,4,4,4,4,4,4,4,4,4,4,4,4,4,4,4,4,4,4,4,2,1,4,3,0,1,0,3,0,0,0,1,3,3,1,4,4,2,0,0,3,2,0,1,2,1,4,4,4,4,4,0,1,0,0,4,4,4,4,4,4,1,0,0,2,2,4,4,3,2,1,1,3,4,2,4,1,1,2,3,1,1,0,4,4,0,1,3,3,4,1,3,2,0,3,0,4,0,3,0,2,1,4,2,3,4,4,4,4,0,2,1,3,4,4,4,4,4,4,4,3,4,4,4,4,4,4,4,4,4,4,4,4,4,4,4,4,4,4,4,4,4,4,4,4,4,4,4,4,4,4,4,4,4,4,4,4,4,4,4,4,4,4,4,4,4,4,4,4,4,4,4,4,4,4,3,0,3,1,0,4,4,0,1,1,3,1,4,1,2,2,2,1,2,0,0,0,1,2,3,1,2,0,4,4,4,4,4,4,4,4,4,4,4,4,4,4,4,4,4,4,4,4,4,2,3,3,0,2,2,1,0,4,1,1,2,4,1,1,3,3,4,4,4,0,3,3,4,4,4,4,4,4,4,4,4,4,4,4,4,4,4,4,4,4,4,4,4,4,4,4,4,4,4,4,4,4,4,4,4,4,4,4,4,4,4,4,4,4,4,4,4,1,1,0,4,4,4,4,4,4,4,4,4,4,4,4,4,4,4,4,4,3,0,0,1,0,0,0,2,1,1,2,2,2,3,3,3,4,4,4,4,4,4,4,4,4,4,4,4,4,4,4,4,4,4,4,4,4,4,4,4,4,4,4,4,4,4,4,4,4,4,4,4,4,4,4,4,4,4,4,4,4,4,4,4,0,2,1,1,1,2,2,1,3,3,3,2,3,3,2,3,AESP01000023.1/2658-2842,0
587,2,3,0,2,0,3,2,1,3,1,0,3,3,1,1,0,3,4,1,3,4,1,3,3,0,3,2,3,3,1,2,1,1,3,3,0,4,4,4,4,4,4,4,4,4,4,4,4,4,4,4,4,4,2,3,4,4,4,4,4,4,4,4,4,4,4,4,4,4,4,4,4,4,4,4,4,4,4,4,4,4,4,4,4,4,2,1,4,1,3,1,0,3,0,0,0,1,3,1,1,4,2,2,0,0,3,2,0,1,2,1,4,0,2,0,4,2,1,1,2,3,3,4,4,4,4,3,0,1,2,2,4,4,3,2,1,3,3,4,0,4,3,1,2,3,1,1,0,4,4,1,3,2,0,4,1,0,2,0,3,2,4,3,1,2,1,4,4,4,3,3,4,0,4,3,2,1,1,4,4,4,4,4,4,4,3,4,4,4,4,4,4,4,4,4,4,4,4,4,4,4,4,4,4,4,4,4,4,4,4,4,4,4,4,4,4,4,4,4,4,4,4,4,4,4,4,4,4,4,4,4,4,4,4,4,4,4,4,4,4,1,0,3,1,0,2,0,1,0,1,1,0,4,3,2,2,0,1,0,1,0,0,1,2,3,3,2,0,4,4,4,4,4,4,4,4,4,4,4,4,4,4,4,4,4,4,4,4,4,2,3,2,0,0,2,1,0,4,1,1,4,4,1,0,1,3,4,4,3,2,3,3,2,3,1,0,4,3,4,0,1,0,4,4,4,4,4,4,4,4,4,4,4,4,4,4,4,4,4,4,4,4,4,4,4,4,4,4,4,4,4,4,4,4,2,0,1,1,3,2,4,4,4,4,4,4,4,4,4,4,4,4,4,4,4,4,4,3,3,3,3,0,0,1,2,1,1,3,2,1,3,1,1,2,3,0,0,4,3,0,0,4,4,4,4,4,4,4,4,4,4,4,4,4,4,4,4,4,4,4,4,4,4,4,4,4,4,4,4,4,4,4,4,4,4,4,4,4,4,4,4,2,0,2,1,0,2,2,1,2,3,3,3,3,3,3,3,CP001396.1/3874124-3874330,0
588,2,3,0,2,0,3,2,1,3,1,0,3,3,1,1,0,3,4,1,3,4,1,3,3,0,3,2,3,3,1,2,1,1,3,3,0,4,4,4,4,4,4,4,4,4,4,4,4,4,4,4,4,4,2,3,4,4,4,4,4,4,4,4,4,4,4,4,4,4,4,4,4,4,4,4,4,4,4,4,4,4,4,4,4,4,2,1,4,1,3,1,0,3,0,0,0,1,3,1,1,4,2,2,0,0,3,2,0,1,2,1,4,0,2,0,4,2,1,1,2,3,3,4,4,4,4,3,0,1,2,2,4,4,3,2,1,3,3,4,0,4,3,1,2,3,1,1,0,4,4,1,3,2,0,4,1,0,2,0,3,2,4,3,1,2,1,4,4,4,3,3,4,0,4,3,2,1,1,4,4,4,4,4,4,4,3,4,4,4,4,4,4,4,4,4,4,4,4,4,4,4,4,4,4,4,4,4,4,4,4,4,4,4,4,4,4,4,4,4,4,4,4,4,4,4,4,4,4,4,4,4,4,4,4,4,4,4,4,4,4,1,0,3,1,0,2,0,1,0,1,1,0,4,3,2,2,0,1,0,1,0,0,1,2,3,3,2,0,4,4,4,4,4,4,4,4,4,4,4,4,4,4,4,4,4,4,4,4,4,2,3,2,0,0,2,1,0,4,1,1,4,4,1,0,1,3,4,4,3,2,3,3,2,3,1,0,4,3,4,0,1,0,4,4,4,4,4,4,4,4,4,4,4,4,4,4,4,4,4,4,4,4,4,4,4,4,4,4,4,4,4,4,4,4,2,0,1,1,3,2,4,4,4,4,4,4,4,4,4,4,4,4,4,4,4,4,4,4,4,4,4,4,4,4,4,4,4,4,4,4,4,4,4,4,4,4,4,4,4,4,4,4,4,4,4,4,4,4,4,4,4,4,4,4,4,4,4,4,4,4,4,4,4,4,4,4,4,4,4,4,4,4,4,4,4,4,4,4,4,4,4,4,4,4,4,4,4,4,4,4,4,4,3,3,3,3,0,ADUA01000302.1/8810-8982,0
589,2,1,0,2,3,2,2,1,3,1,0,3,3,1,0,1,1,4,2,0,4,1,3,3,0,3,2,3,1,0,2,1,1,1,1,3,3,1,2,4,4,4,4,4,4,4,4,4,4,2,2,0,1,2,3,4,4,4,4,4,4,4,4,4,4,4,4,4,4,4,4,4,4,4,4,4,4,4,4,4,4,4,4,4,4,2,1,4,3,0,1,0,3,0,0,0,0,3,3,1,4,4,2,0,0,3,2,0,1,2,1,4,0,1,0,4,0,1,4,4,4,4,4,4,4,4,4,0,0,2,2,4,4,3,2,1,1,3,4,2,4,1,1,2,3,1,1,0,4,4,0,1,3,3,4,1,3,2,0,3,0,4,3,1,0,2,1,4,2,3,0,4,4,4,4,2,1,3,4,4,4,4,4,4,4,0,4,4,4,4,4,4,4,4,4,4,4,4,4,4,4,4,4,4,4,4,4,4,4,4,4,4,4,4,4,4,4,4,4,4,4,4,4,4,4,4,4,4,4,4,4,4,4,4,4,4,4,4,4,4,3,0,3,1,0,4,4,0,1,1,0,3,4,1,2,2,2,1,2,0,0,0,1,2,3,1,2,0,4,4,4,4,4,4,4,4,4,4,4,4,4,4,4,4,4,4,4,4,4,2,3,3,0,2,2,1,0,4,1,1,2,4,1,1,3,3,4,4,4,0,3,3,4,4,4,4,4,4,4,4,4,4,4,4,4,4,4,4,4,4,4,4,4,4,4,4,4,4,4,4,4,4,4,4,4,4,4,4,4,4,4,4,4,4,4,4,4,1,1,0,4,4,4,4,4,4,4,4,4,4,4,4,4,4,4,4,4,3,0,0,1,0,0,0,2,1,1,2,2,2,4,4,3,0,0,3,4,4,4,4,3,4,4,4,4,4,4,4,4,4,4,4,4,4,4,4,4,4,4,4,4,4,4,4,4,4,4,4,4,4,4,4,4,4,4,4,4,4,4,4,4,4,4,1,1,1,2,2,1,3,3,3,2,3,3,2,3,CADZ01000058.1/37731-37918,0
590,2,1,0,2,3,2,2,1,3,1,0,3,3,1,0,1,1,4,2,0,4,1,3,3,0,3,2,3,1,0,2,1,1,1,1,3,3,1,2,4,4,4,4,4,4,4,4,4,4,2,2,0,1,2,3,4,4,4,4,4,4,4,4,4,4,4,4,4,4,4,4,4,4,4,4,4,4,4,4,4,4,4,4,4,4,2,1,4,3,0,1,0,3,0,0,0,0,3,3,1,4,4,2,0,0,3,2,0,1,2,1,4,0,1,0,4,0,1,4,4,4,4,4,4,4,4,4,0,0,2,2,4,4,3,2,1,1,3,4,2,4,1,1,2,3,1,1,0,4,4,0,1,3,3,4,1,3,2,0,3,0,4,3,1,0,2,1,4,2,3,0,4,4,4,4,2,1,3,4,4,4,4,4,4,4,0,4,4,4,4,4,4,4,4,4,4,4,4,4,4,4,4,4,4,4,4,4,4,4,4,4,4,4,4,4,4,4,4,4,4,4,4,4,4,4,4,4,4,4,4,4,4,4,4,4,4,4,4,4,4,3,0,3,1,0,4,4,0,1,1,0,3,4,1,2,2,2,1,2,0,0,0,1,2,3,1,2,0,4,4,4,4,4,4,4,4,4,4,4,4,4,4,4,4,4,4,4,4,4,2,3,3,0,2,2,1,0,4,1,1,2,4,1,1,3,3,4,4,4,0,3,3,4,4,4,4,4,4,4,4,4,4,4,4,4,4,4,4,4,4,4,4,4,4,4,4,4,4,4,4,4,4,4,4,4,4,4,4,4,4,4,4,4,4,4,4,4,1,1,0,4,4,4,4,4,4,4,4,4,4,4,4,4,4,4,4,4,3,0,0,1,0,0,0,2,1,1,2,2,2,4,4,3,0,0,3,4,4,4,4,3,4,4,4,4,4,4,4,4,4,4,4,4,4,4,4,4,4,4,4,4,4,4,4,4,4,4,4,4,4,4,4,4,4,4,4,4,4,4,4,4,4,4,1,1,1,2,2,1,3,3,3,2,3,3,2,3,AFRH01000006.1/799689-799502,0
591,2,3,0,2,0,3,2,1,3,1,0,3,3,1,1,0,3,4,1,3,4,1,3,3,0,3,2,3,3,1,2,1,1,3,3,0,4,4,4,4,4,4,4,4,4,4,4,4,4,4,4,4,4,2,3,4,4,4,4,4,4,4,4,4,4,4,4,4,4,4,4,4,4,4,4,4,4,4,4,4,4,4,4,4,4,2,1,4,1,3,1,0,3,0,0,0,1,3,1,1,4,2,2,0,0,3,2,0,1,2,1,4,0,2,0,4,2,1,1,2,3,3,4,4,4,4,3,0,1,2,2,4,4,3,2,1,3,3,4,0,4,3,1,2,3,1,1,0,4,4,1,3,2,0,4,1,0,2,0,3,2,4,3,1,2,1,4,4,4,3,3,4,0,4,3,2,1,1,4,4,4,4,4,4,4,3,4,4,4,4,4,4,4,4,4,4,4,4,4,4,4,4,4,4,4,4,4,4,4,4,4,4,4,4,4,4,4,4,4,4,4,4,4,4,4,4,4,4,4,4,4,4,4,4,4,4,4,4,4,4,1,0,3,1,0,2,0,1,0,1,1,0,4,3,2,2,0,1,0,1,0,0,1,2,3,3,2,0,4,4,4,4,4,4,4,4,4,4,4,4,4,4,4,4,4,4,4,4,4,2,3,2,0,0,2,1,0,4,1,1,4,4,1,0,1,3,4,4,3,2,3,3,2,3,1,0,4,3,4,0,1,0,4,4,4,4,4,4,4,4,4,4,4,4,4,4,4,4,4,4,4,4,4,4,4,4,4,4,4,4,4,4,4,4,2,0,1,1,3,2,4,4,4,4,4,4,4,4,4,4,4,4,4,4,4,4,4,3,3,3,3,0,0,1,2,1,1,3,2,1,3,1,1,2,3,0,0,4,3,0,0,4,4,4,4,4,4,4,4,4,4,4,4,4,4,4,4,4,4,4,4,4,4,4,4,4,4,4,4,4,4,4,4,4,4,4,4,4,4,4,4,2,0,2,1,0,2,2,1,2,3,3,3,3,3,3,3,ACDL01000072.1/53888-53682,0
592,2,3,0,2,0,3,2,1,3,1,0,3,3,1,1,0,3,4,1,3,4,1,3,3,0,3,2,3,3,1,2,1,1,3,3,0,4,4,4,4,4,4,4,4,4,4,4,4,4,4,4,4,4,2,3,4,4,4,4,4,4,4,4,4,4,4,4,4,4,4,4,4,4,4,4,4,4,4,4,4,4,4,4,4,4,2,1,4,1,3,1,0,3,0,0,0,1,3,1,1,4,2,2,0,0,3,2,0,1,2,1,4,0,2,0,4,2,1,1,2,3,3,4,4,4,4,3,0,1,2,2,4,4,3,2,1,3,3,4,0,4,3,1,2,3,1,1,0,4,4,1,3,2,0,4,1,0,2,0,3,2,4,3,1,2,1,4,4,4,3,3,4,0,4,3,2,1,1,4,4,4,4,4,4,4,3,4,4,4,4,4,4,4,4,4,4,4,4,4,4,4,4,4,4,4,4,4,4,4,4,4,4,4,4,4,4,4,4,4,4,4,4,4,4,4,4,4,4,4,4,4,4,4,4,4,4,4,4,4,4,1,0,3,1,0,2,0,1,0,1,1,0,4,3,2,2,0,1,0,1,0,0,1,2,3,3,2,0,4,4,4,4,4,4,4,4,4,4,4,4,4,4,4,4,4,4,4,4,4,2,3,2,0,0,2,1,0,4,1,1,4,4,1,0,1,3,4,4,3,2,3,3,2,3,1,0,4,3,4,0,1,0,4,4,4,4,4,4,4,4,4,4,4,4,4,4,4,4,4,4,4,4,4,4,4,4,4,4,4,4,4,4,4,4,2,0,1,1,3,2,4,4,4,4,4,4,4,4,4,4,4,4,4,4,4,4,4,3,3,3,3,0,0,1,2,1,1,3,2,3,3,1,1,2,3,0,0,4,3,0,0,4,4,4,4,4,4,4,4,4,4,4,4,4,4,4,4,4,4,4,4,4,4,4,4,4,4,4,4,4,4,4,4,4,4,4,4,4,4,4,4,2,0,2,1,0,2,2,1,2,3,3,3,3,3,3,3,ADTY01000245.1/15315-15109,0
593,2,3,0,2,0,3,2,1,3,1,0,3,3,1,1,0,3,4,1,3,4,1,3,3,0,3,2,3,3,1,2,1,1,3,3,0,4,4,4,4,4,4,4,4,4,4,4,4,4,4,4,4,4,2,3,4,4,4,4,4,4,4,4,4,4,4,4,4,4,4,4,4,4,4,4,4,4,4,4,4,4,4,4,4,4,2,1,4,1,3,1,0,3,0,0,0,1,3,1,1,4,2,2,0,0,3,2,0,1,2,1,4,0,2,0,4,2,1,1,2,3,3,4,4,4,4,3,0,1,2,2,4,4,3,2,1,3,3,4,0,4,3,1,2,3,1,1,0,4,4,1,3,2,0,4,1,0,2,0,3,2,4,3,1,2,1,4,4,4,3,3,4,0,4,3,2,1,1,4,4,4,4,4,4,4,3,4,4,4,4,4,4,4,4,4,4,4,4,4,4,4,4,4,4,4,4,4,4,4,4,4,4,4,4,4,4,4,4,4,4,4,4,4,4,4,4,4,4,4,4,4,4,4,4,4,4,4,4,4,4,1,0,3,1,0,2,0,1,0,1,1,0,4,3,2,2,0,1,0,1,0,0,1,2,3,3,2,0,4,4,4,4,4,4,4,4,4,4,4,4,4,4,4,4,4,4,4,4,4,2,3,2,0,0,2,1,0,4,1,1,4,4,1,0,1,3,4,4,3,2,3,3,2,3,1,0,4,3,4,0,1,0,4,4,4,4,4,4,4,4,4,4,4,4,4,4,4,4,4,4,4,4,4,4,4,4,4,4,4,4,4,4,4,4,2,0,1,1,3,2,4,4,4,4,4,4,4,4,4,4,4,4,4,4,4,4,4,3,3,3,3,0,0,1,2,1,1,3,2,1,3,1,1,2,3,0,0,4,3,0,0,4,4,4,4,4,4,4,4,4,4,4,4,4,4,4,4,4,4,4,4,4,4,4,4,4,4,4,4,4,4,4,4,4,4,4,4,4,4,4,4,2,0,2,1,0,2,2,1,2,3,3,3,3,3,3,3,AFHD01000042.1/58746-58540,0
594,2,3,0,2,0,3,2,1,3,1,0,3,1,1,1,0,1,4,3,3,4,1,3,3,0,3,2,0,1,0,2,1,3,3,0,2,4,4,4,4,4,4,4,4,4,4,4,4,4,4,4,4,4,4,4,4,4,4,4,4,4,4,4,4,4,4,4,4,4,4,4,4,4,4,4,4,4,4,4,4,4,4,4,4,4,3,1,4,3,3,1,0,3,0,0,0,1,1,1,0,4,2,2,2,0,3,2,0,3,2,1,4,0,2,0,4,2,1,1,0,0,3,4,4,3,3,3,0,2,2,2,4,4,3,2,1,1,3,4,0,4,3,3,2,3,1,1,0,4,3,2,3,0,0,4,0,1,2,0,3,2,4,3,3,2,0,2,4,4,4,4,4,4,4,4,4,4,4,4,4,4,4,4,4,4,4,1,2,2,3,0,0,1,1,0,4,4,4,4,4,4,4,4,4,4,4,4,4,4,4,4,4,4,4,4,4,4,4,4,4,4,4,4,4,4,4,4,4,4,4,0,3,1,1,3,1,1,3,3,3,1,0,3,1,0,4,4,1,0,3,0,1,4,1,2,2,2,1,2,3,0,0,1,2,3,3,2,0,4,4,4,4,4,4,4,4,4,4,4,4,4,4,4,4,4,4,4,4,4,2,3,2,0,2,2,1,0,4,1,1,4,4,0,0,3,1,4,4,3,2,1,3,2,0,1,3,4,2,4,3,4,0,4,4,4,4,4,4,4,4,4,4,4,4,4,4,4,4,4,4,4,4,4,4,4,4,4,4,4,4,4,4,4,4,2,0,1,1,3,2,0,3,4,4,4,4,4,4,4,4,4,4,4,4,0,3,3,3,3,0,3,2,0,1,0,1,3,3,2,1,3,3,0,0,3,4,4,4,4,4,4,4,4,4,4,4,4,4,4,4,4,4,4,4,4,4,4,4,4,4,4,4,4,4,4,4,4,4,4,4,4,4,4,4,4,4,4,4,4,4,4,1,2,2,1,0,0,2,3,2,3,3,3,3,3,3,3,ACCC01000049.1/25715-25499,0
595,4,4,4,4,4,3,2,1,3,1,0,3,3,1,0,0,1,4,3,2,4,2,3,3,0,3,2,0,3,0,2,1,0,0,3,2,3,0,0,0,4,4,4,4,4,4,4,4,4,0,0,0,1,0,3,4,4,4,4,4,4,4,4,4,4,4,4,4,4,4,4,4,4,4,4,4,4,4,4,4,4,4,4,4,4,2,1,4,4,3,1,0,3,0,0,1,2,1,3,1,4,2,2,0,0,3,2,0,3,2,1,4,1,0,4,4,4,4,0,0,0,2,4,4,4,0,3,0,0,2,2,4,4,3,2,1,1,3,4,0,4,3,1,2,3,1,1,0,2,1,0,3,3,0,4,3,3,2,0,3,0,4,0,1,3,2,1,4,1,1,3,4,1,4,2,2,2,1,4,4,4,4,4,4,3,3,4,4,4,4,4,4,4,4,4,4,4,4,4,4,4,4,4,4,4,4,4,4,4,4,4,4,4,4,4,4,4,4,4,4,4,4,4,4,4,4,4,4,4,4,4,4,4,4,4,4,4,4,4,4,3,0,3,1,0,4,4,1,0,1,0,3,4,1,2,2,2,1,2,0,1,0,1,2,3,3,2,0,4,4,4,4,4,4,4,4,4,4,4,4,4,4,4,4,4,4,4,4,4,2,3,2,0,2,2,1,0,4,1,1,2,4,1,1,3,0,4,4,4,4,3,3,4,4,4,4,4,4,4,4,4,4,4,4,4,4,4,4,4,4,4,4,4,4,4,4,4,4,4,4,4,4,4,4,4,4,4,4,4,4,4,4,4,4,4,4,4,1,0,2,4,4,4,4,4,4,4,4,4,4,4,4,4,4,4,4,4,0,2,0,1,1,1,2,2,3,1,0,2,0,1,0,2,3,3,0,4,4,4,4,1,4,4,4,4,4,4,4,4,4,4,4,4,4,4,4,4,4,4,4,4,4,4,4,4,4,4,4,4,4,4,4,4,4,4,4,4,4,4,4,4,3,2,3,2,3,2,0,1,1,2,2,2,3,3,3,3,CP001836.1/3517809-3517615,0
596,2,3,0,2,0,3,2,1,3,1,0,3,3,1,1,0,3,4,1,3,4,1,3,3,0,3,2,3,3,1,2,1,1,3,3,0,4,4,4,4,4,4,4,4,4,4,4,4,4,4,4,4,4,2,3,4,4,4,4,4,4,4,4,4,4,4,4,4,4,4,4,4,4,4,4,4,4,4,4,4,4,4,4,4,4,2,1,4,1,3,1,0,3,0,0,0,1,3,1,1,4,2,2,0,0,3,2,0,1,2,1,4,0,2,0,4,2,1,1,2,3,3,4,4,4,4,3,0,1,2,2,4,4,3,2,1,3,3,4,0,4,3,1,2,3,1,1,0,4,4,1,3,2,0,4,1,0,2,0,3,2,4,3,1,2,1,4,4,4,3,3,4,0,4,3,2,1,1,4,4,4,4,4,4,4,3,4,4,4,4,4,4,4,4,4,4,4,4,4,4,4,4,4,4,4,4,4,4,4,4,4,4,4,4,4,4,4,4,4,4,4,4,4,4,4,4,4,4,4,4,4,4,4,4,4,4,4,4,4,4,1,0,3,1,0,2,0,1,0,1,1,0,4,3,2,2,0,1,0,1,0,0,1,2,3,3,2,0,4,4,4,4,4,4,4,4,4,4,4,4,4,4,4,4,4,4,4,4,4,2,3,2,0,0,2,1,0,4,1,1,4,4,1,0,1,3,4,4,3,2,3,3,2,3,1,0,4,3,4,0,1,0,4,4,4,4,4,4,4,4,4,4,4,4,4,4,4,4,4,4,4,4,4,4,4,4,4,4,4,4,4,4,4,4,2,0,1,1,3,2,4,4,4,4,4,4,4,4,4,4,4,4,4,4,4,4,4,3,3,3,3,0,0,1,2,1,1,3,2,1,3,1,1,2,3,0,0,4,3,0,0,4,4,4,4,4,4,4,4,4,4,4,4,4,4,4,4,4,4,4,4,4,4,4,4,4,4,4,4,4,4,4,4,4,4,4,4,4,4,4,4,2,0,2,1,0,2,2,1,2,3,3,3,3,3,3,3,AEZU01000119.1/151229-151023,0
597,2,3,0,2,0,3,2,1,3,1,0,3,3,1,1,0,3,4,1,3,4,1,3,3,0,3,2,3,3,1,2,1,1,3,3,0,4,4,4,4,4,4,4,4,4,4,4,4,4,4,4,4,4,2,3,4,4,4,4,4,4,4,4,4,4,4,4,4,4,4,4,4,4,4,4,4,4,4,4,4,4,4,4,4,4,2,1,4,1,3,1,0,3,0,0,0,1,3,1,1,4,2,2,0,0,3,2,0,1,2,1,4,0,2,0,4,2,1,1,2,3,3,4,4,4,4,3,0,1,2,2,4,4,3,2,1,3,3,4,0,4,3,1,2,3,1,1,0,4,4,1,3,2,0,4,1,0,2,0,3,2,4,3,1,2,1,4,4,4,3,3,4,0,4,3,2,1,1,4,4,4,4,4,4,4,3,4,4,4,4,4,4,4,4,4,4,4,4,4,4,4,4,4,4,4,4,4,4,4,4,4,4,4,4,4,4,4,4,4,4,4,4,4,4,4,4,4,4,4,4,4,4,4,4,4,4,4,4,4,4,1,0,3,1,0,2,0,1,0,1,1,0,4,3,2,2,0,1,0,1,0,0,1,2,3,3,2,0,4,4,4,4,4,4,4,4,4,4,4,4,4,4,4,4,4,4,4,4,4,2,3,2,0,0,2,1,0,4,1,1,4,4,1,0,1,3,4,4,3,2,3,3,2,3,1,0,4,3,4,0,1,0,4,4,4,4,4,4,4,4,4,4,4,4,4,4,4,4,4,4,4,4,4,4,4,4,4,4,4,4,4,4,4,4,2,0,1,1,3,2,4,4,4,4,4,4,4,4,4,4,4,4,4,4,4,4,4,3,3,3,3,0,0,1,2,1,1,3,2,1,3,1,1,2,3,0,0,4,3,0,0,4,4,4,4,4,4,4,4,4,4,4,4,4,4,4,4,4,4,4,4,4,4,4,4,4,4,4,4,4,4,4,4,4,4,4,4,4,4,4,4,2,0,0,1,0,2,2,1,2,3,3,3,3,3,3,3,AFGX01000059.1/57887-57681,0
598,2,3,4,4,4,2,2,1,3,1,0,3,3,1,0,1,1,4,2,0,4,1,3,3,0,3,2,3,1,0,2,1,1,1,1,3,3,1,2,4,4,4,4,4,4,4,4,4,4,2,2,0,1,2,3,4,4,4,4,4,4,4,4,4,4,4,4,4,4,4,4,4,4,4,4,4,4,4,4,4,4,4,4,4,4,2,1,4,3,0,1,0,3,0,0,0,0,3,0,1,4,4,2,0,0,3,2,0,1,2,1,4,4,4,4,4,0,1,0,0,4,4,4,4,4,4,1,0,0,2,2,4,4,3,2,1,1,3,4,2,4,1,1,2,3,1,1,0,4,4,0,1,3,3,4,1,3,2,0,3,0,4,3,1,0,2,1,4,2,3,0,4,4,4,4,2,1,3,4,4,4,4,4,4,4,0,4,4,4,4,4,4,4,4,4,4,4,4,4,4,4,4,4,4,4,4,4,4,4,4,4,4,4,4,4,4,4,4,4,4,4,4,4,4,4,4,4,4,4,4,4,4,4,4,4,4,4,4,4,4,3,0,3,1,0,4,4,0,1,1,0,3,4,1,2,2,2,1,2,0,0,0,1,2,3,1,2,0,4,4,4,4,4,4,4,4,4,4,4,4,4,4,4,4,4,4,4,4,4,2,3,3,0,2,2,1,0,4,1,1,2,4,1,1,3,3,4,4,4,0,3,3,4,4,4,4,4,4,4,4,4,4,4,4,4,4,4,4,4,4,4,4,4,4,4,4,4,4,4,4,4,4,4,4,4,4,4,4,4,4,4,4,4,4,4,4,4,1,1,0,4,4,4,4,4,4,4,4,4,4,4,4,4,4,4,4,4,3,0,0,1,0,0,0,2,1,1,2,2,2,4,4,3,0,0,3,4,4,4,4,3,4,4,4,4,4,4,4,4,4,4,4,4,4,4,4,4,4,4,4,4,4,4,4,4,4,4,4,4,4,4,4,4,4,4,4,4,4,4,4,4,4,4,1,1,1,2,2,1,3,3,3,2,3,3,2,3,AFAB01000136.1/56223-56407,0
599,2,3,4,4,4,2,2,1,3,1,0,3,3,1,0,1,1,4,3,3,4,1,3,3,0,3,2,3,1,0,2,1,1,1,1,3,3,1,2,4,4,4,4,4,4,4,4,4,4,0,2,0,1,2,3,4,4,4,4,4,4,4,4,4,4,4,4,4,4,4,4,4,4,4,4,4,4,4,4,4,4,4,4,4,4,2,1,4,3,0,1,0,3,0,0,0,1,3,3,1,4,4,2,0,0,3,2,0,1,2,1,4,4,4,4,4,0,1,0,0,0,0,4,4,4,4,4,4,0,2,2,4,4,3,2,1,1,3,4,2,4,1,1,2,3,1,1,0,4,4,0,1,3,0,4,1,3,2,0,3,3,4,0,3,3,2,4,4,4,1,0,4,0,4,3,2,1,3,4,4,4,4,4,4,4,3,4,4,4,4,4,4,4,4,4,4,4,4,4,4,4,4,4,4,4,4,4,4,4,4,4,4,4,4,4,4,4,4,4,4,4,4,4,4,4,4,4,4,4,4,4,4,4,4,4,4,4,4,4,4,3,0,3,1,0,2,2,1,4,4,4,1,4,0,2,2,2,1,2,0,0,0,1,2,3,1,2,0,4,4,4,4,4,4,4,4,4,4,4,4,4,4,4,4,4,4,4,4,4,2,3,3,0,2,2,1,0,4,1,1,2,4,1,1,3,3,4,4,4,0,3,3,4,4,4,4,4,4,4,4,4,4,4,4,4,4,4,4,4,4,4,4,4,4,4,4,4,4,4,4,4,4,4,4,4,4,4,4,4,4,4,4,4,4,4,4,4,1,1,4,4,4,4,4,4,4,4,4,4,4,4,4,4,4,4,4,4,0,3,2,0,1,0,0,0,2,1,1,2,2,2,3,3,3,3,3,4,4,4,4,4,4,4,4,4,4,4,4,4,4,4,4,4,4,4,4,4,4,4,4,4,4,4,4,4,4,4,4,4,4,4,4,4,4,4,4,4,4,4,4,4,0,1,1,1,2,2,1,3,3,3,2,3,3,2,3,0,ACHR01014606.1/1804-1989,0
600,2,3,4,4,4,2,2,1,3,1,0,3,3,1,0,1,1,4,3,3,4,1,3,3,0,3,2,3,1,0,2,1,1,1,1,3,3,0,2,4,4,4,4,4,4,4,4,4,4,2,2,0,1,2,1,4,4,4,4,4,4,4,4,4,4,4,4,4,4,4,4,4,4,4,4,4,4,4,4,4,4,4,4,4,4,2,1,4,3,0,1,0,3,0,0,0,1,3,3,1,4,4,2,0,0,3,2,0,1,2,1,4,4,4,4,4,0,1,0,0,4,4,4,4,4,4,1,0,0,2,2,4,4,3,2,1,1,3,4,2,4,1,1,2,3,1,1,0,4,4,0,1,3,3,4,1,3,2,0,3,0,4,0,3,0,2,1,4,2,3,4,4,4,4,0,2,1,3,4,4,4,4,4,4,4,3,4,4,4,4,4,4,4,4,4,4,4,4,4,4,4,4,4,4,4,4,4,4,4,4,4,4,4,4,4,4,4,4,4,4,4,4,4,4,4,4,4,4,4,4,4,4,4,4,4,4,4,4,4,4,3,0,3,1,0,4,4,0,1,1,3,1,4,1,2,2,2,1,2,0,0,0,1,2,3,1,2,0,4,4,4,4,4,4,4,4,4,4,4,4,4,4,4,4,4,4,4,4,4,2,3,3,0,2,2,1,0,4,1,1,2,4,4,4,4,4,4,4,4,4,4,4,4,4,4,4,4,4,4,4,4,4,4,4,4,4,4,4,4,4,4,4,4,4,4,4,4,4,4,4,4,4,4,4,4,4,4,4,4,4,4,4,4,4,4,4,4,4,4,4,4,4,4,4,4,4,4,4,4,4,4,4,4,4,4,4,4,4,4,4,4,4,4,4,4,4,4,4,4,4,4,4,4,4,4,4,4,4,4,4,4,1,4,4,4,4,4,4,4,4,4,4,4,4,4,4,4,4,4,4,4,4,4,4,4,4,4,4,4,4,4,4,4,4,4,4,4,4,4,4,1,4,4,4,4,4,4,4,4,4,4,4,3,3,0,3,3,AFCN01001084.1/155-6,0
601,0,1,0,2,3,3,2,1,3,1,0,3,3,1,0,1,1,4,3,3,4,3,3,3,0,3,2,0,3,0,2,1,1,1,1,2,4,4,4,4,4,4,4,4,4,4,4,4,4,4,4,4,4,4,4,1,0,0,3,3,0,0,2,1,4,4,4,4,4,4,4,4,4,4,4,4,2,2,0,3,2,0,3,2,1,2,1,4,3,3,1,0,3,0,0,2,1,1,3,1,4,1,2,0,0,3,2,0,3,2,1,4,1,3,0,4,4,4,0,2,0,1,4,4,4,4,4,4,3,2,2,4,4,3,2,1,1,3,4,0,4,3,1,2,3,1,1,0,1,1,3,0,0,0,4,1,1,2,0,1,0,4,3,3,2,3,2,4,3,2,0,4,0,4,0,2,1,0,1,4,4,4,4,4,0,3,4,4,4,4,4,4,4,4,4,4,4,4,4,4,4,4,4,4,4,4,4,4,4,4,4,4,4,4,4,4,4,4,4,4,4,4,4,4,4,4,4,4,4,4,4,4,4,4,4,4,4,4,4,4,3,0,3,1,0,4,4,0,0,1,0,3,4,1,2,2,0,1,2,0,1,0,1,2,3,3,2,0,4,4,4,4,4,4,4,4,4,4,4,4,4,4,4,4,4,4,4,4,4,2,3,2,0,2,2,1,0,4,1,1,2,4,1,1,3,0,4,4,3,2,3,1,4,4,4,4,4,4,4,4,4,4,4,4,4,4,4,4,4,4,4,4,4,4,4,4,4,4,4,4,4,4,4,4,4,4,4,4,4,4,4,4,4,4,4,4,4,1,3,2,4,4,4,4,4,4,4,4,4,4,4,4,4,4,4,4,4,1,3,2,3,2,0,3,2,0,0,3,4,4,4,4,4,4,4,4,4,4,4,4,4,4,4,4,4,4,4,4,4,4,4,4,4,4,4,4,4,4,4,4,4,4,4,4,4,4,4,4,4,4,4,4,4,4,4,4,4,4,4,4,3,4,4,4,4,0,3,3,1,0,3,1,0,0,3,3,3,ADDC01000001.1/3378808-3379005,0
602,2,3,0,2,0,3,2,1,3,1,0,3,3,1,1,0,3,4,1,3,4,1,3,3,0,3,2,3,3,1,2,1,1,3,3,0,4,4,4,4,4,4,4,4,4,4,4,4,4,4,4,4,4,2,3,4,4,4,4,4,4,4,4,4,4,4,4,4,4,4,4,4,4,4,4,4,4,4,4,4,4,4,4,4,4,2,1,4,1,3,1,0,3,0,0,0,1,3,1,0,4,2,2,0,0,3,2,0,1,2,1,4,0,2,0,4,2,1,1,2,3,3,4,4,4,4,3,0,1,2,2,4,4,3,2,1,3,3,4,0,4,3,1,2,3,1,1,0,4,4,1,3,2,0,4,1,0,2,0,3,2,4,3,1,2,1,4,4,4,3,3,4,0,4,3,2,1,1,4,4,4,4,4,4,4,3,4,4,4,4,4,4,4,4,4,4,4,4,4,4,4,4,4,4,4,4,4,4,4,4,4,4,4,4,4,4,4,4,4,4,4,4,4,4,4,4,4,4,4,4,4,4,4,4,4,4,4,4,4,4,1,0,3,1,0,2,0,1,0,1,1,0,4,3,2,2,0,1,0,1,0,0,1,2,3,3,2,0,4,4,4,4,4,4,4,4,4,4,4,4,4,4,4,4,4,4,4,4,4,2,3,2,0,0,2,1,0,4,1,1,4,4,1,0,1,3,4,4,3,2,3,3,2,3,1,0,4,3,4,0,1,0,4,4,4,4,4,4,4,4,4,4,4,4,4,4,4,4,4,4,4,4,4,4,4,4,4,4,4,4,4,4,4,4,2,0,1,1,3,2,4,4,4,4,4,4,4,4,4,4,4,4,4,4,4,4,4,3,3,3,3,0,0,1,2,1,1,3,2,1,3,1,1,2,3,0,0,4,2,0,0,4,4,4,4,4,4,4,4,4,4,4,4,4,4,4,4,4,4,4,4,4,4,4,4,4,4,4,4,4,4,4,4,4,4,4,4,4,4,4,4,2,0,2,1,0,2,2,1,2,3,3,3,3,3,3,3,AEJY01000074.1/3757-3963,0
603,2,3,0,2,0,3,2,1,3,1,0,3,3,1,1,0,3,4,1,3,4,1,3,3,0,3,2,3,3,1,2,1,1,3,3,1,4,4,4,4,4,4,4,4,4,4,4,4,4,4,4,4,4,3,2,4,4,4,4,4,4,4,4,4,4,4,4,4,4,4,4,4,4,4,4,4,4,4,4,4,4,4,4,4,4,2,1,4,1,3,1,0,3,0,0,0,1,3,1,0,4,2,2,0,0,3,2,0,3,2,1,4,0,2,0,4,2,1,1,2,3,3,4,4,4,4,3,0,1,2,2,4,4,4,2,1,3,3,4,0,4,3,1,2,3,1,1,0,4,4,1,3,2,0,4,1,0,2,0,3,2,4,3,1,2,1,4,4,4,3,3,4,0,4,1,2,1,1,4,4,4,4,4,4,4,3,4,4,4,4,4,4,4,4,4,4,4,4,4,4,4,4,4,4,4,4,4,4,4,4,4,4,4,4,4,4,4,4,4,4,4,4,4,4,4,4,4,4,4,4,4,4,4,4,4,4,4,4,4,4,1,0,3,1,0,0,0,1,0,1,1,1,4,3,2,2,0,1,0,1,0,0,1,2,3,3,2,0,4,4,4,4,4,4,4,4,4,4,4,4,4,4,4,4,4,4,4,4,4,2,3,2,0,0,2,1,0,1,1,1,1,4,3,3,3,0,4,4,3,2,3,3,2,3,1,0,4,3,4,0,1,0,4,4,4,4,4,4,4,4,4,4,4,4,4,4,4,4,4,4,4,4,4,4,4,4,4,4,4,4,4,4,4,4,2,0,1,1,3,2,4,4,4,4,4,4,4,4,4,4,4,4,4,4,4,4,4,3,3,3,3,2,0,1,2,1,1,3,2,1,1,1,1,3,3,0,0,4,4,1,1,4,4,4,4,4,4,4,4,4,4,4,4,4,4,4,4,4,4,4,4,4,4,4,4,4,4,4,4,4,4,4,4,4,4,4,4,4,4,4,4,2,2,2,1,0,2,2,1,2,3,3,3,3,3,3,3,CAAZ01000080.1/8413-8619,0
604,2,3,0,2,0,3,2,1,3,1,0,3,3,1,1,0,3,4,1,3,4,1,3,3,0,3,2,3,3,1,2,1,1,3,3,0,4,4,4,4,4,4,4,4,4,4,4,4,4,4,4,4,4,2,3,4,4,4,4,4,4,4,4,4,4,4,4,4,4,4,4,4,4,4,4,4,4,4,4,4,4,4,4,4,4,2,1,4,1,3,1,0,3,0,0,0,1,3,1,1,4,2,2,0,0,3,2,0,1,2,1,4,0,2,0,4,2,1,1,2,3,3,4,4,4,4,3,0,1,2,2,4,4,3,2,1,3,3,4,0,4,3,1,2,3,1,1,0,4,4,1,3,2,0,4,1,0,2,0,3,2,4,3,1,2,1,4,4,4,3,3,4,0,4,3,2,1,1,4,4,4,4,4,4,4,3,4,4,4,4,4,4,4,4,4,4,4,4,4,4,4,4,4,4,4,4,4,4,4,4,4,4,4,4,4,4,4,4,4,4,4,4,4,4,4,4,4,4,4,4,4,4,4,4,4,4,4,4,4,4,1,0,3,1,0,2,0,1,0,1,1,0,4,3,2,2,0,1,0,1,0,0,1,2,3,3,2,0,4,4,4,4,4,4,4,4,4,4,4,4,4,4,4,4,4,4,4,4,4,2,3,2,0,0,2,1,0,4,1,1,4,4,1,0,1,3,4,4,3,2,3,3,2,3,1,0,4,3,4,0,1,0,4,4,4,4,4,4,4,4,4,4,4,4,4,4,4,4,4,4,4,4,4,4,4,4,4,4,4,4,4,4,4,4,2,0,1,1,3,2,4,4,4,4,4,4,4,4,4,4,4,4,4,4,4,4,4,3,3,3,3,0,0,1,2,1,1,3,2,1,3,1,1,2,3,0,0,4,3,0,0,4,4,4,4,4,4,4,4,4,4,4,4,4,4,4,4,4,4,4,4,4,4,4,4,4,4,4,4,4,4,4,4,4,4,4,4,4,4,4,4,2,0,2,1,0,2,2,1,2,3,3,3,3,3,3,3,ADUX01000936.1/3655-3861,0
605,2,3,0,2,0,3,2,1,3,1,0,3,3,1,1,0,3,4,1,3,4,1,3,3,0,3,2,3,3,1,2,1,1,3,3,0,4,4,4,4,4,4,4,4,4,4,4,4,4,4,4,4,4,2,3,4,4,4,4,4,4,4,4,4,4,4,4,4,4,4,4,4,4,4,4,4,4,4,4,4,4,4,4,4,4,2,1,4,1,3,1,0,3,0,0,0,1,3,1,1,4,2,2,0,0,3,2,0,1,2,1,4,0,2,0,4,2,1,1,2,3,3,4,4,4,4,3,0,1,2,2,4,4,3,2,1,3,3,4,0,4,3,1,2,3,1,1,0,4,4,1,3,2,0,4,1,0,2,0,3,2,4,3,1,2,1,4,4,4,3,3,4,0,4,3,2,1,1,4,4,4,4,4,4,4,3,4,4,4,4,4,4,4,4,4,4,4,4,4,4,4,4,4,4,4,4,4,4,4,4,4,4,4,4,4,4,4,4,4,4,4,4,4,4,4,4,4,4,4,4,4,4,4,4,4,4,4,4,4,4,1,0,3,1,0,2,0,1,0,1,1,0,4,3,2,2,0,1,0,1,0,0,1,2,3,3,2,0,4,4,4,4,4,4,4,4,4,4,4,4,4,4,4,4,4,4,4,4,4,2,3,2,0,0,2,1,0,4,1,1,4,4,1,0,1,3,4,4,3,2,3,3,2,3,1,0,4,3,4,0,1,0,4,4,4,4,4,4,4,4,4,4,4,4,4,4,4,4,4,4,4,4,4,4,4,4,4,4,4,4,4,4,4,4,2,0,1,1,3,2,4,4,4,4,4,4,4,4,4,4,4,4,4,4,4,4,4,3,3,3,3,0,0,1,2,1,1,3,2,1,3,1,1,2,3,0,0,4,3,0,0,4,4,4,4,4,4,4,4,4,4,4,4,4,4,4,4,4,4,4,4,4,4,4,4,4,4,4,4,4,4,4,4,4,4,4,4,4,4,4,4,2,0,2,1,0,2,2,1,2,3,3,3,3,3,3,3,CP000946.1/4645121-4644915,0
606,2,3,0,2,0,3,2,1,3,1,0,3,3,1,1,0,3,4,1,3,4,1,3,3,0,3,2,3,3,1,2,1,3,3,3,1,4,4,4,4,4,4,4,4,4,4,4,4,4,4,4,4,4,0,2,4,4,4,4,4,4,4,4,4,4,4,4,4,4,4,4,4,4,4,4,4,4,4,4,4,4,4,4,4,4,2,1,4,1,3,1,0,3,0,0,0,1,3,1,0,4,2,2,0,0,3,2,0,3,2,1,4,0,2,0,4,2,1,1,2,3,3,4,4,4,4,3,0,1,2,2,4,4,3,2,1,3,3,4,0,4,3,1,2,3,1,1,0,4,4,1,3,2,0,4,1,0,2,0,3,2,4,3,1,2,1,4,4,4,3,3,4,1,4,2,2,1,1,4,4,4,4,4,4,4,3,4,4,4,4,4,4,4,4,4,4,4,4,4,4,4,4,4,4,4,4,4,4,4,4,4,4,4,4,4,4,4,4,4,4,4,4,4,4,4,4,4,4,4,4,4,4,4,4,4,4,4,4,4,4,1,0,3,1,0,2,0,1,0,1,1,0,4,3,2,2,0,1,0,3,0,0,1,2,3,3,2,0,4,4,4,4,4,4,4,4,4,4,4,4,4,4,4,4,4,4,4,4,4,2,3,2,0,0,2,1,0,4,1,1,4,4,4,0,3,3,4,4,3,2,3,3,2,3,1,0,4,0,0,0,1,0,4,4,4,4,4,4,4,4,4,4,4,4,4,4,4,4,4,4,4,4,4,4,4,4,4,4,4,4,4,4,4,4,2,0,1,1,3,2,4,4,4,4,4,4,4,4,4,4,4,4,4,4,4,4,4,3,3,3,3,0,0,1,2,1,1,3,2,1,3,1,3,3,4,4,4,4,4,4,4,4,4,4,4,4,4,4,4,4,4,4,4,4,4,4,4,4,4,4,4,4,4,4,4,4,4,4,4,4,4,4,4,4,4,4,4,4,4,4,4,2,0,2,1,0,2,2,1,2,3,3,3,3,3,3,3,CP002272.1/4577742-4577542,0
607,2,3,0,2,0,3,2,1,3,1,0,3,1,3,1,0,1,4,3,3,4,1,3,3,0,3,2,0,1,0,2,1,2,4,4,4,4,4,4,4,4,4,4,4,4,4,4,4,4,4,4,4,4,0,0,4,4,4,4,4,4,4,4,4,4,4,4,4,4,4,4,4,4,4,4,4,4,4,4,4,4,4,4,4,4,2,1,4,3,3,1,0,3,0,0,0,1,1,1,0,4,2,0,2,0,3,2,0,1,2,1,4,0,0,0,4,2,1,1,2,0,3,4,4,4,3,0,3,1,2,2,4,4,3,2,1,1,3,4,0,4,3,3,2,3,1,1,0,4,0,1,3,4,4,4,3,0,2,0,3,2,4,0,3,1,0,0,4,2,0,2,4,1,4,3,1,0,3,1,1,3,1,3,3,0,1,4,4,4,4,4,4,4,4,4,4,4,4,4,4,4,4,4,4,4,4,4,4,4,4,4,4,4,4,4,4,4,4,4,4,4,4,4,4,4,4,4,4,4,4,4,4,4,4,4,4,4,4,4,4,1,0,3,1,0,4,4,0,1,2,0,0,4,1,2,2,2,1,2,0,0,0,1,2,3,3,2,0,4,4,4,4,4,4,4,4,4,4,4,4,4,4,4,4,4,4,4,4,4,2,3,2,0,2,2,1,0,4,1,1,4,4,0,3,1,1,4,4,4,4,4,4,2,3,1,3,4,2,4,3,4,0,4,4,4,4,4,4,4,4,4,4,4,4,4,4,4,4,4,4,4,4,4,4,4,4,4,4,4,4,4,4,4,4,2,0,1,1,3,2,0,3,4,4,4,4,4,4,4,4,4,4,4,4,3,2,3,0,3,3,3,3,0,1,0,1,1,3,2,1,1,3,3,4,4,4,4,4,4,4,4,4,4,4,4,4,4,4,4,4,4,4,4,4,4,4,4,4,4,4,4,4,4,4,4,4,4,4,4,4,4,4,4,4,4,4,4,4,4,4,4,2,3,2,1,0,2,2,3,2,3,3,3,3,3,3,3,ACCI02000081.1/211561-211358,0
608,2,3,0,2,0,3,2,1,3,1,0,3,1,1,1,0,1,4,3,3,4,0,3,3,0,3,2,0,1,0,2,1,3,3,2,2,1,1,0,3,3,0,0,4,4,2,2,1,3,0,0,3,3,3,0,4,4,4,4,4,4,4,4,4,4,4,4,4,4,4,4,4,4,4,4,4,4,4,4,4,4,4,4,4,4,2,1,4,3,3,1,0,3,0,0,0,1,1,1,0,4,2,2,2,0,3,2,0,1,2,1,4,0,2,0,4,2,1,1,2,0,3,4,4,3,3,3,0,2,0,2,4,4,3,2,1,1,3,4,0,4,3,3,2,3,1,1,0,4,3,2,3,0,0,4,1,1,2,0,3,2,4,3,3,2,0,2,4,3,0,0,4,3,4,2,3,4,4,4,4,4,4,4,4,4,4,4,4,4,4,4,4,4,4,4,4,4,4,4,4,4,4,4,4,4,4,4,4,4,4,4,4,4,4,4,4,4,4,4,4,4,4,4,4,4,4,4,4,4,4,4,4,4,4,4,4,4,4,4,4,1,0,3,1,0,4,4,1,0,3,0,1,4,1,2,2,2,1,0,3,0,0,1,2,3,3,2,0,4,4,4,4,4,4,4,4,4,4,4,4,4,4,4,4,4,4,4,4,4,2,3,2,0,2,2,1,0,4,1,3,2,4,0,3,0,3,4,4,3,2,3,3,2,3,1,3,4,0,4,3,1,4,4,4,4,4,4,4,4,4,4,4,4,4,4,4,4,4,4,4,4,4,4,4,4,4,4,4,4,4,4,4,4,4,2,0,1,1,3,2,0,0,4,4,4,4,4,4,4,4,4,4,4,4,0,0,3,3,3,3,0,2,0,1,0,1,3,3,2,1,1,1,3,3,3,3,4,4,4,4,4,4,4,4,4,4,4,4,4,4,4,4,4,4,4,4,4,4,4,4,4,4,4,4,4,4,4,4,4,4,4,4,4,4,4,4,4,4,4,4,4,1,2,2,1,0,0,2,3,2,3,3,3,3,3,3,3,ADDC01000001.1/2341859-2342081,0
609,2,3,0,2,0,3,2,1,3,1,0,3,3,1,1,0,3,4,1,3,4,1,3,3,0,3,2,3,3,1,2,1,1,3,3,0,4,4,4,4,4,4,4,4,4,4,4,4,4,4,4,4,4,2,3,4,4,4,4,4,4,4,4,4,4,4,4,4,4,4,4,4,4,4,4,4,4,4,4,4,4,4,4,4,4,2,1,4,1,3,1,0,3,0,0,0,1,3,1,1,4,2,2,0,0,3,2,0,1,2,1,4,0,2,0,4,2,1,1,2,3,3,4,4,4,4,3,0,1,2,2,4,4,3,2,1,3,3,4,0,4,3,1,2,3,1,1,0,4,4,1,3,2,0,4,1,0,2,0,3,2,4,3,1,2,1,4,4,4,3,3,4,0,4,3,2,1,1,4,4,4,4,4,4,4,3,4,4,4,4,4,4,4,4,4,4,4,4,4,4,4,4,4,4,4,4,4,4,4,4,4,4,4,4,4,4,4,4,4,4,4,4,4,4,4,4,4,4,4,4,4,4,4,4,4,4,4,4,4,4,1,0,3,1,0,2,0,1,0,1,1,0,4,3,2,2,0,1,0,1,0,0,1,2,3,3,2,0,4,4,4,4,4,4,4,4,4,4,4,4,4,4,4,4,4,4,4,4,4,2,3,2,0,0,2,1,0,4,1,1,4,4,1,0,1,3,4,4,3,2,3,3,2,3,1,0,4,3,4,0,1,0,4,4,4,4,4,4,4,4,4,4,4,4,4,4,4,4,4,4,4,4,4,4,4,4,4,4,4,4,4,4,4,4,2,0,1,1,3,2,4,4,4,4,4,4,4,4,4,4,4,4,4,4,4,4,4,3,3,3,3,0,0,1,2,1,1,3,2,1,3,1,1,2,3,0,0,4,3,0,0,4,4,4,4,4,4,4,4,4,4,4,4,4,4,4,4,4,4,4,4,4,4,4,4,4,4,4,4,4,4,4,4,4,4,4,4,4,4,4,4,2,0,2,1,0,2,2,1,2,3,3,3,3,3,3,3,AGTD01000001.1/4529906-4530112,0
610,2,3,0,2,0,3,2,1,3,1,0,3,3,1,1,0,3,4,1,3,4,1,3,3,0,3,2,3,3,1,2,1,1,3,3,0,4,4,4,4,4,4,4,4,4,4,4,4,4,4,4,4,4,2,3,4,4,4,4,4,4,4,4,4,4,4,4,4,4,4,4,4,4,4,4,4,4,4,4,4,4,4,4,4,4,2,1,4,1,3,1,0,3,0,0,0,1,3,1,1,4,2,2,0,0,3,2,0,1,2,1,4,0,2,0,4,2,1,1,2,3,3,4,4,4,4,3,0,1,2,2,4,4,3,2,1,3,3,4,0,4,3,1,2,3,1,1,0,4,4,1,3,2,0,4,1,0,2,0,3,2,4,3,1,2,1,4,4,4,3,3,4,0,4,3,2,1,1,4,4,4,4,4,4,4,3,4,4,4,4,4,4,4,4,4,4,4,4,4,4,4,4,4,4,4,4,4,4,4,4,4,4,4,4,4,4,4,4,4,4,4,4,4,4,4,4,4,4,4,4,4,4,4,4,4,4,4,4,4,4,1,0,3,1,0,2,0,1,0,1,1,0,4,3,2,2,0,1,0,1,0,0,1,2,3,3,2,0,4,4,4,4,4,4,4,4,4,4,4,4,4,4,4,4,4,4,4,4,4,2,3,2,0,0,2,1,0,4,1,1,4,4,1,0,1,3,4,4,3,2,3,3,2,3,1,0,4,3,4,0,1,0,4,4,4,4,4,4,4,4,4,4,4,4,4,4,4,4,4,4,4,4,4,4,4,4,4,4,4,4,4,4,4,4,2,0,1,1,3,2,4,4,4,4,4,4,4,4,4,4,4,4,4,4,4,4,4,3,3,3,3,0,0,1,2,1,1,3,2,1,3,1,1,2,3,0,0,4,3,0,0,4,4,4,4,4,4,4,4,4,4,4,4,4,4,4,4,4,4,4,4,4,4,4,4,4,4,4,4,4,4,4,4,4,4,4,4,4,4,4,4,2,0,2,1,0,2,2,1,2,3,3,3,3,3,3,3,AFAF01000021.1/722731-722525,0
611,2,3,4,4,4,2,2,1,3,1,0,3,3,1,0,1,1,4,2,0,4,1,3,3,0,3,2,3,1,0,2,1,1,1,1,3,3,1,2,4,4,4,4,4,4,4,4,4,4,2,2,0,1,2,3,4,4,4,4,4,4,4,4,4,4,4,4,4,4,4,4,4,4,4,4,4,4,4,4,4,4,4,4,4,4,2,1,4,3,0,1,0,3,0,0,0,0,3,3,1,4,4,2,0,0,3,2,0,1,2,1,4,4,4,4,4,0,1,0,0,4,4,4,4,4,4,1,0,0,2,2,4,4,3,2,1,1,3,4,2,4,1,1,2,3,1,1,0,4,4,0,1,3,3,4,1,3,2,0,3,0,4,3,1,0,2,4,4,4,1,3,4,3,4,0,2,1,3,4,4,4,4,4,4,4,0,4,4,4,4,4,4,4,4,4,4,4,4,4,4,4,4,4,4,4,4,4,4,4,4,4,4,4,4,4,4,4,4,4,4,4,4,4,4,4,4,4,4,4,4,4,4,4,4,4,4,4,4,4,4,3,0,3,1,0,4,4,0,1,1,1,3,4,1,2,2,2,1,2,0,0,0,1,2,3,1,2,0,4,4,4,4,4,4,4,4,4,4,4,4,4,4,4,4,4,4,4,4,4,2,3,3,0,2,2,1,0,4,1,1,2,4,1,1,3,3,4,4,4,0,3,3,4,4,4,4,4,4,4,4,4,4,4,4,4,4,4,4,4,4,4,4,4,4,4,4,4,4,4,4,4,4,4,4,4,4,4,4,4,4,4,4,4,4,4,4,4,1,1,0,4,4,4,4,4,4,4,4,4,4,4,4,4,4,4,4,4,3,0,0,1,0,0,0,2,1,1,2,2,2,4,4,3,1,0,3,4,4,4,4,3,4,4,4,4,4,4,4,4,4,4,4,4,4,4,4,4,4,4,4,4,4,4,4,4,4,4,4,4,4,4,4,4,4,4,4,4,4,4,4,4,4,4,1,1,1,2,2,1,3,3,3,2,3,3,2,3,AEKA01000153.1/23101-23285,0
612,2,1,0,2,3,2,2,1,3,1,0,3,3,1,0,1,1,4,3,3,4,1,3,3,0,3,2,3,1,0,2,1,1,1,1,3,3,1,2,4,4,4,4,4,4,4,4,4,4,2,2,0,0,2,1,4,4,4,4,4,4,4,4,4,4,4,4,4,4,4,4,4,4,4,4,4,4,4,4,4,4,4,4,4,4,2,1,4,3,0,1,0,3,0,0,0,1,3,3,1,4,4,2,0,0,3,2,0,1,2,1,0,1,0,0,4,0,1,4,4,4,4,4,4,4,4,4,4,0,2,2,4,4,3,2,1,1,3,4,2,4,1,1,2,3,1,1,0,4,4,0,1,3,1,4,1,3,2,0,3,0,4,0,1,0,2,4,4,4,1,3,4,1,4,3,2,1,3,4,4,4,4,4,4,4,3,4,4,4,4,4,4,4,4,4,4,4,4,4,4,4,4,4,4,4,4,4,4,4,4,4,4,4,4,4,4,4,4,4,4,4,4,4,4,4,4,4,4,4,4,4,4,4,4,4,4,4,4,4,4,3,0,3,1,0,4,4,2,3,1,0,3,4,1,2,2,2,1,2,0,0,0,1,2,3,1,2,0,4,4,4,4,4,4,4,4,4,4,4,4,4,4,4,4,4,4,4,4,4,2,3,0,0,2,2,1,0,4,1,1,2,4,1,1,3,1,4,4,0,3,3,1,4,4,4,4,4,4,4,4,4,4,4,4,4,4,4,4,4,4,4,4,4,4,4,4,4,4,4,4,4,4,4,4,4,4,4,4,4,4,4,4,4,4,4,4,4,1,3,3,4,4,4,4,4,4,4,4,4,4,4,4,4,4,4,4,4,0,0,3,0,0,0,2,2,1,0,2,2,1,3,3,3,0,4,4,4,4,4,4,4,4,4,4,4,4,4,4,4,4,4,4,4,4,4,4,4,4,4,4,4,4,4,4,4,4,4,4,4,4,4,4,4,4,4,4,4,4,4,4,4,2,0,2,1,1,3,2,1,1,3,3,3,0,3,3,2,AGFS01142717.1/977-788,0
613,2,1,0,2,3,2,2,1,3,1,0,3,3,1,0,1,1,4,2,0,4,1,3,3,0,3,2,3,1,0,2,1,1,1,1,3,3,1,2,4,4,4,4,4,4,4,4,4,4,2,2,0,1,2,3,4,4,4,4,4,4,4,4,4,4,4,4,4,4,4,4,4,4,4,4,4,4,4,4,4,4,4,4,4,4,2,1,4,3,0,1,0,3,0,0,0,0,3,3,1,4,4,2,0,0,3,2,0,1,2,1,4,0,1,0,4,0,1,4,4,4,4,4,4,4,4,4,0,0,2,2,4,4,3,2,1,1,3,4,2,4,1,1,2,3,1,1,0,4,4,0,1,3,3,4,1,3,2,0,3,0,4,3,1,0,2,1,4,2,3,0,4,4,4,4,2,1,3,4,4,4,4,4,4,4,0,4,4,4,4,4,4,4,4,4,4,4,4,4,4,4,4,4,4,4,4,4,4,4,4,4,4,4,4,4,4,4,4,4,4,4,4,4,4,4,4,4,4,4,4,4,4,4,4,4,4,4,4,4,4,3,0,3,1,0,4,4,0,1,1,0,3,4,1,2,2,2,1,2,0,0,0,1,2,3,1,2,0,4,4,4,4,4,4,4,4,4,4,4,4,4,4,4,4,4,4,4,4,4,2,3,3,0,2,2,1,0,4,1,1,2,4,1,1,3,3,4,4,4,0,3,3,4,4,4,4,4,4,4,4,4,4,4,4,4,4,4,4,4,4,4,4,4,4,4,4,4,4,4,4,4,4,4,4,4,4,4,4,4,4,4,4,4,4,4,4,4,1,1,0,4,4,4,4,4,4,4,4,4,4,4,4,4,4,4,4,4,3,0,0,1,0,0,0,2,1,1,2,2,2,4,4,3,0,0,3,4,4,4,4,3,4,4,4,4,4,4,4,4,4,4,4,4,4,4,4,4,4,4,4,4,4,4,4,4,4,4,4,4,4,4,4,4,4,4,4,4,4,4,4,4,4,4,1,1,1,2,2,1,3,3,3,2,3,3,2,3,AERO01000062.1/19561-19374,0
614,2,3,4,4,4,2,2,1,3,1,0,3,3,1,0,1,1,4,3,3,4,1,3,3,0,3,2,3,1,0,2,1,1,1,1,3,3,1,2,4,4,4,4,4,4,4,4,4,4,2,2,0,1,2,3,4,4,4,4,4,4,4,4,4,4,4,4,4,4,4,4,4,4,4,4,4,4,4,4,4,4,4,4,4,4,2,1,4,3,0,1,0,3,0,0,0,1,3,3,1,4,4,2,0,0,3,2,0,1,2,1,4,4,4,4,4,0,1,0,0,4,4,4,4,4,4,1,0,0,2,2,4,4,3,2,1,1,3,4,2,4,1,1,2,3,1,1,0,4,4,0,1,0,3,4,1,3,2,0,3,0,4,3,3,0,2,1,4,0,3,3,4,2,4,1,4,3,1,4,4,4,4,4,4,4,0,4,4,4,4,4,4,4,4,4,4,4,4,4,4,4,4,4,4,4,4,4,4,4,4,4,4,4,4,4,4,4,4,4,4,4,4,4,4,4,4,4,4,4,4,4,4,4,4,4,4,4,4,4,4,3,0,3,1,0,4,4,0,1,1,3,1,4,1,2,2,2,1,2,0,0,0,1,2,3,1,2,0,4,4,4,4,4,4,4,4,4,4,4,4,4,4,4,4,4,4,4,4,4,2,3,3,0,2,2,1,0,4,1,1,2,4,1,1,3,3,4,4,4,0,3,3,4,4,4,4,4,4,4,4,4,4,4,4,4,4,4,4,4,4,4,4,4,4,4,4,4,4,4,4,4,4,4,4,4,4,4,4,4,4,4,4,4,4,4,4,4,1,1,0,4,4,4,4,4,4,4,4,4,4,4,4,4,4,4,4,4,3,0,0,1,0,0,0,2,1,1,2,2,2,4,4,3,3,0,0,4,4,4,4,3,4,4,4,4,4,4,4,4,4,4,4,4,4,4,4,4,4,4,4,4,4,4,4,4,4,4,4,4,4,4,4,4,4,4,4,4,4,4,4,4,4,4,1,1,1,2,2,1,3,3,3,2,3,3,2,3,ACDJ01000016.1/20811-20626,0
615,2,1,0,2,3,2,2,1,3,1,0,3,3,1,0,1,1,4,2,0,4,1,3,3,0,3,2,3,1,0,2,1,1,1,1,3,3,1,2,4,4,4,4,4,4,4,4,4,4,2,2,0,1,2,3,4,4,4,4,4,4,4,4,4,4,4,4,4,4,4,4,4,4,4,4,4,4,4,4,4,4,4,4,4,4,2,1,4,3,0,1,0,3,0,0,0,0,3,3,1,4,4,2,0,0,3,2,0,1,2,1,4,0,1,0,4,0,1,4,4,4,4,4,4,4,4,4,0,0,2,2,4,4,3,2,1,1,3,4,2,4,1,1,2,3,1,1,0,4,4,0,1,3,3,4,1,3,2,0,3,0,4,3,1,0,2,1,4,2,3,0,4,4,4,4,2,1,3,4,4,4,4,4,4,4,0,4,4,4,4,4,4,4,4,4,4,4,4,4,4,4,4,4,4,4,4,4,4,4,4,4,4,4,4,4,4,4,4,4,4,4,4,4,4,4,4,4,4,4,4,4,4,4,4,4,4,4,4,4,4,3,0,3,1,0,4,4,0,1,1,0,3,4,1,2,2,2,1,2,0,0,0,1,2,3,1,2,0,4,4,4,4,4,4,4,4,4,4,4,4,4,4,4,4,4,4,4,4,4,2,3,3,0,2,2,1,0,4,1,1,2,4,1,1,3,3,4,4,4,0,3,3,4,4,4,4,4,4,4,4,4,4,4,4,4,4,4,4,4,4,4,4,4,4,4,4,4,4,4,4,4,4,4,4,4,4,4,4,4,4,4,4,4,4,4,4,4,1,1,0,4,4,4,4,4,4,4,4,4,4,4,4,4,4,4,4,4,3,0,0,1,0,0,0,2,1,1,2,2,2,4,4,3,0,0,3,4,4,4,4,3,4,4,4,4,4,4,4,4,4,4,4,4,4,4,4,4,4,4,4,4,4,4,4,4,4,4,4,4,4,4,4,4,4,4,4,4,4,4,4,4,4,4,1,1,1,2,2,1,3,3,3,2,3,3,2,3,AM946981.2/2557141-2556954,0
616,2,3,4,4,4,2,2,1,3,1,0,3,3,1,0,1,1,4,3,3,4,1,3,3,0,3,2,3,1,0,2,1,1,1,1,3,3,1,2,4,4,4,4,4,4,4,4,4,4,2,2,0,1,2,3,4,4,4,4,4,4,4,4,4,4,4,4,4,4,4,4,4,4,4,4,4,4,4,4,4,4,4,4,4,4,2,1,4,3,0,1,0,3,0,0,0,1,3,3,1,4,4,2,0,0,3,2,0,1,2,1,4,4,4,4,4,0,1,0,0,4,4,4,4,4,4,1,0,0,2,2,4,4,3,2,1,1,3,4,2,4,1,1,2,3,1,1,0,4,4,0,1,0,3,4,1,3,2,0,3,0,4,3,3,0,2,1,4,2,0,0,4,2,4,1,3,4,1,4,4,4,4,4,4,4,0,4,4,4,4,4,4,4,4,4,4,4,4,4,4,4,4,4,4,4,4,4,4,4,4,4,4,4,4,4,4,4,4,4,4,4,4,4,4,4,4,4,4,4,4,4,4,4,4,4,4,4,4,4,4,3,0,3,1,0,4,4,0,1,1,3,1,4,1,2,2,2,1,2,0,0,0,1,2,3,1,2,0,4,4,4,4,4,4,4,4,4,4,4,4,4,4,4,4,4,4,4,4,4,2,3,3,0,2,2,1,0,4,1,1,2,4,1,1,3,3,4,4,4,0,3,3,4,4,4,4,4,4,4,1,1,0,4,4,4,4,4,4,4,4,4,4,4,4,4,4,4,4,4,4,4,4,4,4,4,4,4,4,4,4,4,4,4,4,4,4,4,1,4,4,4,4,4,4,4,4,4,4,4,4,4,4,4,4,4,4,4,4,4,0,0,1,0,0,0,2,1,1,2,2,2,3,3,0,0,4,4,4,4,4,4,4,4,4,4,4,4,4,4,4,4,4,4,4,4,4,4,4,4,4,4,4,4,4,4,4,4,4,4,4,4,4,4,4,4,4,4,4,4,4,4,3,1,1,1,2,2,1,3,3,3,2,3,3,2,3,0,AEQT01000009.1/41113-40927,0
617,2,3,0,2,0,3,2,1,3,1,0,3,1,1,1,0,1,4,3,3,4,0,3,3,0,3,2,0,3,0,2,1,1,3,2,2,3,3,3,3,3,0,3,4,4,0,2,1,1,0,0,3,3,3,0,4,4,4,4,4,4,4,4,4,4,4,4,4,4,4,4,4,4,4,4,4,4,4,4,4,4,4,4,4,4,2,1,4,3,3,1,0,3,0,0,0,1,1,1,0,4,2,2,2,0,3,2,0,1,2,1,4,0,2,0,4,2,1,1,2,0,3,4,4,3,3,3,0,2,2,2,4,4,3,2,1,1,3,4,0,4,3,3,2,3,1,1,0,4,3,2,3,0,0,4,0,1,2,0,3,2,4,3,3,2,0,0,4,3,0,3,4,1,4,3,3,4,4,4,4,4,4,4,4,4,4,4,4,4,4,4,4,4,4,4,4,4,4,4,4,4,4,4,4,4,4,4,4,4,4,4,4,4,4,4,4,4,4,4,4,4,4,4,4,4,4,4,4,4,4,4,4,4,4,4,4,4,4,4,4,1,0,3,1,0,4,4,1,0,3,0,1,4,1,2,2,2,1,0,3,0,0,1,2,3,3,2,0,4,4,4,4,4,4,4,4,4,4,4,4,4,4,4,4,4,4,4,4,4,2,3,2,0,2,2,1,0,4,1,1,2,4,0,1,0,3,4,4,3,2,3,3,2,3,1,3,4,2,4,3,4,0,4,4,4,4,4,4,4,4,4,4,4,4,4,4,4,4,4,4,4,4,4,4,4,4,4,4,4,4,4,4,4,4,2,0,1,1,3,2,0,0,4,4,4,4,4,4,4,4,4,4,4,4,0,0,3,3,3,1,0,2,0,1,2,1,3,3,2,1,1,1,3,3,0,3,4,4,4,4,4,4,4,4,4,4,4,4,4,4,4,4,4,4,4,4,4,4,4,4,4,4,4,4,4,4,4,4,4,4,4,4,4,4,4,4,4,4,4,4,4,1,2,2,1,0,0,2,1,2,3,3,3,3,3,3,3,AGQO01000027.1/328-106,0
618,2,3,0,2,0,3,2,1,3,1,0,3,3,1,1,0,3,4,1,3,4,1,3,3,0,3,2,3,3,1,2,1,1,3,3,0,4,4,4,4,4,4,4,4,4,4,4,4,4,4,4,4,4,2,3,4,4,4,4,4,4,4,4,4,4,4,4,4,4,4,4,4,4,4,4,4,4,4,4,4,4,4,4,4,4,2,1,4,1,3,1,0,3,0,0,0,1,3,1,1,4,2,2,0,0,3,2,0,1,2,1,4,0,2,0,4,2,1,1,2,3,3,4,4,4,4,3,0,1,2,2,4,4,3,2,1,3,3,4,0,4,3,1,2,3,1,1,0,4,4,1,3,2,0,4,1,0,2,0,3,2,4,3,1,2,1,4,4,4,3,3,4,0,4,3,2,1,1,4,4,4,4,4,4,4,3,4,4,4,4,4,4,4,4,4,4,4,4,4,4,4,4,4,4,4,4,4,4,4,4,4,4,4,4,4,4,4,4,4,4,4,4,4,4,4,4,4,4,4,4,4,4,4,4,4,4,4,4,4,4,1,0,3,1,0,2,0,1,0,1,1,0,4,3,2,2,0,1,0,1,0,0,1,2,3,3,2,0,4,4,4,4,4,4,4,4,4,4,4,4,4,4,4,4,4,4,4,4,4,2,3,2,0,0,2,1,0,4,1,1,4,4,1,0,1,3,4,4,3,2,3,3,2,3,1,0,4,3,4,0,1,0,4,4,4,4,4,4,4,4,4,4,4,4,4,4,4,4,4,4,4,4,4,4,4,4,4,4,4,4,4,4,4,4,2,0,1,1,3,2,4,4,4,4,4,4,4,4,4,4,4,4,4,4,4,4,4,3,3,3,3,0,0,1,2,1,1,3,2,1,3,1,1,2,3,0,0,4,3,0,0,4,4,4,4,4,4,4,4,4,4,4,4,4,4,4,4,4,4,4,4,4,4,4,4,4,4,4,4,4,4,4,4,4,4,4,4,4,4,4,4,2,0,2,1,0,2,2,1,2,3,3,3,3,3,3,3,U00096.2/3984455-3984661,0
619,2,3,4,4,4,2,2,1,3,1,0,3,3,1,0,1,1,4,2,0,4,1,3,3,0,3,2,3,1,0,2,1,1,1,1,3,3,1,2,4,4,4,4,4,4,4,4,4,4,2,2,0,1,2,3,4,4,4,4,4,4,4,4,4,4,4,4,4,4,4,4,4,4,4,4,4,4,4,4,4,4,4,4,4,4,2,1,4,3,0,1,0,3,0,0,0,0,3,3,1,4,4,2,0,0,3,2,0,1,2,1,4,4,4,4,4,0,1,0,0,4,4,4,4,4,4,1,0,0,2,2,4,4,3,2,1,1,3,4,2,4,1,1,2,3,1,1,0,4,4,0,1,3,3,4,1,3,2,0,3,0,4,3,1,0,2,1,4,2,3,0,4,4,4,4,2,1,3,4,4,4,4,4,4,4,0,4,4,4,4,4,4,4,4,4,4,4,4,4,4,4,4,4,4,4,4,4,4,4,4,4,4,4,4,4,4,4,4,4,4,4,4,4,4,4,4,4,4,4,4,4,4,4,4,4,4,4,4,4,4,3,0,3,1,0,4,4,0,1,1,1,3,4,1,2,2,2,1,2,0,0,0,1,2,3,1,2,0,4,4,4,4,4,4,4,4,4,4,4,4,4,4,4,4,4,4,4,4,4,2,3,3,0,2,2,1,0,4,1,1,2,4,1,1,3,3,4,4,4,0,3,3,4,4,4,4,4,4,4,4,4,4,4,4,4,4,4,4,4,4,4,4,4,4,4,4,4,4,4,4,4,4,4,4,4,4,4,4,4,4,4,4,4,4,4,4,4,1,1,0,4,4,4,4,4,4,4,4,4,4,4,4,4,4,4,4,4,3,0,0,1,0,0,0,2,1,1,2,2,2,4,4,3,1,0,3,4,4,4,4,3,4,4,4,4,4,4,4,4,4,4,4,4,4,4,4,4,4,4,4,4,4,4,4,4,4,4,4,4,4,4,4,4,4,4,4,4,4,4,4,4,4,4,1,1,1,2,2,1,3,3,3,2,3,3,2,3,CP000970.1/2786539-2786355,0
620,2,3,0,2,0,3,2,1,3,1,0,3,3,1,1,0,3,4,1,3,4,1,3,3,0,3,2,3,3,1,2,1,1,3,3,0,4,4,4,4,4,4,4,4,4,4,4,4,4,4,4,4,4,2,3,4,4,4,4,4,4,4,4,4,4,4,4,4,4,4,4,4,4,4,4,4,4,4,4,4,4,4,4,4,4,2,1,4,1,3,1,0,3,0,0,0,1,3,1,1,4,2,2,0,0,3,2,0,1,2,1,4,0,2,0,4,2,1,1,2,3,3,4,4,4,4,3,0,1,2,2,4,4,3,2,1,3,3,4,0,4,3,1,2,3,1,1,0,4,4,1,3,2,0,4,1,0,2,0,3,2,4,3,1,2,1,4,4,4,3,3,4,0,4,3,2,1,1,4,4,4,4,4,4,4,3,4,4,4,4,4,4,4,4,4,4,4,4,4,4,4,4,4,4,4,4,4,4,4,4,4,4,4,4,4,4,4,4,4,4,4,4,4,4,4,4,4,4,4,4,4,4,4,4,4,4,4,4,4,4,1,0,3,1,0,2,0,1,0,1,1,0,4,3,2,2,0,1,0,1,0,0,1,2,3,3,2,0,4,4,4,4,4,4,4,4,4,4,4,4,4,4,4,4,4,4,4,4,4,2,3,2,0,0,2,1,0,4,1,1,4,4,1,0,1,3,4,4,3,2,3,3,2,3,1,0,4,3,4,0,1,0,4,4,4,4,4,4,4,4,4,4,4,4,4,4,4,4,4,4,4,4,4,4,4,4,4,4,4,4,4,4,4,4,2,0,1,1,3,2,4,4,4,4,4,4,4,4,4,4,4,4,4,4,4,4,4,3,3,3,3,0,0,1,2,1,1,3,2,1,3,1,1,2,3,0,0,4,3,0,0,4,4,4,4,4,4,4,4,4,4,4,4,4,4,4,4,4,4,4,4,4,4,4,4,4,4,4,4,4,4,4,4,4,4,4,4,4,4,4,4,2,0,2,1,0,2,2,1,2,3,3,3,3,3,3,3,FM180568.1/4282111-4282317,0
621,2,1,0,2,0,4,4,4,4,4,4,4,4,4,4,4,4,4,4,4,4,4,4,4,4,4,4,4,4,4,4,4,4,4,4,4,4,4,4,4,4,4,4,4,4,4,4,4,4,4,4,4,4,4,4,4,4,4,4,4,4,4,4,4,4,4,4,4,4,4,4,4,4,4,4,4,4,4,4,4,4,4,4,4,4,4,4,4,4,4,4,4,4,4,4,4,4,4,4,4,4,4,4,4,4,4,4,4,4,4,4,4,4,4,4,4,2,3,1,1,2,3,4,4,4,3,3,0,1,2,2,4,4,3,2,1,3,3,4,0,4,3,1,2,3,1,1,0,4,4,1,3,2,0,4,1,0,2,0,3,2,4,3,1,2,1,4,4,4,3,3,4,1,4,2,2,1,1,4,4,4,4,4,4,4,3,4,4,4,4,4,4,4,4,4,4,4,4,4,4,4,4,4,4,4,4,4,4,4,4,4,4,4,4,4,4,4,4,4,4,4,4,4,4,4,4,4,4,4,4,4,4,4,4,4,4,4,4,4,4,1,0,3,1,0,0,0,1,0,1,1,0,4,3,2,2,0,1,0,1,0,0,1,2,3,3,2,0,4,4,4,4,4,4,4,4,4,4,4,4,4,4,4,4,4,4,4,4,4,2,3,2,0,0,2,1,0,4,1,1,0,4,0,0,3,0,4,4,3,2,3,3,2,3,1,3,4,3,4,0,1,0,4,4,4,4,4,4,4,4,4,4,4,4,4,4,4,4,4,4,4,4,4,4,4,4,4,4,4,4,4,4,4,4,2,0,1,1,3,2,4,4,4,4,4,4,4,4,4,4,4,4,4,4,4,4,4,3,3,3,3,0,0,1,2,1,1,3,2,1,3,3,3,3,0,4,4,4,4,4,4,4,4,4,4,4,4,4,4,4,4,4,4,4,4,4,4,4,4,4,4,4,4,4,4,4,4,4,4,4,4,4,4,4,4,4,4,4,4,4,4,3,0,2,1,0,2,2,1,2,3,3,3,3,3,3,3,AGFS01111463.1/489-344,0
622,2,3,4,4,4,2,2,1,3,1,0,3,3,1,0,1,1,4,3,3,4,1,3,3,0,3,2,3,1,0,2,1,1,1,1,3,3,1,2,4,4,4,4,4,4,4,4,4,4,2,2,0,1,2,1,4,4,4,4,4,4,4,4,4,4,4,4,4,4,4,4,4,4,4,4,4,4,4,4,4,4,4,4,4,4,2,1,4,3,0,1,0,3,0,0,0,1,3,3,1,4,4,2,0,0,3,2,0,1,2,1,4,4,4,4,4,0,1,0,0,0,1,4,4,4,4,4,4,0,2,2,4,4,3,2,1,1,3,4,2,4,1,1,2,3,1,1,0,4,4,0,1,3,1,4,1,3,2,0,3,0,4,0,1,0,2,4,4,4,1,1,4,3,4,2,2,1,3,4,4,4,4,4,4,4,3,4,4,4,4,4,4,4,4,4,4,4,4,4,4,4,4,4,4,4,4,4,4,4,4,4,4,4,4,4,4,4,4,4,4,4,4,4,4,4,4,4,4,4,4,4,4,4,4,4,4,4,4,4,4,3,0,3,1,0,4,4,2,0,1,0,3,4,1,2,2,2,1,2,0,0,0,1,2,3,1,2,0,4,4,4,4,4,4,4,4,4,4,4,4,4,4,4,4,4,4,4,4,4,2,3,0,0,2,2,1,0,4,1,1,2,4,1,1,3,1,4,4,0,3,3,1,4,4,4,4,4,4,4,4,4,4,4,4,4,4,4,4,4,4,4,4,4,4,4,4,4,4,4,4,4,4,4,4,4,4,4,4,4,4,4,4,4,4,4,4,4,1,3,2,4,4,4,4,4,4,4,4,4,4,4,4,4,4,4,4,4,4,0,0,1,0,0,0,2,1,1,0,2,2,1,1,3,3,2,4,4,4,4,4,4,4,4,4,4,4,4,4,4,4,4,4,4,4,4,4,4,4,4,4,4,4,4,4,4,4,4,4,4,4,4,4,4,4,4,4,4,4,4,4,4,1,2,1,1,3,2,2,1,3,3,3,2,3,3,2,3,AFBO01000484.1/22117-22303,0
623,2,3,4,4,4,2,2,1,3,1,0,3,3,1,0,1,1,4,2,0,4,1,3,3,0,3,2,3,1,0,2,1,1,1,1,3,3,1,2,4,4,4,4,4,4,4,4,4,4,2,2,0,1,2,3,4,4,4,4,4,4,4,4,4,4,4,4,4,4,4,4,4,4,4,4,4,4,4,4,4,4,4,4,4,4,2,1,4,3,0,1,0,3,0,0,0,0,3,0,1,4,4,2,0,0,3,2,0,1,2,1,4,4,4,4,4,0,1,0,0,4,4,4,4,4,4,1,0,0,2,2,4,4,3,2,1,1,3,4,2,4,1,1,2,3,1,1,0,4,4,0,1,3,3,4,1,3,2,0,3,0,4,3,1,0,2,1,4,2,3,0,4,4,4,4,2,1,3,4,4,4,4,4,4,4,0,4,4,4,4,4,4,4,4,4,4,4,4,4,4,4,4,4,4,4,4,4,4,4,4,4,4,4,4,4,4,4,4,4,4,4,4,4,4,4,4,4,4,4,4,4,4,4,4,4,4,4,4,4,4,3,0,3,1,0,4,4,0,1,1,0,3,4,1,2,2,2,1,2,0,0,0,1,2,3,1,2,0,4,4,4,4,4,4,4,4,4,4,4,4,4,4,4,4,4,4,4,4,4,2,3,3,0,2,2,1,0,4,1,1,2,4,1,1,3,3,4,4,4,0,3,3,4,4,4,4,4,4,4,4,4,4,4,4,4,4,4,4,4,4,4,4,4,4,4,4,4,4,4,4,4,4,4,4,4,4,4,4,4,4,4,4,4,4,4,4,4,1,1,0,4,4,4,4,4,4,4,4,4,4,4,4,4,4,4,4,4,3,0,0,1,0,0,0,2,1,1,2,2,2,4,4,3,0,0,3,4,4,4,4,3,4,4,4,4,4,4,4,4,4,4,4,4,4,4,4,4,4,4,4,4,4,4,4,4,4,4,4,4,4,4,4,4,4,4,4,4,4,4,4,4,4,4,1,1,1,2,2,1,3,3,3,2,3,3,2,3,AELD01000014.1/36018-36202,0
624,2,3,0,2,0,3,2,1,3,1,0,3,3,1,1,0,3,4,1,3,4,1,3,3,0,3,2,3,3,1,2,1,1,3,3,1,4,4,4,4,4,4,4,4,4,4,4,4,4,4,4,4,4,3,2,4,4,4,4,4,4,4,4,4,4,4,4,4,4,4,4,4,4,4,4,4,4,4,4,4,4,4,4,4,4,2,1,4,1,3,1,0,3,0,0,0,1,3,1,0,4,2,2,0,0,3,2,0,3,2,1,4,0,2,0,4,2,1,1,2,3,3,4,4,4,4,3,0,1,2,2,4,4,3,2,1,3,3,4,0,4,3,1,2,3,1,1,0,4,4,1,3,2,0,4,1,0,2,0,3,2,4,3,1,2,1,4,4,4,3,3,4,0,4,1,2,1,1,4,4,4,4,4,4,4,3,4,4,4,4,4,4,4,4,4,4,4,4,4,4,4,4,4,4,4,4,4,4,4,4,4,4,4,4,4,4,4,4,4,4,4,4,4,4,4,4,4,4,4,4,4,4,4,4,4,4,4,4,4,4,1,0,3,1,0,0,0,1,0,1,1,1,4,3,2,2,0,1,0,1,0,0,1,2,3,3,2,0,4,4,4,4,4,4,4,4,4,4,4,4,4,4,4,4,4,4,4,4,4,2,3,2,0,0,2,1,0,4,1,1,1,4,1,3,3,3,4,0,3,2,3,3,2,3,1,0,4,3,4,0,1,0,4,4,4,4,4,4,4,4,4,4,4,4,4,4,4,4,4,4,4,4,4,4,4,4,4,4,4,4,4,4,4,4,2,0,1,1,3,2,4,4,4,4,4,4,4,4,4,4,4,4,4,4,4,4,4,3,3,3,3,2,0,1,2,1,1,3,2,1,1,1,1,3,3,0,0,4,4,1,1,4,4,4,4,4,4,4,4,4,4,4,4,4,4,4,4,4,4,4,4,4,4,4,4,4,4,4,4,4,4,4,4,4,4,4,4,4,4,4,4,2,2,2,1,0,2,2,1,2,3,3,3,3,3,3,3,AETA01000042.1/39709-39916,0
625,2,1,0,2,3,2,2,1,3,1,0,3,3,1,0,1,1,4,2,0,4,1,3,3,0,3,2,3,1,0,2,1,1,1,1,3,3,1,2,4,4,4,4,4,4,4,4,4,4,2,2,0,1,2,3,4,4,4,4,4,4,4,4,4,4,4,4,4,4,4,4,4,4,4,4,4,4,4,4,4,4,4,4,4,4,2,1,4,3,0,1,0,3,0,0,0,0,3,3,1,4,4,2,0,0,3,2,0,1,2,1,4,0,1,0,4,0,1,4,4,4,4,4,4,4,4,4,0,0,2,2,4,4,3,2,1,1,3,4,2,4,1,1,2,3,1,1,0,4,4,0,1,3,3,4,1,3,2,0,3,0,4,3,1,0,2,1,4,2,3,0,4,4,4,4,2,1,3,4,4,4,4,4,4,4,0,4,4,4,4,4,4,4,4,4,4,4,4,4,4,4,4,4,4,4,4,4,4,4,4,4,4,4,4,4,4,4,4,4,4,4,4,4,4,4,4,4,4,4,4,4,4,4,4,4,4,4,4,4,4,3,0,3,1,0,4,4,0,1,1,0,3,4,1,2,2,2,1,2,0,0,0,1,2,3,1,2,0,4,4,4,4,4,4,4,4,4,4,4,4,4,4,4,4,4,4,4,4,4,2,3,3,0,2,2,1,0,4,1,1,2,4,1,1,4,3,4,4,3,0,3,3,4,4,4,4,4,4,4,4,4,4,4,4,4,4,4,4,4,4,4,4,4,4,4,4,4,4,4,4,4,4,4,4,4,4,4,4,4,4,4,4,4,4,4,4,4,1,1,2,4,4,4,4,4,4,4,4,4,4,4,4,4,4,4,4,4,3,0,0,1,0,0,0,2,1,1,2,2,2,4,4,3,0,0,3,4,4,4,4,3,4,4,4,4,4,4,4,4,4,4,4,4,4,4,4,4,4,4,4,4,4,4,4,4,4,4,4,4,4,4,4,4,4,4,4,4,4,4,4,4,4,4,1,1,1,2,2,1,3,3,3,2,3,3,2,3,ADUL01000051.1/69456-69269,0
626,2,3,0,2,0,3,2,1,3,1,0,3,3,1,1,0,3,4,1,3,4,1,3,3,0,3,2,3,3,1,2,1,1,3,3,1,4,4,4,4,4,4,4,4,4,4,4,4,4,4,4,4,4,3,2,4,4,4,4,4,4,4,4,4,4,4,4,4,4,4,4,4,4,4,4,4,4,4,4,4,4,4,4,4,4,2,1,4,1,3,1,0,3,0,0,0,1,3,1,0,4,2,2,0,0,3,2,0,3,2,1,4,0,2,0,4,2,1,1,2,3,3,4,4,4,4,3,0,1,2,2,4,4,3,2,1,3,3,4,0,4,3,1,2,3,1,1,0,4,4,1,3,2,0,4,1,0,2,0,3,2,4,3,1,2,1,4,4,4,3,3,4,0,4,1,2,1,1,4,4,4,4,4,4,4,3,4,4,4,4,4,4,4,4,4,4,4,4,4,4,4,4,4,4,4,4,4,4,4,4,4,4,4,4,4,4,4,4,4,4,4,4,4,4,4,4,4,4,4,4,4,4,4,4,4,4,4,4,4,4,1,0,3,1,0,0,0,1,0,1,1,1,4,3,2,2,0,1,0,1,0,0,1,2,3,3,2,0,4,4,4,4,4,4,4,4,4,4,4,4,4,4,4,4,4,4,4,4,4,2,3,2,0,0,2,1,0,4,1,1,1,4,1,3,3,3,4,0,3,2,3,3,2,3,1,0,4,3,4,0,1,0,4,4,4,4,4,4,4,4,4,4,4,4,4,4,4,4,4,4,4,4,4,4,4,4,4,4,4,4,4,4,4,4,2,0,1,1,3,2,4,4,4,4,4,4,4,4,4,4,4,4,4,4,4,4,4,3,3,3,3,2,0,1,2,1,1,3,2,1,1,1,1,3,3,0,0,4,4,1,1,4,4,4,4,4,4,4,4,4,4,4,4,4,4,4,4,4,4,4,4,4,4,4,4,4,4,4,4,4,4,4,4,4,4,4,4,4,4,4,4,2,2,2,1,0,2,2,1,2,3,3,3,3,3,3,3,ABAO01000030.1/334-541,0
627,2,3,0,2,0,3,2,1,3,1,0,3,1,1,1,0,1,4,3,3,4,0,3,3,0,3,2,0,1,0,2,1,3,3,2,2,1,1,0,3,3,0,0,4,4,2,2,1,3,0,0,3,3,3,0,4,4,4,4,4,4,4,4,4,4,4,4,4,4,4,4,4,4,4,4,4,4,4,4,4,4,4,4,4,4,2,1,4,3,3,1,0,3,0,0,0,1,1,1,0,4,2,2,2,0,3,2,0,1,2,1,4,0,2,0,4,2,1,1,2,0,3,4,4,3,3,3,0,2,0,2,4,4,3,2,1,1,3,4,0,4,3,3,2,3,1,1,0,4,3,2,3,0,0,4,1,1,2,0,3,2,4,3,3,2,0,2,4,3,0,0,4,3,4,2,3,4,4,4,4,4,4,4,4,4,4,4,4,4,4,4,4,4,4,4,4,4,4,4,4,4,4,4,4,4,4,4,4,4,4,4,4,4,4,4,4,4,4,4,4,4,4,4,4,4,4,4,4,4,4,4,4,4,4,4,4,4,4,4,4,1,0,3,1,0,4,4,1,0,3,0,1,4,1,2,2,2,1,0,3,0,0,1,2,3,3,2,0,4,4,4,4,4,4,4,4,4,4,4,4,4,4,4,4,4,4,4,4,4,2,3,2,0,2,2,1,0,4,1,3,2,4,0,3,0,3,4,4,3,2,3,3,2,3,1,3,4,0,4,3,1,4,4,4,4,4,4,4,4,4,4,4,4,4,4,4,4,4,4,4,4,4,4,4,4,4,4,4,4,4,4,4,4,4,2,0,1,1,3,2,0,0,4,4,4,4,4,4,4,4,4,4,4,4,0,0,3,3,3,3,0,2,0,1,0,1,3,3,2,1,1,1,3,3,3,3,4,4,4,4,4,4,4,4,4,4,4,4,4,4,4,4,4,4,4,4,4,4,4,4,4,4,4,4,4,4,4,4,4,4,4,4,4,4,4,4,4,4,4,4,4,1,2,2,1,0,0,2,3,2,3,3,3,3,3,3,3,CP002956.1/1435071-1435293,0
628,2,3,0,2,0,3,2,1,3,1,0,3,3,1,1,0,3,4,1,3,4,1,3,3,0,3,2,3,3,1,2,1,1,3,3,0,4,4,4,4,4,4,4,4,4,4,4,4,4,4,4,4,4,2,3,4,4,4,4,4,4,4,4,4,4,4,4,4,4,4,4,4,4,4,4,4,4,4,4,4,4,4,4,4,4,2,1,4,1,3,1,0,3,0,0,0,1,3,1,1,4,2,2,0,0,3,2,0,1,2,1,4,0,2,0,4,2,1,1,2,3,3,4,4,4,4,3,0,1,2,2,4,4,3,2,1,3,3,4,0,4,3,1,2,3,1,1,0,4,4,1,3,2,0,4,1,0,2,0,3,2,4,3,1,2,1,4,4,4,3,3,4,0,4,3,2,1,1,4,4,4,4,4,4,4,3,4,4,4,4,4,4,4,4,4,4,4,4,4,4,4,4,4,4,4,4,4,4,4,4,4,4,4,4,4,4,4,4,4,4,4,4,4,4,4,4,4,4,4,4,4,4,4,4,4,4,4,4,4,4,1,0,3,1,0,2,0,1,0,1,1,0,4,3,2,2,0,1,0,1,0,0,1,2,3,3,2,0,4,4,4,4,4,4,4,4,4,4,4,4,4,4,4,4,4,4,4,4,4,2,3,2,0,0,2,1,0,4,1,1,4,4,1,0,1,3,4,4,3,2,3,3,2,3,1,0,4,3,4,0,1,0,4,4,4,4,4,4,4,4,4,4,4,4,4,4,4,4,4,4,4,4,4,4,4,4,4,4,4,4,4,4,4,4,2,0,1,1,3,2,4,4,4,4,4,4,4,4,4,4,4,4,4,4,4,4,4,3,3,3,3,0,0,1,2,1,1,3,2,1,3,1,1,2,3,0,0,4,3,0,0,4,4,4,4,4,4,4,4,4,4,4,4,4,4,4,4,4,4,4,4,4,4,4,4,4,4,4,4,4,4,4,4,4,4,4,4,4,4,4,4,2,0,2,1,0,2,2,1,2,3,3,3,3,3,3,3,AFRH01000012.1/190142-190348,0
629,2,3,0,2,0,3,2,1,3,1,0,3,3,1,1,0,3,4,1,3,4,1,3,3,0,3,2,3,3,1,2,1,1,3,3,0,4,4,4,4,4,4,4,4,4,4,4,4,4,4,4,4,4,2,3,4,4,4,4,4,4,4,4,4,4,4,4,4,4,4,4,4,4,4,4,4,4,4,4,4,4,4,4,4,4,2,1,4,1,3,1,0,3,0,0,0,1,3,1,1,4,2,2,0,0,3,2,0,1,2,1,4,0,2,0,4,2,1,1,2,3,3,4,4,4,4,3,0,1,2,2,4,4,3,2,1,3,3,4,0,4,3,1,2,3,1,1,0,4,4,1,3,2,0,4,1,0,2,0,3,2,4,3,1,2,1,4,4,4,3,3,4,0,4,3,2,1,1,4,4,4,4,4,4,4,3,4,4,4,4,4,4,4,4,4,4,4,4,4,4,4,4,4,4,4,4,4,4,4,4,4,4,4,4,4,4,4,4,4,4,4,4,4,4,4,4,4,4,4,4,4,4,4,4,4,4,4,4,4,4,1,0,3,1,0,2,0,1,0,1,1,0,4,3,2,2,0,1,0,1,0,0,1,2,3,3,2,0,4,4,4,4,4,4,4,4,4,4,4,4,4,4,4,4,4,4,4,4,4,2,3,2,0,0,2,1,0,4,1,1,4,4,1,0,1,3,4,4,3,2,3,3,2,3,1,0,4,3,4,0,1,0,4,4,4,4,4,4,4,4,4,4,4,4,4,4,4,4,4,4,4,4,4,4,4,4,4,4,4,4,4,4,4,4,2,0,1,1,3,2,4,4,4,4,4,4,4,4,4,4,4,4,4,4,4,4,4,3,3,3,3,0,0,1,2,1,1,3,2,1,3,1,1,2,3,0,0,4,3,0,0,4,4,4,4,4,4,4,4,4,4,4,4,4,4,4,4,4,4,4,4,4,4,4,4,4,4,4,4,4,4,4,4,4,4,4,4,4,4,4,4,2,0,2,1,0,2,2,1,2,3,3,3,3,3,3,3,ACXN01000053.1/3644-3850,0
630,2,3,0,2,0,3,2,1,3,1,0,3,3,1,1,0,3,4,1,3,4,1,3,3,0,3,2,3,3,1,2,1,1,3,3,0,4,4,4,4,4,4,4,4,4,4,4,4,4,4,4,4,4,2,3,4,4,4,4,4,4,4,4,4,4,4,4,4,4,4,4,4,4,4,4,4,4,4,4,4,4,4,4,4,4,2,1,4,1,3,1,0,3,0,0,0,1,3,1,1,4,2,2,0,0,3,2,0,1,2,1,4,0,2,0,4,2,1,1,2,3,3,4,4,4,4,3,0,1,2,2,4,4,3,2,1,3,3,4,0,4,3,1,2,3,1,1,0,4,4,1,3,2,0,4,1,0,2,0,3,2,4,3,1,2,1,4,4,4,3,3,4,0,4,3,2,1,1,4,4,4,4,4,4,4,3,4,4,4,4,4,4,4,4,4,4,4,4,4,4,4,4,4,4,4,4,4,4,4,4,4,4,4,4,4,4,4,4,4,4,4,4,4,4,4,4,4,4,4,4,4,4,4,4,4,4,4,4,4,4,1,0,3,1,0,2,0,1,0,1,1,0,4,3,2,2,0,1,0,1,0,0,1,2,3,3,2,0,4,4,4,4,4,4,4,4,4,4,4,4,4,4,4,4,4,4,4,4,4,2,3,2,0,0,2,1,0,4,1,1,4,4,1,0,1,3,4,4,3,2,3,3,2,3,1,0,4,3,4,0,1,0,4,4,4,4,4,4,4,4,4,4,4,4,4,4,4,4,4,4,4,4,4,4,4,4,4,4,4,4,4,4,4,4,2,0,1,1,3,2,4,4,4,4,4,4,4,4,4,4,4,4,4,4,4,4,4,3,3,3,3,0,0,1,2,1,1,3,2,1,3,1,1,2,3,0,0,4,3,0,0,4,4,4,4,4,4,4,4,4,4,4,4,4,4,4,4,4,4,4,4,4,4,4,4,4,4,4,4,4,4,4,4,4,4,4,4,4,4,4,4,2,0,2,1,0,2,2,1,2,3,3,3,3,3,3,3,AFPS01000092.1/73171-73377,0
631,2,1,0,2,3,2,2,1,3,1,0,3,3,1,0,1,1,4,2,0,4,1,3,3,0,3,2,3,1,0,2,1,1,1,1,3,3,1,2,4,4,4,4,4,4,4,4,4,4,2,2,0,1,2,3,4,4,4,4,4,4,4,4,4,4,4,4,4,4,4,4,4,4,4,4,4,4,4,4,4,4,4,4,4,4,2,1,4,3,0,1,0,3,0,0,0,0,3,3,1,4,4,2,0,0,3,2,0,1,2,1,4,0,1,0,4,0,1,4,4,4,4,4,4,4,4,4,0,0,2,2,4,4,3,2,1,1,3,4,2,4,1,1,2,3,1,1,0,4,4,0,1,3,3,4,1,3,2,0,3,0,4,3,1,0,2,1,4,2,3,0,4,4,4,4,2,1,3,4,4,4,4,4,4,4,0,4,4,4,4,4,4,4,4,4,4,4,4,4,4,4,4,4,4,4,4,4,4,4,4,4,4,4,4,4,4,4,4,4,4,4,4,4,4,4,4,4,4,4,4,4,4,4,4,4,4,4,4,4,4,3,0,3,1,0,4,4,0,1,1,0,3,4,1,2,2,2,1,2,0,0,0,1,2,3,1,2,0,4,4,4,4,4,4,4,4,4,4,4,4,4,4,4,4,4,4,4,4,4,2,3,3,0,2,2,1,0,4,1,1,2,4,1,1,3,3,4,4,4,0,3,3,4,4,4,4,4,4,4,4,4,4,4,4,4,4,4,4,4,4,4,4,4,4,4,4,4,4,4,4,4,4,4,4,4,4,4,4,4,4,4,4,4,4,4,4,4,1,1,0,4,4,4,4,4,4,4,4,4,4,4,4,4,4,4,4,4,3,0,0,1,0,0,0,2,1,1,2,2,2,4,4,3,0,0,3,4,4,4,4,3,4,4,4,4,4,4,4,4,4,4,4,4,4,4,4,4,4,4,4,4,4,4,4,4,4,4,4,4,4,4,4,4,4,4,4,4,4,4,4,4,4,4,1,1,1,2,2,1,3,3,3,2,3,3,2,3,AERM01000074.1/33565-33752,0
632,2,3,0,2,0,3,2,1,3,1,0,3,1,1,1,0,1,4,3,3,4,0,3,3,0,3,2,0,1,0,2,1,3,3,2,2,1,1,0,3,3,0,0,4,4,2,2,1,3,0,0,3,3,3,0,4,4,4,4,4,4,4,4,4,4,4,4,4,4,4,4,4,4,4,4,4,4,4,4,4,4,4,4,4,4,2,1,4,3,3,1,0,3,0,0,0,1,1,1,0,4,2,2,2,0,3,2,0,1,2,1,4,0,2,0,4,2,1,1,2,0,3,4,4,3,3,3,0,2,0,2,4,4,3,2,1,1,3,4,0,4,3,3,2,3,1,1,0,4,3,2,3,0,0,4,1,1,2,0,3,2,4,3,3,2,0,2,4,3,0,0,4,3,4,2,3,4,4,4,4,4,4,4,4,4,4,4,4,4,4,4,4,4,4,4,4,4,4,4,4,4,4,4,4,4,4,4,4,4,4,4,4,4,4,4,4,4,4,4,4,4,4,4,4,4,4,4,4,4,4,4,4,4,4,4,4,4,4,4,4,1,0,3,1,0,4,4,1,0,3,0,1,4,1,2,2,2,1,0,3,0,0,1,2,3,3,2,0,4,4,4,4,4,4,4,4,4,4,4,4,4,4,4,4,4,4,4,4,4,2,3,2,0,2,2,1,0,4,1,3,2,4,0,3,0,3,4,4,3,2,3,3,2,3,1,3,4,0,4,3,1,4,4,4,4,4,4,4,4,4,4,4,4,4,4,4,4,4,4,4,4,4,4,4,4,4,4,4,4,4,4,4,4,4,2,0,1,1,3,2,0,0,4,4,4,4,4,4,4,4,4,4,4,4,0,0,3,3,3,3,0,2,0,1,0,1,3,3,2,1,1,1,3,3,3,3,4,4,4,4,4,4,4,4,4,4,4,4,4,4,4,4,4,4,4,4,4,4,4,4,4,4,4,4,4,4,4,4,4,4,4,4,4,4,4,4,4,4,4,4,4,1,2,2,1,0,0,2,3,2,3,3,3,3,3,3,3,ACNS01000001.1/1776992-1776770,0
633,2,3,0,2,0,3,2,1,3,1,0,3,3,1,1,0,1,4,1,3,4,1,3,3,0,3,2,3,3,1,2,1,1,3,3,0,4,4,4,4,4,4,4,4,4,4,4,4,4,4,4,4,4,4,2,4,4,4,4,4,4,4,4,4,4,4,4,4,4,4,4,4,4,4,4,4,4,4,4,4,4,4,4,4,4,2,1,4,1,3,1,0,3,0,0,0,1,1,1,3,2,2,2,0,0,3,2,0,1,2,1,4,0,2,0,4,2,1,1,2,0,3,4,4,4,3,3,0,2,2,2,4,4,3,2,1,1,3,4,0,4,3,1,2,1,1,1,0,4,1,2,0,2,0,4,0,1,2,0,3,2,4,0,1,3,0,4,4,4,4,4,4,0,4,1,1,1,2,4,4,4,4,4,4,4,3,4,4,4,4,4,4,4,4,4,4,4,4,4,4,4,4,4,4,4,4,4,4,4,4,4,4,4,4,4,4,4,4,4,4,4,4,4,4,4,4,4,4,4,4,4,4,4,4,4,4,4,4,4,4,1,0,3,1,0,4,4,1,2,1,3,1,4,0,2,2,2,1,0,0,0,0,1,2,3,3,2,0,4,4,4,4,4,4,4,4,4,4,4,4,4,4,4,4,4,4,4,4,4,2,3,2,0,2,2,1,0,4,1,1,2,4,1,1,1,1,4,4,3,2,3,3,2,3,1,1,4,3,4,0,4,4,4,4,4,4,4,4,4,4,4,4,4,4,4,4,4,4,4,4,4,4,4,4,4,4,4,4,4,4,4,4,4,4,2,0,1,1,3,2,0,3,3,2,4,4,4,4,4,4,4,4,4,1,3,3,1,3,3,3,0,3,0,1,0,1,3,3,2,1,1,1,3,2,4,4,4,4,4,4,4,4,4,4,4,4,4,4,4,4,4,4,4,4,4,4,4,4,4,4,4,4,4,4,4,4,4,4,4,4,4,4,4,4,4,4,4,4,4,4,4,1,2,2,1,0,0,2,3,2,3,3,3,3,3,3,3,AEQT01000898.1/89525-89320,0
634,2,1,0,2,3,2,2,1,3,1,0,3,3,1,0,1,1,4,2,0,4,1,3,3,0,3,2,3,1,0,2,1,1,1,1,3,3,1,2,4,4,4,4,4,4,4,4,4,4,2,2,0,1,2,3,4,4,4,4,4,4,4,4,4,4,4,4,4,4,4,4,4,4,4,4,4,4,4,4,4,4,4,4,4,4,2,1,4,3,0,1,0,3,0,0,0,0,3,3,1,4,4,2,0,0,3,2,0,1,2,1,4,0,1,0,4,0,1,4,4,4,4,4,4,4,4,4,0,0,2,2,4,4,3,2,1,1,3,4,2,4,1,1,2,3,1,1,0,4,4,0,1,3,3,4,1,3,2,0,3,0,4,3,1,0,2,1,4,2,3,0,4,4,4,4,2,1,3,4,4,4,4,4,4,4,0,4,4,4,4,4,4,4,4,4,4,4,4,4,4,4,4,4,4,4,4,4,4,4,4,4,4,4,4,4,4,4,4,4,4,4,4,4,4,4,4,4,4,4,4,4,4,4,4,4,4,4,4,4,4,3,0,3,1,0,4,4,0,1,1,0,3,4,1,2,2,2,1,2,0,0,0,1,2,3,1,2,0,4,4,4,4,4,4,4,4,4,4,4,4,4,4,4,4,4,4,4,4,4,2,3,3,0,2,2,1,0,4,1,1,2,4,1,1,3,3,4,4,4,0,3,3,4,4,4,4,4,4,4,4,4,4,4,4,4,4,4,4,4,4,4,4,4,4,4,4,4,4,4,4,4,4,4,4,4,4,4,4,4,4,4,4,4,4,4,4,4,1,1,0,4,4,4,4,4,4,4,4,4,4,4,4,4,4,4,4,4,3,0,0,1,0,0,0,2,1,1,2,2,2,4,4,3,0,0,3,4,4,4,4,3,4,4,4,4,4,4,4,4,4,4,4,4,4,4,4,4,4,4,4,4,4,4,4,4,4,4,4,4,4,4,4,4,4,4,4,4,4,4,4,4,4,4,1,1,1,2,2,1,3,3,3,2,3,3,2,3,ADTW01000136.1/21916-21729,0
635,2,3,0,2,0,3,2,1,3,1,0,3,3,1,1,0,3,4,1,3,4,1,3,3,0,3,2,3,3,1,2,1,1,3,3,0,4,4,4,4,4,4,4,4,4,4,4,4,4,4,4,4,4,2,3,4,4,4,4,4,4,4,4,4,4,4,4,4,4,4,4,4,4,4,4,4,4,4,4,4,4,4,4,4,4,2,1,4,1,3,1,0,3,0,0,0,1,3,1,1,4,2,2,0,0,3,2,0,1,2,1,4,0,2,0,4,2,1,1,2,3,3,4,4,4,4,3,0,1,2,2,4,4,3,2,1,3,3,4,0,4,3,1,2,3,1,1,0,4,4,1,3,2,0,4,1,0,2,0,3,2,4,3,1,2,1,4,4,4,3,3,4,0,4,3,2,1,1,4,4,4,4,4,4,4,3,4,4,4,4,4,4,4,4,4,4,4,4,4,4,4,4,4,4,4,4,4,4,4,4,4,4,4,4,4,4,4,4,4,4,4,4,4,4,4,4,4,4,4,4,4,4,4,4,4,4,4,4,4,4,1,0,3,1,0,2,0,1,0,1,1,0,4,3,2,2,0,1,0,1,0,0,1,2,3,3,2,0,4,4,4,4,4,4,4,4,4,4,4,4,4,4,4,4,4,4,4,4,4,2,3,2,0,0,2,1,0,4,1,1,4,4,1,0,1,3,4,4,3,2,3,3,2,3,1,0,4,3,4,0,1,0,4,4,4,4,4,4,4,4,4,4,4,4,4,4,4,4,4,4,4,4,4,4,4,4,4,4,4,4,4,4,4,4,2,0,1,1,3,2,4,4,4,4,4,4,4,4,4,4,4,4,4,4,4,4,4,3,3,3,3,0,0,1,2,1,1,3,2,1,3,1,1,2,3,0,0,4,3,0,0,4,4,4,4,4,4,4,4,4,4,4,4,4,4,4,4,4,4,4,4,4,4,4,4,4,4,4,4,4,4,4,4,4,4,4,4,4,4,4,4,2,0,2,1,0,2,2,1,2,3,3,3,3,3,3,3,AFOG01000142.1/2222-2428,0
636,2,3,0,2,0,3,2,1,3,1,0,3,3,1,1,0,3,4,1,3,4,1,3,3,0,3,2,3,3,1,2,1,1,3,3,0,4,4,4,4,4,4,4,4,4,4,4,4,4,4,4,4,4,2,3,4,4,4,4,4,4,4,4,4,4,4,4,4,4,4,4,4,4,4,4,4,4,4,4,4,4,4,4,4,4,2,1,4,1,3,1,0,3,0,0,0,1,3,1,1,4,2,2,0,0,3,2,0,1,2,1,4,0,2,0,4,2,1,1,2,3,3,4,4,4,4,3,0,1,2,2,4,4,3,2,1,3,3,4,0,4,3,1,2,3,1,1,0,4,4,1,3,2,0,4,1,0,2,0,3,2,4,3,1,2,1,4,4,4,3,3,4,0,4,3,2,1,1,4,4,4,4,4,4,4,3,4,4,4,4,4,4,4,4,4,4,4,4,4,4,4,4,4,4,4,4,4,4,4,4,4,4,4,4,4,4,4,4,4,4,4,4,4,4,4,4,4,4,4,4,4,4,4,4,4,4,4,4,4,4,1,0,3,1,0,2,0,1,0,1,1,0,4,3,2,2,0,1,0,1,0,0,1,2,3,3,2,0,4,4,4,4,4,4,4,4,4,4,4,4,4,4,4,4,4,4,4,4,4,2,3,2,0,0,2,1,0,4,1,1,4,4,1,0,1,3,4,4,3,2,3,3,2,3,1,0,4,3,4,0,1,0,4,4,4,4,4,4,4,4,4,4,4,4,4,4,4,4,4,4,4,4,4,4,4,4,4,4,4,4,4,4,4,4,2,0,1,1,3,2,4,4,4,4,4,4,4,4,4,4,4,4,4,4,4,4,4,3,3,3,3,0,0,1,2,1,1,3,2,1,3,1,1,2,3,0,0,4,3,0,0,4,4,4,4,4,4,4,4,4,4,4,4,4,4,4,4,4,4,4,4,4,4,4,4,4,4,4,4,4,4,4,4,4,4,4,4,4,4,4,4,2,0,2,1,0,2,2,1,2,3,3,3,3,3,3,3,AEZN01000038.1/351938-352144,0
637,2,1,0,2,3,2,2,1,3,1,0,3,3,1,0,1,1,4,2,0,4,1,3,3,0,3,2,3,1,0,2,1,1,1,1,3,3,1,2,4,4,4,4,4,4,4,4,4,4,2,2,0,1,2,3,4,4,4,4,4,4,4,4,4,4,4,4,4,4,4,4,4,4,4,4,4,4,4,4,4,4,4,4,4,4,2,1,4,3,0,1,0,3,0,0,0,0,3,3,1,4,4,2,0,0,3,2,0,1,2,1,4,0,1,0,4,0,1,4,4,4,4,4,4,4,4,4,0,0,2,2,4,4,3,2,1,1,3,4,2,4,1,1,2,3,1,1,0,4,4,0,1,3,3,4,1,3,2,0,3,0,4,3,1,0,2,1,4,2,3,0,4,4,4,4,2,1,3,4,4,4,4,4,4,4,0,4,4,4,4,4,4,4,4,4,4,4,4,4,4,4,4,4,4,4,4,4,4,4,4,4,4,4,4,4,4,4,4,4,4,4,4,4,4,4,4,4,4,4,4,4,4,4,4,4,4,4,4,4,4,3,0,3,1,0,4,4,0,1,1,0,3,4,1,2,2,2,1,2,0,0,0,1,2,3,1,2,0,4,4,4,4,4,4,4,4,4,4,4,4,4,4,4,4,4,4,4,4,4,2,3,3,0,2,2,1,0,4,1,1,2,4,1,1,3,3,4,4,4,0,3,3,4,4,4,4,4,4,4,4,4,4,4,4,4,4,4,4,4,4,4,4,4,4,4,4,4,4,4,4,4,4,4,4,4,4,4,4,4,4,4,4,4,4,4,4,4,1,1,0,4,4,4,4,4,4,4,4,4,4,4,4,4,4,4,4,4,3,0,0,1,0,0,0,2,1,1,2,2,2,4,4,3,0,0,3,4,4,4,4,3,4,4,4,4,4,4,4,4,4,4,4,4,4,4,4,4,4,4,4,4,4,4,4,4,4,4,4,4,4,4,4,4,4,4,4,4,4,4,4,4,4,4,1,1,1,2,2,1,3,3,3,2,3,3,2,3,AFSO01000013.1/167993-167806,0
638,2,3,0,2,0,3,0,1,3,1,0,3,1,1,1,0,1,4,3,3,4,1,3,3,0,3,2,0,1,0,2,3,0,3,3,1,4,4,4,4,4,4,4,4,4,4,4,4,4,4,4,4,4,4,4,4,4,4,4,4,4,4,4,4,4,4,4,4,4,4,4,4,4,4,4,4,4,4,4,4,4,4,4,4,4,0,1,4,3,3,1,0,3,0,0,0,1,1,1,1,4,0,2,2,0,3,2,0,3,2,3,4,0,2,0,4,2,1,3,2,0,3,4,4,4,3,0,3,1,2,2,4,4,3,2,1,1,3,4,0,4,3,2,2,3,1,1,0,4,1,2,3,3,0,4,3,0,2,0,3,2,4,0,2,3,0,0,4,2,1,0,4,3,4,4,4,4,4,4,4,4,4,4,4,4,4,2,0,1,3,3,3,3,3,4,4,4,4,4,4,4,4,4,4,4,4,4,4,4,4,4,4,4,4,4,4,4,4,4,4,4,4,4,4,4,4,4,4,4,4,4,3,3,2,3,1,3,3,3,3,1,0,3,1,0,4,4,1,0,0,0,1,4,1,2,2,0,1,0,1,0,0,1,2,3,3,2,0,4,4,4,4,4,4,4,4,4,4,4,4,4,4,4,4,4,4,4,4,4,2,3,2,0,2,2,1,0,4,1,3,4,4,0,3,1,1,4,4,4,4,4,4,2,3,1,3,4,2,4,3,4,0,4,4,4,4,4,4,4,4,4,4,4,4,4,4,4,4,4,4,4,4,4,4,4,4,4,4,4,4,4,4,4,4,2,0,1,1,3,2,0,3,3,4,4,4,4,4,4,4,4,4,4,4,2,3,0,3,3,3,0,3,0,1,0,1,1,3,2,3,1,3,3,3,3,3,4,4,4,4,4,4,4,4,4,4,4,4,4,4,4,4,4,4,4,4,4,4,4,4,4,4,4,4,4,4,4,4,4,4,4,4,4,4,4,4,4,4,4,4,4,3,2,0,1,0,2,2,3,2,3,3,3,3,3,3,3,FN667742.1/334444-334659,0
639,2,1,0,2,3,2,2,1,3,1,0,3,3,1,0,1,1,4,2,0,4,1,3,3,0,3,2,3,1,0,2,1,1,1,1,3,3,1,2,4,4,4,4,4,4,4,4,4,4,2,2,0,1,2,3,4,4,4,4,4,4,4,4,4,4,4,4,4,4,4,4,4,4,4,4,4,4,4,4,4,4,4,4,4,4,2,1,4,3,0,1,0,3,0,0,0,0,3,3,1,4,4,2,0,0,3,2,0,1,2,1,4,0,1,0,4,0,1,4,4,4,4,4,4,4,4,4,0,0,2,2,4,4,3,2,1,1,3,4,2,4,1,1,2,3,1,1,0,4,4,0,1,3,3,4,1,3,2,0,3,0,4,3,1,0,2,1,4,2,3,0,4,4,4,4,2,1,3,4,4,4,4,4,4,4,0,4,4,4,4,4,4,4,4,4,4,4,4,4,4,4,4,4,4,4,4,4,4,4,4,4,4,4,4,4,4,4,4,4,4,4,4,4,4,4,4,4,4,4,4,4,4,4,4,4,4,4,4,4,4,3,0,3,1,0,4,4,0,1,1,0,3,4,1,2,2,2,1,2,0,0,0,1,2,3,1,2,0,4,4,4,4,4,4,4,4,4,4,4,4,4,4,4,4,4,4,4,4,4,2,3,3,0,2,2,1,0,4,1,1,2,4,1,1,3,3,4,4,4,0,3,3,4,4,4,4,4,4,4,4,4,4,4,4,4,4,4,4,4,4,4,4,4,4,4,4,4,4,4,4,4,4,4,4,4,4,4,4,4,4,4,4,4,4,4,4,4,1,1,0,4,4,4,4,4,4,4,4,4,4,4,4,4,4,4,4,4,3,0,0,1,0,0,0,2,1,1,2,2,2,4,4,3,0,0,3,4,4,4,4,3,4,4,4,4,4,4,4,4,4,4,4,4,4,4,4,4,4,4,4,4,4,4,4,4,4,4,4,4,4,4,4,4,4,4,4,4,4,4,4,4,4,4,1,1,1,2,2,1,3,3,3,2,3,3,2,3,AGTK01000022.1/20573-20386,0
640,2,3,4,4,4,2,2,1,3,1,0,3,3,1,0,1,1,4,2,0,4,1,3,3,0,3,2,3,1,0,2,1,1,1,1,3,3,1,2,4,4,4,4,4,4,4,4,4,4,2,2,0,1,2,3,4,4,4,4,4,4,4,4,4,4,4,4,4,4,4,4,4,4,4,4,4,4,4,4,4,4,4,4,4,4,2,1,4,3,0,1,0,3,0,0,0,0,3,0,1,4,4,2,0,0,3,2,0,1,2,1,4,4,4,4,4,0,1,0,0,4,4,4,4,4,4,1,0,0,2,2,4,4,3,2,1,1,3,4,2,4,1,1,2,3,1,1,0,4,4,0,1,3,3,4,1,3,2,0,3,0,4,3,1,0,2,1,4,2,3,0,4,4,4,4,2,1,3,4,4,4,4,4,4,4,0,4,4,4,4,4,4,4,4,4,4,4,4,4,4,4,4,4,4,4,4,4,4,4,4,4,4,4,4,4,4,4,4,4,4,4,4,4,4,4,4,4,4,4,4,4,4,4,4,4,4,4,4,4,4,3,0,3,1,0,4,4,0,1,1,0,3,4,1,2,2,2,1,2,0,0,0,1,2,3,1,2,0,4,4,4,4,4,4,4,4,4,4,4,4,4,4,4,4,4,4,4,4,4,2,3,3,0,2,2,1,0,4,1,1,2,4,1,1,3,3,4,4,4,0,3,3,4,4,4,4,4,4,4,4,4,4,4,4,4,4,4,4,4,4,4,4,4,4,4,4,4,4,4,4,4,4,4,4,4,4,4,4,4,4,4,4,4,4,4,4,4,1,1,0,4,4,4,4,4,4,4,4,4,4,4,4,4,4,4,4,4,3,0,0,1,0,0,0,2,1,1,2,2,2,4,4,3,0,0,3,4,4,4,4,3,4,4,4,4,4,4,4,4,4,4,4,4,4,4,4,4,4,4,4,4,4,4,4,4,4,4,4,4,4,4,4,4,4,4,4,4,4,4,4,4,4,4,1,1,1,2,2,1,3,3,3,2,3,3,2,3,CP001637.1/1192423-1192607,0
641,2,3,4,4,4,2,2,1,3,1,0,3,3,1,0,1,1,4,2,0,4,1,3,3,0,3,2,3,1,0,2,1,1,1,1,3,3,1,2,4,4,4,4,4,4,4,4,4,4,2,2,0,1,2,3,4,4,4,4,4,4,4,4,4,4,4,4,4,4,4,4,4,4,4,4,4,4,4,4,4,4,4,4,4,4,2,1,4,3,0,1,0,3,0,0,0,0,3,3,1,4,4,2,0,0,3,2,0,1,2,1,4,4,4,4,4,0,1,0,0,4,4,4,4,4,4,1,0,0,2,2,4,4,3,2,1,1,3,4,2,4,1,1,2,3,1,1,0,4,4,0,1,3,3,4,1,3,2,0,3,0,4,3,1,0,2,1,4,2,3,0,4,4,4,4,2,1,3,4,4,4,4,4,4,4,0,4,4,4,4,4,4,4,4,4,4,4,4,4,4,4,4,4,4,4,4,4,4,4,4,4,4,4,4,4,4,4,4,4,4,4,4,4,4,4,4,4,4,4,4,4,4,4,4,4,4,4,4,4,4,3,0,3,1,0,4,4,0,1,1,0,3,4,1,2,2,2,1,2,0,0,0,1,2,3,1,2,0,4,4,4,4,4,4,4,4,4,4,4,4,4,4,4,4,4,4,4,4,4,2,3,3,0,2,2,1,0,4,1,1,2,4,1,1,3,3,4,4,4,0,3,3,4,4,4,4,4,4,4,4,4,4,4,4,4,4,4,4,4,4,4,4,4,4,4,4,4,4,4,4,4,4,4,4,4,4,4,4,4,4,4,4,4,4,4,4,4,1,1,0,4,4,4,4,4,4,4,4,4,4,4,4,4,4,4,4,4,3,0,0,1,0,0,0,2,1,1,2,2,2,4,4,3,0,0,3,4,4,4,4,3,4,4,4,4,4,4,4,4,4,4,4,4,4,4,4,4,4,4,4,4,4,4,4,4,4,4,4,4,4,4,4,4,4,4,4,4,4,4,4,4,4,4,1,1,1,2,2,1,3,3,3,2,3,3,2,3,ADTL01000361.1/27080-26896,0
642,2,1,0,2,3,2,2,1,3,1,0,3,3,1,0,1,1,4,2,0,4,1,3,3,0,3,2,3,1,0,2,1,1,1,1,3,3,1,2,4,4,4,4,4,4,4,4,4,4,2,2,0,1,2,3,4,4,4,4,4,4,4,4,4,4,4,4,4,4,4,4,4,4,4,4,4,4,4,4,4,4,4,4,4,4,2,1,4,3,0,1,0,3,0,0,0,0,3,3,1,4,4,2,0,0,3,2,0,1,2,1,4,0,1,0,4,0,1,4,4,4,4,4,4,4,4,4,0,0,2,2,4,4,3,2,1,1,3,4,2,4,1,1,2,3,1,1,0,4,4,0,1,3,3,4,1,3,2,0,3,0,4,3,1,0,2,1,4,2,3,0,4,4,4,4,2,1,3,4,4,4,4,4,4,4,0,4,4,4,4,4,4,4,4,4,4,4,4,4,4,4,4,4,4,4,4,4,4,4,4,4,4,4,4,4,4,4,4,4,4,4,4,4,4,4,4,4,4,4,4,4,4,4,4,4,4,4,4,4,4,3,0,3,1,0,4,4,0,1,1,0,3,4,1,2,2,2,1,2,0,0,0,1,2,3,1,2,0,4,4,4,4,4,4,4,4,4,4,4,4,4,4,4,4,4,4,4,4,4,2,3,3,0,2,2,1,0,4,1,1,2,4,1,1,3,3,4,4,4,0,3,3,4,4,4,4,4,4,4,4,4,4,4,4,4,4,4,4,4,4,4,4,4,4,4,4,4,4,4,4,4,4,4,4,4,4,4,4,4,4,4,4,4,4,4,4,4,1,1,0,4,4,4,4,4,4,4,4,4,4,4,4,4,4,4,4,4,3,0,0,1,0,0,0,2,1,1,2,2,2,4,4,3,0,0,3,4,4,4,4,3,4,4,4,4,4,4,4,4,4,4,4,4,4,4,4,4,4,4,4,4,4,4,4,4,4,4,4,4,4,4,4,4,4,4,4,4,4,4,4,4,4,4,1,1,1,2,2,1,3,3,3,2,3,3,2,3,AFHB01000025.1/456654-456467,0
643,2,3,0,2,0,3,2,1,3,1,0,3,3,1,1,0,3,4,1,3,4,1,3,3,0,3,2,3,3,1,2,1,1,3,3,0,4,4,4,4,4,4,4,4,4,4,4,4,4,4,4,4,4,2,3,4,4,4,4,4,4,4,4,4,4,4,4,4,4,4,4,4,4,4,4,4,4,4,4,4,4,4,4,4,4,2,1,4,1,3,1,0,3,0,0,0,1,3,1,1,4,2,2,0,0,3,2,0,1,2,1,4,0,2,0,4,2,1,1,2,3,3,4,4,4,4,3,0,1,2,2,4,4,3,2,1,3,3,4,0,4,3,1,2,3,1,1,0,4,4,1,3,2,0,4,1,0,2,0,3,2,4,3,1,2,1,4,4,4,3,3,4,0,4,3,2,1,1,4,4,4,4,4,4,4,3,4,4,4,4,4,4,4,4,4,4,4,4,4,4,4,4,4,4,4,4,4,4,4,4,4,4,4,4,4,4,4,4,4,4,4,4,4,4,4,4,4,4,4,4,4,4,4,4,4,4,4,4,4,4,1,0,3,1,0,2,0,1,0,1,1,0,4,3,2,2,0,1,0,1,0,0,1,2,3,3,2,0,4,4,4,4,4,4,4,4,4,4,4,4,4,4,4,4,4,4,4,4,4,2,3,2,0,0,2,1,0,4,1,1,4,4,1,0,1,3,4,4,3,2,3,3,2,3,1,0,4,3,4,0,1,0,4,4,4,4,4,4,4,4,4,4,4,4,4,4,4,4,4,4,4,4,4,4,4,4,4,4,4,4,4,4,4,4,2,0,1,1,3,2,4,4,4,4,4,4,4,4,4,4,4,4,4,4,4,4,4,3,3,3,3,0,0,1,2,1,1,3,2,1,3,1,1,2,3,0,0,4,3,0,0,4,4,4,4,4,4,4,4,4,4,4,4,4,4,4,4,4,4,4,4,4,4,4,4,4,4,4,4,4,4,4,4,4,4,4,4,4,4,4,4,2,0,2,1,0,2,2,1,2,3,3,3,3,3,3,3,ADVC01000662.1/3655-3861,0
644,2,3,0,2,0,3,2,1,3,1,0,3,3,1,1,0,3,4,1,3,4,1,3,3,0,3,2,3,3,1,2,1,1,3,3,0,4,4,4,4,4,4,4,4,4,4,4,4,4,4,4,4,4,2,3,4,4,4,4,4,4,4,4,4,4,4,4,4,4,4,4,4,4,4,4,4,4,4,4,4,4,4,4,4,4,2,1,4,1,3,1,0,3,0,0,0,1,3,1,1,4,2,2,0,0,3,2,0,1,2,1,4,0,2,0,4,2,1,1,2,3,3,4,4,4,4,3,0,1,2,2,4,4,3,2,1,3,3,4,0,4,3,1,2,3,1,1,0,4,4,1,3,2,0,4,1,0,2,0,3,2,4,3,1,2,1,4,4,4,3,3,4,0,4,3,2,1,1,4,4,4,4,4,4,4,3,4,4,4,4,4,4,4,4,4,4,4,4,4,4,4,4,4,4,4,4,4,4,4,4,4,4,4,4,4,4,4,4,4,4,4,4,4,4,4,4,4,4,4,4,4,4,4,4,4,4,4,4,4,4,1,0,3,1,0,2,0,1,0,1,1,0,4,3,2,2,0,1,0,1,0,0,1,2,3,3,2,0,4,4,4,4,4,4,4,4,4,4,4,4,4,4,4,4,4,4,4,4,4,2,3,2,0,0,2,1,0,4,1,1,4,4,1,0,1,3,4,4,3,2,3,3,2,3,1,0,4,3,4,0,1,0,4,4,4,4,4,4,4,4,4,4,4,4,4,4,4,4,4,4,4,4,4,4,4,4,4,4,4,4,4,4,4,4,2,0,1,1,3,2,4,4,4,4,4,4,4,4,4,4,4,4,4,4,4,4,4,3,3,3,3,0,0,1,2,1,1,3,2,1,3,1,1,2,3,0,0,4,3,0,0,4,4,4,4,4,4,4,4,4,4,4,4,4,4,4,4,4,4,4,4,4,4,4,4,4,4,4,4,4,4,4,4,4,4,4,4,4,4,4,4,2,0,2,1,0,2,2,1,2,3,3,3,3,3,3,3,AFGZ01000030.1/18150-17944,0
645,2,3,0,2,0,3,2,1,3,1,0,3,3,1,1,0,3,4,1,3,4,1,3,3,0,3,2,3,3,1,2,1,1,3,3,0,4,4,4,4,4,4,4,4,4,4,4,4,4,4,4,4,4,2,3,4,4,4,4,4,4,4,4,4,4,4,4,4,4,4,4,4,4,4,4,4,4,4,4,4,4,4,4,4,4,2,1,4,1,3,1,0,3,0,0,0,1,3,1,1,4,2,2,0,0,3,2,0,1,2,1,4,0,2,0,4,2,1,1,2,3,3,4,4,4,4,3,0,1,2,2,4,4,3,2,1,3,3,4,0,4,3,1,2,3,1,1,0,4,4,1,3,2,0,4,1,0,2,0,3,2,4,3,1,2,1,4,4,4,3,3,4,0,4,3,2,1,1,4,4,4,4,4,4,4,3,4,4,4,4,4,4,4,4,4,4,4,4,4,4,4,4,4,4,4,4,4,4,4,4,4,4,4,4,4,4,4,4,4,4,4,4,4,4,4,4,4,4,4,4,4,4,4,4,4,4,4,4,4,4,1,0,3,1,0,2,0,1,0,1,1,0,4,3,2,2,0,1,0,1,0,0,1,2,3,3,2,0,4,4,4,4,4,4,4,4,4,4,4,4,4,4,4,4,4,4,4,4,4,2,3,2,0,0,2,1,0,4,1,1,4,4,1,0,1,3,4,4,3,2,3,3,2,3,1,0,4,3,4,0,1,0,4,4,4,4,4,4,4,4,4,4,4,4,4,4,4,4,4,4,4,4,4,4,4,4,4,4,4,4,4,4,4,4,2,0,1,1,3,2,4,4,4,4,4,4,4,4,4,4,4,4,4,4,4,4,4,3,3,3,3,0,0,1,2,1,1,3,2,1,3,1,1,2,3,0,0,4,3,0,0,4,4,4,4,4,4,4,4,4,4,4,4,4,4,4,4,4,4,4,4,4,4,4,4,4,4,4,4,4,4,4,4,4,4,4,4,4,4,4,4,2,0,2,1,0,2,2,1,2,3,3,3,3,3,3,3,CP002516.1/4816948-4816742,0
646,2,1,0,2,3,2,2,1,3,1,0,3,3,1,0,1,1,4,2,0,4,1,3,3,0,3,2,3,1,0,2,1,1,1,1,3,3,1,2,4,4,4,4,4,4,4,4,4,4,2,2,0,1,2,3,4,4,4,4,4,4,4,4,4,4,4,4,4,4,4,4,4,4,4,4,4,4,4,4,4,4,4,4,4,4,2,1,4,3,0,1,0,3,0,0,0,0,3,3,1,4,4,2,0,0,3,2,0,1,2,1,4,0,1,0,4,0,1,4,4,4,4,4,4,4,4,4,0,0,2,2,4,4,3,2,1,1,3,4,2,4,1,1,2,3,1,1,0,4,4,0,1,3,3,4,1,3,2,0,3,0,4,3,1,0,2,1,4,2,3,0,4,4,4,4,2,1,3,4,4,4,4,4,4,4,0,4,4,4,4,4,4,4,4,4,4,4,4,4,4,4,4,4,4,4,4,4,4,4,4,4,4,4,4,4,4,4,4,4,4,4,4,4,4,4,4,4,4,4,4,4,4,4,4,4,4,4,4,4,4,3,0,3,1,0,4,4,0,1,1,0,3,4,1,2,2,2,1,2,0,0,0,1,2,3,1,2,0,4,4,4,4,4,4,4,4,4,4,4,4,4,4,4,4,4,4,4,4,4,2,3,3,0,2,2,1,0,4,1,1,2,4,1,1,3,3,4,4,4,0,3,3,4,4,4,4,4,4,4,4,4,4,4,4,4,4,4,4,4,4,4,4,4,4,4,4,4,4,4,4,4,4,4,4,4,4,4,4,4,4,4,4,4,4,4,4,4,1,1,0,4,4,4,4,4,4,4,4,4,4,4,4,4,4,4,4,4,3,0,0,1,0,0,0,2,1,1,2,2,2,4,4,3,0,0,3,4,4,4,4,3,4,4,4,4,4,4,4,4,4,4,4,4,4,4,4,4,4,4,4,4,4,4,4,4,4,4,4,4,4,4,4,4,4,4,4,4,4,4,4,4,4,4,1,1,1,2,2,1,3,3,3,2,3,3,2,3,AEHS01000021.1/35461-35648,0
647,2,3,0,2,0,3,2,1,3,1,0,3,3,1,1,0,3,4,1,3,4,1,3,3,0,3,2,3,3,1,2,1,1,3,3,0,4,4,4,4,4,4,4,4,4,4,4,4,4,4,4,4,4,2,3,4,4,4,4,4,4,4,4,4,4,4,4,4,4,4,4,4,4,4,4,4,4,4,4,4,4,4,4,4,4,2,1,4,1,3,1,0,3,0,0,0,1,3,1,1,4,2,2,0,0,3,2,0,1,2,1,4,0,2,0,4,2,1,1,2,3,3,4,4,4,4,3,0,1,2,2,4,4,3,2,1,3,3,4,0,4,3,1,2,3,1,1,0,4,4,1,3,2,0,4,1,0,2,0,3,2,4,3,1,2,1,4,4,4,3,3,4,0,4,3,2,1,1,4,4,4,4,4,4,4,3,4,4,4,4,4,4,4,4,4,4,4,4,4,4,4,4,4,4,4,4,4,4,4,4,4,4,4,4,4,4,4,4,4,4,4,4,4,4,4,4,4,4,4,4,4,4,4,4,4,4,4,4,4,4,1,0,3,1,0,2,0,1,0,1,1,0,4,3,2,2,0,1,0,1,0,0,1,2,3,3,2,0,4,4,4,4,4,4,4,4,4,4,4,4,4,4,4,4,4,4,4,4,4,2,3,2,0,0,2,1,0,4,1,1,4,4,1,0,1,3,4,4,3,2,3,3,2,3,1,0,4,3,4,0,1,0,4,4,4,4,4,4,4,4,4,4,4,4,4,4,4,4,4,4,4,4,4,4,4,4,4,4,4,4,4,4,4,4,2,0,1,1,3,2,4,4,4,4,4,4,4,4,4,4,4,4,4,4,4,4,4,3,3,3,3,0,0,1,2,1,1,3,2,1,3,1,1,2,3,0,0,4,3,0,0,4,4,4,4,4,4,4,4,4,4,4,4,4,4,4,4,4,4,4,4,4,4,4,4,4,4,4,4,4,4,4,4,4,4,4,4,4,4,4,4,2,0,2,1,0,2,2,1,2,3,3,3,3,3,3,3,ADUV01000061.1/97834-97628,0
648,4,4,4,2,3,3,2,1,3,1,0,3,3,1,0,0,1,4,3,2,4,2,3,3,0,3,2,0,3,3,2,1,2,3,3,2,1,3,0,0,1,3,2,2,1,0,0,0,3,0,3,3,3,3,1,4,4,4,4,4,4,4,4,4,4,4,4,4,4,4,4,4,4,4,4,4,4,4,4,4,4,4,4,4,4,2,1,4,4,3,1,0,3,0,0,1,0,3,1,3,4,2,2,0,0,3,2,0,3,2,1,4,1,0,0,4,4,4,4,4,4,0,0,4,2,0,0,0,2,2,2,4,4,3,2,1,1,3,4,0,4,3,1,2,3,1,1,0,4,1,1,0,2,0,4,1,1,2,0,3,0,4,0,1,0,2,3,4,0,1,2,4,3,4,2,0,0,0,0,1,2,0,0,1,2,3,4,4,4,4,4,4,4,4,4,4,4,4,4,4,4,4,4,4,4,4,4,4,4,4,4,4,4,4,4,4,4,4,4,4,4,4,4,4,4,4,4,4,4,4,4,4,4,4,4,4,4,4,4,4,3,0,3,1,0,0,2,4,4,1,0,3,4,1,2,2,2,1,2,0,1,0,1,2,3,3,2,0,4,4,4,4,4,4,4,4,4,4,4,4,4,4,4,4,4,4,4,4,4,2,3,2,0,2,2,1,0,4,1,1,2,4,1,1,3,0,4,4,4,4,3,3,4,4,4,4,4,4,4,4,4,4,4,4,4,4,4,4,4,4,4,4,4,4,4,4,4,4,4,4,4,4,4,4,4,4,4,4,4,4,4,4,4,4,4,4,4,1,0,2,4,4,4,4,4,4,4,4,4,4,4,4,4,4,4,4,4,3,3,0,1,2,1,2,2,1,1,0,2,0,2,2,2,0,2,3,2,4,2,3,3,4,4,4,4,4,4,4,4,4,4,4,4,4,4,4,4,4,4,4,4,4,4,4,4,4,4,4,4,4,4,4,4,4,4,4,4,4,4,4,4,1,3,3,1,3,2,2,3,1,2,1,2,3,2,0,3,CP001790.1/1335543-1335756,0
649,2,1,0,2,3,2,2,1,3,1,0,3,3,1,0,1,1,4,2,0,4,1,3,3,0,3,2,3,1,0,2,1,1,1,1,3,3,1,2,4,4,4,4,4,4,4,4,4,4,2,2,0,1,2,3,4,4,4,4,4,4,4,4,4,4,4,4,4,4,4,4,4,4,4,4,4,4,4,4,4,4,4,4,4,4,2,1,4,3,0,1,0,3,0,0,0,0,3,3,1,4,4,2,0,0,3,2,0,1,2,1,4,0,1,0,4,0,1,4,4,4,4,4,4,4,4,4,0,0,2,2,4,4,3,2,1,1,3,4,2,4,1,1,2,3,1,1,0,4,4,0,1,3,3,4,1,3,2,0,3,0,4,3,1,0,2,1,4,2,3,0,4,4,4,4,2,1,3,4,4,4,4,4,4,4,0,4,4,4,4,4,4,4,4,4,4,4,4,4,4,4,4,4,4,4,4,4,4,4,4,4,4,4,4,4,4,4,4,4,4,4,4,4,4,4,4,4,4,4,4,4,4,4,4,4,4,4,4,4,4,3,0,3,1,0,4,4,0,1,1,0,3,4,1,2,2,2,1,2,0,0,0,1,2,3,1,2,0,4,4,4,4,4,4,4,4,4,4,4,4,4,4,4,4,4,4,4,4,4,2,3,3,0,2,2,1,0,4,1,1,2,4,1,1,3,3,4,4,4,0,3,3,4,4,4,4,4,4,4,4,4,4,4,4,4,4,4,4,4,4,4,4,4,4,4,4,4,4,4,4,4,4,4,4,4,4,4,4,4,4,4,4,4,4,4,4,4,1,1,0,4,4,4,4,4,4,4,4,4,4,4,4,4,4,4,4,4,3,0,0,1,0,0,0,2,1,1,2,2,2,4,4,3,0,0,3,4,4,4,4,3,4,4,4,4,4,4,4,4,4,4,4,4,4,4,4,4,4,4,4,4,4,4,4,4,4,4,4,4,4,4,4,4,4,4,4,4,4,4,4,4,4,4,1,1,1,2,2,1,3,3,3,2,3,3,2,3,AFHD01000035.1/38487-38300,0
650,2,1,0,2,3,2,2,1,3,1,0,3,3,1,0,1,1,4,2,0,4,1,3,3,0,3,2,3,1,0,2,1,1,1,1,3,3,1,2,4,4,4,4,4,4,4,4,4,4,2,2,0,1,2,3,4,4,4,4,4,4,4,4,4,4,4,4,4,4,4,4,4,4,4,4,4,4,4,4,4,4,4,4,4,4,2,1,4,3,0,1,0,3,0,0,0,0,3,3,1,4,4,2,0,0,3,2,0,1,2,1,4,0,1,0,4,0,1,4,4,4,4,4,4,4,4,4,0,0,2,2,4,4,3,2,1,1,3,4,2,4,1,1,2,3,1,1,0,4,4,0,1,3,3,4,1,3,2,0,3,0,4,3,1,0,2,1,4,2,3,0,4,4,4,4,2,1,3,4,4,4,4,4,4,4,0,4,4,4,4,4,4,4,4,4,4,4,4,4,4,4,4,4,4,4,4,4,4,4,4,4,4,4,4,4,4,4,4,4,4,4,4,4,4,4,4,4,4,4,4,4,4,4,4,4,4,4,4,4,4,3,0,3,1,0,4,4,0,1,1,0,3,4,1,2,2,2,1,2,0,0,0,1,2,3,1,2,0,4,4,4,4,4,4,4,4,4,4,4,4,4,4,4,4,4,4,4,4,4,2,3,3,0,2,2,1,0,4,1,1,2,4,1,1,3,3,4,4,4,0,3,3,4,4,4,4,4,4,4,4,4,4,4,4,4,4,4,4,4,4,4,4,4,4,4,4,4,4,4,4,4,4,4,4,4,4,4,4,4,4,4,4,4,4,4,4,4,1,1,0,4,4,4,4,4,4,4,4,4,4,4,4,4,4,4,4,4,3,0,0,1,0,0,0,2,1,1,2,2,2,4,4,3,0,0,3,4,4,4,4,3,4,4,4,4,4,4,4,4,4,4,4,4,4,4,4,4,4,4,4,4,4,4,4,4,4,4,4,4,4,4,4,4,4,4,4,4,4,4,4,4,4,4,1,1,1,2,2,1,3,3,3,2,3,3,2,3,AFST01000001.2/37578-37765,0
651,2,3,0,2,0,3,2,1,3,1,0,3,3,1,1,0,3,4,1,3,4,1,3,3,0,3,2,3,3,1,2,1,1,3,3,0,4,4,4,4,4,4,4,4,4,4,4,4,4,4,4,4,4,2,3,4,4,4,4,4,4,4,4,4,4,4,4,4,4,4,4,4,4,4,4,4,4,4,4,4,4,4,4,4,4,2,1,4,1,3,1,0,3,0,0,0,1,3,1,1,4,2,2,0,0,3,2,0,1,2,1,4,0,2,0,4,2,1,1,2,3,3,4,4,4,4,3,0,1,2,2,4,4,3,2,1,3,3,4,0,4,3,1,2,3,1,1,0,4,4,1,3,2,0,4,1,0,2,0,3,2,4,3,1,2,1,4,4,4,3,3,4,0,4,3,2,1,1,4,4,4,4,4,4,4,3,4,4,4,4,4,4,4,4,4,4,4,4,4,4,4,4,4,4,4,4,4,4,4,4,4,4,4,4,4,4,4,4,4,4,4,4,4,4,4,4,4,4,4,4,4,4,4,4,4,4,4,4,4,4,1,0,3,1,0,2,0,1,0,1,1,0,4,3,2,2,0,1,0,1,0,0,1,2,3,3,2,0,4,4,4,4,4,4,4,4,4,4,4,4,4,4,4,4,4,4,4,4,4,2,3,2,0,0,2,1,0,4,1,1,4,4,1,0,1,3,4,4,3,2,3,3,2,3,1,0,4,3,4,0,1,0,4,4,4,4,4,4,4,4,4,4,4,4,4,4,4,4,4,4,4,4,4,4,4,4,4,4,4,4,4,4,4,4,2,0,1,1,3,2,4,4,4,4,4,4,4,4,4,4,4,4,4,4,4,4,4,3,3,3,3,0,0,1,2,1,1,3,2,1,3,1,1,2,3,0,0,4,3,0,0,4,4,4,4,4,4,4,4,4,4,4,4,4,4,4,4,4,4,4,4,4,4,4,4,4,4,4,4,4,4,4,4,4,4,4,4,4,4,4,4,2,0,2,1,0,2,2,1,2,3,3,3,3,3,3,3,AEZZ01000082.1/38753-38959,0
652,2,3,0,2,0,3,2,1,3,1,0,3,3,1,1,0,3,4,1,3,4,1,3,3,0,3,2,3,2,2,2,1,2,1,0,0,4,4,4,4,4,4,4,4,4,4,4,4,4,4,4,4,4,4,4,4,4,4,4,4,4,4,4,4,4,4,4,4,4,4,4,4,4,4,4,4,4,4,4,4,4,4,4,4,4,2,1,4,2,2,1,0,3,0,0,0,1,1,2,2,4,2,2,0,0,3,2,0,1,2,1,4,0,2,0,4,2,1,1,0,3,3,4,4,4,4,4,0,1,2,2,4,4,3,0,1,1,3,4,2,4,3,3,2,3,1,1,0,4,4,0,1,1,0,4,2,1,1,0,0,3,4,0,3,2,2,3,4,3,1,0,4,1,4,2,1,1,3,4,4,4,4,4,4,4,3,4,4,4,4,4,4,4,4,4,4,4,4,4,4,4,4,4,4,4,4,4,4,4,4,4,4,4,4,4,4,4,4,4,4,4,4,4,4,4,4,4,4,4,4,4,4,4,4,4,4,4,4,4,4,0,3,3,2,2,4,4,0,3,3,0,3,4,1,2,2,0,1,0,0,0,0,1,2,3,3,2,0,4,4,4,4,4,4,4,4,4,4,4,4,4,4,4,4,4,4,4,4,4,2,3,1,2,2,2,3,0,4,1,1,1,4,0,3,4,1,4,4,2,2,3,3,2,3,1,3,3,2,4,0,1,1,4,4,4,4,4,4,4,4,4,4,4,4,4,4,4,4,4,4,4,4,4,4,4,4,4,4,4,4,4,4,4,4,2,0,1,1,3,2,4,4,4,4,4,4,4,4,4,4,4,4,4,4,4,4,0,3,0,3,3,2,0,1,0,1,1,3,2,1,1,0,0,1,4,4,4,4,4,4,4,4,4,4,4,4,4,4,4,4,4,4,4,4,4,4,4,4,4,4,4,4,4,4,4,4,4,4,4,4,4,4,4,4,4,4,4,4,4,4,4,1,2,2,1,0,2,2,3,3,3,3,3,3,3,3,3,FR719183.1/35230-35429,0
653,2,3,0,2,0,3,2,1,3,1,0,3,1,1,1,0,1,4,3,3,4,0,3,3,0,3,2,0,1,0,2,1,3,3,2,2,1,1,0,3,3,0,0,4,4,2,2,1,3,0,0,3,3,3,0,4,4,4,4,4,4,4,4,4,4,4,4,4,4,4,4,4,4,4,4,4,4,4,4,4,4,4,4,4,4,2,1,4,3,3,1,0,3,0,0,0,1,1,1,0,4,2,2,2,0,3,2,0,1,2,1,4,0,2,0,4,2,1,1,2,0,3,4,4,3,3,3,0,2,0,2,4,4,3,2,1,1,3,4,0,4,3,3,2,3,1,1,0,4,3,2,3,0,0,4,1,1,2,0,3,2,4,3,3,2,0,2,4,3,0,0,4,3,4,2,3,4,4,4,4,4,4,4,4,4,4,4,4,4,4,4,4,4,4,4,4,4,4,4,4,4,4,4,4,4,4,4,4,4,4,4,4,4,4,4,4,4,4,4,4,4,4,4,4,4,4,4,4,4,4,4,4,4,4,4,4,4,4,4,4,1,0,3,1,0,4,4,1,0,3,0,1,4,1,2,2,2,1,0,3,0,0,1,2,3,3,2,0,4,4,4,4,4,4,4,4,4,4,4,4,4,4,4,4,4,4,4,4,4,2,3,2,0,2,2,1,0,4,1,3,2,4,0,3,0,3,4,4,3,2,3,3,2,3,1,3,4,0,4,3,1,4,4,4,4,4,4,4,4,4,4,4,4,4,4,4,4,4,4,4,4,4,4,4,4,4,4,4,4,4,4,4,4,4,2,0,1,1,3,2,0,0,4,4,4,4,4,4,4,4,4,4,4,4,0,0,3,3,3,3,0,2,0,1,0,1,3,3,2,1,1,1,3,3,3,3,4,4,4,4,4,4,4,4,4,4,4,4,4,4,4,4,4,4,4,4,4,4,4,4,4,4,4,4,4,4,4,4,4,4,4,4,4,4,4,4,4,4,4,4,4,1,2,2,1,0,0,2,3,2,3,3,3,3,3,3,3,CP000308.1/200701-200923,0
654,2,3,0,2,0,3,2,1,3,1,0,3,3,1,1,0,3,4,1,3,4,1,3,3,0,3,2,3,3,1,2,1,1,3,3,0,4,4,4,4,4,4,4,4,4,4,4,4,4,4,4,4,4,2,3,4,4,4,4,4,4,4,4,4,4,4,4,4,4,4,4,4,4,4,4,4,4,4,4,4,4,4,4,4,4,2,1,4,1,3,1,0,3,0,0,0,1,3,1,1,4,2,2,0,0,3,2,0,1,2,1,4,0,2,0,4,2,1,1,2,3,3,4,4,4,4,3,0,1,2,2,4,4,3,2,1,3,3,4,0,4,3,1,2,3,1,1,0,4,4,1,3,2,0,4,1,0,2,0,3,2,4,3,1,2,1,4,4,4,3,3,4,0,4,3,2,1,1,4,4,4,4,4,4,4,3,4,4,4,4,4,4,4,4,4,4,4,4,4,4,4,4,4,4,4,4,4,4,4,4,4,4,4,4,4,4,4,4,4,4,4,4,4,4,4,4,4,4,4,4,4,4,4,4,4,4,4,4,4,4,1,0,3,1,0,2,0,1,0,1,1,0,4,3,2,2,0,1,0,1,0,0,1,2,3,3,2,0,4,4,4,4,4,4,4,4,4,4,4,4,4,4,4,4,4,4,4,4,4,2,3,2,0,0,2,1,0,4,1,1,4,4,1,0,1,3,4,4,3,2,3,3,2,3,1,0,4,3,4,0,1,0,4,4,4,4,4,4,4,4,4,4,4,4,4,4,4,4,4,4,4,4,4,4,4,4,4,4,4,4,4,4,4,4,2,0,1,1,3,2,4,4,4,4,4,4,4,4,4,4,4,4,4,4,4,4,4,3,3,3,3,0,0,1,2,1,1,3,2,1,3,1,1,2,3,0,0,4,3,0,0,4,4,4,4,4,4,4,4,4,4,4,4,4,4,4,4,4,4,4,4,4,4,4,4,4,4,4,4,4,4,4,4,4,4,4,4,4,4,4,4,2,0,2,1,0,2,2,1,2,3,3,3,3,3,3,3,AFVR01000019.1/38273-38479,0
655,2,1,0,2,3,2,2,1,3,1,0,3,3,1,2,1,1,4,2,0,4,1,3,3,0,3,2,3,1,0,2,1,1,1,1,3,3,1,2,4,4,4,4,4,4,4,4,4,4,2,2,0,1,2,3,4,4,4,4,4,4,4,4,4,4,4,4,4,4,4,4,4,4,4,4,4,4,4,4,4,4,4,4,4,4,2,1,4,3,0,1,0,3,0,0,0,0,3,4,3,4,1,2,0,0,3,2,0,1,2,1,4,0,1,0,4,0,1,4,4,4,4,4,4,4,4,4,0,0,2,2,4,4,3,2,1,1,3,4,2,4,1,1,2,3,1,1,0,4,4,0,1,3,3,4,1,3,2,0,3,0,4,3,1,0,2,1,4,2,3,0,4,4,4,4,2,1,3,4,4,4,4,4,4,4,0,4,4,4,4,4,4,4,4,4,4,4,4,4,4,4,4,4,4,4,4,4,4,4,4,4,4,4,4,4,4,4,4,4,4,4,4,4,4,4,4,4,4,4,4,4,4,4,4,4,4,4,4,4,4,3,0,3,1,0,4,4,0,1,1,0,3,4,1,2,2,2,1,2,0,0,0,1,2,3,1,2,0,4,4,4,4,4,4,4,4,4,4,4,4,4,4,4,4,4,4,4,4,4,2,3,3,0,2,2,1,0,4,1,1,2,4,1,1,3,3,4,4,4,0,3,3,4,4,4,4,4,4,4,4,4,4,4,4,4,4,4,4,4,4,4,4,4,4,4,4,4,4,4,4,4,4,4,4,4,4,4,4,4,4,4,4,4,4,4,4,4,1,1,0,4,4,4,4,4,4,4,4,4,4,4,4,4,4,4,4,4,3,0,0,1,0,0,0,2,1,1,2,2,2,4,4,3,0,0,3,4,4,4,4,3,4,4,4,4,4,4,4,4,4,4,4,4,4,4,4,4,4,4,4,4,4,4,4,4,4,4,4,4,4,4,4,4,4,4,4,4,4,4,4,4,4,4,1,1,1,2,2,1,3,3,3,2,3,3,2,3,CP001855.1/2676856-2676669,0
656,2,1,0,2,3,2,2,1,3,1,0,3,3,1,0,1,1,4,2,0,4,1,3,3,0,3,2,3,1,0,2,1,1,1,1,3,3,1,2,4,4,4,4,4,4,4,4,4,4,2,2,0,1,2,3,4,4,4,4,4,4,4,4,4,4,4,4,4,4,4,4,4,4,4,4,4,4,4,4,4,4,4,4,4,4,2,1,4,3,0,1,0,3,0,0,0,0,3,3,1,4,4,2,0,0,3,2,0,1,2,1,4,0,1,0,4,0,1,4,4,4,4,4,4,4,4,4,0,0,2,2,4,4,3,2,1,1,3,4,2,4,1,1,2,3,1,1,0,4,4,0,1,3,3,4,1,3,2,0,3,0,4,3,1,0,2,1,4,2,3,0,4,4,4,4,2,1,3,4,4,4,4,4,4,4,0,4,4,4,4,4,4,4,4,4,4,4,4,4,4,4,4,4,4,4,4,4,4,4,4,4,4,4,4,4,4,4,4,4,4,4,4,4,4,4,4,4,4,4,4,4,4,4,4,4,4,4,4,4,4,3,0,3,1,0,4,4,0,1,1,0,3,4,1,2,2,2,1,2,0,0,0,1,2,3,1,2,0,4,4,4,4,4,4,4,4,4,4,4,4,4,4,4,4,4,4,4,4,4,2,3,3,0,2,2,1,0,4,1,1,2,4,1,1,3,3,4,4,4,0,3,3,4,4,4,4,4,4,4,4,4,4,4,4,4,4,4,4,4,4,4,4,4,4,4,4,4,4,4,4,4,4,4,4,4,4,4,4,4,4,4,4,4,4,4,4,4,1,1,0,4,4,4,4,4,4,4,4,4,4,4,4,4,4,4,4,4,3,0,0,1,0,0,0,2,1,1,2,2,2,4,4,3,0,0,3,4,4,4,4,3,4,4,4,4,4,4,4,4,4,4,4,4,4,4,4,4,4,4,4,4,4,4,4,4,4,4,4,4,4,4,4,4,4,4,4,4,4,4,4,4,4,4,1,1,1,2,2,1,3,3,3,2,3,3,2,3,AFGZ01000052.1/314988-314801,0
657,2,3,4,4,4,2,2,1,3,1,0,3,3,1,0,1,1,4,3,3,4,1,3,3,0,3,2,3,1,0,2,1,1,1,1,3,3,0,2,4,4,4,4,4,4,4,4,4,4,2,2,0,1,2,1,4,4,4,4,4,4,4,4,4,4,4,4,4,4,4,4,4,4,4,4,4,4,4,4,4,4,4,4,4,4,2,1,4,3,0,1,0,3,0,0,0,1,3,3,1,4,4,2,0,0,3,2,0,1,2,1,4,4,4,4,4,0,1,0,0,4,4,4,4,4,4,1,0,0,2,2,4,4,3,2,1,1,3,4,2,4,1,1,2,3,1,1,0,4,4,0,1,3,3,4,1,3,2,0,3,0,4,0,1,0,2,1,4,2,3,4,4,4,4,0,2,1,3,4,4,4,4,4,4,4,3,4,4,4,4,4,4,4,4,4,4,4,4,4,4,4,4,4,4,4,4,4,4,4,4,4,4,4,4,4,4,4,4,4,4,4,4,4,4,4,4,4,4,4,4,4,4,4,4,4,4,4,4,4,4,3,0,3,1,0,4,4,0,1,1,3,1,4,1,2,2,2,1,2,0,0,0,1,2,3,1,2,0,4,4,4,4,4,4,4,4,4,4,4,4,4,4,4,4,4,4,4,4,4,2,3,3,0,2,2,1,0,4,1,1,2,4,1,1,3,3,4,4,4,0,3,3,4,4,4,4,4,4,4,4,4,4,4,4,4,4,4,4,4,4,4,4,4,4,4,4,4,4,4,4,4,4,4,4,4,4,4,4,4,4,4,4,4,4,4,4,4,1,1,0,4,4,4,4,4,4,4,4,4,4,4,4,4,4,4,4,4,3,0,0,1,0,0,0,2,1,1,2,2,2,3,3,3,4,4,4,4,4,4,4,4,4,4,4,4,4,4,4,4,4,4,4,4,4,4,4,4,4,4,4,4,4,4,4,4,4,4,4,4,4,4,4,4,4,4,4,4,4,4,4,4,0,2,1,1,1,2,2,1,3,3,3,2,3,3,2,3,CP002614.1/2707610-2707426,0
658,2,1,0,2,3,2,2,1,3,1,0,3,3,1,0,1,1,4,2,0,4,1,3,3,0,3,2,3,1,0,2,1,1,1,1,3,3,1,2,4,4,4,4,4,4,4,4,4,4,2,2,0,1,2,3,4,4,4,4,4,4,4,4,4,4,4,4,4,4,4,4,4,4,4,4,4,4,4,4,4,4,4,4,4,4,2,1,4,3,0,1,0,3,0,0,0,0,3,3,1,4,4,2,0,0,3,2,0,1,2,1,4,0,1,0,4,0,1,4,4,4,4,4,4,4,4,4,0,0,2,2,4,4,3,2,1,1,3,4,2,4,1,1,2,3,1,1,0,4,4,0,1,3,3,4,1,3,2,0,3,0,4,3,1,0,2,1,4,2,3,0,4,4,4,4,2,1,3,4,4,4,4,4,4,4,0,4,4,4,4,4,4,4,4,4,4,4,4,4,4,4,4,4,4,4,4,4,4,4,4,4,4,4,4,4,4,4,4,4,4,4,4,4,4,4,4,4,4,4,4,4,4,4,4,4,4,4,4,4,4,3,0,3,1,0,4,4,0,1,1,0,3,4,1,2,2,2,1,2,0,0,0,1,2,3,1,2,0,4,4,4,4,4,4,4,4,4,4,4,4,4,4,4,4,4,4,4,4,4,2,3,3,0,2,2,1,0,4,1,1,2,4,1,1,3,3,4,4,4,0,3,3,4,4,4,4,4,4,4,4,4,4,4,4,4,4,4,4,4,4,4,4,4,4,4,4,4,4,4,4,4,4,4,4,4,4,4,4,4,4,4,4,4,4,4,4,4,1,1,0,4,4,4,4,4,4,4,4,4,4,4,4,4,4,4,4,4,3,0,0,1,0,0,1,2,1,1,2,2,2,4,4,3,0,0,3,4,4,4,4,3,4,4,4,4,4,4,4,4,4,4,4,4,4,4,4,4,4,4,4,4,4,4,4,4,4,4,4,4,4,4,4,4,4,4,4,4,4,4,4,4,4,4,1,1,1,2,2,1,3,3,3,2,3,3,2,3,AEZV01000127.1/238949-238762,0
659,2,3,4,4,4,2,2,1,3,1,0,3,3,1,0,1,1,4,2,0,4,1,3,3,0,3,2,3,1,0,2,1,1,1,1,3,3,1,2,4,4,4,4,4,4,4,4,4,4,2,2,0,1,2,3,4,4,4,4,4,4,4,4,4,4,4,4,4,4,4,4,4,4,4,4,4,4,4,4,4,4,4,4,4,4,2,1,4,3,0,1,0,3,0,0,0,0,3,0,1,4,4,2,0,0,3,2,0,1,2,1,4,4,4,4,4,0,1,0,0,4,4,4,4,4,4,1,0,0,2,2,4,4,3,2,1,1,3,4,2,4,1,1,2,3,1,1,0,4,4,0,1,3,3,4,1,3,2,0,3,0,4,3,1,0,2,1,4,2,3,0,4,4,4,4,2,1,3,4,4,4,4,4,4,4,0,4,4,4,4,4,4,4,4,4,4,4,4,4,4,4,4,4,4,4,4,4,4,4,4,4,4,4,4,4,4,4,4,4,4,4,4,4,4,4,4,4,4,4,4,4,4,4,4,4,4,4,4,4,4,3,0,3,1,0,4,4,0,1,1,0,3,4,1,2,2,2,1,2,0,0,0,1,2,3,1,2,0,4,4,4,4,4,4,4,4,4,4,4,4,4,4,4,4,4,4,4,4,4,2,3,3,0,2,2,1,0,4,1,1,2,4,1,1,3,3,4,4,4,0,3,3,4,4,4,4,4,4,4,4,4,4,4,4,4,4,4,4,4,4,4,4,4,4,4,4,4,4,4,4,4,4,4,4,4,4,4,4,4,4,4,4,4,4,4,4,4,1,1,0,4,4,4,4,4,4,4,4,4,4,4,4,4,4,4,4,4,3,0,0,1,0,0,0,2,1,1,2,2,2,4,4,3,0,0,3,4,4,4,4,3,4,4,4,4,4,4,4,4,4,4,4,4,4,4,4,4,4,4,4,4,4,4,4,4,4,4,4,4,4,4,4,4,4,4,4,4,4,4,4,4,4,4,1,1,1,2,2,1,3,3,3,2,3,3,2,3,FN649414.1/2944201-2944017,0
660,2,3,4,4,4,2,2,1,3,1,0,3,3,1,0,1,1,4,2,0,4,1,3,3,0,3,2,3,1,0,2,1,1,1,1,3,3,1,2,4,4,4,4,4,4,4,4,4,4,2,2,0,1,2,3,4,4,4,4,4,4,4,4,4,4,4,4,4,4,4,4,4,4,4,4,4,4,4,4,4,4,4,4,4,4,2,1,4,3,0,1,0,3,0,0,0,0,3,0,1,4,4,2,0,0,3,2,0,1,2,1,4,4,4,4,4,0,1,0,0,4,4,4,4,4,4,1,0,0,2,2,4,4,3,2,1,1,3,4,2,4,1,1,2,3,1,1,0,4,4,0,1,3,3,4,1,3,2,0,3,0,4,3,1,0,2,1,4,2,3,0,4,4,4,4,2,1,3,4,4,4,4,4,4,4,0,4,4,4,4,4,4,4,4,4,4,4,4,4,4,4,4,4,4,4,4,4,4,4,4,4,4,4,4,4,4,4,4,4,4,4,4,4,4,4,4,4,4,4,4,4,4,4,4,4,4,4,4,4,4,3,0,3,1,0,4,4,0,1,1,0,3,4,1,2,2,2,1,2,0,0,0,1,2,3,1,2,0,4,4,4,4,4,4,4,4,4,4,4,4,4,4,4,4,4,4,4,4,4,2,3,3,0,2,2,1,0,4,1,1,2,4,1,1,3,3,4,4,4,0,3,3,4,4,4,4,4,4,4,4,4,4,4,4,4,4,4,4,4,4,4,4,4,4,4,4,4,4,4,4,4,4,4,4,4,4,4,4,4,4,4,4,4,4,4,4,4,1,1,0,4,4,4,4,4,4,4,4,4,4,4,4,4,4,4,4,4,3,0,0,1,0,0,0,2,1,1,2,2,2,4,4,3,0,0,3,4,4,4,4,3,4,4,4,4,4,4,4,4,4,4,4,4,4,4,4,4,4,4,4,4,4,4,4,4,4,4,4,4,4,4,4,4,4,4,4,4,4,4,4,4,4,4,1,1,1,2,2,1,3,3,3,2,3,3,2,3,AFGE01000046.1/149448-149264,0
661,2,3,0,2,0,3,2,1,3,1,0,3,3,1,1,0,3,4,1,3,4,1,3,3,0,3,2,3,3,1,2,1,1,3,3,0,4,4,4,4,4,4,4,4,4,4,4,4,4,4,4,4,4,2,3,4,4,4,4,4,4,4,4,4,4,4,4,4,4,4,4,4,4,4,4,4,4,4,4,4,4,4,4,4,4,2,1,4,1,3,1,0,3,0,0,0,1,3,1,1,4,2,2,0,0,3,2,0,1,2,1,4,0,2,0,4,2,1,1,2,3,3,4,4,4,4,3,0,1,2,2,4,4,3,2,1,3,3,4,0,4,3,1,2,3,1,1,0,4,4,1,3,2,0,4,1,0,2,0,3,2,4,3,1,2,1,4,4,4,3,3,4,0,4,3,2,1,1,4,4,4,4,4,4,4,3,4,4,4,4,4,4,4,4,4,4,4,4,4,4,4,4,4,4,4,4,4,4,4,4,4,4,4,4,4,4,4,4,4,4,4,4,4,4,4,4,4,4,4,4,4,4,4,4,4,4,4,4,4,4,1,0,3,1,0,2,0,1,0,1,1,0,4,3,2,2,0,1,0,1,0,0,1,2,3,3,2,0,4,4,4,4,4,4,4,4,4,4,4,4,4,4,4,4,4,4,4,4,4,2,3,2,0,0,2,1,0,4,1,1,4,4,1,0,1,3,4,4,3,2,3,3,2,3,1,0,4,3,4,0,1,0,4,4,4,4,4,4,4,4,4,4,4,4,4,4,4,4,4,4,4,4,4,4,4,4,4,4,4,4,4,4,4,4,2,0,1,1,3,2,4,4,4,4,4,4,4,4,4,4,4,4,4,4,4,4,4,3,3,3,3,0,0,1,2,1,1,3,2,1,3,1,1,2,3,0,0,4,3,0,0,4,4,4,4,4,4,4,4,4,4,4,4,4,4,4,4,4,4,4,4,4,4,4,4,4,4,4,4,4,4,4,4,4,4,4,4,4,4,4,4,2,0,2,1,0,2,2,1,2,3,3,3,3,3,3,3,ADBB01000151.1/28388-28594,0
662,2,3,4,4,4,2,2,1,3,1,0,3,3,1,0,1,1,4,3,3,4,1,3,3,0,3,2,3,1,0,2,1,1,1,1,3,3,0,2,4,4,4,4,4,4,4,4,4,4,2,2,0,3,2,1,4,4,4,4,4,4,4,4,4,4,4,4,4,4,4,4,4,4,4,4,4,4,4,4,4,4,4,4,4,4,2,1,4,3,0,1,0,3,0,0,0,1,3,3,1,4,4,2,0,0,3,2,0,1,2,1,4,4,4,4,4,0,1,0,0,4,4,4,4,4,4,1,0,0,2,2,4,4,3,2,1,1,3,4,2,4,1,1,2,3,1,1,0,4,4,0,1,3,3,4,1,3,2,0,3,0,4,0,3,0,2,1,4,2,3,4,4,4,4,0,2,1,3,4,4,4,4,4,4,4,3,4,4,4,4,4,4,4,4,4,4,4,4,4,4,4,4,4,4,4,4,4,4,4,4,4,4,4,4,4,4,4,4,4,4,4,4,4,4,4,4,4,4,4,4,4,4,4,4,4,4,4,4,4,4,3,0,3,1,0,4,4,0,1,1,3,1,4,1,2,2,2,1,2,0,0,0,1,2,3,1,2,0,4,4,4,4,4,4,4,4,4,4,4,4,4,4,4,4,4,4,4,4,4,2,3,3,0,2,2,1,0,4,1,1,2,4,1,1,3,3,4,4,4,0,3,3,4,4,4,4,4,4,4,4,4,4,4,4,4,4,4,4,4,4,4,4,4,4,4,4,4,4,4,4,4,4,4,4,4,4,4,4,4,4,4,4,4,4,4,4,4,1,1,0,4,4,4,4,4,4,4,4,4,4,4,4,4,4,4,4,4,3,0,0,1,0,0,0,2,1,1,2,2,2,3,3,3,4,4,4,4,4,4,4,4,4,4,4,4,4,4,4,4,4,4,4,4,4,4,4,4,4,4,4,4,4,4,4,4,4,4,4,4,4,4,4,4,4,4,4,4,4,4,4,4,0,2,1,1,1,2,2,1,3,3,3,2,3,3,2,3,ABEJ01000017.1/53626-53442,0
663,0,1,0,2,3,3,2,1,3,1,0,3,3,1,0,1,1,4,3,3,4,3,3,3,0,3,2,0,3,0,2,1,1,1,1,2,4,4,4,4,4,4,4,4,4,4,4,4,4,4,4,4,4,4,4,1,0,0,3,3,0,0,2,1,4,4,4,4,4,4,4,4,4,4,4,4,2,2,0,3,2,0,3,2,1,2,1,4,3,3,1,0,3,0,0,2,1,1,3,1,4,1,2,0,0,3,2,0,3,2,1,4,1,3,0,4,4,4,0,2,0,1,4,4,4,4,4,4,3,2,2,4,4,3,2,1,1,3,4,0,4,3,1,2,3,1,1,0,1,1,3,0,0,0,4,1,1,2,0,1,0,4,3,3,2,3,2,4,3,2,0,4,0,4,0,2,1,0,1,4,4,4,4,4,0,3,4,4,4,4,4,4,4,4,4,4,4,4,4,4,4,4,4,4,4,4,4,4,4,4,4,4,4,4,4,4,4,4,4,4,4,4,4,4,4,4,4,4,4,4,4,4,4,4,4,4,4,4,4,4,3,0,3,1,0,4,4,0,0,1,0,3,4,1,2,2,0,1,2,0,1,0,1,2,3,3,2,0,4,4,4,4,4,4,4,4,4,4,4,4,4,4,4,4,4,4,4,4,4,2,3,2,0,2,2,1,0,4,1,1,2,4,1,1,3,0,4,4,3,2,3,1,4,4,4,4,4,4,4,4,4,4,4,4,4,4,4,4,4,4,4,4,4,4,4,4,4,4,4,4,4,4,4,4,4,4,4,4,4,4,4,4,4,4,4,4,4,1,3,2,4,4,4,4,4,4,4,4,4,4,4,4,4,4,4,4,4,1,3,2,3,2,0,3,2,0,0,3,4,4,4,4,4,4,4,4,4,4,4,4,4,4,4,4,4,4,4,4,4,4,4,4,4,4,4,4,4,4,4,4,4,4,4,4,4,4,4,4,4,4,4,4,4,4,4,4,4,4,4,4,3,4,4,4,4,0,3,3,1,0,3,1,0,0,3,3,3,CP000901.1/3847731-3847928,0
664,2,3,0,2,0,3,2,1,3,1,0,3,3,1,3,0,3,4,1,3,4,1,3,3,0,3,2,3,3,1,2,1,1,3,3,0,4,4,4,4,4,4,4,4,4,4,4,4,4,4,4,4,4,2,3,4,4,4,4,4,4,4,4,4,4,4,4,4,4,4,4,4,4,4,4,4,4,4,4,4,4,4,4,4,4,2,1,4,1,3,1,0,3,0,0,0,1,3,1,1,4,2,2,0,0,3,2,0,1,2,1,4,0,2,0,4,2,1,1,2,3,3,4,4,4,4,3,0,1,2,2,4,4,3,2,1,3,3,4,0,4,3,1,2,3,1,1,0,4,4,1,3,2,0,4,1,0,2,0,3,2,4,3,1,2,1,4,4,4,3,3,4,0,4,3,2,1,1,4,4,4,4,4,4,4,3,4,4,4,4,4,4,4,4,4,4,4,4,4,4,4,4,4,4,4,4,4,4,4,4,4,4,4,4,4,4,4,4,4,4,4,4,4,4,4,4,4,4,4,4,4,4,4,4,4,4,4,4,4,4,1,0,3,1,0,2,0,1,0,1,1,0,4,3,2,2,0,1,0,1,0,0,1,2,3,3,2,0,4,4,4,4,4,4,4,4,4,4,4,4,4,4,4,4,4,4,4,4,4,2,3,2,0,0,2,1,0,4,1,1,4,4,1,0,1,3,4,4,3,2,3,3,2,3,1,0,4,3,4,0,1,0,4,4,4,4,4,4,4,4,4,4,4,4,4,4,4,4,4,4,4,4,4,4,4,4,4,4,4,4,4,4,4,4,2,0,1,1,3,2,4,4,4,4,4,4,4,4,4,4,4,4,4,4,4,4,4,3,3,3,3,0,0,1,2,1,1,3,2,1,3,1,1,2,3,0,0,4,3,0,0,4,4,4,4,4,4,4,4,4,4,4,4,4,4,4,4,4,4,4,4,4,4,4,4,4,4,4,4,4,4,4,4,4,4,4,4,4,4,4,4,2,0,2,1,0,2,2,1,2,3,3,3,3,3,3,3,AEHX01000113.1/40096-40302,0
665,2,3,4,4,4,2,2,1,3,1,0,3,3,1,0,3,1,4,1,2,4,1,3,3,0,3,2,3,1,0,2,1,1,1,1,3,3,1,2,4,4,4,4,4,4,4,4,4,4,2,2,0,1,2,3,4,4,4,4,4,4,4,4,4,4,4,4,4,4,4,4,4,4,4,4,4,4,4,4,4,4,4,4,4,4,2,1,4,3,0,1,0,3,0,0,0,0,3,3,0,4,4,2,0,0,3,2,0,1,2,1,4,4,4,4,4,0,1,0,0,4,4,4,4,4,4,1,0,0,2,2,4,4,3,2,1,1,3,4,2,4,1,1,2,3,1,1,0,4,4,0,1,3,3,4,1,3,2,0,3,0,4,3,1,0,2,4,4,4,1,3,4,3,4,0,2,1,3,4,4,4,4,4,4,4,0,4,4,4,4,4,4,4,4,4,4,4,4,4,4,4,4,4,4,4,4,4,4,4,4,4,4,4,4,4,4,4,4,4,4,4,4,4,4,4,4,4,4,4,4,4,4,4,4,4,4,4,4,4,4,3,0,3,1,0,4,4,0,1,1,0,3,4,1,2,2,2,1,2,0,0,0,1,2,3,1,2,0,4,4,4,4,4,4,4,4,4,4,4,4,4,4,4,4,4,4,4,4,4,2,3,3,0,2,2,1,0,4,1,1,2,4,1,1,3,3,4,4,4,0,3,3,4,4,4,4,4,4,4,4,4,4,4,4,4,4,4,4,4,4,4,4,4,4,4,4,4,4,4,4,4,4,4,4,4,4,4,4,4,4,4,4,4,4,4,4,4,1,1,0,4,4,4,4,4,4,4,4,4,4,4,4,4,4,4,4,4,1,0,0,1,0,0,0,2,1,1,2,2,2,4,4,3,0,0,3,4,4,4,4,3,4,4,4,4,4,4,4,4,4,4,4,4,4,4,4,4,4,4,4,4,4,4,4,4,4,4,4,4,4,4,4,4,4,4,4,4,4,4,4,4,4,4,1,1,1,2,2,1,3,3,3,2,3,3,2,3,AEJZ01000048.1/25941-25757,0
666,2,1,0,2,3,2,2,1,3,1,0,3,3,1,0,1,1,4,2,0,4,1,3,3,0,3,2,3,1,0,2,1,1,1,1,3,3,1,2,4,4,4,4,4,4,4,4,4,4,2,2,0,1,2,3,4,4,4,4,4,4,4,4,4,4,4,4,4,4,4,4,4,4,4,4,4,4,4,4,4,4,4,4,4,4,2,1,4,3,0,1,0,3,0,0,0,0,3,3,1,4,4,2,0,0,3,2,0,1,2,1,4,0,1,0,4,0,1,4,4,4,4,4,4,4,4,4,0,0,2,2,4,4,3,2,1,1,3,4,2,4,1,1,2,3,1,1,0,4,4,0,1,3,3,4,1,3,2,0,3,0,4,3,1,0,2,1,4,2,3,0,4,4,4,4,2,1,3,4,4,4,4,4,4,4,0,4,4,4,4,4,4,4,4,4,4,4,4,4,4,4,4,4,4,4,4,4,4,4,4,4,4,4,4,4,4,4,4,4,4,4,4,4,4,4,4,4,4,4,4,4,4,4,4,4,4,4,4,4,4,3,0,3,1,0,4,4,0,1,1,0,3,4,1,2,2,2,1,2,0,0,0,1,2,3,1,2,0,4,4,4,4,4,4,4,4,4,4,4,4,4,4,4,4,4,4,4,4,4,2,3,3,0,2,2,1,0,4,1,1,2,4,1,1,3,3,4,4,4,0,3,3,4,4,4,4,4,4,4,4,4,4,4,4,4,4,4,4,4,4,4,4,4,4,4,4,4,4,4,4,4,4,4,4,4,4,4,4,4,4,4,4,4,4,4,4,4,1,1,0,4,4,4,4,4,4,4,4,4,4,4,4,4,4,4,4,4,3,0,0,1,0,0,0,2,1,1,2,2,2,4,4,3,0,0,3,4,4,4,4,3,4,4,4,4,4,4,4,4,4,4,4,4,4,4,4,4,4,4,4,4,4,4,4,4,4,4,4,4,4,4,4,4,4,4,4,4,4,4,4,4,4,4,1,1,1,2,2,1,3,3,3,2,3,3,2,3,AFOG01000172.1/34794-34981,0
667,2,3,0,2,0,3,2,1,3,1,0,3,3,1,1,0,3,4,1,3,4,1,3,3,0,3,2,3,3,1,2,1,1,3,3,0,4,4,4,4,4,4,4,4,4,4,4,4,4,4,4,4,4,2,3,4,4,4,4,4,4,4,4,4,4,4,4,4,4,4,4,4,4,4,4,4,4,4,4,4,4,4,4,4,4,2,1,4,1,3,1,0,3,0,0,0,1,3,1,1,4,2,2,0,0,3,2,0,1,2,1,4,0,2,0,4,2,1,1,2,3,3,4,4,4,4,3,0,1,2,2,4,4,3,2,1,3,3,4,0,4,3,1,2,3,1,1,0,4,4,1,3,2,0,4,1,0,2,0,3,2,4,3,1,2,1,4,4,4,3,3,4,0,4,3,2,1,1,4,4,4,4,4,4,4,3,4,4,4,4,4,4,4,4,4,4,4,4,4,4,4,4,4,4,4,4,4,4,4,4,4,4,4,4,4,4,4,4,4,4,4,4,4,4,4,4,4,4,4,4,4,4,4,4,4,4,4,4,4,4,1,0,3,1,0,2,0,1,0,1,1,0,4,3,2,2,0,1,0,1,0,0,1,2,3,3,2,0,4,4,4,4,4,4,4,4,4,4,4,4,4,4,4,4,4,4,4,4,4,2,3,2,0,0,2,1,0,4,1,1,4,4,1,0,1,3,4,4,3,2,3,3,2,3,1,0,4,3,4,0,1,0,4,4,4,4,4,4,4,4,4,4,4,4,4,4,4,4,4,4,4,4,4,4,4,4,4,4,4,4,4,4,4,4,2,0,1,1,3,2,4,4,4,4,4,4,4,4,4,4,4,4,4,4,4,4,4,3,3,3,3,0,0,1,2,1,1,3,2,1,3,1,1,2,3,0,0,4,3,0,0,4,4,4,4,4,4,4,4,4,4,4,4,4,4,4,4,4,4,4,4,4,4,4,4,4,4,4,4,4,4,4,4,4,4,4,4,4,4,4,4,2,0,2,1,0,2,2,1,2,3,3,3,3,3,3,3,CU928163.2/4472367-4472573,0
668,2,3,4,4,4,2,2,1,3,1,0,3,3,1,0,1,1,4,2,0,4,1,3,3,0,3,2,3,1,0,2,1,1,1,1,3,3,1,2,4,4,4,4,4,4,4,4,4,4,2,2,0,1,2,3,4,4,4,4,4,4,4,4,4,4,4,4,4,4,4,4,4,4,4,4,4,4,4,4,4,4,4,4,4,4,2,1,4,3,0,1,0,3,0,0,0,0,3,3,1,4,4,2,0,0,3,2,0,1,2,1,4,4,4,4,4,0,1,0,0,4,4,4,4,4,4,1,0,0,2,2,4,4,3,2,1,1,3,4,2,4,1,1,2,3,1,1,0,4,4,0,1,3,3,4,1,3,2,0,3,0,4,3,1,0,2,4,4,4,1,3,4,3,4,0,2,1,3,4,4,4,4,4,4,4,0,4,4,4,4,4,4,4,4,4,4,4,4,4,4,4,4,4,4,4,4,4,4,4,4,4,4,4,4,4,4,4,4,4,4,4,4,4,4,4,4,4,4,4,4,4,4,4,4,4,4,4,4,4,4,3,0,3,1,0,4,4,0,1,1,1,3,4,1,2,2,2,1,2,0,0,0,1,2,3,1,2,0,4,4,4,4,4,4,4,4,4,4,4,4,4,4,4,4,4,4,4,4,4,2,3,3,0,2,2,1,0,4,1,1,2,4,1,1,3,3,4,4,4,0,3,3,4,4,4,4,4,4,4,4,4,4,4,4,4,4,4,4,4,4,4,4,4,4,4,4,4,4,4,4,4,4,4,4,4,4,4,4,4,4,4,4,4,4,4,4,4,1,1,0,4,4,4,4,4,4,4,4,4,4,4,4,4,4,4,4,4,3,0,0,1,0,0,0,2,1,1,2,2,2,4,4,3,1,0,3,4,4,4,4,3,4,4,4,4,4,4,4,4,4,4,4,4,4,4,4,4,4,4,4,4,4,4,4,4,4,4,4,4,4,4,4,4,4,4,4,4,4,4,4,4,4,4,1,1,1,2,2,1,3,3,3,2,3,3,2,3,AEVY01000007.1/33389-33573,0
669,1,1,0,2,3,3,2,1,3,1,0,3,3,1,0,0,1,4,3,3,4,3,3,3,0,3,2,0,1,2,2,1,1,1,1,2,3,0,3,3,3,0,2,4,4,0,1,2,2,0,0,2,3,3,3,4,4,4,4,4,4,4,4,4,4,4,4,4,4,4,4,4,4,4,4,4,4,4,4,4,4,4,4,4,4,2,1,4,1,3,1,0,3,0,0,2,1,1,3,1,4,1,2,0,0,3,2,0,3,2,1,4,1,0,0,4,0,2,0,0,0,3,4,4,4,4,4,4,4,2,2,4,4,3,2,1,1,3,4,0,4,3,1,2,3,1,1,0,0,1,3,0,0,0,4,1,1,2,0,3,0,4,0,1,0,2,0,4,1,2,1,4,2,4,1,0,0,2,1,2,4,4,2,1,3,3,4,4,4,4,4,4,4,4,4,4,4,4,4,4,4,4,4,4,4,4,4,4,4,4,4,4,4,4,4,4,4,4,4,4,4,4,4,4,4,4,4,4,4,4,4,4,4,4,4,4,4,4,4,4,3,0,3,1,0,0,2,4,4,1,0,3,4,1,2,2,2,1,2,0,1,0,1,2,3,2,2,0,4,4,4,4,4,4,4,4,4,4,4,4,4,4,4,4,4,4,4,4,4,2,3,2,0,2,2,1,0,4,1,1,2,4,4,4,4,4,4,4,4,4,4,4,4,4,4,4,4,4,4,4,4,4,4,4,4,4,4,4,4,4,4,4,4,4,4,4,4,4,4,4,4,4,4,4,4,4,4,4,4,4,4,4,4,4,4,4,4,4,4,4,4,4,4,4,4,4,4,4,4,4,4,4,4,4,4,4,4,4,4,4,4,4,4,4,4,4,4,4,4,4,4,4,4,4,4,4,4,4,4,4,4,1,4,4,4,4,4,4,4,4,4,4,4,4,4,4,4,4,4,4,4,4,4,4,4,4,4,4,4,4,4,4,4,4,4,4,4,4,4,4,1,4,4,4,4,4,4,4,4,4,4,4,3,2,3,0,3,ADBX01000009.1/236034-235862,0
670,0,1,0,2,3,3,2,1,3,1,0,3,3,1,0,1,1,4,3,3,4,3,3,3,0,3,2,0,3,0,2,1,1,1,1,2,4,4,4,4,4,4,4,4,4,4,4,4,4,4,4,4,4,4,4,1,0,0,3,3,0,0,2,1,4,4,4,4,4,4,4,4,4,4,4,4,2,2,0,3,2,0,3,2,1,2,1,4,3,3,1,0,3,0,0,2,1,1,3,1,4,1,2,0,0,3,2,0,3,2,1,4,1,3,0,4,4,4,0,2,0,1,4,4,4,4,4,4,3,2,2,4,4,3,2,1,1,3,4,0,4,3,1,2,3,1,1,0,1,1,3,0,0,0,4,1,1,2,0,1,0,4,3,3,2,3,2,4,3,2,0,4,0,4,0,2,1,0,1,4,4,4,4,4,0,3,4,4,4,4,4,4,4,4,4,4,4,4,4,4,4,4,4,4,4,4,4,4,4,4,4,4,4,4,4,4,4,4,4,4,4,4,4,4,4,4,4,4,4,4,4,4,4,4,4,4,4,4,4,4,3,0,3,1,0,4,4,0,0,1,0,3,4,1,2,2,0,1,2,0,1,0,1,2,3,3,2,0,4,4,4,4,4,4,4,4,4,4,4,4,4,4,4,4,4,4,4,4,4,2,3,2,0,2,2,1,0,4,1,1,2,4,1,1,3,0,4,4,3,2,3,1,4,4,4,4,4,4,4,4,4,4,4,4,4,4,4,4,4,4,4,4,4,4,4,4,4,4,4,4,4,4,4,4,4,4,4,4,4,4,4,4,4,4,4,4,4,1,3,2,4,4,4,4,4,4,4,4,4,4,4,4,4,4,4,4,4,1,3,2,3,2,0,3,2,0,0,3,4,4,4,4,4,4,4,4,4,4,4,4,4,4,4,4,4,4,4,4,4,4,4,4,4,4,4,4,4,4,4,4,4,4,4,4,4,4,4,4,4,4,4,4,4,4,4,4,4,4,4,4,3,4,4,4,4,0,3,3,1,0,3,1,0,0,3,3,3,ABCD01000001.1/585324-585127,0
671,2,3,4,4,4,2,2,1,3,1,0,3,3,1,0,1,1,4,3,3,4,1,3,3,0,3,2,3,1,0,2,1,1,1,1,3,3,0,2,4,4,4,4,4,4,4,4,4,4,2,2,0,3,2,1,4,4,4,4,4,4,4,4,4,4,4,4,4,4,4,4,4,4,4,4,4,4,4,4,4,4,4,4,4,4,2,1,4,3,0,1,0,3,0,0,0,1,3,3,1,4,4,2,0,0,3,2,0,1,2,1,4,4,4,4,4,0,1,0,0,4,4,4,4,4,4,1,0,0,2,2,4,4,3,2,1,1,3,4,2,4,1,1,2,3,1,1,0,4,4,0,1,3,3,4,1,3,2,0,3,0,4,0,3,0,2,1,4,2,3,4,4,4,4,0,2,1,3,4,4,4,4,4,4,4,3,4,4,4,4,4,4,4,4,4,4,4,4,4,4,4,4,4,4,4,4,4,4,4,4,4,4,4,4,4,4,4,4,4,4,4,4,4,4,4,4,4,4,4,4,4,4,4,4,4,4,4,4,4,4,3,0,3,1,0,4,4,0,1,1,3,1,4,1,2,2,2,1,2,0,0,0,1,2,3,1,2,0,4,4,4,4,4,4,4,4,4,4,4,4,4,4,4,4,4,4,4,4,4,2,3,3,0,2,2,1,0,4,1,1,2,4,4,4,4,4,4,4,4,4,4,4,4,4,4,4,4,4,4,4,4,4,4,4,4,4,4,4,4,4,4,4,4,4,4,4,4,4,4,4,4,4,4,4,4,4,4,4,4,4,4,4,4,4,4,4,4,4,4,4,4,4,4,4,4,4,4,4,4,4,4,4,4,4,4,4,4,4,4,4,4,4,4,4,4,4,4,4,4,4,4,4,4,4,4,4,4,4,4,4,4,1,4,4,4,4,4,4,4,4,4,4,4,4,4,4,4,4,4,4,4,4,4,4,4,4,4,4,4,4,4,4,4,4,4,4,4,4,4,4,1,4,4,4,4,4,4,4,4,4,4,4,3,3,0,3,3,AFCT01001529.1/192-43,0
672,2,3,0,2,0,3,2,1,3,1,0,3,3,1,1,0,3,4,1,3,4,1,3,3,0,3,2,3,3,1,2,1,1,3,3,0,4,4,4,4,4,4,4,4,4,4,4,4,4,4,4,4,4,2,3,4,4,4,4,4,4,4,4,4,4,4,4,4,4,4,4,4,4,4,4,4,4,4,4,4,4,4,4,4,4,2,1,4,1,3,1,0,3,0,0,0,1,3,1,1,4,2,2,0,0,3,2,0,1,2,1,4,0,2,0,4,2,1,1,2,3,3,4,4,4,4,3,0,1,2,2,4,4,3,2,1,3,3,4,0,4,3,1,2,3,1,1,0,4,4,1,3,2,0,4,1,0,2,0,3,2,4,3,1,2,1,4,4,4,3,3,4,0,4,3,2,1,1,4,4,4,4,4,4,4,3,4,4,4,4,4,4,4,4,4,4,4,4,4,4,4,4,4,4,4,4,4,4,4,4,4,4,4,4,4,4,4,4,4,4,4,4,4,4,4,4,4,4,4,4,4,4,4,4,4,4,4,4,4,4,1,0,3,1,0,2,0,1,0,1,1,0,4,3,2,2,0,1,0,1,0,0,1,2,3,3,2,0,4,4,4,4,4,4,4,4,4,4,4,4,4,4,4,4,4,4,4,4,4,2,3,2,0,0,2,1,0,4,1,1,4,4,1,0,1,3,4,4,3,2,3,3,2,3,1,0,4,3,4,0,1,0,4,4,4,4,4,4,4,4,4,4,4,4,4,4,4,4,4,4,4,4,4,4,4,4,4,4,4,4,4,4,4,4,2,0,1,1,3,2,4,4,4,4,4,4,4,4,4,4,4,4,4,4,4,4,4,3,3,3,3,0,0,1,2,1,1,3,2,1,3,1,1,2,3,0,0,4,3,0,0,4,4,4,4,4,4,4,4,4,4,4,4,4,4,4,4,4,4,4,4,4,4,4,4,4,4,4,4,4,4,4,4,4,4,4,4,4,4,4,4,2,0,2,1,0,2,2,1,2,3,3,3,3,3,3,3,ADUP01000032.1/241154-241360,0
673,2,1,0,2,3,2,2,1,3,1,0,3,3,1,2,1,1,4,2,0,4,1,3,3,0,3,2,3,1,0,2,1,1,1,1,3,3,1,2,4,4,4,4,4,4,4,4,4,4,2,2,0,1,2,3,4,4,4,4,4,4,4,4,4,4,4,4,4,4,4,4,4,4,4,4,4,4,4,4,4,4,4,4,4,4,2,1,4,3,0,1,0,3,0,0,0,0,3,4,3,4,1,2,0,0,3,2,0,1,2,1,4,0,1,0,4,0,1,4,4,4,4,4,4,4,4,4,0,0,2,2,4,4,3,2,1,1,3,4,2,4,1,1,2,3,1,1,0,4,4,0,1,3,3,4,1,3,2,0,3,0,4,3,1,0,2,1,4,2,3,0,4,4,4,4,2,1,3,4,4,4,4,4,4,4,0,4,4,4,4,4,4,4,4,4,4,4,4,4,4,4,4,4,4,4,4,4,4,4,4,4,4,4,4,4,4,4,4,4,4,4,4,4,4,4,4,4,4,4,4,4,4,4,4,4,4,4,4,4,4,3,0,3,1,0,4,4,0,1,1,0,3,4,1,2,2,2,1,2,0,0,0,1,2,3,1,2,0,4,4,4,4,4,4,4,4,4,4,4,4,4,4,4,4,4,4,4,4,4,2,3,3,0,2,2,1,0,4,1,1,2,4,1,1,3,3,4,4,4,0,3,3,4,4,4,4,4,4,4,4,4,4,4,4,4,4,4,4,4,4,4,4,4,4,4,4,4,4,4,4,4,4,4,4,4,4,4,4,4,4,4,4,4,4,4,4,4,1,1,0,4,4,4,4,4,4,4,4,4,4,4,4,4,4,4,4,4,3,0,0,1,0,0,0,2,1,1,2,2,2,4,4,3,0,0,3,4,4,4,4,3,4,4,4,4,4,4,4,4,4,4,4,4,4,4,4,4,4,4,4,4,4,4,4,4,4,4,4,4,4,4,4,4,4,4,4,4,4,4,4,4,4,4,1,1,1,2,2,1,3,3,3,2,3,3,2,3,AAJU02000016.1/38329-38516,0
674,0,1,0,2,3,3,2,1,3,1,0,3,3,1,0,1,1,4,3,3,4,3,3,3,0,3,2,0,3,0,2,1,1,1,1,2,4,4,4,4,4,4,4,4,4,4,4,4,4,4,4,4,4,4,4,1,0,0,3,3,0,0,2,1,4,4,4,4,4,4,4,4,4,4,4,4,2,2,0,3,2,0,3,2,1,2,1,4,3,3,1,0,3,0,0,2,1,1,3,1,4,1,2,0,0,3,2,0,3,2,1,4,1,3,0,4,4,4,0,2,0,1,4,4,4,4,4,4,3,2,2,4,4,3,2,1,1,3,4,0,4,3,1,2,3,1,1,0,1,1,3,0,0,0,4,1,1,2,0,1,0,4,3,3,2,3,2,4,3,2,0,4,0,4,0,2,1,0,1,4,4,4,4,4,0,3,4,4,4,4,4,4,4,4,4,4,4,4,4,4,4,4,4,4,4,4,4,4,4,4,4,4,4,4,4,4,4,4,4,4,4,4,4,4,4,4,4,4,4,4,4,4,4,4,4,4,4,4,4,4,3,0,3,1,0,4,4,0,0,1,0,3,4,1,2,2,0,1,2,0,1,0,1,2,3,3,2,0,4,4,4,4,4,4,4,4,4,4,4,4,4,4,4,4,4,4,4,4,4,2,3,2,0,2,2,1,0,4,1,1,2,4,1,1,3,0,4,4,3,2,3,1,4,4,4,4,4,4,4,4,4,4,4,4,4,4,4,4,4,4,4,4,4,4,4,4,4,4,4,4,4,4,4,4,4,4,4,4,4,4,4,4,4,4,4,4,4,1,3,2,4,4,4,4,4,4,4,4,4,4,4,4,4,4,4,4,4,1,3,2,3,2,0,3,2,0,0,3,4,4,4,4,4,4,4,4,4,4,4,4,4,4,4,4,4,4,4,4,4,4,4,4,4,4,4,4,4,4,4,4,4,4,4,4,4,4,4,4,4,4,4,4,4,4,4,4,4,4,4,4,3,4,4,4,4,0,3,3,1,0,3,1,0,0,3,3,3,ACNT01000024.1/30268-30071,0
675,2,3,0,2,0,3,2,1,3,1,0,3,3,1,1,0,3,4,1,3,4,1,3,3,0,3,2,3,3,1,2,1,1,3,3,0,4,4,4,4,4,4,4,4,4,4,4,4,4,4,4,4,4,2,3,4,4,4,4,4,4,4,4,4,4,4,4,4,4,4,4,4,4,4,4,4,4,4,4,4,4,4,4,4,4,2,1,4,1,3,1,0,3,0,0,0,1,3,1,1,4,2,2,0,0,3,2,0,1,2,1,4,0,2,0,4,2,1,1,2,3,3,4,4,4,4,3,0,1,2,2,4,4,3,2,1,3,3,4,0,4,3,1,2,3,1,1,0,4,4,1,3,2,0,4,1,0,2,0,3,2,4,3,1,2,1,4,4,4,3,3,4,0,4,3,2,1,1,4,4,4,4,4,4,4,3,4,4,4,4,4,4,4,4,4,4,4,4,4,4,4,4,4,4,4,4,4,4,4,4,4,4,4,4,4,4,4,4,4,4,4,4,4,4,4,4,4,4,4,4,4,4,4,4,4,4,4,4,4,4,1,0,3,1,0,2,0,1,0,1,1,0,4,3,2,2,0,1,0,1,0,0,1,2,3,3,2,0,4,4,4,4,4,4,4,4,4,4,4,4,4,4,4,4,4,4,4,4,4,2,3,2,0,0,2,1,0,4,1,1,4,4,1,0,1,3,4,4,3,2,3,3,2,3,1,0,4,3,4,0,1,0,4,4,4,4,4,4,4,4,4,4,4,4,4,4,4,4,4,4,4,4,4,4,4,4,4,4,4,4,4,4,4,4,2,0,1,1,3,2,4,4,4,4,4,4,4,4,4,4,4,4,4,4,4,4,4,3,3,3,3,0,0,1,2,1,1,3,2,1,3,1,1,2,3,0,0,4,3,0,0,4,4,4,4,4,4,4,4,4,4,4,4,4,4,4,4,4,4,4,4,4,4,4,4,4,4,4,4,4,4,4,4,4,4,4,4,4,4,4,4,2,0,2,1,0,2,2,1,2,3,3,3,3,3,3,3,ADBA01000128.1/38990-39196,0
676,2,3,0,2,0,3,2,1,3,1,0,3,3,1,1,0,3,4,1,3,4,1,3,3,0,3,2,3,3,1,2,1,1,3,3,0,4,4,4,4,4,4,4,4,4,4,4,4,4,4,4,4,4,2,3,4,4,4,4,4,4,4,4,4,4,4,4,4,4,4,4,4,4,4,4,4,4,4,4,4,4,4,4,4,4,2,1,4,1,3,1,0,3,0,0,0,1,3,1,1,4,2,2,0,0,3,2,0,1,2,1,4,0,2,0,4,2,1,1,2,3,3,4,4,4,4,3,0,1,2,2,4,4,3,2,1,3,3,4,0,4,3,1,2,3,1,1,0,4,4,1,3,2,0,4,1,0,2,0,3,2,4,3,1,2,1,4,4,4,3,3,4,0,4,3,2,1,1,4,4,4,4,4,4,4,3,4,4,4,4,4,4,4,4,4,4,4,4,4,4,4,4,4,4,4,4,4,4,4,4,4,4,4,4,4,4,4,4,4,4,4,4,4,4,4,4,4,4,4,4,4,4,4,4,4,4,4,4,4,4,1,0,3,1,0,2,0,1,0,1,1,0,4,3,2,2,0,1,0,1,0,0,1,2,3,3,2,0,4,4,4,4,4,4,4,4,4,4,4,4,4,4,4,4,4,4,4,4,4,2,3,2,0,0,2,1,0,4,1,1,4,4,1,0,1,3,4,4,3,2,3,3,2,3,1,0,4,3,4,0,1,0,4,4,4,4,4,4,4,4,4,4,4,4,4,4,4,4,4,4,4,4,4,4,4,4,4,4,4,4,4,4,4,4,2,0,1,1,3,2,4,4,4,4,4,4,4,4,4,4,4,4,4,4,4,4,4,3,3,3,3,0,0,1,2,1,1,3,2,1,3,1,1,2,3,0,0,4,3,0,0,4,4,4,4,4,4,4,4,4,4,4,4,4,4,4,4,4,4,4,4,4,4,4,4,4,4,4,4,4,4,4,4,4,4,4,4,4,4,4,4,2,0,2,1,0,2,2,1,2,3,3,3,3,3,3,3,CADZ01000040.1/74731-74525,0
677,2,1,0,2,3,2,2,1,3,1,0,3,3,1,0,1,1,4,2,0,4,1,3,3,0,3,2,3,1,0,2,1,1,1,1,3,3,1,2,4,4,4,4,4,4,4,4,4,4,2,2,0,1,2,3,4,4,4,4,4,4,4,4,4,4,4,4,4,4,4,4,4,4,4,4,4,4,4,4,4,4,4,4,4,4,2,1,4,3,0,1,0,3,0,0,0,0,3,3,1,4,4,2,0,0,3,2,0,1,2,1,4,0,1,0,4,0,1,4,4,4,4,4,4,4,4,4,0,0,2,2,4,4,3,2,1,1,3,4,2,4,1,1,2,3,1,1,0,4,4,0,1,3,3,4,1,3,2,0,3,0,4,3,1,0,2,1,4,2,3,0,4,4,4,4,2,1,3,4,4,4,4,4,4,4,0,4,4,4,4,4,4,4,4,4,4,4,4,4,4,4,4,4,4,4,4,4,4,4,4,4,4,4,4,4,4,4,4,4,4,4,4,4,4,4,4,4,4,4,4,4,4,4,4,4,4,4,4,4,4,3,0,3,1,0,4,4,0,1,1,0,3,4,1,2,2,2,1,2,0,0,0,1,2,3,1,2,0,4,4,4,4,4,4,4,4,4,4,4,4,4,4,4,4,4,4,4,4,4,2,3,3,0,2,2,1,0,4,1,1,2,4,1,1,3,3,4,4,4,0,3,3,4,4,4,4,4,4,4,4,4,4,4,4,4,4,4,4,4,4,4,4,4,4,4,4,4,4,4,4,4,4,4,4,4,4,4,4,4,4,4,4,4,4,4,4,4,1,1,0,4,4,4,4,4,4,4,4,4,4,4,4,4,4,4,4,4,3,0,2,1,0,0,0,2,1,1,2,2,2,4,4,3,0,0,3,4,4,4,4,3,4,4,4,4,4,4,4,4,4,4,4,4,4,4,4,4,4,4,4,4,4,4,4,4,4,4,4,4,4,4,4,4,4,4,4,4,4,4,4,4,4,4,1,1,1,2,2,1,3,3,3,2,3,3,2,3,AERT01000014.1/527815-527628,0
678,2,3,4,4,4,2,2,1,3,1,0,3,3,1,0,1,1,4,2,0,4,1,3,3,0,3,2,3,1,0,2,1,1,1,1,3,3,1,2,4,4,4,4,4,4,4,4,4,4,2,2,0,1,2,3,4,4,4,4,4,4,4,4,4,4,4,4,4,4,4,4,4,4,4,4,4,4,4,4,4,4,4,4,4,4,2,1,4,3,0,1,0,3,0,0,0,0,3,0,1,4,4,2,0,0,3,2,0,1,2,1,4,4,4,4,4,0,1,0,0,4,4,4,4,4,4,1,0,0,2,2,4,4,3,2,1,1,3,4,2,4,1,1,2,3,1,1,0,4,4,0,1,3,3,4,1,3,2,0,3,0,4,3,1,0,2,1,4,2,3,0,4,4,4,4,2,1,3,4,4,4,4,4,4,4,0,4,4,4,4,4,4,4,4,4,4,4,4,4,4,4,4,4,4,4,4,4,4,4,4,4,4,4,4,4,4,4,4,4,4,4,4,4,4,4,4,4,4,4,4,4,4,4,4,4,4,4,4,4,4,3,0,3,1,0,4,4,0,1,1,0,3,4,1,2,2,2,1,2,0,0,0,1,2,3,1,2,0,4,4,4,4,4,4,4,4,4,4,4,4,4,4,4,4,4,4,4,4,4,2,3,3,0,2,2,1,0,4,1,1,2,4,1,1,3,3,4,4,4,0,3,3,4,4,4,4,4,4,4,4,4,4,4,4,4,4,4,4,4,4,4,4,4,4,4,4,4,4,4,4,4,4,4,4,4,4,4,4,4,4,4,4,4,4,4,4,4,1,1,0,4,4,4,4,4,4,4,4,4,4,4,4,4,4,4,4,4,3,0,0,1,0,0,0,2,1,1,2,2,2,4,4,3,0,0,3,4,4,4,4,3,4,4,4,4,4,4,4,4,4,4,4,4,4,4,4,4,4,4,4,4,4,4,4,4,4,4,4,4,4,4,4,4,4,4,4,4,4,4,4,4,4,4,1,1,1,2,2,1,3,3,3,2,3,3,2,3,AFEA01000013.1/97561-97377,0
679,2,3,0,2,0,3,2,1,3,1,0,3,3,1,1,0,3,4,1,3,4,1,3,3,0,3,2,3,3,1,2,1,1,3,3,0,4,4,4,4,4,4,4,4,4,4,4,4,4,4,4,4,4,2,3,4,4,4,4,4,4,4,4,4,4,4,4,4,4,4,4,4,4,4,4,4,4,4,4,4,4,4,4,4,4,2,1,4,1,3,1,0,3,0,0,0,1,3,1,1,4,2,2,0,0,3,2,0,1,2,1,4,0,2,0,4,2,1,1,2,3,3,4,4,4,4,3,0,1,2,2,4,4,3,2,1,3,3,4,0,4,3,1,2,3,1,1,0,4,4,1,3,2,0,4,1,0,2,0,3,2,4,3,1,2,1,4,4,4,3,3,4,0,4,3,2,1,1,4,4,4,4,4,4,4,3,4,4,4,4,4,4,4,4,4,4,4,4,4,4,4,4,4,4,4,4,4,4,4,4,4,4,4,4,4,4,4,4,4,4,4,4,4,4,4,4,4,4,4,4,4,4,4,4,4,4,4,4,4,4,1,0,3,1,0,2,0,1,0,1,1,0,4,3,2,2,0,1,0,1,0,0,1,2,3,3,2,0,4,4,4,4,4,4,4,4,4,4,4,4,4,4,4,4,4,4,4,4,4,2,3,2,0,0,2,1,0,4,1,1,4,4,1,0,1,3,4,4,3,2,3,3,2,3,1,0,4,3,4,0,1,0,4,4,4,4,4,4,4,4,4,4,4,4,4,4,4,4,4,4,4,4,4,4,4,4,4,4,4,4,4,4,4,4,2,0,1,1,3,2,4,4,4,4,4,4,4,4,4,4,4,4,4,4,4,4,4,3,3,3,3,0,0,1,2,1,1,3,2,1,3,1,1,2,3,0,0,4,3,0,0,4,4,4,4,4,4,4,4,4,4,4,4,4,4,4,4,4,4,4,4,4,4,4,4,4,4,4,4,4,4,4,4,4,4,4,4,4,4,4,4,2,0,2,1,0,2,2,1,2,3,3,3,3,3,3,3,CU928145.2/4365157-4365363,0
680,2,3,0,2,0,3,2,1,3,1,0,3,3,1,1,0,3,4,1,3,4,1,3,3,0,3,2,3,3,1,2,1,1,3,3,0,4,4,4,4,4,4,4,4,4,4,4,4,4,4,4,4,4,2,3,4,4,4,4,4,4,4,4,4,4,4,4,4,4,4,4,4,4,4,4,4,4,4,4,4,4,4,4,4,4,2,1,4,1,3,1,0,3,0,0,0,1,3,1,1,4,2,2,0,0,3,2,0,1,2,1,4,0,2,0,4,2,1,1,2,3,3,4,4,4,4,3,0,1,2,2,4,4,3,2,1,3,3,4,0,4,3,1,2,3,1,1,0,4,4,1,3,2,0,4,1,0,2,0,3,2,4,3,1,2,1,4,4,4,3,3,4,0,4,3,2,1,1,4,4,4,4,4,4,4,3,4,4,4,4,4,4,4,4,4,4,4,4,4,4,4,4,4,4,4,4,4,4,4,4,4,4,4,4,4,4,4,4,4,4,4,4,4,4,4,4,4,4,4,4,4,4,4,4,4,4,4,4,4,4,1,0,3,1,0,2,0,1,0,1,1,0,4,3,2,2,0,1,0,1,0,0,1,2,3,3,2,0,4,4,4,4,4,4,4,4,4,4,4,4,4,4,4,4,4,4,4,4,4,2,3,2,0,0,2,1,0,4,1,1,4,4,1,0,1,3,4,4,3,2,3,3,2,3,1,0,4,3,4,0,1,0,4,4,4,4,4,4,4,4,4,4,4,4,4,4,4,4,4,4,4,4,4,4,4,4,4,4,4,4,4,4,4,4,2,0,1,1,3,2,4,4,4,4,4,4,4,4,4,4,4,4,4,4,4,4,4,3,3,3,3,0,0,1,2,1,1,3,2,1,3,1,1,2,3,0,0,4,3,0,0,4,4,4,4,4,4,4,4,4,4,4,4,4,4,4,4,4,4,4,4,4,4,4,4,4,4,4,4,4,4,4,4,4,4,4,4,4,4,4,4,2,0,2,1,0,2,2,1,2,3,3,3,3,3,3,3,ADUO01000106.1/91027-90821,0
681,2,3,0,2,0,3,2,1,3,1,0,3,3,1,1,0,3,4,1,3,4,1,3,3,0,3,2,1,3,1,2,1,1,2,3,1,4,4,4,4,4,4,4,4,4,4,4,4,4,4,4,4,4,3,2,4,4,4,4,4,4,4,4,4,4,4,4,4,4,4,4,4,4,4,4,4,4,4,4,4,4,4,4,4,4,2,1,4,3,3,1,0,3,0,0,0,1,3,1,0,4,2,2,0,0,3,2,0,3,2,1,4,0,2,0,4,2,1,1,2,3,3,4,4,4,4,3,0,1,2,2,4,4,3,2,1,3,3,4,0,4,3,1,2,3,1,1,0,4,4,1,3,2,0,4,1,0,2,0,3,2,4,3,1,2,1,4,4,4,3,3,4,0,4,1,2,1,1,4,4,4,4,4,4,4,3,4,4,4,4,4,4,4,4,4,4,4,4,4,4,4,4,4,4,4,4,4,4,4,4,4,4,4,4,4,4,4,4,4,4,4,4,4,4,4,4,4,4,4,4,4,4,4,4,4,4,4,4,4,4,1,0,3,1,0,0,0,1,0,1,1,1,4,3,2,2,0,1,0,1,0,0,1,2,3,3,2,0,4,4,4,4,4,4,4,4,4,4,4,4,4,4,4,4,4,4,4,4,4,2,3,2,0,0,2,1,0,4,1,1,1,4,1,3,3,3,4,0,3,2,3,3,2,3,1,0,4,3,4,0,3,0,4,4,4,4,4,4,4,4,4,4,4,4,4,4,4,4,4,4,4,4,4,4,4,4,4,4,4,4,4,4,4,4,2,0,1,1,3,2,4,4,4,4,4,4,4,4,4,4,4,4,4,4,4,4,4,3,3,3,3,2,0,1,2,1,1,3,2,1,1,1,1,3,3,0,0,4,4,1,1,4,4,4,4,4,4,4,4,4,4,4,4,4,4,4,4,4,4,4,4,4,4,4,4,4,4,4,4,4,4,4,4,4,4,4,4,4,4,4,4,2,2,2,1,0,2,2,1,2,3,3,3,3,3,3,3,FR877557.1/3826690-3826897,0
682,2,3,0,2,0,3,2,1,3,1,0,3,3,1,1,0,3,4,1,3,4,1,3,3,0,3,2,3,3,1,2,1,1,3,3,0,4,4,4,4,4,4,4,4,4,4,4,4,4,4,4,4,4,2,3,4,4,4,4,4,4,4,4,4,4,4,4,4,4,4,4,4,4,4,4,4,4,4,4,4,4,4,4,4,4,2,1,4,1,3,1,0,3,0,0,0,1,3,1,1,4,2,2,0,0,3,2,0,1,2,1,4,0,2,0,4,2,1,1,2,3,3,4,4,4,4,3,0,1,2,2,4,4,3,2,1,3,3,4,0,4,3,1,2,3,1,1,0,4,4,1,3,2,0,4,1,0,2,0,3,2,4,3,1,2,1,4,4,4,3,3,4,0,4,3,2,1,1,4,4,4,4,4,4,4,3,4,4,4,4,4,4,4,4,4,4,4,4,4,4,4,4,4,4,4,4,4,4,4,4,4,4,4,4,4,4,4,4,4,4,4,4,4,4,4,4,4,4,4,4,4,4,4,4,4,4,4,4,4,4,1,0,3,1,0,2,0,1,0,1,1,0,4,3,2,2,0,1,0,1,0,0,1,2,3,3,2,0,4,4,4,4,4,4,4,4,4,4,4,4,4,4,4,4,4,4,4,4,4,2,3,2,0,0,2,1,0,4,1,1,4,4,1,0,1,3,4,4,3,2,3,3,2,3,1,0,4,3,4,0,1,0,4,4,4,4,4,4,4,4,4,4,4,4,4,4,4,4,4,4,4,4,4,4,4,4,4,4,4,4,4,4,4,4,2,0,1,1,3,2,4,4,4,4,4,4,4,4,4,4,4,4,4,4,4,4,4,3,3,3,3,0,0,1,2,1,1,3,2,1,3,1,1,2,3,0,0,4,3,0,0,4,4,4,4,4,4,4,4,4,4,4,4,4,4,4,4,4,4,4,4,4,4,4,4,4,4,4,4,4,4,4,4,4,4,4,4,4,4,4,4,2,0,2,1,0,2,2,1,2,3,3,3,3,3,3,3,CP000247.1/4169282-4169488,0
683,2,1,0,2,3,2,2,1,3,1,0,3,3,1,0,1,1,4,2,0,4,1,3,3,0,3,2,3,1,0,2,1,1,1,1,3,3,1,2,4,4,4,4,4,4,4,4,4,4,2,2,0,1,2,3,4,4,4,4,4,4,4,4,4,4,4,4,4,4,4,4,4,4,4,4,4,4,4,4,4,4,4,4,4,4,2,1,4,3,0,1,0,3,0,0,0,0,3,3,1,4,4,2,0,0,3,2,0,1,2,1,4,0,1,0,4,0,1,4,4,4,4,4,4,4,4,4,0,0,2,2,4,4,3,2,1,1,3,4,2,4,1,1,2,3,1,1,0,4,4,0,1,3,3,4,1,3,2,0,3,0,4,3,1,0,2,1,4,2,3,0,4,4,4,4,2,1,3,4,4,4,4,4,4,4,0,4,4,4,4,4,4,4,4,4,4,4,4,4,4,4,4,4,4,4,4,4,4,4,4,4,4,4,4,4,4,4,4,4,4,4,4,4,4,4,4,4,4,4,4,4,4,4,4,4,4,4,4,4,4,3,0,3,1,0,4,4,0,1,1,0,3,4,1,2,2,2,1,2,0,0,0,1,2,3,1,2,0,4,4,4,4,4,4,4,4,4,4,4,4,4,4,4,4,4,4,4,4,4,2,3,3,0,2,2,1,0,4,1,1,2,4,1,1,3,3,4,4,4,0,3,3,4,4,4,4,4,4,4,4,4,4,4,4,4,4,4,4,4,4,4,4,4,4,4,4,4,4,4,4,4,4,4,4,4,4,4,4,4,4,4,4,4,4,4,4,4,1,1,0,4,4,4,4,4,4,4,4,4,4,4,4,4,4,4,4,4,3,0,0,1,0,0,1,2,1,1,2,2,2,4,4,3,0,0,3,4,4,4,4,3,4,4,4,4,4,4,4,4,4,4,4,4,4,4,4,4,4,4,4,4,4,4,4,4,4,4,4,4,4,4,4,4,4,4,4,4,4,4,4,4,4,4,1,1,1,2,2,1,3,3,3,2,3,3,2,3,AFDS01000063.1/230677-230490,0
684,2,3,0,2,0,3,2,1,3,1,0,3,3,1,1,0,3,4,1,3,4,1,3,3,0,3,2,3,3,1,2,1,1,3,3,1,4,4,4,4,4,4,4,4,4,4,4,4,4,4,4,4,4,3,2,4,4,4,4,4,4,4,4,4,4,4,4,4,4,4,4,4,4,4,4,4,4,4,4,4,4,4,4,4,4,2,1,4,1,3,1,0,3,0,0,0,1,3,1,0,4,2,2,0,0,3,2,0,3,2,1,4,0,2,0,4,2,1,1,2,3,3,4,4,4,4,3,0,1,2,2,4,4,3,2,1,3,3,4,0,4,3,1,2,3,1,1,0,4,4,1,3,2,0,4,1,0,2,0,3,2,4,3,1,2,1,4,4,4,3,3,4,0,4,1,2,1,1,4,4,4,4,4,4,4,3,4,4,4,4,4,4,4,4,4,4,4,4,4,4,4,4,4,4,4,4,4,4,4,4,4,4,4,4,4,4,4,4,4,4,4,4,4,4,4,4,4,4,4,4,4,4,4,4,4,4,4,4,4,4,1,0,3,1,0,0,0,1,0,1,1,1,4,3,2,2,0,1,0,1,0,0,1,2,3,3,2,0,4,4,4,4,4,4,4,4,4,4,4,4,4,4,4,4,4,4,4,4,4,2,3,2,0,0,2,1,0,4,1,1,1,4,1,3,3,3,4,0,3,2,3,3,2,3,1,0,4,3,4,0,1,0,4,4,4,4,4,4,4,4,4,4,4,4,4,4,4,4,4,4,4,4,4,4,4,4,4,4,4,4,4,4,4,4,2,0,1,1,3,2,4,4,4,4,4,4,4,4,4,4,4,4,4,4,4,4,4,3,3,3,3,2,0,1,2,1,1,3,2,1,1,1,1,3,3,0,0,4,4,1,1,4,4,4,4,4,4,4,4,4,4,4,4,4,4,4,4,4,4,4,4,4,4,4,4,4,4,4,4,4,4,4,4,4,4,4,4,4,4,4,4,2,2,2,1,0,2,2,1,2,3,3,3,3,3,3,3,ABEW01000013.1/52501-52294,0
685,2,1,0,2,3,2,2,1,3,1,0,3,3,1,0,1,1,4,2,0,4,1,3,3,0,3,2,3,1,0,2,1,1,1,1,3,3,1,2,4,4,4,4,4,4,4,4,4,4,2,2,0,1,2,3,4,4,4,4,4,4,4,4,4,4,4,4,4,4,4,4,4,4,4,4,4,4,4,4,4,4,4,4,4,4,2,1,4,3,0,1,0,3,0,0,0,0,3,3,1,4,4,2,0,0,3,2,0,1,2,1,4,0,1,0,4,0,1,4,4,4,4,4,4,4,4,4,0,0,2,2,4,4,3,2,1,1,3,4,2,4,1,1,2,3,1,1,0,4,4,0,1,3,3,4,1,3,2,0,3,0,4,3,1,0,2,1,4,2,3,0,4,4,4,4,2,1,3,4,4,4,4,4,4,4,0,4,4,4,4,4,4,4,4,4,4,4,4,4,4,4,4,4,4,4,4,4,4,4,4,4,4,4,4,4,4,4,4,4,4,4,4,4,4,4,4,4,4,4,4,4,4,4,4,4,4,4,4,4,4,3,0,3,1,0,4,4,0,1,1,0,3,4,1,2,2,2,1,2,0,0,0,1,2,3,1,2,0,4,4,4,4,4,4,4,4,4,4,4,4,4,4,4,4,4,4,4,4,4,2,3,3,0,2,2,1,0,4,1,1,2,4,1,1,3,3,4,4,4,0,3,3,4,4,4,4,4,4,4,4,4,4,4,4,4,4,4,4,4,4,4,4,4,4,4,4,4,4,4,4,4,4,4,4,4,4,4,4,4,4,4,4,4,4,4,4,4,1,1,0,4,4,4,4,4,4,4,4,4,4,4,4,4,4,4,4,4,3,0,0,1,0,0,0,2,1,1,2,2,2,4,4,3,0,0,3,4,4,4,4,3,4,4,4,4,4,4,4,4,4,4,4,4,4,4,4,4,4,4,4,4,4,4,4,4,4,4,4,4,4,4,4,4,4,4,4,4,4,4,4,4,4,4,1,1,1,2,2,1,3,3,3,2,3,3,2,3,AFGW01000053.1/38929-38742,0
686,2,3,0,2,0,3,2,1,3,1,0,3,3,1,1,0,3,4,1,3,4,1,3,3,0,3,2,3,3,1,2,1,1,3,3,0,4,4,4,4,4,4,4,4,4,4,4,4,4,4,4,4,4,2,3,4,4,4,4,4,4,4,4,4,4,4,4,4,4,4,4,4,4,4,4,4,4,4,4,4,4,4,4,4,4,2,1,4,1,3,1,0,3,0,0,0,1,3,1,1,4,2,2,0,0,3,2,0,1,2,1,4,0,2,0,4,2,1,1,2,3,3,4,4,4,4,3,0,1,2,2,4,4,3,2,1,3,3,4,0,4,3,1,2,3,1,1,0,4,4,1,3,2,0,4,1,0,2,0,3,2,4,3,1,2,1,4,4,4,3,3,4,0,4,3,2,1,1,4,4,4,4,4,4,4,3,4,4,4,4,4,4,4,4,4,4,4,4,4,4,4,4,4,4,4,4,4,4,4,4,4,4,4,4,4,4,4,4,4,4,4,4,4,4,4,4,4,4,4,4,4,4,4,4,4,4,4,4,4,4,1,0,3,1,0,2,0,1,0,1,1,0,4,3,2,2,0,1,0,1,0,0,1,2,3,3,2,0,4,4,4,4,4,4,4,4,4,4,4,4,4,4,4,4,4,4,4,4,4,2,3,2,0,0,2,1,0,4,1,1,4,4,1,0,1,3,4,4,3,2,3,3,2,3,1,0,4,3,4,0,1,0,4,4,4,4,4,4,4,4,4,4,4,4,4,4,4,4,4,4,4,4,4,4,4,4,4,4,4,4,4,4,4,4,2,0,1,1,3,2,4,4,4,4,4,4,4,4,4,4,4,4,4,4,4,4,4,3,3,3,3,0,0,1,2,1,1,3,2,1,3,1,1,2,3,0,0,4,3,0,0,4,4,4,4,4,4,4,4,4,4,4,4,4,4,4,4,4,4,4,4,4,4,4,4,4,4,4,4,4,4,4,4,4,4,4,4,4,4,4,4,2,0,2,1,0,2,2,1,2,3,3,3,3,3,3,3,AFWB01000488.1/23775-23981,0
687,2,3,0,2,0,3,2,1,3,1,0,3,3,1,1,0,1,4,1,3,4,1,3,3,0,3,2,3,3,1,2,1,1,3,3,0,4,4,4,4,4,4,4,4,4,4,4,4,4,4,4,4,4,4,2,4,4,4,4,4,4,4,4,4,4,4,4,4,4,4,4,4,4,4,4,4,4,4,4,4,4,4,4,4,4,2,1,4,3,3,1,0,3,0,0,0,1,1,1,3,2,2,2,0,0,3,2,0,3,2,1,4,0,2,0,4,2,1,1,2,0,3,4,4,4,3,3,0,2,2,2,4,4,3,2,1,1,3,4,0,4,3,3,2,3,1,1,0,4,1,1,0,2,0,4,0,1,2,0,3,2,4,0,1,0,2,1,4,2,3,3,4,2,4,1,3,4,4,4,4,4,4,4,4,4,4,3,2,1,0,0,1,4,4,4,4,4,4,4,4,4,4,4,4,4,4,4,4,4,4,4,4,4,4,4,4,4,4,4,4,4,4,4,4,4,4,4,4,4,4,4,4,4,4,3,2,1,3,2,0,1,0,3,1,0,4,4,1,0,1,3,1,4,1,2,2,2,1,0,3,0,0,1,2,3,3,2,0,4,4,4,4,4,4,4,4,4,4,4,4,4,4,4,4,4,4,4,4,4,2,3,2,0,2,2,1,0,4,1,1,2,4,1,1,1,1,4,4,3,2,3,3,2,3,1,1,4,3,4,0,4,4,4,4,4,4,4,4,4,4,4,4,4,4,4,4,4,4,4,4,4,4,4,4,4,4,4,4,4,4,4,4,4,4,2,0,1,1,3,2,0,3,3,4,4,4,4,4,4,4,4,4,4,2,1,3,3,3,3,3,0,3,0,1,0,1,3,3,2,1,1,0,1,1,2,4,4,4,4,4,4,4,4,4,4,4,4,4,4,4,4,4,4,4,4,4,4,4,4,4,4,4,4,4,4,4,4,4,4,4,4,4,4,4,4,4,4,4,4,4,4,1,2,2,1,0,0,2,3,2,3,3,3,3,3,3,3,ADBX01000007.1/208097-208315,0
688,2,3,0,2,0,3,2,1,3,1,0,3,3,1,1,0,3,4,1,3,4,1,3,3,0,3,2,3,3,1,2,1,1,3,3,0,4,4,4,4,4,4,4,4,4,4,4,4,4,4,4,4,4,0,2,4,4,4,4,4,4,4,4,4,4,4,4,4,4,4,4,4,4,4,4,4,4,4,4,4,4,4,4,4,4,2,1,4,1,3,1,0,3,0,0,0,1,3,1,0,4,2,2,0,0,3,2,0,1,2,1,4,0,2,0,4,2,1,1,2,3,3,4,4,4,4,3,0,1,2,2,4,4,3,2,1,3,3,4,0,4,3,1,2,3,1,1,0,4,4,1,3,2,0,4,1,0,2,0,3,2,4,3,1,2,1,4,4,4,3,3,4,1,4,2,2,1,1,4,4,4,4,4,4,4,3,4,4,4,4,4,4,4,4,4,4,4,4,4,4,4,4,4,4,4,4,4,4,4,4,4,4,4,4,4,4,4,4,4,4,4,4,4,4,4,4,4,4,4,4,4,4,4,4,4,4,4,4,4,4,1,0,3,1,0,2,0,1,0,1,1,0,4,3,2,2,0,1,0,1,0,0,1,2,3,3,2,0,4,4,4,4,4,4,4,4,4,4,4,4,4,4,4,4,4,4,4,4,4,2,3,2,0,0,2,1,0,4,1,1,0,4,0,0,3,0,4,4,3,2,3,3,2,3,1,3,4,3,4,0,1,0,4,4,4,4,4,4,4,4,4,4,4,4,4,4,4,4,4,4,4,4,4,4,4,4,4,4,4,4,4,4,4,4,2,0,1,1,3,2,4,4,4,4,4,4,4,4,4,4,4,4,4,4,4,4,4,3,3,3,3,0,0,1,2,1,1,3,2,1,3,3,3,3,0,4,4,4,4,4,4,4,4,4,4,4,4,4,4,4,4,4,4,4,4,4,4,4,4,4,4,4,4,4,4,4,4,4,4,4,4,4,4,4,4,4,4,4,4,4,4,3,0,2,1,0,2,2,1,2,3,3,3,3,3,3,3,AGFS01031097.1/3823-3621,0
689,3,1,0,2,3,3,2,1,3,1,0,3,3,1,0,0,1,4,3,3,4,3,3,3,0,3,2,0,3,2,2,1,1,1,1,2,3,0,3,3,3,0,2,4,4,0,1,2,2,0,0,2,3,3,3,4,4,4,4,4,4,4,4,4,4,4,4,4,4,4,4,4,4,4,4,4,4,4,4,4,4,4,4,4,4,2,1,4,1,3,1,0,3,0,0,2,1,1,3,1,4,1,2,0,0,3,2,0,3,2,1,4,1,3,0,4,0,2,0,0,0,3,4,4,4,4,4,4,4,2,2,4,4,3,2,1,1,3,4,0,4,3,1,2,3,1,1,0,0,1,1,0,0,0,4,1,1,2,0,3,0,4,0,1,0,2,0,4,1,2,1,4,2,4,1,0,0,2,1,2,4,4,2,1,3,3,4,4,4,4,4,4,4,4,4,4,4,4,4,4,4,4,4,4,4,4,4,4,4,4,4,4,4,4,4,4,4,4,4,4,4,4,4,4,4,4,4,4,4,4,4,4,4,4,4,4,4,4,4,4,3,0,3,1,0,0,2,4,4,1,0,3,4,1,2,2,2,1,2,0,1,0,1,2,3,2,2,0,4,4,4,4,4,4,4,4,4,4,4,4,4,4,4,4,4,4,4,4,4,2,3,2,0,2,2,1,0,4,1,1,2,4,4,4,4,4,4,4,4,4,4,4,4,4,4,4,4,4,4,4,4,4,4,4,4,4,4,4,4,4,4,4,4,4,4,4,4,4,4,4,4,4,4,4,4,4,4,4,4,4,4,4,4,4,4,4,4,4,4,4,4,4,4,4,4,4,4,4,4,4,4,4,4,4,4,4,4,4,4,4,4,4,4,4,4,4,4,4,4,4,4,4,4,4,4,4,4,4,4,4,4,1,4,4,4,4,4,4,4,4,4,4,4,4,4,4,4,4,4,4,4,4,4,4,4,4,4,4,4,4,4,4,4,4,4,4,4,4,4,4,1,4,4,4,4,4,4,4,4,4,4,4,3,2,3,0,3,CP002773.1/4117825-4117653,0
690,2,3,4,4,4,2,2,1,3,1,0,3,3,1,0,1,1,4,2,0,4,1,3,3,0,3,2,3,1,0,2,1,1,1,1,3,3,1,2,4,4,4,4,4,4,4,4,4,4,2,2,0,1,2,3,4,4,4,4,4,4,4,4,4,4,4,4,4,4,4,4,4,4,4,4,4,4,4,4,4,4,4,4,4,4,2,1,4,3,0,1,0,3,0,0,0,0,3,0,1,4,4,2,0,0,3,2,0,1,2,1,4,4,4,4,4,0,1,0,0,4,4,4,4,4,4,1,0,0,2,2,4,4,3,2,1,1,3,4,2,4,1,1,2,3,1,1,0,4,4,0,1,3,3,4,1,3,2,0,3,0,4,3,1,0,2,1,4,2,3,0,4,4,4,4,2,1,3,4,4,4,4,4,4,4,0,4,4,4,4,4,4,4,4,4,4,4,4,4,4,4,4,4,4,4,4,4,4,4,4,4,4,4,4,4,4,4,4,4,4,4,4,4,4,4,4,4,4,4,4,4,4,4,4,4,4,4,4,4,4,3,0,3,1,0,4,4,0,1,1,0,3,4,1,2,2,2,1,2,0,0,0,1,2,3,1,2,0,4,4,4,4,4,4,4,4,4,4,4,4,4,4,4,4,4,4,4,4,4,2,3,3,0,2,2,1,0,4,1,1,2,4,1,1,3,3,4,4,4,0,3,3,4,4,4,4,4,4,4,4,4,4,4,4,4,4,4,4,4,4,4,4,4,4,4,4,4,4,4,4,4,4,4,4,4,4,4,4,4,4,4,4,4,4,4,4,4,1,1,0,4,4,4,4,4,4,4,4,4,4,4,4,4,4,4,4,4,3,0,0,1,0,0,0,2,1,1,2,2,2,4,4,3,0,0,3,4,4,4,4,3,4,4,4,4,4,4,4,4,4,4,4,4,4,4,4,4,4,4,4,4,4,4,4,4,4,4,4,4,4,4,4,4,4,4,4,4,4,4,4,4,4,4,1,1,1,2,2,1,3,3,3,2,3,3,2,3,AP009048.1/2689995-2689811,0
691,2,1,0,2,3,2,2,1,3,1,0,3,3,1,0,1,1,4,2,0,4,1,3,3,0,3,2,3,1,0,2,1,1,1,1,3,3,1,2,4,4,4,4,4,4,4,4,4,4,2,2,0,1,2,3,4,4,4,4,4,4,4,4,4,4,4,4,4,4,4,4,4,4,4,4,4,4,4,4,4,4,4,4,4,4,2,1,4,3,0,1,0,3,0,0,0,0,3,3,1,4,4,2,0,0,3,2,0,1,2,1,4,0,1,0,4,0,1,4,4,4,4,4,4,4,4,4,0,0,2,2,4,4,3,2,1,1,3,4,2,4,1,1,2,3,1,1,0,4,4,0,1,3,3,4,1,3,2,0,3,0,4,3,1,0,2,1,4,2,3,0,4,4,4,4,2,1,3,4,4,4,4,4,4,4,0,4,4,4,4,4,4,4,4,4,4,4,4,4,4,4,4,4,4,4,4,4,4,4,4,4,4,4,4,4,4,4,4,4,4,4,4,4,4,4,4,4,4,4,4,4,4,4,4,4,4,4,4,4,4,3,0,3,1,0,4,4,0,1,1,0,3,4,1,2,2,2,1,2,0,0,0,1,2,3,1,2,0,4,4,4,4,4,4,4,4,4,4,4,4,4,4,4,4,4,4,4,4,4,2,3,3,0,2,2,1,0,4,1,1,2,4,1,1,3,3,4,4,4,0,3,3,4,4,4,4,4,4,4,4,4,4,4,4,4,4,4,4,4,4,4,4,4,4,4,4,4,4,4,4,4,4,4,4,4,4,4,4,4,4,4,4,4,4,4,4,4,1,1,0,4,4,4,4,4,4,4,4,4,4,4,4,4,4,4,4,4,3,0,0,1,0,0,0,2,1,1,2,2,2,4,4,3,0,0,3,4,4,4,4,3,4,4,4,4,4,4,4,4,4,4,4,4,4,4,4,4,4,4,4,4,4,4,4,4,4,4,4,4,4,4,4,4,4,4,4,4,4,4,4,4,4,4,1,1,1,2,2,1,3,3,3,2,3,3,2,3,AFGY01000042.1/186015-185828,0
692,2,1,0,2,3,2,2,1,3,1,0,3,3,1,0,1,1,4,2,0,4,1,3,3,0,3,2,3,1,0,2,1,1,1,1,3,3,1,2,4,4,4,4,4,4,4,4,4,4,2,2,0,1,2,3,4,4,4,4,4,4,4,4,4,4,4,4,4,4,4,4,4,4,4,4,4,4,4,4,4,4,4,4,4,4,2,1,4,3,0,1,0,3,0,0,0,0,3,3,1,4,4,2,0,0,3,2,0,1,2,1,4,0,1,0,4,0,1,4,4,4,4,4,4,4,4,4,0,0,2,2,4,4,3,2,1,1,3,4,2,4,1,1,2,3,1,1,0,4,4,0,1,3,3,4,1,3,2,0,3,0,4,3,1,0,2,1,4,2,3,0,4,4,4,4,2,1,3,4,4,4,4,4,4,4,0,4,4,4,4,4,4,4,4,4,4,4,4,4,4,4,4,4,4,4,4,4,4,4,4,4,4,4,4,4,4,4,4,4,4,4,4,4,4,4,4,4,4,4,4,4,4,4,4,4,4,4,4,4,4,3,0,3,1,0,4,4,0,1,1,0,3,4,1,2,2,2,1,2,0,0,0,1,2,3,1,2,0,4,4,4,4,4,4,4,4,4,4,4,4,4,4,4,4,4,4,4,4,4,2,3,3,0,2,2,1,0,4,1,1,2,4,1,1,3,3,4,4,4,0,3,3,4,4,4,4,4,4,4,4,4,4,4,4,4,4,4,4,4,4,4,4,4,4,4,4,4,4,4,4,4,4,4,4,4,4,4,4,4,4,4,4,4,4,4,4,4,1,1,0,4,4,4,4,4,4,4,4,4,4,4,4,4,4,4,4,4,3,0,0,1,0,0,0,2,1,1,2,2,2,4,4,3,0,0,3,4,4,4,4,3,4,4,4,4,4,4,4,4,4,4,4,4,4,4,4,4,4,4,4,4,4,4,4,4,4,4,4,4,4,4,4,4,4,4,4,4,4,4,4,4,4,4,1,1,1,2,2,1,3,3,3,2,3,3,2,3,AFGC01000043.1/12063-11876,0
693,2,3,0,2,0,3,2,1,3,1,0,3,1,1,1,0,1,4,3,3,4,0,3,3,0,3,2,0,3,0,2,1,1,3,2,2,3,3,3,3,3,0,3,4,4,0,2,1,1,0,0,3,3,3,0,4,4,4,4,4,4,4,4,4,4,4,4,4,4,4,4,4,4,4,4,4,4,4,4,4,4,4,4,4,4,2,1,4,3,3,1,0,3,0,0,0,1,1,1,0,4,2,2,2,0,3,2,0,1,2,1,4,0,2,0,4,2,1,1,2,0,3,4,4,3,3,3,0,2,2,2,4,4,3,2,1,1,3,4,0,4,3,3,2,3,1,1,0,4,3,2,3,0,0,4,0,1,2,0,3,2,4,3,3,2,0,0,4,3,0,3,4,1,4,3,3,4,4,4,4,4,4,4,4,4,4,4,4,4,4,4,4,4,4,4,4,4,4,4,4,4,4,4,4,4,4,4,4,4,4,4,4,4,4,4,4,4,4,4,4,4,4,4,4,4,4,4,4,4,4,4,4,4,4,4,4,4,4,4,4,1,0,3,1,0,4,4,1,0,3,0,1,4,1,2,2,2,1,0,3,0,0,1,2,3,3,2,0,4,4,4,4,4,4,4,4,4,4,4,4,4,4,4,4,4,4,4,4,4,2,3,2,0,2,2,1,0,4,1,1,2,4,0,1,0,3,4,4,3,2,3,3,2,3,1,3,4,2,4,3,4,0,4,4,4,4,4,4,4,4,4,4,4,4,4,4,4,4,4,4,4,4,4,4,4,4,4,4,4,4,4,4,4,4,2,0,1,1,3,2,0,0,4,4,4,4,4,4,4,4,4,4,4,4,0,0,3,3,3,1,0,2,0,1,2,1,3,3,2,1,1,1,3,3,0,3,4,4,4,4,4,4,4,4,4,4,4,4,4,4,4,4,4,4,4,4,4,4,4,4,4,4,4,4,4,4,4,4,4,4,4,4,4,4,4,4,4,4,4,4,4,1,2,2,1,0,0,2,1,2,3,3,3,3,3,3,3,CACW01000009.1/230134-229912,0
694,2,1,0,2,3,2,2,1,3,1,0,3,3,1,0,1,1,4,2,0,4,1,3,3,0,3,2,3,1,0,2,1,1,1,1,3,3,1,2,4,4,4,4,4,4,4,4,4,4,2,2,0,1,2,3,4,4,4,4,4,4,4,4,4,4,4,4,4,4,4,4,4,4,4,4,4,4,4,4,4,4,4,4,4,4,2,1,4,3,0,1,0,3,0,0,0,0,3,3,1,4,4,2,0,0,3,2,0,1,2,1,4,0,1,0,4,0,1,4,4,4,4,4,4,4,4,4,0,0,2,2,4,4,3,2,1,1,3,4,2,4,1,1,2,3,1,1,0,4,4,0,1,3,3,4,1,3,2,0,3,0,4,3,1,0,2,1,4,2,3,0,4,4,4,4,2,1,3,4,4,4,4,4,4,4,0,4,4,4,4,4,4,4,4,4,4,4,4,4,4,4,4,4,4,4,4,4,4,4,4,4,4,4,4,4,4,4,4,4,4,4,4,4,4,4,4,4,4,4,4,4,4,4,4,4,4,4,4,4,4,3,0,3,1,0,4,4,0,1,1,0,3,4,1,2,2,2,1,2,0,0,0,1,2,3,1,2,0,4,4,4,4,4,4,4,4,4,4,4,4,4,4,4,4,4,4,4,4,4,2,3,3,0,2,2,1,0,4,1,1,2,4,1,1,3,3,4,4,4,0,3,3,4,4,4,4,4,4,4,4,4,4,4,4,4,4,4,4,4,4,4,4,4,4,4,4,4,4,4,4,4,4,4,4,4,4,4,4,4,4,4,4,4,4,4,4,4,1,1,0,4,4,4,4,4,4,4,4,4,4,4,4,4,4,4,4,4,3,0,0,1,0,0,0,2,1,1,2,2,2,4,4,3,0,0,3,4,4,4,4,3,4,4,4,4,4,4,4,4,4,4,4,4,4,4,4,4,4,4,4,4,4,4,4,4,4,4,4,4,4,4,4,4,4,4,4,4,4,4,4,4,4,4,1,1,1,2,2,1,3,3,3,2,3,3,2,3,CP000036.1/2588419-2588232,0
695,2,3,0,2,0,3,2,1,3,1,0,3,3,1,1,0,3,4,1,3,4,1,3,3,0,3,2,3,3,1,2,1,1,3,3,0,4,4,4,4,4,4,4,4,4,4,4,4,4,4,4,4,4,2,3,4,4,4,4,4,4,4,4,4,4,4,4,4,4,4,4,4,4,4,4,4,4,4,4,4,4,4,4,4,4,2,1,4,1,3,1,0,3,0,0,0,1,3,1,0,4,2,2,0,0,3,2,0,1,2,1,4,0,2,0,4,2,1,1,2,3,3,4,4,4,4,3,0,1,2,2,4,4,3,2,1,3,3,4,0,4,3,1,2,3,1,1,0,4,4,1,3,2,0,4,1,0,2,0,3,2,4,3,1,2,1,4,4,4,3,3,4,1,4,2,2,1,1,4,4,4,4,4,4,4,3,4,4,4,4,4,4,4,4,4,4,4,4,4,4,4,4,4,4,4,4,4,4,4,4,4,4,4,4,4,4,4,4,4,4,4,4,4,4,4,4,4,4,4,4,4,4,4,4,4,4,4,4,4,4,1,0,3,1,0,0,0,1,0,1,1,0,4,3,2,2,0,1,0,1,0,0,1,2,3,3,2,0,4,4,4,4,4,4,4,4,4,4,4,4,4,4,4,4,4,4,4,4,4,2,3,2,0,0,2,1,0,4,1,1,0,4,0,0,3,0,4,4,3,2,3,3,2,3,1,3,4,3,4,0,3,0,4,4,4,4,4,4,4,4,4,4,4,4,4,4,4,4,4,4,4,4,4,4,4,4,4,4,4,4,4,4,4,4,2,0,1,1,3,2,4,4,4,4,4,4,4,4,4,4,4,4,4,4,4,4,4,3,3,3,3,0,0,1,2,1,1,3,2,1,3,3,3,3,0,4,4,4,4,4,4,4,4,4,4,4,4,4,4,4,4,4,4,4,4,4,4,4,4,4,4,4,4,4,4,4,4,4,4,4,4,4,4,4,4,4,4,4,4,4,4,3,0,2,1,0,2,2,1,2,3,3,3,3,3,3,3,AGFT01031231.1/646-848,0
696,2,3,4,4,4,2,2,1,3,1,0,3,3,1,0,1,1,4,2,0,4,1,3,3,0,3,2,3,1,0,2,1,1,1,1,3,3,1,2,4,4,4,4,4,4,4,4,4,4,2,2,0,1,2,3,4,4,4,4,4,4,4,4,4,4,4,4,4,4,4,4,4,4,4,4,4,4,4,4,4,4,4,4,4,4,2,1,4,3,0,1,0,3,0,0,0,0,3,3,1,4,4,2,0,0,3,2,0,1,2,1,4,4,4,4,4,0,1,0,0,4,4,4,4,4,4,1,0,0,2,2,4,4,3,2,1,1,3,4,2,4,1,1,2,3,1,1,0,4,4,0,1,3,3,4,1,3,2,0,3,0,4,3,1,0,2,1,4,2,3,0,4,4,4,4,2,1,3,4,4,4,4,4,4,4,0,4,4,4,4,4,4,4,4,4,4,4,4,4,4,4,4,4,4,4,4,4,4,4,4,4,4,4,4,4,4,4,4,4,4,4,4,4,4,4,4,4,4,4,4,4,4,4,4,4,4,4,4,4,4,3,0,3,1,0,4,4,0,1,1,0,3,4,1,2,2,2,1,2,0,0,0,1,2,3,1,2,0,4,4,4,4,4,4,4,4,4,4,4,4,4,4,4,4,4,4,4,4,4,2,3,3,0,2,2,1,0,4,1,1,2,4,1,1,3,3,4,4,4,0,3,3,4,4,4,4,4,4,4,4,4,4,4,4,4,4,4,4,4,4,4,4,4,4,4,4,4,4,4,4,4,4,4,4,4,4,4,4,4,4,4,4,4,4,4,4,4,1,1,0,4,4,4,4,4,4,4,4,4,4,4,4,4,4,4,4,4,3,0,0,1,0,0,0,2,1,1,2,2,2,4,4,3,0,0,3,4,4,4,4,3,4,4,4,4,4,4,4,4,4,4,4,4,4,4,4,4,4,4,4,4,4,4,4,4,4,4,4,4,4,4,4,4,4,4,4,4,4,4,4,4,4,4,1,1,1,2,2,1,3,3,3,2,3,3,2,3,AEUB01000016.1/102234-102050,0
697,2,3,4,4,4,2,2,1,3,1,0,3,3,1,0,1,1,4,2,0,4,1,3,3,0,3,2,3,1,0,2,1,1,1,1,3,3,1,2,4,4,4,4,4,4,4,4,4,4,2,2,0,1,2,3,4,4,4,4,4,4,4,4,4,4,4,4,4,4,4,4,4,4,4,4,4,4,4,4,4,4,4,4,4,4,2,1,4,3,0,1,0,3,0,0,0,0,3,3,1,4,4,2,0,0,3,2,0,1,2,1,4,4,4,4,4,0,1,0,0,4,4,4,4,4,4,1,0,0,2,2,4,4,3,2,1,1,3,4,2,4,1,1,2,3,1,1,0,4,4,0,1,3,3,4,1,3,2,0,3,0,4,3,1,0,2,1,4,2,3,0,4,4,4,4,2,1,3,4,4,4,4,4,4,4,0,4,4,4,4,4,4,4,4,4,4,4,4,4,4,4,4,4,4,4,4,4,4,4,4,4,4,4,4,4,4,4,4,4,4,4,4,4,4,4,4,4,4,4,4,4,4,4,4,4,4,4,4,4,4,3,0,3,1,0,4,4,0,1,1,1,3,4,1,2,2,2,1,2,0,0,0,1,2,3,1,2,0,4,4,4,4,4,4,4,4,4,4,4,4,4,4,4,4,4,4,4,4,4,2,3,3,0,2,2,1,0,4,1,1,2,4,1,1,3,3,4,4,4,0,3,3,4,4,4,4,4,4,4,4,4,4,4,4,4,4,4,4,4,4,4,4,4,4,4,4,4,4,4,4,4,4,4,4,4,4,4,4,4,4,4,4,4,4,4,4,4,1,1,0,4,4,4,4,4,4,4,4,4,4,4,4,4,4,4,4,4,3,0,0,1,0,0,0,2,1,1,2,2,2,4,4,3,0,0,3,4,4,4,4,3,4,4,4,4,4,4,4,4,4,4,4,4,4,4,4,4,4,4,4,4,4,4,4,4,4,4,4,4,4,4,4,4,4,4,4,4,4,4,4,4,4,4,1,1,1,2,2,1,3,3,3,2,3,3,2,3,ADTR01000086.1/7374-7190,0
698,2,0,0,2,3,3,2,1,3,1,0,3,3,1,0,0,1,4,3,2,4,2,3,3,0,3,2,0,3,3,2,1,2,3,3,2,1,3,0,0,1,3,2,2,1,0,0,0,1,0,3,3,3,3,1,4,4,4,4,4,4,4,4,4,4,4,4,4,4,4,4,4,4,4,4,4,4,4,4,4,4,4,4,4,4,2,1,4,4,3,1,0,3,0,0,1,0,3,1,3,4,2,2,0,0,3,2,0,3,2,1,4,1,0,0,0,4,4,0,2,0,4,4,4,4,4,0,0,2,2,2,4,4,3,2,1,1,3,4,0,4,3,1,2,3,1,1,0,4,1,1,0,2,0,4,1,1,2,0,3,0,4,0,3,1,2,2,4,4,4,4,4,4,4,4,4,4,4,4,4,4,4,4,4,4,4,2,1,2,3,2,0,0,0,4,4,4,4,4,4,4,4,4,4,4,4,4,4,4,4,4,4,4,4,4,4,4,4,4,4,4,4,4,4,4,4,4,4,4,4,4,4,0,1,2,0,0,1,2,3,3,0,3,1,0,0,2,4,4,1,0,3,4,1,2,2,2,1,2,0,1,0,1,2,3,3,2,0,4,4,4,4,4,4,4,4,4,4,4,4,4,4,4,4,4,4,4,4,4,2,3,2,0,2,2,1,0,4,1,1,4,4,4,4,4,4,4,4,4,4,4,4,2,4,4,4,4,4,4,4,4,4,4,4,4,4,4,4,4,4,4,4,4,4,4,4,4,4,4,4,4,4,4,4,4,4,4,4,4,4,4,4,4,4,4,4,1,1,3,0,4,4,4,4,4,4,4,4,4,4,4,4,4,4,4,4,4,3,3,1,0,2,3,3,0,1,2,1,2,2,1,1,0,2,4,4,4,4,4,4,4,0,2,2,2,0,2,1,2,4,4,4,4,4,4,4,4,4,4,4,4,4,4,4,4,4,4,4,4,4,4,4,4,0,3,3,1,3,3,1,3,2,2,1,1,2,1,2,3,2,0,1,2,3,3,3,3,ABVX01000009.1/84103-83882,0
699,2,3,0,2,0,3,2,1,3,1,0,3,3,1,1,0,3,4,1,3,4,1,3,3,0,3,2,3,3,1,2,1,1,3,3,0,4,4,4,4,4,4,4,4,4,4,4,4,4,4,4,4,4,2,3,4,4,4,4,4,4,4,4,4,4,4,4,4,4,4,4,4,4,4,4,4,4,4,4,4,4,4,4,4,4,2,1,4,1,3,1,0,3,0,0,0,1,3,1,1,4,2,2,0,0,3,2,0,1,2,1,4,0,2,0,4,2,1,1,2,3,3,4,4,4,4,3,0,1,2,2,4,4,3,2,1,3,3,4,0,4,3,1,2,3,1,1,0,4,4,1,3,2,0,4,1,0,2,0,3,2,4,3,1,2,1,4,4,4,3,3,4,0,4,3,2,1,1,4,4,4,4,4,4,4,3,4,4,4,4,4,4,4,4,4,4,4,4,4,4,4,4,4,4,4,4,4,4,4,4,4,4,4,4,4,4,4,4,4,4,4,4,4,4,4,4,4,4,4,4,4,4,4,4,4,4,4,4,4,4,1,0,3,1,0,2,0,1,0,1,1,0,4,3,2,2,0,1,0,1,0,0,1,2,3,3,2,0,4,4,4,4,4,4,4,4,4,4,4,4,4,4,4,4,4,4,4,4,4,2,3,2,0,0,2,1,0,4,1,1,4,4,1,0,1,3,4,4,3,2,3,3,2,3,1,0,4,3,4,0,1,0,4,4,4,4,4,4,4,4,4,4,4,4,4,4,4,4,4,4,4,4,4,4,4,4,4,4,4,4,4,4,4,4,2,0,1,1,3,2,4,4,4,4,4,4,4,4,4,4,4,4,4,4,4,4,4,3,3,3,3,0,0,1,2,1,1,3,2,1,3,1,1,2,3,0,0,4,3,0,0,4,4,4,4,4,4,4,4,4,4,4,4,4,4,4,4,4,4,4,4,4,4,4,4,4,4,4,4,4,4,4,4,4,4,4,4,4,4,4,4,2,0,2,1,0,2,2,1,2,3,3,3,3,3,3,3,FN554766.1/4451786-4451992,0
700,2,3,4,4,4,2,2,1,3,1,0,3,3,1,0,1,1,4,3,3,4,1,3,3,0,3,2,3,1,0,2,1,1,1,1,3,3,0,2,4,4,4,4,4,4,4,4,4,4,2,2,0,1,2,1,4,4,4,4,4,4,4,4,4,4,4,4,4,4,4,4,4,4,4,4,4,4,4,4,4,4,4,4,4,4,2,1,4,3,0,1,0,3,0,0,0,1,3,3,1,4,4,2,0,0,3,2,0,1,2,1,4,4,4,4,4,0,1,0,0,4,4,4,4,4,4,1,0,0,2,2,4,4,3,2,1,1,3,4,2,4,1,1,2,3,1,1,0,4,4,0,1,3,3,4,1,3,2,0,3,0,4,0,3,0,2,1,4,2,3,4,4,4,4,0,2,1,3,4,4,4,4,4,4,4,3,4,4,4,4,4,4,4,4,4,4,4,4,4,4,4,4,4,4,4,4,4,4,4,4,4,4,4,4,4,4,4,4,4,4,4,4,4,4,4,4,4,4,4,4,4,4,4,4,4,4,4,4,4,4,3,0,3,1,0,4,4,0,1,1,3,1,4,1,2,2,2,1,2,0,0,0,1,2,3,1,2,0,4,4,4,4,4,4,4,4,4,4,4,4,4,4,4,4,4,4,4,4,4,2,3,3,0,2,2,1,0,4,1,1,2,4,1,1,3,3,4,4,4,0,3,3,4,4,4,4,4,4,4,4,4,4,4,4,4,4,4,4,4,4,4,4,4,4,4,4,4,4,4,4,4,4,4,4,4,4,4,4,4,4,4,4,4,4,4,4,4,1,1,0,4,4,4,4,4,4,4,4,4,4,4,4,4,4,4,4,4,3,0,0,1,0,0,0,2,1,1,2,2,2,3,3,3,4,4,4,4,4,4,4,4,4,4,4,4,4,4,4,4,4,4,4,4,4,4,4,4,4,4,4,4,4,4,4,4,4,4,4,4,4,4,4,4,4,4,4,4,4,4,4,4,0,2,1,1,1,2,2,1,3,3,3,2,3,3,2,3,CP003047.1/336604-336788,0
701,2,3,0,2,0,3,2,1,3,1,0,3,1,1,1,0,1,4,3,3,4,0,3,3,0,3,2,0,1,0,2,1,1,3,2,2,1,3,3,3,0,1,3,4,4,3,2,1,1,0,0,1,3,2,0,4,4,4,4,4,4,4,4,4,4,4,4,4,4,4,4,4,4,4,4,4,4,4,4,4,4,4,4,4,4,2,1,4,3,3,1,0,3,0,0,0,1,1,1,0,4,2,2,2,0,3,2,0,3,2,1,4,0,2,0,4,2,1,1,0,0,3,4,4,3,3,3,0,2,2,2,4,4,3,2,1,1,3,4,0,4,3,3,2,3,1,1,0,4,3,2,3,0,0,4,0,1,2,0,3,2,4,3,3,2,1,0,4,3,0,3,4,1,4,3,3,4,4,4,4,4,4,4,4,4,4,4,4,4,4,4,4,4,4,4,4,4,4,4,4,4,4,4,4,4,4,4,4,4,4,4,4,4,4,4,4,4,4,4,4,4,4,4,4,4,4,4,4,4,4,4,4,4,4,4,4,4,4,4,4,1,0,3,1,0,4,4,1,0,3,0,1,4,1,2,2,2,1,0,3,0,0,1,2,3,3,2,0,4,4,4,4,4,4,4,4,4,4,4,4,4,4,4,4,4,4,4,4,4,2,3,2,0,2,2,1,0,4,1,1,2,4,0,1,0,3,4,4,3,2,3,3,2,3,1,3,4,2,4,3,4,0,4,4,4,4,4,4,4,4,4,4,4,4,4,4,4,4,4,4,4,4,4,4,4,4,4,4,4,4,4,4,4,4,2,0,1,1,3,2,0,0,4,4,4,4,4,4,4,4,4,4,4,4,0,0,3,3,3,1,0,2,0,1,2,1,3,3,2,1,1,1,3,0,0,3,4,4,4,4,3,4,4,4,4,4,4,4,4,4,4,4,4,4,4,4,4,4,4,4,4,4,4,4,4,4,4,4,4,4,4,4,4,4,4,4,4,4,4,4,4,1,2,2,1,0,0,2,1,2,3,3,3,3,3,3,3,ACCD01000007.1/51035-51258,0
702,2,3,4,4,4,2,2,1,3,1,0,3,3,1,0,1,1,4,3,3,4,1,3,3,0,3,2,3,1,0,2,1,1,1,1,3,3,0,2,4,4,4,4,4,4,4,4,4,4,2,2,0,1,2,1,4,4,4,4,4,4,4,4,4,4,4,4,4,4,4,4,4,4,4,4,4,4,4,4,4,4,4,4,4,4,2,1,4,3,0,1,0,3,0,0,0,1,3,3,1,4,4,2,0,0,3,2,0,1,2,1,4,4,4,4,4,0,1,0,0,4,4,4,4,4,4,1,0,0,2,2,4,4,3,2,1,1,3,4,2,4,1,1,2,3,1,1,0,4,4,0,1,3,3,4,1,3,2,0,3,0,4,0,3,0,2,1,4,2,3,4,4,4,4,0,2,1,3,4,4,4,4,4,4,4,3,4,4,4,4,4,4,4,4,4,4,4,4,4,4,4,4,4,4,4,4,4,4,4,4,4,4,4,4,4,4,4,4,4,4,4,4,4,4,4,4,4,4,4,4,4,4,4,4,4,4,4,4,4,4,3,0,3,1,0,4,4,0,1,1,3,1,4,1,2,2,2,1,2,0,0,0,1,2,3,1,2,0,4,4,4,4,4,4,4,4,4,4,4,4,4,4,4,4,4,4,4,4,4,2,3,3,0,2,2,1,0,4,1,1,2,4,1,1,3,3,4,4,4,0,3,3,4,4,4,4,4,4,4,4,4,4,4,4,4,4,4,4,4,4,4,4,4,4,4,4,4,4,4,4,4,4,4,4,4,4,4,4,4,4,4,4,4,4,4,4,4,1,1,0,4,4,4,4,4,4,4,4,4,4,4,4,4,4,4,4,4,3,0,0,1,0,0,0,2,1,1,2,2,2,3,3,3,4,4,4,4,4,4,4,4,4,4,4,4,4,4,4,4,4,4,4,4,4,4,4,4,4,4,4,4,4,4,4,4,4,4,4,4,4,4,4,4,4,4,4,4,4,4,4,4,0,2,1,1,1,2,2,1,3,3,3,2,3,3,2,3,AEJH01000003.1/360887-360703,0
703,2,3,0,2,0,3,2,1,3,1,0,3,3,1,1,0,3,4,1,3,4,1,3,3,0,3,2,3,3,1,2,1,1,3,3,0,4,4,4,4,4,4,4,4,4,4,4,4,4,4,4,4,4,2,3,4,4,4,4,4,4,4,4,4,4,4,4,4,4,4,4,4,4,4,4,4,4,4,4,4,4,4,4,4,4,2,1,4,1,3,1,0,3,0,0,0,1,3,1,1,4,2,2,0,0,3,2,0,1,2,1,4,0,2,0,4,2,1,1,2,3,3,4,4,4,4,3,0,1,2,2,4,4,3,2,1,3,3,4,0,4,3,1,2,3,1,1,0,4,4,1,3,2,0,4,1,0,2,0,3,2,4,3,1,2,1,4,4,4,3,3,4,0,4,3,2,1,1,4,4,4,4,4,4,4,3,4,4,4,4,4,4,4,4,4,4,4,4,4,4,4,4,4,4,4,4,4,4,4,4,4,4,4,4,4,4,4,4,4,4,4,4,4,4,4,4,4,4,4,4,4,4,4,4,4,4,4,4,4,4,1,0,3,1,0,2,0,1,0,1,1,0,4,3,2,2,0,1,0,1,0,0,1,2,3,3,2,0,4,4,4,4,4,4,4,4,4,4,4,4,4,4,4,4,4,4,4,4,4,2,3,2,0,0,2,1,0,4,1,1,4,4,1,0,1,3,4,4,3,2,3,3,2,3,1,0,4,3,4,0,1,0,4,4,4,4,4,4,4,4,4,4,4,4,4,4,4,4,4,4,4,4,4,4,4,4,4,4,4,4,4,4,4,4,2,0,1,1,3,2,4,4,4,4,4,4,4,4,4,4,4,4,4,4,4,4,4,3,3,3,3,0,0,1,2,1,1,3,2,1,3,1,1,2,3,0,0,4,3,0,0,4,4,4,4,4,4,4,4,4,4,4,4,4,4,4,4,4,4,4,4,4,4,4,4,4,4,4,4,4,4,4,4,4,4,4,4,4,4,4,4,2,0,2,1,0,2,2,1,2,3,3,3,3,3,3,3,AEZK01000050.1/39800-40006,0
704,2,3,0,2,0,3,2,1,3,1,0,3,1,1,1,0,1,4,3,3,4,0,3,3,0,3,2,0,1,0,2,1,3,3,2,2,1,1,0,3,3,0,0,4,4,2,2,1,3,0,0,3,3,3,0,4,4,4,4,4,4,4,4,4,4,4,4,4,4,4,4,4,4,4,4,4,4,4,4,4,4,4,4,4,4,2,1,4,3,3,1,0,3,0,0,0,1,1,1,0,4,2,2,2,0,3,2,0,1,2,1,4,0,2,0,4,2,1,1,2,0,3,4,4,3,3,3,0,2,0,2,4,4,3,2,1,1,3,4,0,4,3,3,2,3,1,1,0,4,3,2,3,0,0,4,1,1,2,0,3,2,4,3,3,2,0,2,4,3,0,0,4,3,4,2,3,4,4,4,4,4,4,4,4,4,4,4,4,4,4,4,4,4,4,4,4,4,4,4,4,4,4,4,4,4,4,4,4,4,4,4,4,4,4,4,4,4,4,4,4,4,4,4,4,4,4,4,4,4,4,4,4,4,4,4,4,4,4,4,4,1,0,3,1,0,4,4,1,0,3,0,1,4,1,2,2,2,1,0,3,0,0,1,2,3,3,2,0,4,4,4,4,4,4,4,4,4,4,4,4,4,4,4,4,4,4,4,4,4,2,3,2,0,2,2,1,0,4,1,3,2,4,0,3,0,3,4,4,3,2,3,3,2,3,1,3,4,0,4,3,1,4,4,4,4,4,4,4,4,4,4,4,4,4,4,4,4,4,4,4,4,4,4,4,4,4,4,4,4,4,4,4,4,4,2,0,1,1,3,2,0,0,4,4,4,4,4,4,4,4,4,4,4,4,0,0,3,3,3,3,0,2,0,1,0,1,3,3,2,1,1,1,3,3,3,3,4,4,4,4,4,4,4,4,4,4,4,4,4,4,4,4,4,4,4,4,4,4,4,4,4,4,4,4,4,4,4,4,4,4,4,4,4,4,4,4,4,4,4,4,4,1,2,2,1,0,0,2,3,2,3,3,3,3,3,3,3,CP001593.1/4371676-4371454,0
705,2,3,0,2,0,3,2,1,3,1,0,3,3,1,1,0,3,4,1,3,4,1,3,3,0,3,2,3,3,1,2,1,1,3,3,0,4,4,4,4,4,4,4,4,4,4,4,4,4,4,4,4,4,2,3,4,4,4,4,4,4,4,4,4,4,4,4,4,4,4,4,4,4,4,4,4,4,4,4,4,4,4,4,4,4,2,1,4,1,3,1,0,3,0,0,0,1,3,1,1,4,2,2,0,0,3,2,0,1,2,1,4,0,2,0,4,2,1,1,2,3,3,4,4,4,4,3,0,1,2,2,4,4,3,2,1,3,3,4,0,4,3,1,2,3,1,1,0,4,4,1,3,2,0,4,1,0,2,0,3,2,4,3,1,2,1,4,4,4,3,3,4,0,4,3,2,1,1,4,4,4,4,4,4,4,3,4,4,4,4,4,4,4,4,4,4,4,4,4,4,4,4,4,4,4,4,4,4,4,4,4,4,4,4,4,4,4,4,4,4,4,4,4,4,4,4,4,4,4,4,4,4,4,4,4,4,4,4,4,4,1,0,3,1,0,2,0,1,0,1,1,0,4,3,2,2,0,1,0,1,0,0,1,2,3,3,2,0,4,4,4,4,4,4,4,4,4,4,4,4,4,4,4,4,4,4,4,4,4,2,3,2,0,0,2,1,0,4,1,1,4,4,1,0,1,3,4,4,3,2,3,3,2,3,1,0,4,3,4,0,1,0,4,4,4,4,4,4,4,4,4,4,4,4,4,4,4,4,4,4,4,4,4,4,4,4,4,4,4,4,4,4,4,4,2,0,1,1,3,2,4,4,4,4,4,4,4,4,4,4,4,4,4,4,4,4,4,3,3,3,3,0,0,1,2,1,1,3,2,1,3,1,1,2,3,0,0,4,3,0,0,4,4,4,4,4,4,4,4,4,4,4,4,4,4,4,4,4,4,4,4,4,4,4,4,4,4,4,4,4,4,4,4,4,4,4,4,4,4,4,4,2,0,2,1,0,2,2,1,2,3,3,3,3,3,3,3,AEZL01000073.1/50540-50334,0
706,2,3,0,2,0,3,2,1,3,1,0,3,3,1,1,0,3,4,1,3,4,1,3,3,0,3,2,3,3,1,2,1,1,3,3,0,4,4,4,4,4,4,4,4,4,4,4,4,4,4,4,4,4,2,3,4,4,4,4,4,4,4,4,4,4,4,4,4,4,4,4,4,4,4,4,4,4,4,4,4,4,4,4,4,4,2,1,4,1,3,1,0,3,0,0,0,1,3,1,1,4,2,2,0,0,3,2,0,1,2,1,4,0,2,0,4,2,1,1,2,3,3,4,4,4,4,3,0,1,2,2,4,4,3,2,1,3,3,4,0,4,3,1,2,3,1,1,0,4,4,1,3,2,0,4,1,0,2,0,3,2,4,3,1,2,1,4,4,4,3,3,4,0,4,3,2,1,1,4,4,4,4,4,4,4,3,4,4,4,4,4,4,4,4,4,4,4,4,4,4,4,4,4,4,4,4,4,4,4,4,4,4,4,4,4,4,4,4,4,4,4,4,4,4,4,4,4,4,4,4,4,4,4,4,4,4,4,4,4,4,1,0,3,1,0,2,0,1,0,1,1,0,4,3,2,2,0,1,0,1,0,0,1,2,3,3,2,0,4,4,4,4,4,4,4,4,4,4,4,4,4,4,4,4,4,4,4,4,4,2,3,2,0,0,2,1,0,4,1,1,4,4,1,0,1,3,4,4,3,2,3,3,2,3,1,0,4,3,4,0,1,0,4,4,4,4,4,4,4,4,4,4,4,4,4,4,4,4,4,4,4,4,4,4,4,4,4,4,4,4,4,4,4,4,2,0,1,1,3,2,4,4,4,4,4,4,4,4,4,4,4,4,4,4,4,4,4,3,3,3,3,0,0,1,2,1,1,3,2,1,3,1,1,2,3,0,0,4,3,0,0,4,4,4,4,4,4,4,4,4,4,4,4,4,4,4,4,4,4,4,4,4,4,4,4,4,4,4,4,4,4,4,4,4,4,4,4,4,4,4,4,2,0,2,1,0,2,2,1,2,3,3,3,3,3,3,3,ADVB01001472.1/3973-4179,0
707,2,3,0,2,0,3,2,1,3,1,0,3,3,1,1,0,3,4,1,3,4,1,3,3,0,3,2,3,3,1,2,1,1,3,3,1,4,4,4,4,4,4,4,4,4,4,4,4,4,4,4,4,4,2,3,4,4,4,4,4,4,4,4,4,4,4,4,4,4,4,4,4,4,4,4,4,4,4,4,4,4,4,4,4,4,2,1,4,1,3,1,0,3,0,0,0,1,3,1,1,4,2,2,0,0,3,2,0,3,2,1,4,0,2,0,4,2,1,1,2,3,3,4,4,1,3,3,0,1,2,2,4,4,3,2,1,3,3,4,0,4,3,1,2,3,1,1,0,4,4,1,3,2,0,4,1,0,2,0,3,2,4,3,1,2,1,0,4,3,3,3,4,0,4,3,2,1,1,4,4,4,4,4,4,4,3,4,4,4,4,4,4,4,4,4,4,4,4,4,4,4,4,4,4,4,4,4,4,4,4,4,4,4,4,4,4,4,4,4,4,4,4,4,4,4,4,4,4,4,4,4,4,4,4,4,4,4,4,4,4,1,0,3,1,0,0,0,1,0,1,1,0,4,3,2,2,0,1,0,3,3,0,1,2,3,3,2,0,4,4,4,4,4,4,4,4,4,4,4,4,4,4,4,4,4,4,4,4,4,2,3,2,0,0,2,1,0,4,1,1,1,4,0,0,3,3,4,4,3,2,3,3,2,3,1,0,4,0,4,0,1,0,4,4,4,4,4,4,4,4,4,4,4,4,4,4,4,4,4,4,4,4,4,4,4,4,4,4,4,4,4,4,4,4,2,0,1,1,3,2,4,4,4,4,4,4,4,4,4,4,4,4,4,4,4,4,4,3,3,3,3,0,0,1,2,1,1,3,2,1,1,1,3,2,0,3,3,4,3,1,0,4,4,4,4,4,4,4,4,4,4,4,4,4,4,4,4,4,4,4,4,4,4,4,4,4,4,4,4,4,4,4,4,4,4,4,4,4,4,4,4,2,1,2,1,0,2,2,1,2,3,3,3,3,3,3,3,AFXH01000193.1/38852-39063,0
708,2,3,0,2,0,3,2,1,3,1,0,3,1,1,1,0,1,4,3,3,4,0,3,3,0,3,2,0,1,0,2,1,1,3,0,4,4,4,4,4,4,4,4,4,4,4,4,4,4,4,4,4,4,4,4,4,4,4,4,4,4,4,4,4,4,4,4,4,4,4,4,4,4,4,4,4,4,4,4,4,4,4,4,4,4,2,1,4,3,3,1,0,3,0,0,0,1,1,1,0,4,2,2,2,0,3,2,0,1,2,1,4,0,0,0,4,2,1,1,2,0,3,4,4,4,3,0,3,1,2,2,4,4,3,2,1,1,3,4,0,4,3,3,2,3,1,1,0,4,4,0,3,3,4,4,3,0,2,0,3,2,4,0,3,1,0,0,4,2,0,2,4,1,4,3,0,0,3,1,1,3,1,3,3,0,1,4,4,4,4,4,4,4,4,4,4,4,4,4,4,4,4,4,4,4,4,4,4,4,4,4,4,4,4,4,4,4,4,4,4,4,4,4,4,4,4,4,4,4,4,4,4,4,4,4,4,4,4,4,4,1,0,3,1,0,4,4,2,1,2,0,0,4,1,2,2,2,1,2,0,0,0,1,2,3,3,2,0,4,4,4,4,4,4,4,4,4,4,4,4,4,4,4,4,4,4,4,4,4,2,3,2,0,2,2,1,0,4,1,1,4,4,0,3,1,1,4,4,4,4,4,4,2,3,1,3,4,2,4,3,4,0,4,4,4,4,4,4,4,4,4,4,4,4,4,4,4,4,4,4,4,4,4,4,4,4,4,4,4,4,4,4,4,4,2,0,1,1,3,2,0,3,4,4,4,4,4,4,4,4,4,4,4,4,4,3,2,3,0,3,3,3,0,1,0,1,1,3,2,1,3,3,4,4,4,4,4,4,4,4,4,4,4,4,4,4,4,4,4,4,4,4,4,4,4,4,4,4,4,4,4,4,4,4,4,4,4,4,4,4,4,4,4,4,4,4,4,4,4,4,4,1,2,2,1,0,2,2,3,2,3,3,3,3,3,3,3,ABXW01000018.1/38161-37960,0
709,2,1,0,2,3,3,2,1,3,1,0,3,3,1,0,1,1,4,3,2,4,0,3,3,0,3,2,0,3,3,2,2,1,3,1,0,1,2,1,2,0,0,0,4,4,4,2,1,2,3,3,2,0,3,0,4,4,4,4,4,4,4,4,4,4,4,4,4,4,4,4,4,4,4,4,4,4,4,4,4,4,4,4,4,4,3,2,4,1,3,1,0,3,0,0,3,2,3,1,1,4,4,2,0,0,3,2,0,1,2,1,4,1,0,0,4,4,4,0,2,4,4,4,4,4,0,0,0,1,2,2,4,4,3,2,1,1,3,4,0,4,3,1,2,3,3,1,0,4,1,1,1,2,0,4,1,1,2,0,3,0,4,0,3,1,2,3,4,3,2,1,4,2,4,1,0,0,2,1,0,4,4,4,1,2,3,4,4,4,4,4,4,4,4,4,4,4,4,4,4,4,4,4,4,4,4,4,4,4,4,4,4,4,4,4,4,4,4,4,4,4,4,4,4,4,4,4,4,4,4,4,4,4,4,4,4,4,4,4,4,3,0,3,1,0,4,4,0,0,1,0,3,4,1,2,0,0,1,2,0,1,0,1,2,3,3,2,0,4,4,4,4,4,4,4,4,4,4,4,4,4,4,4,4,4,4,4,4,4,2,3,2,0,2,2,1,0,4,1,1,0,4,1,1,3,1,4,4,4,4,3,3,4,4,4,4,4,4,4,4,4,4,4,4,4,4,4,4,4,4,4,4,4,4,4,4,4,4,4,4,4,4,4,4,4,4,4,4,4,4,1,4,4,4,4,4,4,1,2,2,4,4,4,4,4,4,4,4,4,4,4,4,4,4,4,4,4,3,3,3,2,1,0,2,0,0,1,0,3,1,1,2,3,1,4,4,4,4,4,4,4,4,4,4,4,4,4,4,4,4,4,4,4,4,4,4,4,4,4,4,4,4,4,4,4,4,4,4,4,4,4,4,4,4,4,4,4,4,4,4,4,0,2,2,0,3,2,3,3,1,3,2,1,0,0,1,0,CP002505.1/1087635-1087839,0
710,2,1,0,2,3,2,2,1,3,1,0,3,3,1,0,1,1,4,2,0,4,1,3,3,0,3,2,3,1,0,2,1,1,1,1,3,3,1,2,4,4,4,4,4,4,4,4,4,4,2,2,0,1,2,3,4,4,4,4,4,4,4,4,4,4,4,4,4,4,4,4,4,4,4,4,4,4,4,4,4,4,4,4,4,4,2,1,4,3,0,1,0,3,0,0,0,0,3,3,1,4,4,2,0,0,3,2,0,1,2,1,4,0,1,0,4,0,1,4,4,4,4,4,4,4,4,4,0,0,2,2,4,4,3,2,1,1,3,4,2,4,1,1,2,3,1,1,0,4,4,0,1,3,3,4,1,3,2,0,3,0,4,3,1,0,2,1,4,2,3,0,4,4,4,4,2,1,3,4,4,4,4,4,4,4,0,4,4,4,4,4,4,4,4,4,4,4,4,4,4,4,4,4,4,4,4,4,4,4,4,4,4,4,4,4,4,4,4,4,4,4,4,4,4,4,4,4,4,4,4,4,4,4,4,4,4,4,4,4,4,3,0,3,1,0,4,4,0,1,1,0,3,4,1,2,2,2,1,2,0,0,0,1,2,3,1,2,0,4,4,4,4,4,4,4,4,4,4,4,4,4,4,4,4,4,4,4,4,4,2,3,3,0,2,2,1,0,4,1,1,2,4,1,1,3,3,4,4,4,0,3,3,4,4,4,4,4,4,4,4,4,4,4,4,4,4,4,4,4,4,4,4,4,4,4,4,4,4,4,4,4,4,4,4,4,4,4,4,4,4,4,4,4,4,4,4,4,1,1,0,4,4,4,4,4,4,4,4,4,4,4,4,4,4,4,4,4,3,0,0,1,0,0,0,2,1,1,2,2,2,4,4,3,0,0,3,4,4,4,4,3,4,4,4,4,4,4,4,4,4,4,4,4,4,4,4,4,4,4,4,4,4,4,4,4,4,4,4,4,4,4,4,4,4,4,4,4,4,4,4,4,4,4,1,1,1,2,2,1,3,3,3,2,3,3,2,3,ADTK01000178.1/34696-34883,0
711,2,1,0,2,3,2,2,1,3,1,0,3,3,1,0,1,1,4,2,0,4,1,3,3,0,3,2,3,1,0,2,1,1,1,1,3,3,1,2,4,4,4,4,4,4,4,4,4,4,2,2,0,1,2,3,4,4,4,4,4,4,4,4,4,4,4,4,4,4,4,4,4,4,4,4,4,4,4,4,4,4,4,4,4,4,2,1,4,3,0,1,0,3,0,0,0,0,3,3,1,4,4,2,0,0,3,2,0,1,2,1,4,0,1,0,4,0,1,4,4,4,4,4,4,4,4,4,0,0,2,2,4,4,3,2,1,1,3,4,2,4,1,1,2,3,1,1,0,4,4,0,1,3,3,4,1,3,2,0,3,0,4,3,1,0,2,1,4,2,3,0,4,4,4,4,2,1,3,4,4,4,4,4,4,4,0,4,4,4,4,4,4,4,4,4,4,4,4,4,4,4,4,4,4,4,4,4,4,4,4,4,4,4,4,4,4,4,4,4,4,4,4,4,4,4,4,4,4,4,4,4,4,4,4,4,4,4,4,4,4,3,0,3,1,0,4,4,0,1,1,0,3,4,1,2,2,2,1,2,0,0,0,1,2,3,1,2,0,4,4,4,4,4,4,4,4,4,4,4,4,4,4,4,4,4,4,4,4,4,2,3,3,0,2,2,1,0,4,1,1,2,4,1,1,3,3,4,4,4,0,3,3,4,4,4,4,4,4,4,4,4,4,4,4,4,4,4,4,4,4,4,4,4,4,4,4,4,4,4,4,4,4,4,4,4,4,4,4,4,4,4,4,4,4,4,4,4,1,1,0,4,4,4,4,4,4,4,4,4,4,4,4,4,4,4,4,4,3,0,0,1,0,0,0,2,1,1,2,2,2,4,4,3,0,0,3,4,4,4,4,3,4,4,4,4,4,4,4,4,4,4,4,4,4,4,4,4,4,4,4,4,4,4,4,4,4,4,4,4,4,4,4,4,4,4,4,4,4,4,4,4,4,4,1,1,1,2,2,1,3,3,3,2,3,3,2,3,ADTY01000372.1/34520-34707,0
712,2,1,0,2,3,2,2,1,3,1,0,3,3,1,0,1,1,4,2,0,4,1,3,3,0,3,2,3,1,0,2,1,1,1,1,3,3,1,2,4,4,4,4,4,4,4,4,4,4,2,2,0,1,2,3,4,4,4,4,4,4,4,4,4,4,4,4,4,4,4,4,4,4,4,4,4,4,4,4,4,4,4,4,4,4,2,1,4,3,0,1,0,3,0,0,0,0,3,3,1,4,4,2,0,0,3,2,0,1,2,1,4,0,1,0,4,0,1,4,4,4,4,4,4,4,4,4,0,0,2,2,4,4,3,2,1,1,3,4,2,4,1,1,2,3,1,1,0,4,4,0,1,3,3,4,1,3,2,0,3,0,4,3,1,0,2,1,4,2,3,0,4,4,4,4,2,1,3,4,4,4,4,4,4,4,0,4,4,4,4,4,4,4,4,4,4,4,4,4,4,4,4,4,4,4,4,4,4,4,4,4,4,4,4,4,4,4,4,4,4,4,4,4,4,4,4,4,4,4,4,4,4,4,4,4,4,4,4,4,4,3,0,3,1,0,4,4,0,1,1,0,3,4,1,2,2,2,1,2,0,0,0,1,2,3,1,2,0,4,4,4,4,4,4,4,4,4,4,4,4,4,4,4,4,4,4,4,4,4,2,3,3,0,2,2,1,0,4,1,1,2,4,1,1,3,3,4,4,4,0,3,3,4,4,4,4,4,4,4,4,4,4,4,4,4,4,4,4,4,4,4,4,4,4,4,4,4,4,4,4,4,4,4,4,4,4,4,4,4,4,4,4,4,4,4,4,4,1,1,0,4,4,4,4,4,4,4,4,4,4,4,4,4,4,4,4,4,3,0,0,1,0,0,0,2,1,1,2,2,2,4,4,3,0,0,3,4,4,4,4,3,4,4,4,4,4,4,4,4,4,4,4,4,4,4,4,4,4,4,4,4,4,4,4,4,4,4,4,4,4,4,4,4,4,4,4,4,4,4,4,4,4,4,1,1,1,2,2,1,3,3,3,2,3,3,2,3,CP002516.1/1243434-1243621,0
713,2,3,0,2,0,3,2,1,3,1,0,3,1,1,1,0,1,4,3,3,4,0,3,3,0,3,2,0,1,0,2,1,3,3,2,2,1,1,0,3,3,0,0,4,4,2,2,1,3,0,0,3,3,3,0,4,4,4,4,4,4,4,4,4,4,4,4,4,4,4,4,4,4,4,4,4,4,4,4,4,4,4,4,4,4,2,1,4,3,3,1,0,3,0,0,0,1,1,1,0,4,2,2,2,0,3,2,0,1,2,1,4,0,2,0,4,2,1,1,2,0,3,4,4,3,3,3,0,2,0,2,4,4,3,2,1,1,3,4,0,4,3,3,2,3,1,1,0,4,3,2,3,0,0,4,1,1,2,0,3,2,4,3,3,2,0,2,4,3,0,0,4,3,4,2,3,4,4,4,4,4,4,4,4,4,4,4,4,4,4,4,4,4,4,4,4,4,4,4,4,4,4,4,4,4,4,4,4,4,4,4,4,4,4,4,4,4,4,4,4,4,4,4,4,4,4,4,4,4,4,4,4,4,4,4,4,4,4,4,4,1,0,3,1,0,4,4,1,0,3,0,1,4,1,2,2,2,1,0,3,0,0,1,2,3,3,2,0,4,4,4,4,4,4,4,4,4,4,4,4,4,4,4,4,4,4,4,4,4,2,3,2,0,2,2,1,0,4,1,3,2,4,0,3,0,3,4,4,3,2,3,3,2,3,1,3,4,0,4,3,1,4,4,4,4,4,4,4,4,4,4,4,4,4,4,4,4,4,4,4,4,4,4,4,4,4,4,4,4,4,4,4,4,4,2,0,1,1,3,2,0,0,4,4,4,4,4,4,4,4,4,4,4,4,0,0,3,3,3,3,0,2,0,1,0,1,3,3,2,1,1,1,3,3,3,3,4,4,4,4,4,4,4,4,4,4,4,4,4,4,4,4,4,4,4,4,4,4,4,4,4,4,4,4,4,4,4,4,4,4,4,4,4,4,4,4,4,4,4,4,4,1,2,2,1,0,0,2,3,2,3,3,3,3,3,3,3,AAYV01000016.1/738-960,0
714,2,3,0,2,0,3,2,1,3,1,0,3,3,1,1,0,3,4,1,3,4,1,3,3,0,3,2,3,3,1,2,1,1,3,3,1,4,4,4,4,4,4,4,4,4,4,4,4,4,4,4,4,4,3,2,4,4,4,4,4,4,4,4,4,4,4,4,4,4,4,4,4,4,4,4,4,4,4,4,4,4,4,4,4,4,2,1,4,1,3,1,0,3,0,0,0,1,3,1,0,4,2,2,0,0,3,2,0,3,2,1,4,0,2,0,4,2,1,1,2,3,3,4,4,4,4,3,0,1,2,2,4,4,3,2,1,3,3,4,0,4,3,1,2,3,1,1,0,4,4,1,3,2,0,4,1,0,2,0,3,2,4,3,1,2,1,4,4,4,3,3,4,0,4,1,2,1,1,4,4,4,4,4,4,4,3,4,4,4,4,4,4,4,4,4,4,4,4,4,4,4,4,4,4,4,4,4,4,4,4,4,4,4,4,4,4,4,4,4,4,4,4,4,4,4,4,4,4,4,4,4,4,4,4,4,4,4,4,4,4,1,0,3,1,0,0,0,1,0,1,1,1,4,3,2,2,0,1,0,1,0,0,1,2,3,3,2,0,4,4,4,4,4,4,4,4,4,4,4,4,4,4,4,4,4,4,4,4,4,2,3,2,0,0,2,1,0,4,1,1,1,4,1,3,3,3,4,0,3,2,3,3,2,3,1,0,4,3,4,0,1,0,4,4,4,4,4,4,4,4,4,4,4,4,4,4,4,4,4,4,4,4,4,4,4,4,4,4,4,4,4,4,4,4,2,0,1,1,3,2,4,4,4,4,4,4,4,4,4,4,4,4,4,4,4,4,4,3,3,3,3,2,0,1,2,1,1,3,2,1,1,1,1,3,3,0,0,4,4,1,1,4,4,4,4,4,4,4,4,4,4,4,4,4,4,4,4,4,4,4,4,4,4,4,4,4,4,4,4,4,4,4,4,4,4,4,4,4,4,4,4,2,2,2,1,0,2,2,1,2,3,3,3,3,3,3,3,AM933172.1/4012037-4012244,0
715,2,3,4,4,4,2,2,1,3,1,0,3,3,1,0,1,1,4,3,3,4,1,3,3,0,3,2,3,1,0,2,1,1,1,1,3,3,0,2,4,4,4,4,4,4,4,4,4,4,2,2,0,1,2,1,4,4,4,4,4,4,4,4,4,4,4,4,4,4,4,4,4,4,4,4,4,4,4,4,4,4,4,4,4,4,2,1,4,3,0,1,0,3,0,0,0,1,3,3,1,4,4,2,0,0,3,2,0,1,2,1,4,4,4,4,4,0,1,0,0,4,4,4,4,4,4,1,0,0,2,2,4,4,3,2,1,1,3,4,2,4,1,1,2,3,1,1,0,4,4,0,1,3,3,4,1,3,2,0,3,0,4,0,1,0,2,1,4,2,3,4,4,4,4,0,2,1,3,4,4,4,4,4,4,4,3,4,4,4,4,4,4,4,4,4,4,4,4,4,4,4,4,4,4,4,4,4,4,4,4,4,4,4,4,4,4,4,4,4,4,4,4,4,4,4,4,4,4,4,4,4,4,4,4,4,4,4,4,4,4,3,0,3,1,0,4,4,0,1,1,3,1,4,1,2,2,2,1,2,0,0,0,1,2,3,1,2,0,4,4,4,4,4,4,4,4,4,4,4,4,4,4,4,4,4,4,4,4,4,2,3,3,0,2,2,1,0,4,1,1,2,4,1,1,3,3,4,4,4,0,3,3,4,4,4,4,4,4,4,4,4,4,4,4,4,4,4,4,4,4,4,4,4,4,4,4,4,4,4,4,4,4,4,4,4,4,4,4,4,4,4,4,4,4,4,4,4,1,1,0,4,4,4,4,4,4,4,4,4,4,4,4,4,4,4,4,4,3,0,0,1,0,0,0,2,1,1,2,2,2,3,3,3,4,4,4,4,4,4,4,4,4,4,4,4,4,4,4,4,4,4,4,4,4,4,4,4,4,4,4,4,4,4,4,4,4,4,4,4,4,4,4,4,4,4,4,4,4,4,4,4,0,2,1,1,1,2,2,1,3,3,3,2,3,3,2,3,AE006468.1/2707846-2707662,0
716,2,3,4,4,4,2,2,1,3,1,0,3,3,1,0,1,1,4,2,0,4,1,3,3,0,3,2,3,1,0,2,1,1,1,1,3,3,1,2,4,4,4,4,4,4,4,4,4,4,2,2,0,1,2,3,4,4,4,4,4,4,4,4,4,4,4,4,4,4,4,4,4,4,4,4,4,4,4,4,4,4,4,4,4,4,2,1,4,3,0,1,0,3,0,0,0,0,3,0,1,4,4,2,0,0,3,2,0,1,2,1,4,4,4,4,4,0,1,0,0,4,4,4,4,4,4,1,0,0,2,2,4,4,3,2,1,1,3,4,2,4,1,1,2,3,1,1,0,4,4,0,1,3,3,4,1,3,2,0,3,0,4,3,1,0,2,1,4,2,3,0,4,4,4,4,2,1,3,4,4,4,4,4,4,4,0,4,4,4,4,4,4,4,4,4,4,4,4,4,4,4,4,4,4,4,4,4,4,4,4,4,4,4,4,4,4,4,4,4,4,4,4,4,4,4,4,4,4,4,4,4,4,4,4,4,4,4,4,4,4,3,0,3,1,0,4,4,0,1,1,0,3,4,1,2,2,2,1,2,0,0,0,1,2,3,1,2,0,4,4,4,4,4,4,4,4,4,4,4,4,4,4,4,4,4,4,4,4,4,2,3,3,0,2,2,1,0,4,1,1,2,4,1,1,3,3,4,4,4,0,3,3,4,4,4,4,4,4,4,4,4,4,4,4,4,4,4,4,4,4,4,4,4,4,4,4,4,4,4,4,4,4,4,4,4,4,4,4,4,4,4,4,4,4,4,4,4,1,1,0,4,4,4,4,4,4,4,4,4,4,4,4,4,4,4,4,4,3,0,0,1,0,0,0,2,1,1,2,2,2,4,4,3,0,0,3,4,4,4,4,3,4,4,4,4,4,4,4,4,4,4,4,4,4,4,4,4,4,4,4,4,4,4,4,4,4,4,4,4,4,4,4,4,4,4,4,4,4,4,4,4,4,4,1,1,1,2,2,1,3,3,3,2,3,3,2,3,ADUB01000370.1/22959-23143,0
717,2,1,0,2,3,2,2,1,3,1,0,3,3,1,0,1,1,4,2,0,4,1,3,3,0,3,2,3,1,0,2,1,1,1,1,3,3,1,2,4,4,4,4,4,4,4,4,4,4,2,2,0,1,2,3,4,4,4,4,4,4,4,4,4,4,4,4,4,4,4,4,4,4,4,4,4,4,4,4,4,4,4,4,4,4,2,1,4,3,0,1,0,3,0,0,0,0,3,3,1,4,4,2,0,0,3,2,0,1,2,1,4,0,1,0,4,0,1,4,4,4,4,4,4,4,4,4,0,0,2,2,4,4,3,2,1,1,3,4,2,4,1,1,2,3,1,1,0,4,4,0,1,3,3,4,1,3,2,0,3,0,4,3,1,0,2,1,4,2,3,0,4,4,4,4,2,1,3,4,4,4,4,4,4,4,0,4,4,4,4,4,4,4,4,4,4,4,4,4,4,4,4,4,4,4,4,4,4,4,4,4,4,4,4,4,4,4,4,4,4,4,4,4,4,4,4,4,4,4,4,4,4,4,4,4,4,4,4,4,4,3,0,3,1,0,4,4,0,1,1,0,3,4,1,2,2,2,1,2,0,0,0,1,2,3,1,2,0,4,4,4,4,4,4,4,4,4,4,4,4,4,4,4,4,4,4,4,4,4,2,3,3,0,2,2,1,0,4,1,1,2,4,1,1,3,3,4,4,4,0,3,3,4,4,4,4,4,4,4,4,4,4,4,4,4,4,4,4,4,4,4,4,4,4,4,4,4,4,4,4,4,4,4,4,4,4,4,4,4,4,4,4,4,4,4,4,4,1,1,0,4,4,4,4,4,4,4,4,4,4,4,4,4,4,4,4,4,3,0,0,1,0,0,0,2,1,1,2,2,2,4,4,3,0,0,3,4,4,4,4,3,4,4,4,4,4,4,4,4,4,4,4,4,4,4,4,4,4,4,4,4,4,4,4,4,4,4,4,4,4,4,4,4,4,4,4,4,4,4,4,4,4,4,1,1,1,2,2,1,3,3,3,2,3,3,2,3,AAKB02000001.1/3369553-3369740,0
718,2,3,0,2,0,3,2,1,3,1,0,3,1,1,1,0,1,4,3,3,4,0,3,3,0,3,2,0,1,0,2,1,1,3,2,2,3,3,3,3,3,0,3,4,4,0,2,1,1,0,0,3,3,2,3,4,4,4,4,4,4,4,4,4,4,4,4,4,4,4,4,4,4,4,4,4,4,4,4,4,4,4,4,4,4,2,1,4,3,3,1,0,3,0,0,0,1,1,1,0,4,2,2,2,0,3,2,0,3,2,1,4,0,2,0,4,2,1,1,2,0,3,4,4,3,3,3,0,2,2,2,4,4,3,2,1,1,3,4,0,4,3,3,2,3,1,1,0,4,3,2,3,0,0,4,0,1,2,0,3,2,4,3,3,2,0,0,4,3,0,3,4,1,4,3,3,4,4,4,4,4,4,4,4,4,4,4,4,4,4,4,4,4,4,4,4,4,4,4,4,4,4,4,4,4,4,4,4,4,4,4,4,4,4,4,4,4,4,4,4,4,4,4,4,4,4,4,4,4,4,4,4,4,4,4,4,4,4,4,4,1,0,3,1,0,4,4,1,0,3,0,1,4,1,2,2,2,1,0,0,0,0,1,2,3,3,2,0,4,4,4,4,4,4,4,4,4,4,4,4,4,4,4,4,4,4,4,4,4,2,3,2,0,2,2,1,2,4,1,1,2,4,0,1,0,3,4,4,3,2,3,3,2,3,1,3,4,2,4,3,4,0,4,4,4,4,4,4,4,4,4,4,4,4,4,4,4,4,4,4,4,4,4,4,4,4,4,4,4,4,4,4,4,4,2,0,1,1,3,2,0,0,4,4,4,4,4,4,4,4,4,4,4,4,0,0,3,3,3,3,0,2,0,1,2,1,3,3,2,1,1,1,1,3,0,3,4,4,4,4,4,4,4,4,4,4,4,4,4,4,4,4,4,4,4,4,4,4,4,4,4,4,4,4,4,4,4,4,4,4,4,4,4,4,4,4,4,4,4,4,4,1,2,2,1,0,0,2,1,2,3,3,3,3,3,3,3,AALE02000016.1/52978-53200,0
719,0,1,0,2,3,3,2,1,3,1,0,3,3,1,0,1,1,4,3,3,4,3,3,3,0,3,2,0,3,0,2,1,1,1,1,2,4,4,4,4,4,4,4,4,4,4,4,4,4,4,4,4,4,4,4,1,0,0,3,3,0,0,2,1,4,4,4,4,4,4,4,4,4,4,4,4,2,2,0,3,2,0,3,2,1,2,1,4,3,3,1,0,3,0,0,2,1,1,3,1,4,1,2,0,0,3,2,0,3,2,1,4,1,3,0,4,4,4,0,2,0,1,4,4,4,4,4,4,3,2,2,4,4,3,2,1,1,3,4,0,4,3,1,2,3,1,1,0,1,1,3,0,0,0,4,1,1,2,0,1,0,4,3,3,2,3,2,4,3,2,0,4,0,4,0,2,1,0,1,4,4,4,4,4,0,3,4,4,4,4,4,4,4,4,4,4,4,4,4,4,4,4,4,4,4,4,4,4,4,4,4,4,4,4,4,4,4,4,4,4,4,4,4,4,4,4,4,4,4,4,4,4,4,4,4,4,4,4,4,4,3,0,3,1,0,4,4,0,0,1,0,3,4,1,2,2,0,1,2,0,1,0,1,2,3,3,2,0,4,4,4,4,4,4,4,4,4,4,4,4,4,4,4,4,4,4,4,4,4,2,3,2,0,2,2,1,0,4,1,1,2,4,1,1,3,0,4,4,3,2,3,1,4,4,4,4,4,4,4,4,4,4,4,4,4,4,4,4,4,4,4,4,4,4,4,4,4,4,4,4,4,4,4,4,4,4,4,4,4,4,4,4,4,4,4,4,4,1,3,2,4,4,4,4,4,4,4,4,4,4,4,4,4,4,4,4,4,1,3,2,3,2,0,3,2,0,0,3,4,4,4,4,4,4,4,4,4,4,4,4,4,4,4,4,4,4,4,4,4,4,4,4,4,4,4,4,4,4,4,4,4,4,4,4,4,4,4,4,4,4,4,4,4,4,4,4,4,4,4,4,3,4,4,4,4,0,3,3,1,0,3,1,0,0,3,3,3,CP002956.1/2605815-2605618,0
720,2,1,0,2,3,2,2,1,3,1,0,3,3,1,0,1,1,4,2,0,4,1,3,3,0,3,2,3,1,0,2,1,1,1,1,3,3,1,2,4,4,4,4,4,4,4,4,4,4,2,2,0,1,2,3,4,4,4,4,4,4,4,4,4,4,4,4,4,4,4,4,4,4,4,4,4,4,4,4,4,4,4,4,4,4,2,1,4,3,0,1,0,3,0,0,0,0,3,3,1,4,4,2,0,0,3,2,0,1,2,1,4,0,1,0,4,0,1,4,4,4,4,4,4,4,4,4,0,0,2,2,4,4,3,2,1,1,3,4,2,4,1,1,2,3,1,1,0,4,4,0,1,3,3,4,1,3,2,0,3,0,4,3,1,0,2,1,4,2,3,0,4,4,4,4,2,1,3,4,4,4,4,4,4,4,0,4,4,4,4,4,4,4,4,4,4,4,4,4,4,4,4,4,4,4,4,4,4,4,4,4,4,4,4,4,4,4,4,4,4,4,4,4,4,4,4,4,4,4,4,4,4,4,4,4,4,4,4,4,4,3,0,3,1,0,4,4,0,1,1,0,3,4,1,2,2,2,1,2,0,0,0,1,2,3,1,2,0,4,4,4,4,4,4,4,4,4,4,4,4,4,4,4,4,4,4,4,4,4,2,3,3,0,2,2,1,0,4,1,1,2,4,1,1,3,3,4,4,4,0,3,3,4,4,4,4,4,4,4,4,4,4,4,4,4,4,4,4,4,4,4,4,4,4,4,4,4,4,4,4,4,4,4,4,4,4,4,4,4,4,4,4,4,4,4,4,4,1,1,0,4,4,4,4,4,4,4,4,4,4,4,4,4,4,4,4,4,3,0,0,1,0,0,0,2,1,1,2,2,2,4,4,3,0,0,3,4,4,4,4,3,4,4,4,4,4,4,4,4,4,4,4,4,4,4,4,4,4,4,4,4,4,4,4,4,4,4,4,4,4,4,4,4,4,4,4,4,4,4,4,4,4,4,1,1,1,2,2,1,3,3,3,2,3,3,2,3,ACXE01000085.1/30371-30184,0
721,2,3,4,4,4,2,2,1,3,1,0,3,3,1,0,1,1,4,3,3,4,1,3,3,0,3,2,3,1,0,2,1,1,1,1,3,3,0,2,4,4,4,4,4,4,4,4,4,4,2,2,0,1,2,1,4,4,4,4,4,4,4,4,4,4,4,4,4,4,4,4,4,4,4,4,4,4,4,4,4,4,4,4,4,4,2,1,4,3,0,1,0,3,0,0,0,1,3,3,1,4,4,2,0,0,3,2,0,1,2,1,4,4,4,4,4,0,1,0,0,4,4,4,4,4,4,1,0,0,2,2,4,4,3,2,1,1,3,4,2,4,1,1,2,3,1,1,0,4,4,0,1,3,3,4,1,3,2,0,3,0,4,0,3,0,2,1,4,2,3,4,4,4,4,0,2,1,3,4,4,4,4,4,4,4,3,4,4,4,4,4,4,4,4,4,4,4,4,4,4,4,4,4,4,4,4,4,4,4,4,4,4,4,4,4,4,4,4,4,4,4,4,4,4,4,4,4,4,4,4,4,4,4,4,4,4,4,4,4,4,3,0,3,1,0,4,4,0,1,1,3,1,4,1,2,2,2,1,2,0,0,0,1,2,3,1,2,0,4,4,4,4,4,4,4,4,4,4,4,4,4,4,4,4,4,4,4,4,4,2,3,3,0,2,2,1,0,4,1,1,2,4,1,1,3,3,4,4,4,0,3,3,1,1,0,3,4,0,4,0,1,0,4,4,4,4,4,4,4,4,4,4,4,4,4,4,4,4,4,4,4,4,4,4,4,4,4,4,4,4,4,4,4,4,0,0,2,1,1,2,2,4,4,4,4,4,4,4,4,4,4,4,4,4,4,4,2,3,3,3,0,2,1,1,1,2,2,1,3,0,0,0,3,3,0,4,4,4,4,4,4,2,2,2,3,2,2,3,2,1,2,0,4,4,4,4,4,4,4,4,4,4,4,4,4,4,4,4,4,4,2,3,3,0,3,0,1,1,2,2,2,3,3,3,0,2,1,1,1,2,2,1,3,3,3,2,3,AFCW01001541.1/2049-1828,0
722,2,1,0,2,3,2,2,1,3,1,0,3,3,1,0,1,1,4,2,0,4,1,3,3,0,3,2,3,1,0,2,1,1,1,1,3,3,1,2,4,4,4,4,4,4,4,4,4,4,2,2,0,1,2,3,4,4,4,4,4,4,4,4,4,4,4,4,4,4,4,4,4,4,4,4,4,4,4,4,4,4,4,4,4,4,2,1,4,3,0,1,0,3,0,0,0,0,3,3,1,4,4,2,0,0,3,2,0,1,2,1,4,0,1,0,4,0,1,4,4,4,4,4,4,4,4,4,0,0,2,2,4,4,3,2,1,1,3,4,2,4,1,1,2,3,1,1,0,4,4,0,1,3,3,4,1,3,2,0,3,0,4,3,1,0,2,1,4,2,3,0,4,4,4,4,2,1,3,4,4,4,4,4,4,4,0,4,4,4,4,4,4,4,4,4,4,4,4,4,4,4,4,4,4,4,4,4,4,4,4,4,4,4,4,4,4,4,4,4,4,4,4,4,4,4,4,4,4,4,4,4,4,4,4,4,4,4,4,4,4,3,0,3,1,0,4,4,0,1,1,0,3,4,1,2,2,2,1,2,0,0,0,1,2,3,1,2,0,4,4,4,4,4,4,4,4,4,4,4,4,4,4,4,4,4,4,4,4,4,2,3,3,0,2,2,1,0,4,1,1,2,4,1,1,3,3,4,4,4,0,3,3,4,4,4,4,4,4,4,4,4,4,4,4,4,4,4,4,4,4,4,4,4,4,4,4,4,4,4,4,4,4,4,4,4,4,4,4,4,4,4,4,4,4,4,4,4,1,1,0,4,4,4,4,4,4,4,4,4,4,4,4,4,4,4,4,4,3,0,0,1,0,0,0,2,1,1,2,2,2,4,4,3,0,0,3,4,4,4,4,3,4,4,4,4,4,4,4,4,4,4,4,4,4,4,4,4,4,4,4,4,4,4,4,4,4,4,4,4,4,4,4,4,4,4,4,4,4,4,4,4,4,4,1,1,1,2,2,1,3,3,3,2,3,3,2,3,CP000819.1/2612041-2611854,0
723,2,3,0,2,0,3,2,1,3,1,0,3,3,1,1,0,3,4,1,3,4,1,3,3,0,3,2,3,3,1,2,1,1,3,3,0,4,4,4,4,4,4,4,4,4,4,4,4,4,4,4,4,4,2,3,4,4,4,4,4,4,4,4,4,4,4,4,4,4,4,4,4,4,4,4,4,4,4,4,4,4,4,4,4,4,2,1,4,1,3,1,0,3,0,0,0,1,3,1,1,4,2,2,0,0,3,2,0,1,2,1,4,0,2,0,4,2,1,1,2,3,3,4,4,4,4,3,0,1,2,2,4,4,3,2,1,3,3,4,0,4,3,1,2,3,1,1,0,4,4,1,3,2,0,4,1,0,2,0,3,2,4,3,1,2,1,4,4,4,3,3,4,0,4,3,2,1,1,4,4,4,4,4,4,4,3,4,4,4,4,4,4,4,4,4,4,4,4,4,4,4,4,4,4,4,4,4,4,4,4,4,4,4,4,4,4,4,4,4,4,4,4,4,4,4,4,4,4,4,4,4,4,4,4,4,4,4,4,4,4,1,0,3,1,0,2,0,1,0,1,1,0,4,3,2,2,0,1,0,1,0,0,1,2,3,3,2,0,4,4,4,4,4,4,4,4,4,4,4,4,4,4,4,4,4,4,4,4,4,2,3,2,0,0,2,1,0,4,1,1,4,4,1,0,1,3,4,4,3,2,3,3,2,3,1,0,4,3,4,0,1,0,4,4,4,4,4,4,4,4,4,4,4,4,4,4,4,4,4,4,4,4,4,4,4,4,4,4,4,4,4,4,4,4,2,0,1,1,3,2,4,4,4,4,4,4,4,4,4,4,4,4,4,4,4,4,4,3,3,3,3,0,0,1,2,1,1,3,2,1,3,1,1,2,3,0,0,4,3,0,0,4,4,4,4,4,4,4,4,4,4,4,4,4,4,4,4,4,4,4,4,4,4,4,4,4,4,4,4,4,4,4,4,4,4,4,4,4,4,4,4,2,0,2,1,0,2,2,1,2,3,3,3,3,3,3,3,AAJW02000005.1/1442-1648,0
724,2,3,0,2,0,3,2,1,3,1,0,3,3,1,1,0,3,4,1,3,4,1,3,3,0,3,2,3,3,1,2,1,1,3,3,1,4,4,4,4,4,4,4,4,4,4,4,4,4,4,4,4,4,3,2,4,4,4,4,4,4,4,4,4,4,4,4,4,4,4,4,4,4,4,4,4,4,4,4,4,4,4,4,4,4,2,1,4,1,3,1,0,3,0,0,0,1,3,1,0,4,2,2,0,0,3,2,0,3,2,1,4,0,2,0,4,2,1,1,2,3,3,4,4,4,4,3,0,1,2,2,4,4,3,2,1,3,3,4,0,4,3,1,2,3,1,1,0,4,4,1,3,2,0,4,1,0,2,0,3,2,4,3,1,2,1,4,4,4,3,3,4,0,4,1,2,1,1,4,4,4,4,4,4,4,3,4,4,4,4,4,4,4,4,4,4,4,4,4,4,4,4,4,4,4,4,4,4,4,4,4,4,4,4,4,4,4,4,4,4,4,4,4,4,4,4,4,4,4,4,4,4,4,4,4,4,4,4,4,4,1,0,3,1,0,0,0,1,0,1,1,1,4,3,2,2,0,1,0,1,0,0,1,2,3,3,2,0,4,4,4,4,4,4,4,4,4,4,4,4,4,4,4,4,4,4,4,4,4,2,3,2,0,0,2,1,0,4,1,1,1,4,1,3,3,3,4,0,3,2,3,3,2,3,1,0,4,3,4,0,1,0,4,4,4,4,4,4,4,4,4,4,4,4,4,4,4,4,4,4,4,4,4,4,4,4,4,4,4,4,4,4,4,4,2,0,1,1,3,2,4,4,4,4,4,4,4,4,4,4,4,4,4,4,4,4,4,3,3,3,3,2,0,1,2,1,1,3,2,1,1,1,1,3,3,0,0,4,4,1,1,4,4,4,4,4,4,4,4,4,4,4,4,4,4,4,4,4,4,4,4,4,4,4,4,4,4,4,4,4,4,4,4,4,4,4,4,4,4,4,4,2,2,2,1,0,2,2,1,2,3,3,3,3,3,3,3,CP002487.1/4163193-4163400,0
725,2,3,0,2,0,3,2,1,3,1,0,3,1,1,1,0,1,4,3,3,4,0,3,3,0,3,2,0,1,0,2,1,3,3,2,2,1,1,0,3,3,0,0,4,4,2,2,1,3,0,0,3,3,3,0,4,4,4,4,4,4,4,4,4,4,4,4,4,4,4,4,4,4,4,4,4,4,4,4,4,4,4,4,4,4,2,1,4,3,3,1,0,3,0,0,0,1,1,1,0,4,2,2,2,0,3,2,0,1,2,1,4,0,2,0,4,2,1,1,2,0,3,4,4,3,3,3,0,2,0,2,4,4,3,2,1,1,3,4,0,4,3,3,2,3,1,1,0,4,3,2,3,0,0,4,1,1,2,0,3,2,4,3,3,2,0,2,4,3,0,0,4,3,4,2,3,4,4,4,4,4,4,4,4,4,4,4,4,4,4,4,4,4,4,4,4,4,4,4,4,4,4,4,4,4,4,4,4,4,4,4,4,4,4,4,4,4,4,4,4,4,4,4,4,4,4,4,4,4,4,4,4,4,4,4,4,4,4,4,4,1,0,3,1,0,4,4,1,0,3,0,1,4,1,2,2,2,1,0,3,0,0,1,2,3,3,2,0,4,4,4,4,4,4,4,4,4,4,4,4,4,4,4,4,4,4,4,4,4,2,3,2,0,2,2,1,0,4,1,3,2,4,0,3,0,3,4,4,3,2,3,3,2,3,1,3,4,0,4,3,1,4,4,4,4,4,4,4,4,4,4,4,4,4,4,4,4,4,4,4,4,4,4,4,4,4,4,4,4,4,4,4,4,4,2,0,1,1,3,2,0,0,4,4,4,4,4,4,4,4,4,4,4,4,0,0,3,3,3,3,0,2,0,1,0,1,3,3,2,1,1,1,3,3,3,3,4,4,4,4,4,4,4,4,4,4,4,4,4,4,4,4,4,4,4,4,4,4,4,4,4,4,4,4,4,4,4,4,4,4,4,4,4,4,4,4,4,4,4,4,4,1,2,2,1,0,0,2,3,2,3,3,3,3,3,3,3,ACNT01000005.1/595022-594800,0
726,2,3,4,4,4,2,2,1,3,1,0,3,3,1,0,1,1,4,2,0,4,1,3,3,0,3,2,3,1,0,2,1,1,1,1,3,3,1,2,4,4,4,4,4,4,4,4,4,4,2,2,0,1,2,3,4,4,4,4,4,4,4,4,4,4,4,4,4,4,4,4,4,4,4,4,4,4,4,4,4,4,4,4,4,4,2,1,4,3,0,1,0,3,0,0,0,0,3,0,1,4,4,2,0,0,3,2,0,1,2,1,4,4,4,4,4,0,1,0,0,4,4,4,4,4,4,1,0,0,2,2,4,4,3,2,1,1,3,4,2,4,1,1,2,3,1,1,0,4,4,0,1,3,3,4,1,3,2,0,3,0,4,3,1,0,2,1,4,2,3,0,4,4,4,4,2,1,3,4,4,4,4,4,4,4,0,4,4,4,4,4,4,4,4,4,4,4,4,4,4,4,4,4,4,4,4,4,4,4,4,4,4,4,4,4,4,4,4,4,4,4,4,4,4,4,4,4,4,4,4,4,4,4,4,4,4,4,4,4,4,3,0,3,1,0,4,4,0,1,1,0,3,4,1,2,2,2,1,2,0,0,0,1,2,3,1,2,0,4,4,4,4,4,4,4,4,4,4,4,4,4,4,4,4,4,4,4,4,4,2,3,3,0,2,2,1,0,4,1,1,2,4,1,1,3,3,4,4,4,0,3,3,4,4,4,4,4,4,4,4,4,4,4,4,4,4,4,4,4,4,4,4,4,4,4,4,4,4,4,4,4,4,4,4,4,4,4,4,4,4,4,4,4,4,4,4,4,1,1,0,4,4,4,4,4,4,4,4,4,4,4,4,4,4,4,4,4,3,0,0,1,0,0,0,2,1,1,2,2,2,4,4,3,0,0,3,4,4,4,4,3,4,4,4,4,4,4,4,4,4,4,4,4,4,4,4,4,4,4,4,4,4,4,4,4,4,4,4,4,4,4,4,4,4,4,4,4,4,4,4,4,4,4,1,1,1,2,2,1,3,3,3,2,3,3,2,3,ADUM01000115.1/499793-499609,0
727,2,1,0,2,3,2,2,1,3,1,0,3,3,1,0,1,1,4,2,0,4,1,3,3,0,3,2,3,1,0,2,1,1,1,1,3,3,1,2,4,4,4,4,4,4,4,4,4,4,2,2,0,1,2,3,4,4,4,4,4,4,4,4,4,4,4,4,4,4,4,4,4,4,4,4,4,4,4,4,4,4,4,4,4,4,2,1,4,3,0,1,0,3,0,0,0,0,3,3,1,4,4,2,0,0,3,2,0,1,2,1,4,0,1,0,4,0,1,4,4,4,4,4,4,4,4,4,0,0,2,2,4,4,3,2,1,1,3,4,2,4,1,1,2,3,1,1,0,4,4,0,1,3,3,4,1,3,2,0,3,0,4,3,1,0,2,1,4,2,3,0,4,4,4,4,2,1,3,4,4,4,4,4,4,4,0,4,4,4,4,4,4,4,4,4,4,4,4,4,4,4,4,4,4,4,4,4,4,4,4,4,4,4,4,4,4,4,4,4,4,4,4,4,4,4,4,4,4,4,4,4,4,4,4,4,4,4,4,4,4,3,0,3,1,0,4,4,0,1,1,0,3,4,1,2,2,2,1,2,0,0,0,1,2,3,1,2,0,4,4,4,4,4,4,4,4,4,4,4,4,4,4,4,4,4,4,4,4,4,2,3,3,0,2,2,1,0,4,1,1,2,4,1,1,3,3,4,4,4,0,3,3,4,4,4,4,4,4,4,4,4,4,4,4,4,4,4,4,4,4,4,4,4,4,4,4,4,4,4,4,4,4,4,4,4,4,4,4,4,4,4,4,4,4,4,4,4,1,1,0,4,4,4,4,4,4,4,4,4,4,4,4,4,4,4,4,4,3,0,0,1,0,0,0,2,1,1,2,2,2,4,4,3,0,0,3,4,4,4,4,3,4,4,4,4,4,4,4,4,4,4,4,4,4,4,4,4,4,4,4,4,4,4,4,4,4,4,4,4,4,4,4,4,4,4,4,4,4,4,4,4,4,4,1,1,1,2,2,1,3,3,3,2,3,3,2,3,ADBT01000093.1/296-483,0
728,2,3,4,4,4,2,2,1,3,1,0,3,3,1,0,1,1,4,3,3,4,1,3,3,0,3,2,3,1,0,2,1,1,1,1,3,3,1,2,4,4,4,4,4,4,4,4,4,4,2,2,0,1,2,1,4,4,4,4,4,4,4,4,4,4,4,4,4,4,4,4,4,4,4,4,4,4,4,4,4,4,4,4,4,4,2,1,4,3,0,1,0,3,0,0,0,1,3,3,1,4,4,2,0,0,3,2,0,1,2,1,4,4,4,4,4,0,1,0,0,0,1,4,4,4,4,4,4,0,2,2,4,4,3,2,1,1,3,4,2,4,1,1,2,3,1,1,0,4,4,0,1,3,1,4,1,3,2,0,3,0,4,0,1,0,2,4,4,4,1,3,4,3,4,2,2,1,3,4,4,4,4,4,4,4,3,4,4,4,4,4,4,4,4,4,4,4,4,4,4,4,4,4,4,4,4,4,4,4,4,4,4,4,4,4,4,4,4,4,4,4,4,4,4,4,4,4,4,4,4,4,4,4,4,4,4,4,4,4,4,3,0,3,1,0,4,4,2,0,1,0,3,4,1,2,2,2,1,2,0,0,0,1,2,3,1,2,0,4,4,4,4,4,4,4,4,4,4,4,4,4,4,4,4,4,4,4,4,4,2,3,0,0,2,2,1,0,4,1,1,2,4,1,1,3,1,4,4,0,3,3,1,4,4,4,4,4,4,4,4,4,4,4,4,4,4,4,4,4,4,4,4,4,4,4,4,4,4,4,4,4,4,4,4,4,4,4,4,4,4,4,4,4,4,4,4,4,1,3,2,4,4,4,4,4,4,4,4,4,4,4,4,4,4,4,4,4,4,0,0,1,0,0,0,2,1,1,0,2,2,1,1,3,3,2,4,4,4,4,4,4,4,4,4,4,4,4,4,4,4,4,4,4,4,4,4,4,4,4,4,4,4,4,4,4,4,4,4,4,4,4,4,4,4,4,4,4,4,4,4,4,1,2,1,1,3,2,2,1,3,3,3,2,3,3,2,3,CP002910.1/3679038-3678852,0
729,2,1,0,2,3,2,2,1,3,1,0,3,3,1,0,1,1,4,2,0,4,1,3,3,0,3,2,3,1,0,2,1,1,1,1,3,3,1,2,4,4,4,4,4,4,4,4,4,4,2,2,0,1,2,3,4,4,4,4,4,4,4,4,4,4,4,4,4,4,4,4,4,4,4,4,4,4,4,4,4,4,4,4,4,4,2,1,4,3,0,1,0,3,0,0,0,0,3,3,1,4,4,2,0,0,3,2,0,1,2,1,4,0,1,0,4,0,1,4,4,4,4,4,4,4,4,4,0,0,2,2,4,4,3,2,1,1,3,4,2,4,1,1,2,3,1,1,0,4,4,0,1,3,3,4,1,3,2,0,3,0,4,3,1,0,2,1,4,2,3,0,4,4,4,4,2,1,3,4,4,4,4,4,4,4,0,4,4,4,4,4,4,4,4,4,4,4,4,4,4,4,4,4,4,4,4,4,4,4,4,4,4,4,4,4,4,4,4,4,4,4,4,4,4,4,4,4,4,4,4,4,4,4,4,4,4,4,4,4,4,3,0,3,1,0,4,4,0,1,1,0,3,4,1,2,2,2,1,2,0,0,0,1,2,3,1,2,0,4,4,4,4,4,4,4,4,4,4,4,4,4,4,4,4,4,4,4,4,4,2,3,3,0,2,2,1,0,4,1,1,2,4,1,1,3,3,4,4,4,0,3,3,4,4,4,4,4,4,4,4,4,4,4,4,4,4,4,4,4,4,4,4,4,4,4,4,4,4,4,4,4,4,4,4,4,4,4,4,4,4,4,4,4,4,4,4,4,1,1,0,4,4,4,4,4,4,4,4,4,4,4,4,4,4,4,4,4,3,0,0,1,0,0,0,2,1,1,2,2,2,4,4,3,0,0,3,4,4,4,4,3,4,4,4,4,4,4,4,4,4,4,4,4,4,4,4,4,4,4,4,4,4,4,4,4,4,4,4,4,4,4,4,4,4,4,4,4,4,4,4,4,4,4,1,1,1,2,2,1,3,3,3,2,3,3,2,3,AEZJ01000069.1/410452-410265,0
730,2,3,4,4,4,2,2,1,3,1,0,3,3,1,0,1,1,4,2,0,4,1,3,3,0,3,2,3,1,0,2,1,1,1,1,3,3,1,2,4,4,4,4,4,4,4,4,4,4,2,2,0,1,2,3,4,4,4,4,4,4,4,4,4,4,4,4,4,4,4,4,4,4,4,4,4,4,4,4,4,4,4,4,4,4,2,1,4,3,0,1,0,3,0,0,0,0,3,3,1,4,4,2,0,0,3,2,0,1,2,1,4,4,4,4,4,0,1,0,0,4,4,4,4,4,4,1,0,0,2,2,4,4,3,2,1,1,3,4,2,4,1,1,2,3,1,1,0,4,4,0,1,3,3,4,1,3,2,0,3,0,4,3,1,0,2,1,4,2,3,0,4,4,4,4,2,1,3,4,4,4,4,4,4,4,0,4,4,4,4,4,4,4,4,4,4,4,4,4,4,4,4,4,4,4,4,4,4,4,4,4,4,4,4,4,4,4,4,4,4,4,4,4,4,4,4,4,4,4,4,4,4,4,4,4,4,4,4,4,4,3,0,3,1,0,4,4,0,1,1,0,3,4,1,2,2,2,1,2,0,0,0,1,2,3,1,2,0,4,4,4,4,4,4,4,4,4,4,4,4,4,4,4,4,4,4,4,4,4,2,3,3,0,2,2,1,0,4,1,1,2,4,1,1,3,3,4,4,4,0,3,3,4,4,4,4,4,4,4,4,4,4,4,4,4,4,4,4,4,4,4,4,4,4,4,4,4,4,4,4,4,4,4,4,4,4,4,4,4,4,4,4,4,4,4,4,4,1,1,0,4,4,4,4,4,4,4,4,4,4,4,4,4,4,4,4,4,3,0,0,1,0,0,0,2,1,1,2,2,2,4,4,3,0,0,3,4,4,4,4,3,4,4,4,4,4,4,4,4,4,4,4,4,4,4,4,4,4,4,4,4,4,4,4,4,4,4,4,4,4,4,4,4,4,4,4,4,4,4,4,4,4,4,1,1,1,2,2,1,3,3,3,2,3,3,2,3,ABHR01000031.1/29598-29782,0
731,2,3,4,4,4,2,2,1,3,1,0,3,3,1,0,1,1,4,3,3,4,1,3,3,0,3,2,3,1,0,2,1,1,1,1,3,3,0,2,4,4,4,4,4,4,4,4,4,4,2,2,0,1,2,1,4,4,4,4,4,4,4,4,4,4,4,4,4,4,4,4,4,4,4,4,4,4,4,4,4,4,4,4,4,4,2,1,4,3,0,1,0,3,0,0,0,1,3,3,1,4,4,2,0,0,3,2,0,1,2,1,4,4,4,4,4,0,1,0,0,4,4,4,4,4,4,1,0,0,2,2,4,4,3,2,1,1,3,4,2,4,1,1,2,3,1,1,0,4,4,0,1,3,3,4,1,3,2,0,3,0,4,0,3,0,2,1,4,2,3,4,4,4,4,0,2,1,3,4,4,4,4,4,4,4,3,4,4,4,4,4,4,4,4,4,4,4,4,4,4,4,4,4,4,4,4,4,4,4,4,4,4,4,4,4,4,4,4,4,4,4,4,4,4,4,4,4,4,4,4,4,4,4,4,4,4,4,4,4,4,3,0,3,1,0,4,4,0,1,1,3,1,4,1,2,2,2,1,2,0,0,0,1,2,3,1,2,0,4,4,4,4,4,4,4,4,4,4,4,4,4,4,4,4,4,4,4,4,4,2,3,3,0,2,2,1,0,4,1,1,2,4,1,1,3,3,4,4,4,0,3,3,4,4,4,4,4,4,4,4,4,4,4,4,4,4,4,4,4,4,4,4,4,4,4,4,4,4,4,4,4,4,4,4,4,4,4,4,4,4,4,4,4,4,4,4,4,1,1,0,4,4,4,4,4,4,4,4,4,4,4,4,4,4,4,4,4,3,0,0,1,0,0,0,2,1,1,2,2,2,3,3,3,4,4,4,4,4,4,4,4,4,4,4,4,4,4,4,4,4,4,4,4,4,4,4,4,4,4,4,4,4,4,4,4,4,4,4,4,4,4,4,4,4,4,4,4,4,4,4,4,0,2,1,1,1,2,2,1,3,3,3,2,3,3,2,3,AETK01000027.1/40319-40503,0
732,2,1,0,2,3,2,2,1,3,1,0,3,3,1,0,1,1,4,2,0,4,1,3,3,0,3,2,3,1,0,2,1,1,1,1,3,3,1,2,4,4,4,4,4,4,4,4,4,4,2,2,0,1,2,3,4,4,4,4,4,4,4,4,4,4,4,4,4,4,4,4,4,4,4,4,4,4,4,4,4,4,4,4,4,4,2,1,4,3,0,1,0,3,0,0,0,0,3,3,1,4,4,2,0,0,3,2,0,1,2,1,4,0,1,0,4,0,1,4,4,4,4,4,4,4,4,4,0,0,2,2,4,4,3,2,1,1,3,4,2,4,1,1,2,3,1,1,0,4,4,0,1,3,3,4,1,3,2,0,3,0,4,3,1,0,2,1,4,2,3,0,4,4,4,4,2,1,3,4,4,4,4,4,4,4,0,4,4,4,4,4,4,4,4,4,4,4,4,4,4,4,4,4,4,4,4,4,4,4,4,4,4,4,4,4,4,4,4,4,4,4,4,4,4,4,4,4,4,4,4,4,4,4,4,4,4,4,4,4,4,3,0,3,1,0,4,4,0,1,1,0,3,4,1,2,2,2,1,2,0,0,0,1,2,3,1,2,0,4,4,4,4,4,4,4,4,4,4,4,4,4,4,4,4,4,4,4,4,4,2,3,3,0,2,2,1,0,4,1,1,2,4,1,1,3,3,4,4,4,0,3,3,4,4,4,4,4,4,4,4,4,4,4,4,4,4,4,4,4,4,4,4,4,4,4,4,4,4,4,4,4,4,4,4,4,4,4,4,4,4,4,4,4,4,4,4,4,1,1,0,4,4,4,4,4,4,4,4,4,4,4,4,4,4,4,4,4,3,0,0,1,0,0,0,2,1,1,2,2,2,4,4,3,0,0,3,4,4,4,4,3,4,4,4,4,4,4,4,4,4,4,4,4,4,4,4,4,4,4,4,4,4,4,4,4,4,4,4,4,4,4,4,4,4,4,4,4,4,4,4,4,4,4,1,1,1,2,2,1,3,3,3,2,3,3,2,3,AELE01000033.1/12292-12105,0
733,2,3,0,2,0,3,2,1,3,1,0,3,3,1,1,0,3,4,1,3,4,1,3,3,0,3,2,3,3,1,2,1,1,3,3,0,4,4,4,4,4,4,4,4,4,4,4,4,4,4,4,4,4,2,3,4,4,4,4,4,4,4,4,4,4,4,4,4,4,4,4,4,4,4,4,4,4,4,4,4,4,4,4,4,4,2,1,4,1,3,1,0,3,0,0,0,1,3,1,0,4,2,2,0,0,3,2,0,3,2,1,4,0,2,0,4,2,1,1,2,3,3,4,4,4,4,3,0,1,2,2,4,4,3,2,1,3,3,4,0,4,3,1,2,3,1,1,0,4,4,1,0,2,0,4,1,0,2,0,3,2,4,3,1,2,1,4,4,4,3,3,4,0,4,1,2,1,1,4,4,4,4,4,4,4,3,4,4,4,4,4,4,4,4,4,4,4,4,4,4,4,4,4,4,4,4,4,4,4,4,4,4,4,4,4,4,4,4,4,4,4,4,4,4,4,4,4,4,4,4,4,4,4,4,4,4,4,4,4,4,1,0,3,1,0,0,0,1,0,1,1,0,4,3,2,2,0,1,0,3,0,0,1,2,3,3,2,0,4,4,4,4,4,4,4,4,4,4,4,4,4,4,4,4,4,4,4,4,4,2,3,2,0,0,2,1,0,4,1,1,1,4,0,3,3,3,4,0,3,2,3,3,2,3,1,0,4,3,4,0,1,0,4,4,4,4,4,4,4,4,4,4,4,4,4,4,4,4,4,4,4,4,4,4,4,4,4,4,4,4,4,4,4,4,2,0,1,1,3,2,4,4,4,4,4,4,4,4,4,4,4,4,4,4,4,4,4,3,3,3,3,2,0,1,2,1,1,3,2,1,3,1,0,3,3,3,4,4,4,4,4,4,4,4,4,4,4,4,4,4,4,4,4,4,4,4,4,4,4,4,4,4,4,4,4,4,4,4,4,4,4,4,4,4,4,4,4,4,4,4,4,2,0,2,1,0,2,2,1,2,3,3,3,3,3,3,3,CP000822.1/136745-136949,0
734,2,3,0,2,0,3,2,1,3,1,0,3,3,1,1,0,3,4,1,3,4,1,3,3,0,3,2,3,3,1,2,1,1,3,3,0,4,4,4,4,4,4,4,4,4,4,4,4,4,4,4,4,4,2,3,4,4,4,4,4,4,4,4,4,4,4,4,4,4,4,4,4,4,4,4,4,4,4,4,4,4,4,4,4,4,2,1,4,1,3,1,0,3,0,0,0,1,3,1,1,4,2,2,0,0,3,2,0,1,2,1,4,0,2,0,4,2,1,1,2,3,3,4,4,4,4,3,0,1,2,2,4,4,3,2,1,3,3,4,0,4,3,1,2,3,1,1,0,4,4,1,3,2,0,4,1,0,2,0,3,2,4,3,1,2,1,4,4,4,3,3,4,0,4,3,2,1,1,4,4,4,4,4,4,4,3,4,4,4,4,4,4,4,4,4,4,4,4,4,4,4,4,4,4,4,4,4,4,4,4,4,4,4,4,4,4,4,4,4,4,4,4,4,4,4,4,4,4,4,4,4,4,4,4,4,4,4,4,4,4,1,0,3,1,0,2,0,1,0,1,1,0,4,3,2,2,0,1,0,1,0,0,1,2,3,3,2,0,4,4,4,4,4,4,4,4,4,4,4,4,4,4,4,4,4,4,4,4,4,2,3,2,0,0,2,1,0,4,1,1,4,4,1,0,1,3,4,4,3,2,3,3,2,3,1,0,4,3,4,0,1,0,4,4,4,4,4,4,4,4,4,4,4,4,4,4,4,4,4,4,4,4,4,4,4,4,4,4,4,4,4,4,4,4,2,0,1,1,3,2,4,4,4,4,4,4,4,4,4,4,4,4,4,4,4,4,4,3,3,3,3,0,0,1,2,1,1,3,2,1,3,1,1,2,3,0,0,4,3,0,0,4,4,4,4,4,4,4,4,4,4,4,4,4,4,4,4,4,4,4,4,4,4,4,4,4,4,4,4,4,4,4,4,4,4,4,4,4,4,4,4,2,0,2,1,0,2,2,1,2,3,3,3,3,3,3,3,AGSG01000233.1/36174-35968,0
735,2,3,0,2,0,3,2,1,3,1,0,3,3,1,1,0,3,4,1,3,4,1,3,3,0,3,2,3,3,1,2,1,1,3,3,0,4,4,4,4,4,4,4,4,4,4,4,4,4,4,4,4,4,2,3,4,4,4,4,4,4,4,4,4,4,4,4,4,4,4,4,4,4,4,4,4,4,4,4,4,4,4,4,4,4,2,1,4,1,3,1,0,3,0,0,0,1,3,1,1,4,2,2,0,0,3,2,0,1,2,1,4,0,2,0,4,2,1,1,2,3,3,4,4,4,4,3,0,1,2,2,4,4,3,2,1,3,3,4,0,4,3,1,2,3,1,1,0,4,4,1,3,2,0,4,1,0,2,0,3,2,4,3,1,2,1,4,4,4,3,3,4,0,4,3,2,1,1,4,4,4,4,4,4,4,3,4,4,4,4,4,4,4,4,4,4,4,4,4,4,4,4,4,4,4,4,4,4,4,4,4,4,4,4,4,4,4,4,4,4,4,4,4,4,4,4,4,4,4,4,4,4,4,4,4,4,4,4,4,4,1,0,3,1,0,2,0,1,0,1,1,0,4,3,2,2,0,1,0,1,0,0,1,2,3,3,2,0,4,4,4,4,4,4,4,4,4,4,4,4,4,4,4,4,4,4,4,4,4,2,3,2,0,0,2,1,0,4,1,1,4,4,1,0,1,3,4,4,3,2,3,3,2,3,1,0,4,3,4,0,1,0,4,4,4,4,4,4,4,4,4,4,4,4,4,4,4,4,4,4,4,4,4,4,4,4,4,4,4,4,4,4,4,4,2,0,1,1,3,2,4,4,4,4,4,4,4,4,4,4,4,4,4,4,4,4,4,3,3,3,3,0,0,1,2,1,1,3,2,1,3,1,1,2,3,0,0,4,3,0,0,4,4,4,4,4,4,4,4,4,4,4,4,4,4,4,4,4,4,4,4,4,4,4,4,4,4,4,4,4,4,4,4,4,4,4,4,4,4,4,4,2,0,2,1,0,2,2,1,2,3,3,3,3,3,3,3,AFDR01000028.1/45264-45470,0
736,2,3,0,2,0,3,2,1,3,1,0,3,3,1,1,0,3,4,1,3,4,1,3,3,0,3,2,3,3,1,2,1,1,3,3,0,4,4,4,4,4,4,4,4,4,4,4,4,4,4,4,4,4,2,3,4,4,4,4,4,4,4,4,4,4,4,4,4,4,4,4,4,4,4,4,4,4,4,4,4,4,4,4,4,4,2,1,4,1,3,1,0,3,0,0,0,1,3,1,1,4,2,2,0,0,3,2,0,1,2,1,4,0,2,0,4,2,1,1,2,3,3,4,4,4,4,3,0,1,2,2,4,4,3,2,1,3,3,4,0,4,3,1,2,3,1,1,0,4,4,1,3,2,0,4,1,0,2,0,3,2,4,3,1,2,1,4,4,4,3,3,4,0,4,3,2,1,1,4,4,4,4,4,4,4,3,4,4,4,4,4,4,4,4,4,4,4,4,4,4,4,4,4,4,4,4,4,4,4,4,4,4,4,4,4,4,4,4,4,4,4,4,4,4,4,4,4,4,4,4,4,4,4,4,4,4,4,4,4,4,1,0,3,1,0,2,0,1,0,1,1,0,4,3,2,2,0,1,0,1,0,0,1,2,3,3,2,0,4,4,4,4,4,4,4,4,4,4,4,4,4,4,4,4,4,4,4,4,4,2,3,2,0,0,2,1,0,4,1,1,4,4,1,0,1,3,4,4,3,2,3,3,2,3,1,0,4,3,4,0,1,0,4,4,4,4,4,4,4,4,4,4,4,4,4,4,4,4,4,4,4,4,4,4,4,4,4,4,4,4,4,4,4,4,2,0,1,1,3,2,4,4,4,4,4,4,4,4,4,4,4,4,4,4,4,4,4,3,3,3,3,0,0,1,2,1,1,3,2,1,3,1,1,2,3,0,0,4,3,0,0,4,4,4,4,4,4,4,4,4,4,4,4,4,4,4,4,4,4,4,4,4,4,4,4,4,4,4,4,4,4,4,4,4,4,4,4,4,4,4,4,2,0,2,1,0,2,2,1,2,3,3,3,3,3,3,3,AFOB02000113.1/40865-41071,0
737,2,3,0,2,0,3,2,1,3,1,0,3,3,1,1,0,1,4,3,1,4,1,3,3,0,3,2,0,1,0,2,1,0,3,0,3,4,4,4,4,4,4,4,4,4,4,4,4,4,4,4,4,4,4,2,4,4,4,4,4,4,4,4,4,4,4,4,4,4,4,4,4,4,4,4,4,4,4,4,4,4,4,4,4,4,0,1,4,3,3,1,0,3,0,0,0,1,1,3,0,4,2,2,0,0,3,2,0,3,2,1,4,0,2,0,4,2,1,1,2,0,3,4,4,3,0,3,3,1,2,2,4,4,3,2,1,1,3,4,0,4,4,1,2,3,1,1,0,4,1,2,3,3,0,4,0,1,2,0,3,2,4,0,0,1,0,4,4,4,4,4,4,4,4,3,1,0,3,4,4,4,4,4,4,4,3,4,4,4,4,4,4,4,4,4,4,4,4,4,4,4,4,4,4,4,4,4,4,4,4,4,4,4,4,4,4,4,4,4,4,4,4,4,4,4,4,4,4,4,4,4,4,4,4,4,4,4,4,4,4,1,0,3,1,0,4,4,3,1,0,0,1,4,0,2,2,0,1,2,0,0,0,1,2,3,3,2,0,4,4,4,4,4,4,4,4,4,4,4,4,4,4,4,4,4,4,4,4,4,2,3,2,0,2,2,1,0,4,1,1,4,4,0,3,1,1,4,4,4,4,4,4,2,3,1,3,4,2,4,3,4,0,4,4,4,4,4,4,4,4,4,4,4,4,4,4,4,4,4,4,4,4,4,4,4,4,4,4,4,4,4,4,4,4,2,0,1,1,3,2,0,3,3,2,4,4,4,4,4,4,4,4,4,3,0,3,0,3,3,3,0,3,2,1,2,1,1,3,2,3,0,3,0,2,3,3,4,4,4,3,3,4,4,4,4,4,4,4,4,4,4,4,4,4,4,4,4,4,4,4,4,4,4,4,4,4,4,4,4,4,4,4,4,4,4,4,4,4,4,4,4,0,3,0,1,0,2,2,1,2,3,3,3,3,3,3,3,ABVP01000019.1/54054-53851,0
738,2,3,4,4,4,2,2,1,3,1,0,3,3,1,0,1,1,4,3,3,4,1,3,3,0,3,2,3,1,0,2,1,1,1,1,3,3,0,2,4,4,4,4,4,4,4,4,4,4,2,2,0,1,2,1,4,4,4,4,4,4,4,4,4,4,4,4,4,4,4,4,4,4,4,4,4,4,4,4,4,4,4,4,4,4,2,1,4,3,0,1,0,3,0,0,0,1,3,3,1,4,4,2,0,0,3,2,0,1,2,1,4,4,4,4,4,0,1,0,0,4,4,4,4,4,4,1,0,0,2,2,4,4,3,2,1,1,3,4,2,4,1,1,2,3,1,1,0,4,4,0,1,3,3,4,1,3,2,0,3,0,4,0,3,0,2,1,4,2,3,4,4,4,4,0,2,1,3,4,4,4,4,4,4,4,3,4,4,4,4,4,4,4,4,4,4,4,4,4,4,4,4,4,4,4,4,4,4,4,4,4,4,4,4,4,4,4,4,4,4,4,4,4,4,4,4,4,4,4,4,4,4,4,4,4,4,4,4,4,4,3,0,3,1,0,4,4,0,1,1,3,1,4,1,2,2,2,1,2,0,0,0,1,2,3,1,2,0,4,4,4,4,4,4,4,4,4,4,4,4,4,4,4,4,4,4,4,4,4,2,3,3,0,2,2,1,0,4,1,1,2,4,1,1,3,3,4,4,4,0,3,3,4,4,4,4,4,4,4,4,4,4,4,4,4,4,4,4,4,4,4,4,4,4,4,4,4,4,4,4,4,4,4,4,4,4,4,4,4,4,4,4,4,4,4,4,4,1,1,0,4,4,4,4,4,4,4,4,4,4,4,4,4,4,4,4,4,3,0,0,1,0,0,0,2,1,1,2,2,2,3,3,3,4,4,4,4,4,4,4,4,4,4,4,4,4,4,4,4,4,4,4,4,4,4,4,4,4,4,4,4,4,4,4,4,4,4,4,4,4,4,4,4,4,4,4,4,4,4,4,4,0,2,1,1,1,2,2,1,3,3,3,2,3,3,2,3,AETV01000008.1/40319-40503,0
739,0,1,0,2,3,3,2,1,3,1,0,3,3,1,0,1,1,4,3,3,4,3,3,3,0,3,2,0,3,0,2,1,1,1,1,2,4,4,4,4,4,4,4,4,4,4,4,4,4,4,4,4,4,4,4,1,0,0,3,3,0,0,2,1,4,4,4,4,4,4,4,4,4,4,4,4,2,2,0,3,2,0,3,2,1,2,1,4,3,3,1,0,3,0,0,2,1,1,3,1,4,1,2,0,0,3,2,0,3,2,1,4,1,3,0,4,4,4,0,2,0,1,4,4,4,4,4,4,3,2,2,4,4,3,2,1,1,3,4,0,4,3,1,2,3,1,1,0,1,1,3,0,0,0,4,1,1,2,0,1,0,4,3,3,2,3,2,4,3,2,0,4,0,4,0,2,1,0,1,4,4,4,4,4,0,3,4,4,4,4,4,4,4,4,4,4,4,4,4,4,4,4,4,4,4,4,4,4,4,4,4,4,4,4,4,4,4,4,4,4,4,4,4,4,4,4,4,4,4,4,4,4,4,4,4,4,4,4,4,4,3,0,3,1,0,4,4,0,0,1,0,3,4,1,2,2,0,1,2,0,1,0,1,2,3,3,2,0,4,4,4,4,4,4,4,4,4,4,4,4,4,4,4,4,4,4,4,4,4,2,3,2,0,2,2,1,0,4,1,1,2,4,1,1,3,0,4,4,3,2,3,1,4,4,4,4,4,4,4,4,4,4,4,4,4,4,4,4,4,4,4,4,4,4,4,4,4,4,4,4,4,4,4,4,4,4,4,4,4,4,4,4,4,4,4,4,4,1,3,2,4,4,4,4,4,4,4,4,4,4,4,4,4,4,4,4,4,1,3,2,3,2,0,3,2,0,0,3,4,4,4,4,4,4,4,4,4,4,4,4,4,4,4,4,4,4,4,4,4,4,4,4,4,4,4,4,4,4,4,4,4,4,4,4,4,4,4,4,4,4,4,4,4,4,4,4,4,4,4,4,3,4,4,4,4,0,3,3,1,0,3,1,0,0,3,3,3,AAYR01000001.1/1122048-1122245,0
740,4,4,4,4,4,4,4,4,4,4,4,4,4,4,4,4,4,4,4,4,4,4,4,4,4,4,4,4,4,4,4,4,4,4,4,4,4,4,4,4,4,4,4,4,4,4,4,4,4,4,4,4,4,4,4,4,4,4,4,4,4,4,4,4,4,4,4,4,4,4,4,4,4,4,4,4,4,4,4,4,4,4,4,4,4,4,4,4,4,4,4,4,4,4,4,4,4,4,4,4,4,4,4,4,4,4,4,4,4,4,4,4,4,4,4,4,4,4,4,4,4,4,4,4,4,4,4,4,4,2,2,4,4,3,2,1,1,3,4,0,4,3,1,2,3,1,1,0,0,1,1,0,0,0,4,1,1,2,0,3,0,4,0,1,0,2,0,4,1,4,4,4,4,4,4,4,4,4,4,4,4,4,4,4,4,4,1,2,3,2,1,0,0,4,4,4,4,4,4,4,4,4,4,4,4,4,4,4,4,4,4,4,4,4,4,4,4,4,4,4,4,4,4,4,4,4,4,4,4,4,4,4,4,2,1,2,2,1,3,3,3,0,3,1,0,0,2,4,4,1,0,3,4,1,2,2,2,1,2,0,1,0,1,2,3,2,2,0,4,4,4,4,4,4,4,4,4,4,4,4,4,4,4,4,4,4,4,4,4,2,3,2,0,2,2,1,0,4,1,1,4,4,4,4,4,4,4,4,4,4,4,4,4,4,4,4,4,4,4,4,4,4,4,4,4,4,4,4,4,4,4,4,4,4,4,4,4,4,4,4,4,4,4,4,4,4,4,4,4,4,4,4,4,4,4,4,4,4,4,4,4,4,4,4,4,4,4,4,4,4,4,4,4,4,4,4,4,4,4,4,4,4,4,4,4,4,4,4,4,4,4,4,4,4,4,4,4,4,4,4,4,4,4,4,4,4,4,4,4,4,4,4,4,4,4,4,4,4,4,4,4,4,4,4,4,4,4,4,4,4,4,4,4,4,4,4,4,4,4,4,4,4,4,4,4,4,4,4,4,4,4,4,4,4,4,4,4,AEQT01000896.1/600018-599937,0
741,2,3,0,2,0,3,2,1,3,1,0,3,3,1,1,0,3,4,1,3,4,1,3,3,0,3,2,3,3,1,2,1,1,3,3,1,4,4,4,4,4,4,4,4,4,4,4,4,4,4,4,4,4,3,2,4,4,4,4,4,4,4,4,4,4,4,4,4,4,4,4,4,4,4,4,4,4,4,4,4,4,4,4,4,4,2,1,4,1,3,1,0,3,0,0,0,1,3,1,0,4,2,2,0,0,3,2,0,3,2,1,4,0,2,0,4,2,1,1,2,3,3,4,4,4,4,3,0,1,2,2,4,4,3,2,1,3,3,4,0,4,3,1,2,3,1,1,0,4,4,1,3,2,0,4,1,0,2,0,3,2,4,3,1,2,1,4,4,4,3,3,4,0,4,1,2,1,1,4,4,4,4,4,4,4,3,4,4,4,4,4,4,4,4,4,4,4,4,4,4,4,4,4,4,4,4,4,4,4,4,4,4,4,4,4,4,4,4,4,4,4,4,4,4,4,4,4,4,4,4,4,4,4,4,4,4,4,4,4,4,1,0,3,1,0,0,0,1,0,1,1,1,4,3,2,2,0,1,0,1,0,0,1,2,3,3,2,0,4,4,4,4,4,4,4,4,4,4,4,4,4,4,4,4,4,4,4,4,4,2,3,2,0,0,2,1,0,4,1,1,1,4,1,3,3,3,4,0,3,2,3,3,2,3,1,0,4,3,4,0,1,0,4,4,4,4,4,4,4,4,4,4,4,4,4,4,4,4,4,4,4,4,4,4,4,4,4,4,4,4,4,4,4,4,2,0,1,1,3,2,4,4,4,4,4,4,4,4,4,4,4,4,4,4,4,4,4,3,3,3,3,2,0,1,2,1,1,3,2,1,1,1,1,3,3,0,0,4,4,1,1,4,4,4,4,4,4,4,4,4,4,4,4,4,4,4,4,4,4,4,4,4,4,4,4,4,4,4,4,4,4,4,4,4,4,4,4,4,4,4,4,2,2,2,1,0,2,2,1,2,3,3,3,3,3,3,3,AETS01000080.1/39697-39904,0
742,2,3,0,2,0,3,2,1,3,1,0,3,3,1,1,0,3,4,1,3,4,1,3,3,0,3,2,3,3,1,2,1,1,3,3,0,4,4,4,4,4,4,4,4,4,4,4,4,4,4,4,4,4,2,3,4,4,4,4,4,4,4,4,4,4,4,4,4,4,4,4,4,4,4,4,4,4,4,4,4,4,4,4,4,4,2,1,4,1,3,1,0,3,0,0,0,1,3,1,1,4,2,2,0,0,3,2,0,1,2,1,4,0,2,0,4,2,1,1,2,3,3,4,4,4,4,3,0,1,2,2,4,4,3,2,1,3,3,4,0,4,3,1,2,3,1,1,0,4,4,1,3,2,0,4,1,0,2,0,3,2,4,3,1,2,1,4,4,4,3,3,4,0,4,3,2,1,1,4,4,4,4,4,4,4,3,4,4,4,4,4,4,4,4,4,4,4,4,4,4,4,4,4,4,4,4,4,4,4,4,4,4,4,4,4,4,4,4,4,4,4,4,4,4,4,4,4,4,4,4,4,4,4,4,4,4,4,4,4,4,1,0,3,1,0,2,0,1,0,1,1,0,4,3,2,2,0,1,0,1,0,0,1,2,3,3,2,0,4,4,4,4,4,4,4,4,4,4,4,4,4,4,4,4,4,4,4,4,4,2,3,2,0,0,2,1,0,4,1,1,4,4,1,0,1,3,4,4,3,2,3,3,2,3,1,0,4,3,4,0,1,0,4,4,4,4,4,4,4,4,4,4,4,4,4,4,4,4,4,4,4,4,4,4,4,4,4,4,4,4,4,4,4,4,2,0,1,1,3,2,4,4,4,4,4,4,4,4,4,4,4,4,4,4,4,4,4,3,3,3,3,0,0,1,2,1,1,3,2,1,3,1,1,2,3,0,0,4,3,0,0,4,4,4,4,4,4,4,4,4,4,4,4,4,4,4,4,4,4,4,4,4,4,4,4,4,4,4,4,4,4,4,4,4,4,4,4,4,4,4,4,2,0,2,1,0,2,2,1,2,3,3,3,3,3,3,3,AAJT02000010.1/38848-39054,0
743,2,3,0,2,0,3,2,1,3,1,0,3,3,1,1,0,3,4,1,3,4,1,3,3,0,3,2,3,3,1,2,1,1,3,3,0,4,4,4,4,4,4,4,4,4,4,4,4,4,4,4,4,4,2,3,4,4,4,4,4,4,4,4,4,4,4,4,4,4,4,4,4,4,4,4,4,4,4,4,4,4,4,4,4,4,2,1,4,1,3,1,0,3,0,0,0,1,3,1,1,4,2,2,0,0,3,2,0,1,2,1,4,0,2,0,4,2,1,1,2,3,3,4,4,4,4,3,0,1,2,2,4,4,3,2,1,3,3,4,0,4,3,1,2,3,1,1,0,4,4,1,3,2,0,4,1,0,2,0,3,2,4,3,1,2,1,4,4,4,3,3,4,0,4,3,2,1,1,4,4,4,4,4,4,4,3,4,4,4,4,4,4,4,4,4,4,4,4,4,4,4,4,4,4,4,4,4,4,4,4,4,4,4,4,4,4,4,4,4,4,4,4,4,4,4,4,4,4,4,4,4,4,4,4,4,4,4,4,4,4,1,0,3,1,0,2,0,1,0,1,1,0,4,3,2,2,0,1,0,1,0,0,1,2,3,3,2,0,4,4,4,4,4,4,4,4,4,4,4,4,4,4,4,4,4,4,4,4,4,2,3,2,0,0,2,1,0,4,1,1,4,4,1,0,1,3,4,4,3,2,3,3,2,3,1,0,4,3,4,0,1,0,4,4,4,4,4,4,4,4,4,4,4,4,4,4,4,4,4,4,4,4,4,4,4,4,4,4,4,4,4,4,4,4,2,0,1,1,3,2,4,4,4,4,4,4,4,4,4,4,4,4,4,4,4,4,4,3,3,3,3,0,0,1,2,1,1,3,2,1,3,1,1,2,3,0,0,4,3,0,0,4,4,4,4,4,4,4,4,4,4,4,4,4,4,4,4,4,4,4,4,4,4,4,4,4,4,4,4,4,4,4,4,4,4,4,4,4,4,4,4,2,0,2,1,0,2,2,1,2,3,3,3,3,3,3,3,AEHU01000069.1/40064-40270,0
744,2,3,0,2,0,3,2,1,3,1,0,3,3,1,1,0,3,4,1,3,4,1,3,3,0,3,2,3,3,1,2,1,1,3,3,0,4,4,4,4,4,4,4,4,4,4,4,4,4,4,4,4,4,2,3,4,4,4,4,4,4,4,4,4,4,4,4,4,4,4,4,4,4,4,4,4,4,4,4,4,4,4,4,4,4,2,1,4,1,3,1,0,3,0,0,0,1,3,1,1,4,2,2,0,0,3,2,0,1,2,1,4,0,2,0,4,2,1,1,2,3,3,4,4,4,4,3,0,1,2,2,4,4,3,2,1,3,3,4,0,4,3,1,2,3,1,1,0,4,4,1,3,2,0,4,1,0,2,0,3,2,4,3,1,2,1,4,4,4,3,3,4,0,4,3,2,1,1,4,4,4,4,4,4,4,3,4,4,4,4,4,4,4,4,4,4,4,4,4,4,4,4,4,4,4,4,4,4,4,4,4,4,4,4,4,4,4,4,4,4,4,4,4,4,4,4,4,4,4,4,4,4,4,4,4,4,4,4,4,4,1,0,3,1,0,2,0,1,0,1,1,0,4,3,2,2,0,1,0,1,0,0,1,2,3,3,2,0,4,4,4,4,4,4,4,4,4,4,4,4,4,4,4,4,4,4,4,4,4,2,3,2,0,0,2,1,0,4,1,1,4,4,1,0,1,3,4,4,3,2,3,3,2,3,1,0,4,3,4,0,1,0,4,4,4,4,4,4,4,4,4,4,4,4,4,4,4,4,4,4,4,4,4,4,4,4,4,4,4,4,4,4,4,4,2,0,1,1,3,2,4,4,4,4,4,4,4,4,4,4,4,4,4,4,4,4,4,3,3,3,3,0,0,1,2,1,1,3,2,1,3,1,1,2,3,0,0,4,3,0,0,4,4,4,4,4,4,4,4,4,4,4,4,4,4,4,4,4,4,4,4,4,4,4,4,4,4,4,4,4,4,4,4,4,4,4,4,4,4,4,4,2,0,2,1,0,2,2,1,2,3,3,3,3,3,3,3,ABHP01000024.1/63013-62807,0
745,2,3,0,2,0,3,2,1,3,1,0,3,3,1,1,0,1,4,1,3,4,3,1,3,0,3,2,1,3,3,2,1,3,3,1,2,4,4,4,4,4,4,4,4,4,4,4,4,4,4,4,4,4,4,4,4,4,4,4,4,4,4,4,4,4,4,4,4,4,4,4,4,4,4,4,4,4,4,4,4,4,4,4,4,4,2,1,4,3,3,1,0,3,0,0,3,1,1,3,2,4,2,2,0,0,3,2,0,1,2,1,4,0,2,0,4,2,1,1,0,0,3,4,4,3,3,3,2,0,2,2,4,4,3,2,1,1,3,4,0,4,3,1,2,3,1,1,0,4,4,0,1,3,1,4,1,0,2,0,3,2,4,0,0,2,0,3,4,2,1,0,4,0,4,0,3,1,3,4,4,4,4,4,4,4,1,4,4,4,4,4,4,4,4,4,4,4,4,4,4,4,4,4,4,4,4,4,4,4,4,4,4,4,4,4,4,4,4,4,4,4,4,4,4,4,4,4,4,4,4,4,4,4,4,4,4,4,4,4,4,1,0,3,1,2,2,2,1,3,3,3,1,4,1,2,2,0,1,0,3,0,0,1,2,3,3,2,0,4,4,4,4,4,4,4,4,4,4,4,4,4,4,4,4,4,4,4,4,4,2,3,2,0,2,2,1,0,4,1,1,4,4,0,3,3,1,4,4,3,2,3,3,2,3,1,3,4,2,4,0,1,0,4,4,4,4,4,4,4,4,4,4,4,4,4,4,4,4,4,4,4,4,4,4,4,4,4,4,4,4,4,4,4,4,2,0,1,1,3,2,0,3,4,4,4,4,4,4,4,4,4,4,4,4,4,0,3,3,3,3,1,0,0,1,2,1,3,3,0,1,1,2,3,3,3,0,4,4,4,4,3,4,4,4,4,4,4,4,4,4,4,4,4,4,4,4,4,4,4,4,4,4,4,4,4,4,4,4,4,4,4,4,4,4,4,4,4,4,4,4,4,1,2,2,3,0,0,2,1,2,3,3,3,3,3,3,3,BX950851.1/4684949-4684740,0
746,2,1,0,2,3,2,2,1,3,1,0,3,3,1,0,1,1,4,2,0,4,1,3,3,0,3,2,3,1,0,2,1,1,1,1,3,3,1,2,4,4,4,4,4,4,4,4,4,4,2,2,0,1,2,3,4,4,4,4,4,4,4,4,4,4,4,4,4,4,4,4,4,4,4,4,4,4,4,4,4,4,4,4,4,4,2,1,4,3,0,1,0,3,0,0,0,0,3,3,1,4,4,2,0,0,3,2,0,1,2,1,4,0,1,0,4,0,1,4,4,4,4,4,4,4,4,4,0,0,2,2,4,4,3,2,1,1,3,4,2,4,1,1,2,3,1,1,0,4,4,0,1,3,3,4,1,3,2,0,3,0,4,3,1,0,2,1,4,2,3,0,4,4,4,4,2,1,3,4,4,4,4,4,4,4,0,4,4,4,4,4,4,4,4,4,4,4,4,4,4,4,4,4,4,4,4,4,4,4,4,4,4,4,4,4,4,4,4,4,4,4,4,4,4,4,4,4,4,4,4,4,4,4,4,4,4,4,4,4,4,3,0,3,1,0,4,4,0,1,1,0,3,4,1,2,2,2,1,2,0,0,0,1,2,3,1,2,0,4,4,4,4,4,4,4,4,4,4,4,4,4,4,4,4,4,4,4,4,4,2,3,3,0,2,2,1,0,4,1,1,2,4,1,1,3,3,4,4,4,0,3,3,4,4,4,4,4,4,4,4,4,4,4,4,4,4,4,4,4,4,4,4,4,4,4,4,4,4,4,4,4,4,4,4,4,4,4,4,4,4,4,4,4,4,4,4,4,1,1,0,4,4,4,4,4,4,4,4,4,4,4,4,4,4,4,4,4,3,0,0,1,0,0,0,2,1,1,2,2,2,4,4,3,0,0,3,4,4,4,4,3,4,4,4,4,4,4,4,4,4,4,4,4,4,4,4,4,4,4,4,4,4,4,4,4,4,4,4,4,4,4,4,4,4,4,4,4,4,4,4,4,4,4,1,1,1,2,2,1,3,3,3,2,3,3,2,3,CP001671.1/2924830-2924643,0
747,2,3,0,2,0,3,2,1,3,1,0,3,3,1,1,0,3,4,1,3,4,1,3,3,0,3,2,3,3,1,2,1,1,3,3,0,4,4,4,4,4,4,4,4,4,4,4,4,4,4,4,4,4,2,3,4,4,4,4,4,4,4,4,4,4,4,4,4,4,4,4,4,4,4,4,4,4,4,4,4,4,4,4,4,4,2,1,4,1,3,1,0,3,0,0,0,1,3,1,1,4,2,2,0,0,3,2,0,1,2,1,4,0,2,0,4,2,1,1,2,3,3,4,4,4,4,3,0,1,2,2,4,4,3,2,1,3,3,4,0,4,3,1,2,3,1,1,0,4,4,1,3,2,0,4,1,0,2,0,3,2,4,3,1,2,1,4,4,4,3,3,4,0,4,3,2,1,1,4,4,4,4,4,4,4,3,4,4,4,4,4,4,4,4,4,4,4,4,4,4,4,4,4,4,4,4,4,4,4,4,4,4,4,4,4,4,4,4,4,4,4,4,4,4,4,4,4,4,4,4,4,4,4,4,4,4,4,4,4,4,1,0,3,1,0,2,0,1,0,1,1,0,4,3,2,2,0,1,0,1,0,0,1,2,3,3,2,0,4,4,4,4,4,4,4,4,4,4,4,4,4,4,4,4,4,4,4,4,4,2,3,2,0,0,2,1,0,4,1,1,4,4,1,0,1,3,4,4,3,2,3,3,2,3,1,0,4,3,4,0,1,0,4,4,4,4,4,4,4,4,4,4,4,4,4,4,4,4,4,4,4,4,4,4,4,4,4,4,4,4,4,4,4,4,2,0,1,1,3,2,4,4,4,4,4,4,4,4,4,4,4,4,4,4,4,4,4,3,3,3,3,0,0,1,2,1,1,3,2,1,3,1,1,2,3,0,0,4,3,0,0,4,4,4,4,4,4,4,4,4,4,4,4,4,4,4,4,4,4,4,4,4,4,4,4,4,4,4,4,4,4,4,4,4,4,4,4,4,4,4,4,2,0,2,1,0,2,2,1,2,3,3,3,3,3,3,3,ABHO01000016.1/65767-65561,0
748,0,1,0,2,3,3,2,1,3,1,0,3,3,1,0,1,1,4,3,3,4,3,3,3,0,3,2,0,3,0,2,1,1,1,1,2,4,4,4,4,4,4,4,4,4,4,4,4,4,4,4,4,4,4,4,1,0,0,3,3,0,0,2,1,4,4,4,4,4,4,4,4,4,4,4,4,2,2,0,3,2,0,3,2,1,2,1,4,3,3,1,0,3,0,0,2,1,1,3,1,4,1,2,0,0,3,2,0,3,2,1,4,1,3,0,4,4,4,0,2,0,1,4,4,4,4,4,4,3,2,2,4,4,3,2,1,1,3,4,0,4,3,1,2,3,1,1,0,1,1,3,0,0,0,4,1,1,2,0,1,0,4,3,3,2,3,2,4,3,2,0,4,0,4,0,2,1,0,1,4,4,4,4,4,0,3,4,4,4,4,4,4,4,4,4,4,4,4,4,4,4,4,4,4,4,4,4,4,4,4,4,4,4,4,4,4,4,4,4,4,4,4,4,4,4,4,4,4,4,4,4,4,4,4,4,4,4,4,4,4,3,0,3,1,0,4,4,0,0,1,0,3,4,1,2,2,0,1,2,0,1,0,1,2,3,3,2,0,4,4,4,4,4,4,4,4,4,4,4,4,4,4,4,4,4,4,4,4,4,2,3,2,0,2,2,1,0,4,1,1,2,4,1,1,3,0,4,4,3,2,3,1,4,4,4,4,4,4,4,4,4,4,4,4,4,4,4,4,4,4,4,4,4,4,4,4,4,4,4,4,4,4,4,4,4,4,4,4,4,4,4,4,4,4,4,4,4,1,3,2,4,4,4,4,4,4,4,4,4,4,4,4,4,4,4,4,4,1,3,2,3,2,0,3,2,0,0,3,4,4,4,4,4,4,4,4,4,4,4,4,4,4,4,4,4,4,4,4,4,4,4,4,4,4,4,4,4,4,4,4,4,4,4,4,4,4,4,4,4,4,4,4,4,4,4,4,4,4,4,4,3,4,4,4,4,0,3,3,1,0,3,1,0,0,3,3,3,AAYV01000001.1/206020-206217,0
749,2,1,0,2,3,2,2,1,3,1,0,3,3,1,0,1,1,4,2,0,4,1,3,3,0,3,2,3,1,0,2,1,1,1,1,3,3,1,2,4,4,4,4,4,4,4,4,4,4,2,2,0,1,2,3,4,4,4,4,4,4,4,4,4,4,4,4,4,4,4,4,4,4,4,4,4,4,4,4,4,4,4,4,4,4,2,1,4,3,0,1,0,3,0,0,0,0,3,3,1,4,4,2,0,0,3,2,0,1,2,1,4,0,1,0,4,0,1,4,4,4,4,4,4,4,4,4,0,0,2,2,4,4,3,2,1,1,3,4,2,4,1,1,2,3,1,1,0,4,4,0,1,3,3,4,1,3,2,0,3,0,4,3,1,0,2,1,4,2,3,0,4,4,4,4,2,1,3,4,4,4,4,4,4,4,0,4,4,4,4,4,4,4,4,4,4,4,4,4,4,4,4,4,4,4,4,4,4,4,4,4,4,4,4,4,4,4,4,4,4,4,4,4,4,4,4,4,4,4,4,4,4,4,4,4,4,4,4,4,4,3,0,3,1,0,4,4,0,1,1,0,3,4,1,2,2,2,1,2,0,0,0,1,2,3,1,2,0,4,4,4,4,4,4,4,4,4,4,4,4,4,4,4,4,4,4,4,4,4,2,3,3,0,2,2,1,0,4,1,1,2,4,1,1,3,3,4,4,4,0,3,3,4,4,4,4,4,4,4,4,4,4,4,4,4,4,4,4,4,4,4,4,4,4,4,4,4,4,4,4,4,4,4,4,4,4,4,4,4,4,4,4,4,4,4,4,4,1,1,0,4,4,4,4,4,4,4,4,4,4,4,4,4,4,4,4,4,3,0,0,1,0,0,0,2,1,1,2,2,2,4,4,3,0,0,3,4,4,4,4,3,4,4,4,4,4,4,4,4,4,4,4,4,4,4,4,4,4,4,4,4,4,4,4,4,4,4,4,4,4,4,4,4,4,4,4,4,4,4,4,4,4,4,1,1,1,2,2,1,3,3,3,2,3,3,2,3,AFRI01000007.1/900199-900012,0
750,2,3,4,4,4,2,2,1,3,1,0,3,3,1,0,1,1,4,2,0,4,1,3,3,0,3,2,3,1,0,2,1,1,1,1,3,3,1,2,4,4,4,4,4,4,4,4,4,4,2,2,0,1,2,3,4,4,4,4,4,4,4,4,4,4,4,4,4,4,4,4,4,4,4,4,4,4,4,4,4,4,4,4,4,4,2,1,4,3,0,1,0,3,0,0,0,0,3,0,1,4,4,2,0,0,3,2,0,1,2,1,4,4,4,4,4,0,1,0,0,4,4,4,4,4,4,1,0,0,2,2,4,4,3,2,1,1,3,4,2,4,1,1,2,3,1,1,0,4,4,0,1,3,3,4,1,3,2,0,3,0,4,3,1,0,2,1,4,2,3,0,4,4,4,4,2,1,3,4,4,4,4,4,4,4,0,4,4,4,4,4,4,4,4,4,4,4,4,4,4,4,4,4,4,4,4,4,4,4,4,4,4,4,4,4,4,4,4,4,4,4,4,4,4,4,4,4,4,4,4,4,4,4,4,4,4,4,4,4,4,3,0,3,1,0,4,4,0,1,1,0,3,4,1,2,2,2,1,2,0,0,0,1,2,3,1,2,0,4,4,4,4,4,4,4,4,4,4,4,4,4,4,4,4,4,4,4,4,4,2,3,3,0,2,2,1,0,4,1,1,2,4,1,1,3,3,4,4,4,0,3,3,4,4,4,4,4,4,4,4,4,4,4,4,4,4,4,4,4,4,4,4,4,4,4,4,4,4,4,4,4,4,4,4,4,4,4,4,4,4,4,4,4,4,4,4,4,1,1,0,4,4,4,4,4,4,4,4,4,4,4,4,4,4,4,4,4,3,0,0,1,0,0,0,2,1,1,2,2,2,4,4,3,0,0,3,4,4,4,4,3,4,4,4,4,4,4,4,4,4,4,4,4,4,4,4,4,4,4,4,4,4,4,4,4,4,4,4,4,4,4,4,4,4,4,4,4,4,4,4,4,4,4,1,1,1,2,2,1,3,3,3,2,3,3,2,3,ADUK01000026.1/36321-36505,0
751,2,1,0,2,3,2,2,1,3,1,0,3,3,1,0,1,1,4,2,0,4,1,3,3,0,3,2,3,1,0,2,1,1,1,1,3,3,1,2,4,4,4,4,4,4,4,4,4,4,2,2,0,1,2,3,4,4,4,4,4,4,4,4,4,4,4,4,4,4,4,4,4,4,4,4,4,4,4,4,4,4,4,4,4,4,2,1,4,3,0,1,0,3,0,0,0,0,3,3,1,4,4,2,0,0,3,2,0,1,2,1,4,0,1,0,4,0,1,4,4,4,4,4,4,4,4,4,0,0,2,2,4,4,3,2,1,1,3,4,2,4,1,1,2,3,1,1,0,4,4,0,1,3,3,4,1,3,2,0,3,0,4,3,1,0,2,1,4,2,3,0,4,4,4,4,2,1,3,4,4,4,4,4,4,4,0,4,4,4,4,4,4,4,4,4,4,4,4,4,4,4,4,4,4,4,4,4,4,4,4,4,4,4,4,4,4,4,4,4,4,4,4,4,4,4,4,4,4,4,4,4,4,4,4,4,4,4,4,4,4,3,0,3,1,0,4,4,0,1,1,0,3,4,1,2,2,2,1,2,0,0,0,1,2,3,1,2,0,4,4,4,4,4,4,4,4,4,4,4,4,4,4,4,4,4,4,4,4,4,2,3,3,0,2,2,1,0,4,1,1,2,4,1,1,3,3,4,4,4,0,3,3,4,4,4,4,4,4,4,4,4,4,4,4,4,4,4,4,4,4,4,4,4,4,4,4,4,4,4,4,4,4,4,4,4,4,4,4,4,4,4,4,4,4,4,4,4,1,1,0,4,4,4,4,4,4,4,4,4,4,4,4,4,4,4,4,4,3,0,0,1,0,0,0,2,1,1,2,2,2,4,4,3,0,0,3,4,4,4,4,3,4,4,4,4,4,4,4,4,4,4,4,4,4,4,4,4,4,4,4,4,4,4,4,4,4,4,4,4,4,4,4,4,4,4,4,4,4,4,4,4,4,4,1,1,1,2,2,1,3,3,3,2,3,3,2,3,CP000038.1/2795316-2795129,0
752,2,3,4,4,4,2,2,1,3,1,0,3,3,1,0,1,1,4,2,0,4,1,3,3,0,3,2,3,1,0,2,1,1,1,1,3,3,1,2,4,4,4,4,4,4,4,4,4,4,2,2,0,1,2,3,4,4,4,4,4,4,4,4,4,4,4,4,4,4,4,4,4,4,4,4,4,4,4,4,4,4,4,4,4,4,2,1,4,3,0,1,0,3,0,0,0,0,3,3,1,4,4,2,0,0,3,2,0,1,2,1,4,4,4,4,4,0,1,0,0,4,4,4,4,4,4,1,0,0,2,2,4,4,3,2,1,1,3,4,2,4,1,1,2,3,1,1,0,4,4,0,1,3,3,4,1,3,2,0,3,0,4,3,1,0,2,1,4,2,3,0,4,4,4,4,2,1,3,4,4,4,4,4,4,4,0,4,4,4,4,4,4,4,4,4,4,4,4,4,4,4,4,4,4,4,4,4,4,4,4,4,4,4,4,4,4,4,4,4,4,4,4,4,4,4,4,4,4,4,4,4,4,4,4,4,4,4,4,4,4,3,0,3,1,0,4,4,0,1,1,1,3,4,1,2,2,2,1,2,0,0,0,1,2,3,1,2,0,4,4,4,4,4,4,4,4,4,4,4,4,4,4,4,4,4,4,4,4,4,2,3,3,0,2,2,1,0,4,1,1,2,4,1,1,3,3,4,4,4,0,3,3,4,4,4,4,4,4,4,4,4,4,4,4,4,4,4,4,4,4,4,4,4,4,4,4,4,4,4,4,4,4,4,4,4,4,4,4,4,4,4,4,4,4,4,4,4,1,1,0,4,4,4,4,4,4,4,4,4,4,4,4,4,4,4,4,4,3,0,0,1,0,0,0,2,1,1,2,2,2,4,4,3,0,0,3,4,4,4,4,3,4,4,4,4,4,4,4,4,4,4,4,4,4,4,4,4,4,4,4,4,4,4,4,4,4,4,4,4,4,4,4,4,4,4,4,4,4,4,4,4,4,4,1,1,1,2,2,1,3,3,3,2,3,3,2,3,CP003034.1/3051657-3051473,0
753,2,3,0,2,0,3,2,1,3,1,0,3,3,1,1,0,3,4,1,3,4,1,3,3,0,3,2,3,3,1,2,1,1,3,3,0,4,4,4,4,4,4,4,4,4,4,4,4,4,4,4,4,4,2,3,4,4,4,4,4,4,4,4,4,4,4,4,4,4,4,4,4,4,4,4,4,4,4,4,4,4,4,4,4,4,2,1,4,1,3,1,0,3,0,0,0,1,3,1,1,4,2,2,0,0,3,2,0,1,2,1,4,0,2,0,4,2,1,1,2,3,3,4,4,4,4,3,0,1,2,2,4,4,3,2,1,3,3,4,0,4,3,1,2,3,1,1,0,4,4,1,3,2,0,4,1,0,2,0,3,2,4,3,1,2,1,4,4,4,3,3,4,0,4,3,2,1,1,4,4,4,4,4,4,4,3,4,4,4,4,4,4,4,4,4,4,4,4,4,4,4,4,4,4,4,4,4,4,4,4,4,4,4,4,4,4,4,4,4,4,4,4,4,4,4,4,4,4,4,4,4,4,4,4,4,4,4,4,4,4,1,0,3,1,0,2,0,1,0,1,1,0,4,3,2,2,0,1,0,1,0,0,1,2,3,3,2,0,4,4,4,4,4,4,4,4,4,4,4,4,4,4,4,4,4,4,4,4,4,2,3,2,0,0,2,1,0,4,1,1,4,4,1,0,1,3,4,4,3,2,3,3,2,3,1,0,4,3,4,0,1,0,4,4,4,4,4,4,4,4,4,4,4,4,4,4,4,4,4,4,4,4,4,4,4,4,4,4,4,4,4,4,4,4,2,0,1,1,3,2,4,4,4,4,4,4,4,4,4,4,4,4,4,4,4,4,4,3,3,3,3,0,0,1,2,1,1,3,2,1,3,1,1,2,3,0,0,4,3,0,0,4,4,4,4,4,4,4,4,4,4,4,4,4,4,4,4,4,4,4,4,4,4,4,4,4,4,4,4,4,4,4,4,4,4,4,4,4,4,4,4,2,0,2,1,0,2,2,1,2,3,3,3,3,3,3,3,AFDX01000040.1/113592-113798,0
754,2,1,0,2,3,2,2,1,3,1,0,3,3,1,0,1,1,4,2,0,4,1,3,3,0,3,2,3,1,0,2,1,1,1,1,3,3,1,2,4,4,4,4,4,4,4,4,4,4,2,2,0,1,2,3,4,4,4,4,4,4,4,4,4,4,4,4,4,4,4,4,4,4,4,4,4,4,4,4,4,4,4,4,4,4,2,1,4,3,0,1,0,3,0,0,0,0,3,3,1,4,4,2,0,0,3,2,0,1,2,1,4,0,1,0,4,0,1,4,4,4,4,4,4,4,4,4,0,0,2,2,4,4,3,2,1,1,3,4,2,4,1,1,2,3,1,1,0,4,4,0,1,3,3,4,1,3,2,0,3,0,4,3,1,0,2,1,4,2,3,0,4,4,4,4,2,1,3,4,4,4,4,4,4,4,0,4,4,4,4,4,4,4,4,4,4,4,4,4,4,4,4,4,4,4,4,4,4,4,4,4,4,4,4,4,4,4,4,4,4,4,4,4,4,4,4,4,4,4,4,4,4,4,4,4,4,4,4,4,4,3,0,3,1,0,4,4,0,1,1,0,3,4,1,2,2,2,1,2,0,0,0,1,2,3,1,2,0,4,4,4,4,4,4,4,4,4,4,4,4,4,4,4,4,4,4,4,4,4,2,3,3,0,2,2,1,0,4,1,1,2,4,1,1,3,3,4,4,4,0,3,3,4,4,4,4,4,4,4,4,4,4,4,4,4,4,4,4,4,4,4,4,4,4,4,4,4,4,4,4,4,4,4,4,4,4,4,4,4,4,4,4,4,4,4,4,4,1,1,0,4,4,4,4,4,4,4,4,4,4,4,4,4,4,4,4,4,3,0,0,1,0,0,0,2,1,1,2,2,2,4,4,3,0,0,3,4,4,4,4,3,4,4,4,4,4,4,4,4,4,4,4,4,4,4,4,4,4,4,4,4,4,4,4,4,4,4,4,4,4,4,4,4,4,4,4,4,4,4,4,4,4,4,1,1,1,2,2,1,3,3,3,2,3,3,2,3,AFVE01000039.1/213890-213703,0
755,2,3,0,2,0,3,2,1,3,1,0,3,3,1,1,0,3,4,1,3,4,1,3,3,0,3,2,3,3,1,2,1,1,3,3,0,4,4,4,4,4,4,4,4,4,4,4,4,4,4,4,4,4,2,3,4,4,4,4,4,4,4,4,4,4,4,4,4,4,4,4,4,4,4,4,4,4,4,4,4,4,4,4,4,4,2,1,4,1,3,1,0,3,0,0,0,1,3,1,1,4,2,2,0,0,3,2,0,1,2,1,4,0,2,0,4,2,1,1,2,3,3,4,4,4,4,3,0,1,2,2,4,4,3,2,1,3,3,4,0,4,3,1,2,3,1,1,0,4,4,1,3,2,0,4,1,0,2,0,3,2,4,3,1,2,1,4,4,4,3,3,4,0,4,3,2,1,1,4,4,4,4,4,4,4,3,4,4,4,4,4,4,4,4,4,4,4,4,4,4,4,4,4,4,4,4,4,4,4,4,4,4,4,4,4,4,4,4,4,4,4,4,4,4,4,4,4,4,4,4,4,4,4,4,4,4,4,4,4,4,1,0,3,1,0,2,0,1,0,1,1,0,4,3,2,2,0,1,0,1,0,0,1,2,3,3,2,0,4,4,4,4,4,4,4,4,4,4,4,4,4,4,4,4,4,4,4,4,4,2,3,2,0,0,2,1,0,4,1,1,4,4,1,0,1,3,4,4,3,2,3,3,2,3,1,0,4,3,4,0,1,0,4,4,4,4,4,4,4,4,4,4,4,4,4,4,4,4,4,4,4,4,4,4,4,4,4,4,4,4,4,4,4,4,2,0,1,1,3,2,4,4,4,4,4,4,4,4,4,4,4,4,4,4,4,4,4,3,3,3,3,0,0,1,2,1,1,3,2,1,3,1,1,2,3,0,0,4,3,0,0,4,4,4,4,4,4,4,4,4,4,4,4,4,4,4,4,4,4,4,4,4,4,4,4,4,4,4,4,4,4,4,4,4,4,4,4,4,4,4,4,2,0,2,1,0,2,2,1,2,3,3,3,3,3,3,0,AFVS01000306.1/1553-1347,0
756,2,3,0,2,0,3,2,1,3,1,0,3,3,1,1,0,3,4,1,3,4,1,3,3,0,3,2,3,3,1,2,1,1,3,3,1,4,4,4,4,4,4,4,4,4,4,4,4,4,4,4,4,4,3,2,4,4,4,4,4,4,4,4,4,4,4,4,4,4,4,4,4,4,4,4,4,4,4,4,4,4,4,4,4,4,2,1,4,1,3,1,0,3,0,0,0,1,3,1,0,4,2,2,0,0,3,2,0,3,2,1,4,0,2,0,4,2,1,1,2,3,3,4,4,4,4,3,0,1,2,2,4,4,3,2,1,3,3,4,0,4,3,1,2,3,1,1,0,4,4,1,3,2,0,4,1,0,2,0,3,2,4,3,1,2,1,4,4,4,3,3,4,0,4,1,2,1,1,4,4,4,4,4,4,4,3,4,4,4,4,4,4,4,4,4,4,4,4,4,4,4,4,4,4,4,4,4,4,4,4,4,4,4,4,4,4,4,4,4,4,4,4,4,4,4,4,4,4,4,4,4,4,4,4,4,4,4,4,4,4,1,0,3,1,0,0,0,1,0,1,1,1,4,3,2,2,0,1,0,1,0,0,1,2,3,3,2,0,4,4,4,4,4,4,4,4,4,4,4,4,4,4,4,4,4,4,4,4,4,2,3,2,0,0,2,1,0,4,1,1,1,4,1,3,3,3,4,0,3,2,3,3,2,3,1,0,4,3,4,0,1,0,4,4,4,4,4,4,4,4,4,4,4,4,4,4,4,4,4,4,4,4,4,4,4,4,4,4,4,4,4,4,4,4,2,0,1,1,3,2,4,4,4,4,4,4,4,4,4,4,4,4,4,4,4,4,4,3,3,3,3,2,0,1,2,1,1,3,2,1,1,1,1,3,3,0,0,4,4,1,1,4,4,4,4,4,4,4,4,4,4,4,4,4,4,4,4,4,4,4,4,4,4,4,4,4,4,4,4,4,4,4,4,4,4,4,4,4,4,4,4,2,2,2,1,0,2,2,1,2,3,3,3,3,3,3,3,AESM01000008.1/53247-53040,0
757,2,3,0,2,0,3,2,1,3,1,0,3,3,1,1,0,3,4,1,3,4,1,3,3,0,3,2,3,3,1,2,1,1,3,3,0,4,4,4,4,4,4,4,4,4,4,4,4,4,4,4,4,4,2,3,4,4,4,4,4,4,4,4,4,4,4,4,4,4,4,4,4,4,4,4,4,4,4,4,4,4,4,4,4,4,2,1,4,1,3,1,0,3,0,0,0,1,3,1,1,4,2,2,0,0,3,2,0,1,2,1,4,0,2,0,4,2,1,0,2,3,3,4,4,4,4,3,0,1,2,2,4,4,3,2,1,3,3,4,0,4,3,1,2,3,1,1,0,4,4,1,3,2,0,4,1,0,2,0,3,2,4,3,1,2,1,4,4,4,3,3,4,0,4,3,2,1,1,4,4,4,4,4,4,4,3,4,4,4,4,4,4,4,4,4,4,4,4,4,4,4,4,4,4,4,4,4,4,4,4,4,4,4,4,4,4,4,4,4,4,4,4,4,4,4,4,4,4,4,4,4,4,4,4,4,4,4,4,4,4,1,0,3,1,0,2,0,1,0,1,1,0,4,3,2,2,0,1,0,1,0,0,1,2,3,3,2,0,4,4,4,4,4,4,4,4,4,4,4,4,4,4,4,4,4,4,4,4,4,2,3,2,0,0,2,1,0,4,1,1,4,4,1,0,1,3,4,4,3,2,3,3,2,3,1,0,4,3,4,0,1,0,4,4,4,4,4,4,4,4,4,4,4,4,4,4,4,4,4,4,4,4,4,4,4,4,4,4,4,4,4,4,4,4,2,0,1,1,3,2,4,4,4,4,4,4,4,4,4,4,4,4,4,4,4,4,4,3,3,3,3,0,0,1,2,1,1,3,2,1,3,1,1,2,3,0,0,4,3,0,0,4,4,4,4,4,4,4,4,4,4,4,4,4,4,4,4,4,4,4,4,4,4,4,4,4,4,4,4,4,4,4,4,4,4,4,4,4,4,4,4,2,0,2,1,0,2,2,1,2,3,3,3,3,3,3,3,AAMJ02000024.1/58014-57808,0
758,2,3,0,2,0,3,2,1,3,1,0,3,3,1,1,0,3,4,1,3,4,1,3,3,0,3,2,3,3,1,2,1,1,3,3,1,4,4,4,4,4,4,4,4,4,4,4,4,4,4,4,4,4,3,2,4,4,4,4,4,4,4,4,4,4,4,4,4,4,4,4,4,4,4,4,4,4,4,4,4,4,4,4,4,4,2,1,4,1,3,1,0,3,0,0,0,1,3,1,0,4,2,2,0,0,3,2,0,3,2,1,4,0,2,0,4,2,1,1,2,3,3,4,4,4,4,3,0,1,2,2,4,4,3,2,1,3,3,4,0,4,3,1,2,3,1,1,0,4,4,1,3,2,0,4,1,0,2,0,3,2,4,3,1,2,1,4,4,4,3,3,4,0,4,1,2,1,1,4,4,4,4,4,4,4,3,4,4,4,4,4,4,4,4,4,4,4,4,4,4,4,4,4,4,4,4,4,4,4,4,4,4,4,4,4,4,4,4,4,4,4,4,4,4,4,4,4,4,4,4,4,4,4,4,4,4,4,4,4,4,1,0,3,1,0,0,0,1,0,1,1,1,4,3,2,2,0,1,0,1,0,0,1,2,3,3,2,0,4,4,4,4,4,4,4,4,4,4,4,4,4,4,4,4,4,4,4,4,4,2,3,2,0,0,2,1,0,4,1,1,1,4,1,3,3,3,4,0,3,2,3,3,2,3,1,0,4,3,4,0,1,0,4,4,4,4,4,4,4,4,4,4,4,4,4,4,4,4,4,4,4,4,4,4,4,4,4,4,4,4,4,4,4,4,2,0,1,1,3,2,4,4,4,4,4,4,4,4,4,4,4,4,4,4,4,4,4,3,3,3,3,2,0,1,2,1,1,3,2,1,1,1,1,3,3,0,0,4,4,1,1,4,4,4,4,4,4,4,4,4,4,4,4,4,4,4,4,4,4,4,4,4,4,4,4,4,4,4,4,4,4,4,4,4,4,4,4,4,4,4,4,2,2,2,1,0,2,2,1,2,3,3,3,3,3,3,3,AESL01000037.1/53127-52920,0
759,2,3,4,4,4,2,2,1,3,1,0,3,3,1,0,1,1,4,2,0,4,1,3,3,0,3,2,3,1,0,2,1,1,1,1,3,3,1,2,4,4,4,4,4,4,4,4,4,4,2,2,0,1,2,3,4,4,4,4,4,4,4,4,4,4,4,4,4,4,4,4,4,4,4,4,4,4,4,4,4,4,4,4,4,4,2,1,4,3,0,1,0,3,0,0,0,0,3,0,1,4,4,2,0,0,3,2,0,1,2,1,4,4,4,4,4,0,1,0,0,4,4,4,4,4,4,1,0,0,2,2,4,4,3,2,1,1,3,4,2,4,1,1,2,3,1,1,0,4,4,0,1,3,3,4,1,3,2,0,3,0,4,3,1,0,2,1,4,2,3,0,4,4,4,4,2,1,3,4,4,4,4,4,4,4,0,4,4,4,4,4,4,4,4,4,4,4,4,4,4,4,4,4,4,4,4,4,4,4,4,4,4,4,4,4,4,4,4,4,4,4,4,4,4,4,4,4,4,4,4,4,4,4,4,4,4,4,4,4,4,3,0,3,1,0,4,4,0,1,1,0,3,4,1,2,2,2,1,2,0,0,0,1,2,3,1,2,0,4,4,4,4,4,4,4,4,4,4,4,4,4,4,4,4,4,4,4,4,4,2,3,3,0,2,2,1,0,4,1,1,2,4,1,1,3,3,4,4,4,0,3,3,4,4,4,4,4,4,4,4,4,4,4,4,4,4,4,4,4,4,4,4,4,4,4,4,4,4,4,4,4,4,4,4,4,4,4,4,4,4,4,4,4,4,4,4,4,1,1,0,4,4,4,4,4,4,4,4,4,4,4,4,4,4,4,4,4,3,0,0,1,0,0,0,2,1,1,2,2,2,4,4,3,0,0,3,4,4,4,4,3,4,4,4,4,4,4,4,4,4,4,4,4,4,4,4,4,4,4,4,4,4,4,4,4,4,4,4,4,4,4,4,4,4,4,4,4,4,4,4,4,4,4,1,1,1,2,2,1,3,3,3,2,3,3,2,3,ADTP01000295.1/36933-36749,0
760,2,3,0,2,0,3,2,1,3,1,0,3,3,1,1,0,3,4,1,3,4,1,3,3,0,3,2,3,3,1,2,1,1,3,3,1,4,4,4,4,4,4,4,4,4,4,4,4,4,4,4,4,4,3,2,4,4,4,4,4,4,4,4,4,4,4,4,4,4,4,4,4,4,4,4,4,4,4,4,4,4,4,4,4,4,2,1,4,1,3,1,0,3,0,0,0,1,3,1,0,4,2,2,0,0,3,2,0,3,2,1,4,0,2,0,4,2,1,1,2,3,3,4,4,4,4,3,0,1,2,2,4,4,3,2,1,3,3,4,0,4,3,1,2,3,1,1,0,4,4,1,3,2,0,4,1,0,2,0,3,2,4,3,1,2,1,4,4,4,3,3,4,0,4,1,2,1,1,4,4,4,4,4,4,4,3,4,4,4,4,4,4,4,4,4,4,4,4,4,4,4,4,4,4,4,4,4,4,4,4,4,4,4,4,4,4,4,4,4,4,4,4,4,4,4,4,4,4,4,4,4,4,4,4,4,4,4,4,4,4,1,0,3,1,0,0,0,1,0,1,1,1,4,3,2,2,0,1,0,1,0,0,1,2,3,3,2,0,4,4,4,4,4,4,4,4,4,4,4,4,4,4,4,4,4,4,4,4,4,2,3,2,0,0,2,1,0,4,1,1,1,4,1,3,3,3,4,0,3,2,3,3,2,3,1,0,4,3,4,0,1,0,4,4,4,4,4,4,4,4,4,4,4,4,4,4,4,4,4,4,4,4,4,4,4,4,4,4,4,4,4,4,4,4,2,0,1,1,3,2,4,4,4,4,4,4,4,4,4,4,4,4,4,4,4,4,4,3,3,3,3,2,0,1,2,1,1,3,2,1,1,1,1,3,3,0,0,4,4,1,1,4,4,4,4,4,4,4,4,4,4,4,4,4,4,4,4,4,4,4,4,4,4,4,4,4,4,4,4,4,4,4,4,4,4,4,4,4,4,4,4,2,2,2,1,0,2,2,1,2,3,3,3,3,3,3,3,AFCR01001520.1/293-500,0
761,2,3,4,4,4,2,2,1,3,1,0,3,3,1,0,1,1,4,3,3,4,1,3,3,0,3,2,3,1,0,2,1,1,1,1,3,3,0,2,4,4,4,4,4,4,4,4,4,4,2,2,0,1,2,1,4,4,4,4,4,4,4,4,4,4,4,4,4,4,4,4,4,4,4,4,4,4,4,4,4,4,4,4,4,4,2,1,4,3,0,1,0,3,0,0,0,1,3,3,1,4,4,2,0,0,3,2,0,1,2,1,4,4,4,4,4,0,1,0,0,4,4,4,4,4,4,1,0,0,2,2,4,4,3,2,1,1,3,4,2,4,1,1,2,3,1,1,0,4,4,0,1,3,3,4,1,3,2,0,3,0,4,0,3,0,2,1,4,2,3,4,4,4,4,0,2,1,3,4,4,4,4,4,4,4,3,4,4,4,4,4,4,4,4,4,4,4,4,4,4,4,4,4,4,4,4,4,4,4,4,4,4,4,4,4,4,4,4,4,4,4,4,4,4,4,4,4,4,4,4,4,4,4,4,4,4,4,4,4,4,3,0,3,1,0,4,4,0,1,1,3,1,4,1,2,2,2,1,2,0,0,0,1,2,3,1,2,0,4,4,4,4,4,4,4,4,4,4,4,4,4,4,4,4,4,4,4,4,4,2,3,3,0,2,2,1,0,4,1,1,2,4,1,1,3,3,4,4,4,0,3,3,4,4,4,4,4,4,4,4,4,4,4,4,4,4,4,4,4,4,4,4,4,4,4,4,4,4,4,4,4,4,4,4,4,4,4,4,4,4,4,4,4,4,4,4,4,1,1,0,4,4,4,4,4,4,4,4,4,4,4,4,4,4,4,4,4,3,0,0,1,0,0,0,2,1,1,2,2,2,3,3,3,4,4,4,4,4,4,4,4,4,4,4,4,4,4,4,4,4,4,4,4,4,4,4,4,4,4,4,4,4,4,4,4,4,4,4,4,4,4,4,4,4,4,4,4,4,4,4,4,0,2,1,1,1,2,2,1,3,3,3,2,3,3,2,3,AESI01000014.1/40319-40503,0
762,2,3,4,4,4,2,2,1,3,1,0,3,3,1,0,1,1,4,3,3,4,1,3,3,0,3,2,3,1,0,2,1,1,1,1,3,3,0,2,4,4,4,4,4,4,4,4,4,4,2,2,0,1,2,1,4,4,4,4,4,4,4,4,4,4,4,4,4,4,4,4,4,4,4,4,4,4,4,4,4,4,4,4,4,4,2,1,4,3,0,1,0,3,0,0,0,1,3,3,1,4,4,2,0,0,3,2,0,1,2,1,4,4,4,4,4,0,1,0,0,4,4,4,4,4,4,1,0,0,2,2,4,4,3,2,1,1,3,4,2,4,1,1,2,3,1,1,0,4,4,0,1,3,3,4,1,3,2,0,3,0,4,0,1,0,2,1,4,2,3,4,4,4,4,0,2,1,3,4,4,4,4,4,4,4,3,4,4,4,4,4,4,4,4,4,4,4,4,4,4,4,4,4,4,4,4,4,4,4,4,4,4,4,4,4,4,4,4,4,4,4,4,4,4,4,4,4,4,4,4,4,4,4,4,4,4,4,4,4,4,3,0,3,1,0,4,4,0,1,1,3,1,4,1,2,2,2,1,2,0,0,0,1,2,3,1,2,0,4,4,4,4,4,4,4,4,4,4,4,4,4,4,4,4,4,4,4,4,4,2,3,3,0,2,2,1,0,4,1,1,2,4,1,1,3,3,4,4,4,0,3,3,4,4,4,4,4,4,4,4,4,4,4,4,4,4,4,4,4,4,4,4,4,4,4,4,4,4,4,4,4,4,4,4,4,4,4,4,4,4,4,4,4,4,4,4,4,1,1,0,4,4,4,4,4,4,4,4,4,4,4,4,4,4,4,4,4,3,0,0,1,0,0,0,2,1,1,2,2,2,3,3,3,0,4,4,4,4,4,4,4,2,1,1,1,2,2,0,2,0,0,3,0,0,2,2,3,0,3,3,2,3,3,3,1,2,2,1,1,1,0,0,0,3,1,2,2,2,3,3,3,0,2,1,1,1,2,2,1,3,3,3,2,3,3,2,3,AFCJ01000812.1/171-396,0
763,0,1,0,2,3,3,2,1,3,1,0,3,3,1,0,2,1,4,3,3,4,1,3,3,0,3,2,3,1,2,2,1,1,1,0,1,0,3,3,0,2,2,4,4,4,4,3,2,2,0,2,0,0,0,3,4,4,4,4,4,4,4,4,4,4,4,4,4,4,4,4,4,4,4,4,4,4,4,4,4,4,4,4,4,4,2,1,4,1,0,1,0,3,0,0,0,1,3,0,3,4,1,2,0,0,3,2,0,3,2,1,1,0,2,0,4,2,3,4,4,4,4,4,4,4,4,4,0,0,2,2,4,4,3,2,1,1,3,4,0,4,1,1,2,3,1,1,0,4,0,1,3,1,0,4,2,3,2,0,3,0,4,3,1,2,1,3,4,3,3,1,4,2,4,0,2,1,1,4,4,4,4,4,4,4,3,4,4,4,4,4,4,4,4,4,4,4,4,4,4,4,4,4,4,4,4,4,4,4,4,4,4,4,4,4,4,4,4,4,4,4,4,4,4,4,4,4,4,4,4,4,4,4,4,4,4,4,4,4,4,3,0,3,1,0,4,4,0,0,1,0,3,4,1,2,2,2,1,2,0,1,0,1,2,3,2,2,0,4,4,4,4,4,4,4,4,4,4,4,4,4,4,4,4,4,4,4,4,4,2,3,2,0,2,2,1,0,4,1,1,0,4,1,1,3,0,4,4,3,2,3,1,3,2,0,1,4,4,4,4,4,4,3,2,3,0,2,0,3,0,0,0,1,0,0,1,0,2,2,1,0,3,0,0,2,3,1,0,1,1,1,4,4,4,3,1,0,1,3,2,4,4,4,4,4,4,4,4,4,4,4,4,4,4,4,4,4,4,4,4,2,1,2,2,2,0,3,0,2,3,0,2,1,0,0,0,4,4,4,0,0,4,4,4,4,4,4,4,4,4,4,4,4,4,4,4,4,4,4,4,4,4,4,4,4,4,4,4,4,4,4,4,4,4,4,4,4,4,4,4,4,1,3,0,3,3,0,3,1,1,1,2,3,1,2,3,1,BX571870.1/111639-111402,0
764,2,3,0,2,0,3,2,1,3,1,0,3,3,1,1,0,3,4,1,3,4,1,3,3,0,3,2,3,3,1,2,1,1,3,3,0,4,4,4,4,4,4,4,4,4,4,4,4,4,4,4,4,4,2,3,4,4,4,4,4,4,4,4,4,4,4,4,4,4,4,4,4,4,4,4,4,4,4,4,4,4,4,4,4,4,2,1,4,1,3,1,0,3,0,0,0,1,3,1,1,4,2,2,0,0,3,2,0,1,2,1,4,0,2,0,4,2,1,1,2,3,3,4,4,4,4,3,0,1,2,2,4,4,3,2,1,3,3,4,0,4,3,1,2,3,1,1,0,4,4,1,3,2,0,4,1,0,2,0,3,2,4,3,1,2,1,4,4,4,3,3,4,0,4,3,2,1,1,4,4,4,4,4,4,4,3,4,4,4,4,4,4,4,4,4,4,4,4,4,4,4,4,4,4,4,4,4,4,4,4,4,4,4,4,4,4,4,4,4,4,4,4,4,4,4,4,4,4,4,4,4,4,4,4,4,4,4,4,4,4,1,0,3,1,0,2,0,1,0,1,1,0,4,3,2,2,0,1,0,1,0,0,1,2,3,3,2,0,4,4,4,4,4,4,4,4,4,4,4,4,4,4,4,4,4,4,4,4,4,2,3,2,0,0,2,1,0,4,1,1,4,4,1,0,1,3,4,4,3,2,3,3,2,3,1,0,4,3,4,0,1,0,4,4,4,4,4,4,4,4,4,4,4,4,4,4,4,4,4,4,4,4,4,4,4,4,4,4,4,4,4,4,4,4,2,0,1,1,3,2,4,4,4,4,4,4,4,4,4,4,4,4,4,4,4,4,4,3,3,3,3,0,0,1,2,1,1,3,2,1,3,1,1,2,3,0,0,4,3,0,0,4,4,4,4,4,4,4,4,4,4,4,4,4,4,4,4,4,4,4,4,4,4,4,4,4,4,4,4,4,4,4,4,4,4,4,4,4,4,4,4,2,0,2,1,0,2,2,1,2,3,3,3,3,3,3,3,AP009048.1/3650249-3650043,0
765,2,3,4,4,4,2,2,1,3,1,0,3,3,1,0,1,1,4,2,0,4,1,3,3,0,3,2,3,1,0,2,1,1,1,1,3,3,1,2,4,4,4,4,4,4,4,4,4,4,2,2,0,1,2,3,4,4,4,4,4,4,4,4,4,4,4,4,4,4,4,4,4,4,4,4,4,4,4,4,4,4,4,4,4,4,2,1,4,3,0,1,0,3,0,0,0,0,3,0,1,4,4,2,0,0,3,2,0,1,2,1,4,4,4,4,4,0,1,0,0,4,4,4,4,4,4,1,0,0,2,2,4,4,3,2,1,1,3,4,2,4,1,1,2,3,1,1,0,4,4,0,1,3,3,4,1,3,2,0,3,0,4,3,1,0,2,1,4,2,3,0,4,4,4,4,2,1,3,4,4,4,4,4,4,4,0,4,4,4,4,4,4,4,4,4,4,4,4,4,4,4,4,4,4,4,4,4,4,4,4,4,4,4,4,4,4,4,4,4,4,4,4,4,4,4,4,4,4,4,4,4,4,4,4,4,4,4,4,4,4,3,0,3,1,0,4,4,0,1,1,0,3,4,1,2,2,2,1,2,0,0,0,1,2,3,1,2,0,4,4,4,4,4,4,4,4,4,4,4,4,4,4,4,4,4,4,4,4,4,2,3,3,0,2,2,1,0,4,1,1,2,4,1,1,3,3,4,4,4,0,3,3,4,4,4,4,4,4,4,4,4,4,4,4,4,4,4,4,4,4,4,4,4,4,4,4,4,4,4,4,4,4,4,4,4,4,4,4,4,4,4,4,4,4,4,4,4,1,1,0,4,4,4,4,4,4,4,4,4,4,4,4,4,4,4,4,4,3,0,0,1,0,0,0,2,1,1,2,2,2,4,4,3,0,0,3,4,4,4,4,3,4,4,4,4,4,4,4,4,4,4,4,4,4,4,4,4,4,4,4,4,4,4,4,4,4,4,4,4,4,4,4,4,4,4,4,4,4,4,4,4,4,4,1,1,1,2,2,1,3,3,3,2,3,3,2,3,AFDW01000025.1/488834-488650,0
766,2,3,0,2,0,3,2,1,3,1,0,3,3,1,1,0,3,4,1,3,4,1,3,3,0,3,2,3,3,1,2,1,1,3,3,1,4,4,4,4,4,4,4,4,4,4,4,4,4,4,4,4,4,3,2,4,4,4,4,4,4,4,4,4,4,4,4,4,4,4,4,4,4,4,4,4,4,4,4,4,4,4,4,4,4,2,1,4,1,3,1,0,3,0,0,0,1,3,1,0,4,2,2,0,0,3,2,0,3,2,1,4,0,2,0,4,2,1,1,2,3,3,4,4,4,4,3,0,1,2,2,4,4,3,2,1,3,3,4,0,4,3,1,2,3,1,1,0,4,4,1,3,2,0,4,1,0,2,0,3,2,4,3,1,2,1,4,4,4,3,3,4,0,4,1,2,1,1,4,4,4,4,4,4,4,3,4,4,4,4,4,4,4,4,4,4,4,4,4,4,4,4,4,4,4,4,4,4,4,4,4,4,4,4,4,4,4,4,4,4,4,4,4,4,4,4,4,4,4,4,4,4,4,4,4,4,4,4,4,4,1,0,3,1,0,0,0,1,0,1,1,1,4,3,2,2,0,1,0,1,0,0,1,2,3,3,2,0,4,4,4,4,4,4,4,4,4,4,4,4,4,4,4,4,4,4,4,4,4,2,3,2,0,0,2,1,0,4,1,1,1,4,1,3,3,3,4,0,3,2,3,3,2,3,1,0,4,3,4,0,1,0,4,4,4,4,4,4,4,4,4,4,4,4,4,4,4,4,4,4,4,4,4,4,4,4,4,4,4,4,4,4,4,4,2,0,1,1,3,2,4,4,4,4,4,4,4,4,4,4,4,4,4,4,4,4,4,3,3,3,3,2,0,1,2,1,1,3,2,1,1,1,1,3,3,0,0,4,4,1,1,4,4,4,4,4,4,4,4,4,4,4,4,4,4,4,4,4,4,4,4,4,4,4,4,4,4,4,4,4,4,4,4,4,4,4,4,4,4,4,4,2,2,2,1,0,2,2,1,2,3,3,3,3,3,3,3,FR775242.1/36431-36638,0
767,2,3,4,4,4,2,2,1,3,1,0,3,3,1,0,1,1,4,3,3,4,1,3,3,0,3,2,3,1,0,2,1,1,1,1,3,3,0,2,4,4,4,4,4,4,4,4,4,4,2,2,0,1,2,1,4,4,4,4,4,4,4,4,4,4,4,4,4,4,4,4,4,4,4,4,4,4,4,4,4,4,4,4,4,4,2,1,4,3,0,1,0,3,0,0,0,1,3,3,1,4,4,2,0,0,3,2,0,3,2,1,4,4,4,4,4,0,1,0,0,4,4,4,4,4,4,1,0,0,2,2,4,4,3,2,1,1,3,4,2,4,1,1,2,3,1,1,0,4,4,0,1,3,3,4,1,3,2,0,3,0,4,0,3,0,2,1,4,2,3,4,4,4,4,0,2,1,3,4,4,4,4,4,4,4,3,4,4,4,4,4,4,4,4,4,4,4,4,4,4,4,4,4,4,4,4,4,4,4,4,4,4,4,4,4,4,4,4,4,4,4,4,4,4,4,4,4,4,4,4,4,4,4,4,4,4,4,4,4,4,3,0,3,1,0,4,4,0,1,1,3,1,4,1,2,2,2,1,2,0,0,0,1,2,3,1,2,0,4,4,4,4,4,4,4,4,4,4,4,4,4,4,4,4,4,4,4,4,4,2,3,3,0,2,2,1,0,4,1,1,2,4,1,1,3,3,4,4,4,0,3,3,4,4,4,4,4,4,4,4,4,4,4,4,4,4,4,4,4,4,4,4,4,4,4,4,4,4,4,4,4,4,4,4,4,4,4,4,4,4,4,4,4,4,4,4,4,1,1,0,4,4,4,4,4,4,4,4,4,4,4,4,4,4,4,4,4,3,0,0,1,0,0,0,2,1,1,2,2,2,3,3,3,0,2,1,1,1,2,2,3,4,4,4,4,4,4,4,4,4,4,4,4,4,4,4,4,4,4,4,4,4,4,4,4,4,4,4,4,4,4,4,4,4,4,4,4,4,4,4,4,0,2,1,1,1,2,2,1,3,3,3,2,3,3,2,3,AFCI01001296.1/2054-1862,0
768,2,3,0,2,0,3,2,1,3,1,0,3,3,1,1,0,1,4,1,3,4,1,3,3,0,3,2,3,3,3,2,1,3,3,1,2,4,4,4,4,4,4,4,4,4,4,4,4,4,4,4,4,4,4,4,4,4,4,4,4,4,4,4,4,4,4,4,4,4,4,4,4,4,4,4,4,4,4,4,4,4,4,4,4,4,2,1,4,3,0,1,0,3,0,0,0,1,1,3,2,4,2,2,0,0,3,2,0,1,2,1,4,0,2,0,4,2,1,1,0,0,3,4,4,4,3,3,3,2,2,2,4,4,3,0,1,1,3,4,2,4,3,3,2,3,1,3,2,4,4,1,1,3,2,4,1,1,3,2,3,0,4,3,1,2,1,4,4,4,2,0,4,0,4,0,2,3,1,4,4,4,4,4,4,4,3,4,4,4,4,4,4,4,4,4,4,4,4,4,4,4,4,4,4,4,4,4,4,4,4,4,4,4,4,4,4,4,4,4,4,4,4,4,4,4,4,4,4,4,4,4,4,4,4,4,4,4,4,4,4,3,0,1,0,2,2,4,2,3,3,0,3,4,1,0,2,0,1,0,1,1,0,1,2,3,3,2,0,4,4,4,4,4,4,4,4,4,4,4,4,4,4,4,4,4,4,4,4,4,2,3,1,2,2,2,3,0,4,1,1,4,4,3,1,3,1,4,4,2,2,3,3,2,3,1,3,4,0,4,0,1,1,4,4,4,4,4,4,4,4,4,4,4,4,4,4,4,4,4,4,4,4,4,4,4,4,4,4,4,4,4,4,4,4,2,0,1,1,3,2,4,4,4,4,4,4,4,4,4,4,4,4,4,4,4,4,4,0,3,1,3,3,0,1,0,1,1,3,2,1,3,3,3,4,4,4,4,4,4,4,4,4,4,4,4,4,4,4,4,4,4,4,4,4,4,4,4,4,4,4,4,4,4,4,4,4,4,4,4,4,4,4,4,4,4,4,4,4,4,4,4,3,0,2,1,0,2,2,3,2,3,3,3,3,3,3,3,CP001875.2/183885-184082,0
769,2,3,0,2,0,3,2,1,3,1,0,3,3,1,1,0,3,4,1,3,4,1,3,3,0,3,2,3,3,1,2,1,1,3,3,1,4,4,4,4,4,4,4,4,4,4,4,4,4,4,4,4,4,3,2,4,4,4,4,4,4,4,4,4,4,4,4,4,4,4,4,4,4,4,4,4,4,4,4,4,4,4,4,4,4,2,1,4,1,3,1,0,3,0,0,0,1,3,1,0,4,2,2,0,0,3,2,0,3,2,1,4,0,2,0,4,2,1,1,2,3,3,4,4,4,4,3,0,1,2,2,4,4,3,2,1,3,3,4,0,4,3,1,2,3,1,1,0,4,4,1,3,2,0,4,1,0,2,0,3,2,4,3,1,2,1,4,4,4,3,3,4,0,4,1,2,1,1,4,4,4,4,4,4,4,3,4,4,4,4,4,4,4,4,4,4,4,4,4,4,4,4,4,4,4,4,4,4,4,4,4,4,4,4,4,4,4,4,4,4,4,4,4,4,4,4,4,4,4,4,4,4,4,4,4,4,4,4,4,4,1,0,3,1,0,0,0,1,0,1,1,1,4,3,2,2,0,1,0,1,0,0,1,2,3,3,2,0,4,4,4,4,4,4,4,4,4,4,4,4,4,4,4,4,4,4,4,4,4,2,3,2,0,0,2,1,0,4,1,1,1,4,1,3,3,3,4,0,3,2,3,3,2,3,1,0,4,3,4,0,1,0,4,4,4,4,4,4,4,4,4,4,4,4,4,4,4,4,4,4,4,4,4,4,4,4,4,4,4,4,4,4,4,4,2,0,1,1,3,2,4,4,4,4,4,4,4,4,4,4,4,4,4,4,4,4,4,3,3,3,3,2,0,1,2,1,1,3,2,1,1,1,1,3,3,0,0,4,4,1,1,4,4,4,4,4,4,4,4,4,4,4,4,4,4,4,4,4,4,4,4,4,4,4,4,4,4,4,4,4,4,4,4,4,4,4,4,4,4,4,4,2,2,2,1,0,2,2,1,2,3,3,3,3,3,3,3,AF233324.1/37606-37813,0
770,2,3,0,2,0,3,2,1,3,1,0,3,3,1,1,0,3,4,1,3,4,1,3,3,0,3,2,3,3,1,2,1,1,3,3,0,4,4,4,4,4,4,4,4,4,4,4,4,4,4,4,4,4,2,3,4,4,4,4,4,4,4,4,4,4,4,4,4,4,4,4,4,4,4,4,4,4,4,4,4,4,4,4,4,4,2,1,4,1,3,1,0,3,0,0,0,1,3,1,1,4,2,2,0,0,3,2,0,1,2,1,4,0,2,0,4,2,1,1,2,3,3,4,4,4,4,3,0,1,2,2,4,4,3,2,1,3,3,4,0,4,3,1,2,3,1,1,0,4,4,1,3,2,0,4,1,0,2,0,3,2,4,3,1,2,1,4,4,4,3,3,4,0,4,3,2,1,1,4,4,4,4,4,4,4,3,4,4,4,4,4,4,4,4,4,4,4,4,4,4,4,4,4,4,4,4,4,4,4,4,4,4,4,4,4,4,4,4,4,4,4,4,4,4,4,4,4,4,4,4,4,4,4,4,4,4,4,4,4,4,1,0,3,1,0,2,0,1,0,1,1,0,4,3,2,2,0,1,0,1,0,0,1,2,3,3,2,0,4,4,4,4,4,4,4,4,4,4,4,4,4,4,4,4,4,4,4,4,4,2,3,2,0,0,2,1,0,4,1,1,4,4,1,0,1,3,4,4,3,2,3,3,2,3,1,0,4,3,4,0,1,0,4,4,4,4,4,4,4,4,4,4,4,4,4,4,4,4,4,4,4,4,4,4,4,4,4,4,4,4,4,4,4,4,2,0,1,1,3,2,4,4,4,4,4,4,4,4,4,4,4,4,4,4,4,4,4,3,3,3,3,0,0,1,2,1,1,3,2,1,3,1,1,2,3,0,0,4,3,0,0,4,4,4,4,4,4,4,4,4,4,4,4,4,4,4,4,4,4,4,4,4,4,4,4,4,4,4,4,4,4,4,4,4,4,4,4,4,4,4,4,2,0,2,1,0,2,2,1,2,3,3,3,3,3,3,3,ADBC01000155.1/39141-39347,0
771,2,3,4,4,4,2,2,1,3,1,0,3,3,1,0,1,1,4,3,3,4,1,3,3,0,3,2,3,1,0,2,1,1,1,1,3,3,0,2,4,4,4,4,4,4,4,4,4,4,2,2,0,1,2,1,4,4,4,4,4,4,4,4,4,4,4,4,4,4,4,4,4,4,4,4,4,4,4,4,4,4,4,4,4,4,2,1,4,3,0,1,0,3,0,0,0,1,3,3,1,4,4,2,0,0,3,2,0,1,2,1,4,4,4,4,4,0,1,0,0,4,4,4,4,4,4,1,0,0,2,2,4,4,3,2,1,1,3,4,2,4,1,1,2,3,1,1,0,4,4,0,1,3,3,4,1,3,2,0,3,0,4,0,3,0,2,1,4,2,3,4,4,4,4,0,2,1,3,4,4,4,4,4,4,4,3,4,4,4,4,4,4,4,4,4,4,4,4,4,4,4,4,4,4,4,4,4,4,4,4,4,4,4,4,4,4,4,4,4,4,4,4,4,4,4,4,4,4,4,4,4,4,4,4,4,4,4,4,4,4,3,0,3,1,0,4,4,0,1,1,3,1,4,1,2,2,2,1,2,0,0,0,1,2,3,1,2,0,4,4,4,4,4,4,4,4,4,4,4,4,4,4,4,4,4,4,4,4,4,2,3,3,0,2,2,1,0,4,1,1,2,4,1,1,3,3,4,4,4,0,3,3,4,4,4,4,4,4,4,4,4,4,4,4,4,4,4,4,4,4,4,4,4,4,4,4,4,4,4,4,4,4,4,4,4,4,4,4,4,4,4,4,4,4,4,4,4,1,1,0,4,4,4,4,4,4,4,4,4,4,4,4,4,4,4,4,4,3,0,0,1,0,0,0,2,1,1,2,2,2,3,3,3,4,4,4,4,4,4,4,4,4,4,4,4,4,4,4,4,4,4,4,4,4,4,4,4,4,4,4,4,4,4,4,4,4,4,4,4,4,4,4,4,4,4,4,4,4,4,4,4,0,2,1,1,1,2,2,1,3,3,3,2,3,3,2,3,ABFF01000012.1/71677-71861,0
772,2,3,0,2,0,3,2,1,3,1,0,3,3,1,1,0,3,4,1,3,4,1,3,3,0,3,2,3,3,1,2,1,1,3,3,0,4,4,4,4,4,4,4,4,4,4,4,4,4,4,4,4,4,2,3,4,4,4,4,4,4,4,4,4,4,4,4,4,4,4,4,4,4,4,4,4,4,4,4,4,4,4,4,4,4,2,1,4,1,3,1,0,3,0,0,0,1,3,1,1,4,2,2,0,0,3,2,0,1,2,1,4,0,2,0,4,2,1,1,2,3,3,4,4,4,4,3,0,1,2,2,4,4,3,2,1,3,3,4,0,4,3,1,2,3,1,1,0,4,4,1,3,2,0,4,1,0,2,0,3,2,4,3,1,2,1,4,4,4,3,3,4,0,4,3,2,1,1,4,4,4,4,4,4,4,3,4,4,4,4,4,4,4,4,4,4,4,4,4,4,4,4,4,4,4,4,4,4,4,4,4,4,4,4,4,4,4,4,4,4,4,4,4,4,4,4,4,4,4,4,4,4,4,4,4,4,4,4,4,4,1,0,3,1,0,2,0,1,0,1,1,0,4,3,2,2,0,1,0,1,0,0,1,2,3,3,2,0,4,4,4,4,4,4,4,4,4,4,4,4,4,4,4,4,4,4,4,4,4,2,3,2,0,0,2,1,0,4,1,1,4,4,1,0,1,3,4,4,3,2,3,3,2,3,1,0,4,3,4,0,1,0,4,4,4,4,4,4,4,4,4,4,4,4,4,4,4,4,4,4,4,4,4,4,4,4,4,4,4,4,4,4,4,4,2,0,1,1,3,2,4,4,4,4,4,4,4,4,4,4,4,4,4,4,4,4,4,3,3,3,3,0,0,1,2,1,1,3,2,1,3,1,1,2,3,0,0,4,3,0,0,4,4,4,4,4,4,4,4,4,4,4,4,4,4,4,4,4,4,4,4,4,4,4,4,4,4,4,4,4,4,4,4,4,4,4,4,4,4,4,4,2,0,2,1,0,2,2,1,2,3,3,3,3,3,3,3,ADUR01000075.1/173040-173246,0
773,2,3,0,2,0,3,2,1,3,1,0,3,3,1,1,0,3,4,1,3,4,1,3,3,0,3,2,3,3,1,2,1,1,1,3,0,4,4,4,4,4,4,4,4,4,4,4,4,4,4,4,4,4,1,2,4,4,4,4,4,4,4,4,4,4,4,4,4,4,4,4,4,4,4,4,4,4,4,4,4,4,4,4,4,4,2,1,4,1,3,1,0,3,0,0,0,1,3,1,0,4,2,2,0,0,3,2,0,1,2,1,4,0,2,0,4,2,1,1,2,3,3,4,4,4,4,3,0,1,2,2,4,4,3,2,1,3,3,4,0,4,3,1,2,3,1,1,0,4,4,1,3,2,0,4,1,0,2,0,3,2,4,3,1,2,1,4,4,4,3,3,4,1,4,2,2,1,1,4,4,4,4,4,4,4,3,4,4,4,4,4,4,4,4,4,4,4,4,4,4,4,4,4,4,4,4,4,4,4,4,4,4,4,4,4,4,4,4,4,4,4,4,4,4,4,4,4,4,4,4,4,4,4,4,4,4,4,4,4,4,1,0,3,1,0,0,0,1,0,1,1,0,4,3,2,2,0,1,0,3,0,0,1,2,3,3,2,0,4,4,4,4,4,4,4,4,4,4,4,4,4,4,4,4,4,4,4,4,4,2,3,2,0,0,2,1,0,4,1,1,0,4,0,0,3,0,4,4,3,2,3,3,2,3,1,3,4,3,4,0,1,0,4,4,4,4,4,4,4,4,4,4,4,4,4,4,4,4,4,4,4,4,4,4,4,4,4,4,4,4,4,4,4,4,2,0,1,1,3,2,4,4,4,4,4,4,4,4,4,4,4,4,4,4,4,4,4,4,4,4,4,4,4,4,4,4,4,4,4,4,4,4,4,4,4,4,4,4,4,4,4,4,4,4,4,4,4,4,4,4,4,4,4,4,4,4,4,4,4,4,4,4,4,4,4,4,4,4,4,4,4,4,4,4,4,4,4,4,4,4,4,4,4,4,4,4,4,4,4,4,4,4,3,3,3,3,0,ACHR01033542.1/260-433,0
774,2,3,0,2,0,3,2,1,3,1,0,3,1,1,1,0,1,4,3,3,4,0,3,3,0,3,2,0,1,0,2,1,3,3,2,2,1,1,0,3,3,0,0,4,4,2,2,1,3,0,0,3,3,3,0,4,4,4,4,4,4,4,4,4,4,4,4,4,4,4,4,4,4,4,4,4,4,4,4,4,4,4,4,4,4,2,1,4,3,3,1,0,3,0,0,0,1,1,1,0,4,2,2,2,0,3,2,0,1,2,1,4,0,2,0,4,2,1,1,2,0,3,4,4,3,3,3,0,2,0,2,4,4,3,2,1,1,3,4,0,4,3,3,2,3,1,1,0,4,3,2,3,0,0,4,1,1,2,0,3,2,4,3,3,2,0,2,4,3,0,0,4,3,4,2,3,4,4,4,4,4,4,4,4,4,4,4,4,4,4,4,4,4,4,4,4,4,4,4,4,4,4,4,4,4,4,4,4,4,4,4,4,4,4,4,4,4,4,4,4,4,4,4,4,4,4,4,4,4,4,4,4,4,4,4,4,4,4,4,4,1,0,3,1,0,4,4,1,0,3,0,1,4,1,2,2,2,1,0,3,0,0,1,2,3,3,2,0,4,4,4,4,4,4,4,4,4,4,4,4,4,4,4,4,4,4,4,4,4,2,3,2,0,2,2,1,0,4,1,3,2,4,0,3,0,3,4,4,3,2,3,3,2,3,1,3,4,0,4,3,1,4,4,4,4,4,4,4,4,4,4,4,4,4,4,4,4,4,4,4,4,4,4,4,4,4,4,4,4,4,4,4,4,4,2,0,1,1,3,2,0,0,4,4,4,4,4,4,4,4,4,4,4,4,0,0,3,3,3,3,0,2,0,1,0,1,3,3,2,1,1,1,3,3,3,3,4,4,4,4,4,4,4,4,4,4,4,4,4,4,4,4,4,4,4,4,4,4,4,4,4,4,4,4,4,4,4,4,4,4,4,4,4,4,4,4,4,4,4,4,4,1,2,2,1,0,0,2,3,2,3,3,3,3,3,3,3,CP000668.1/3980777-3980555,0
775,2,3,0,2,0,3,2,1,3,1,0,3,3,1,1,0,3,4,1,3,4,1,3,3,0,3,2,3,3,1,2,1,1,3,3,1,4,4,4,4,4,4,4,4,4,4,4,4,4,4,4,4,4,3,2,4,4,4,4,4,4,4,4,4,4,4,4,4,4,4,4,4,4,4,4,4,4,4,4,4,4,4,4,4,4,2,1,4,1,3,1,0,3,0,0,0,1,3,1,0,4,2,2,0,0,3,2,0,3,2,1,4,0,2,0,4,2,1,1,2,3,3,4,4,4,4,3,0,1,2,2,4,4,3,2,1,3,3,4,0,4,3,1,2,3,1,1,0,4,4,1,3,2,0,4,1,0,2,0,3,2,4,3,1,2,1,4,4,4,3,3,4,0,4,1,2,1,1,4,4,4,4,4,4,4,3,4,4,4,4,4,4,4,4,4,4,4,4,4,4,4,4,4,4,4,4,4,4,4,4,4,4,4,4,4,4,4,4,4,4,4,4,4,4,4,4,4,4,4,4,4,4,4,4,4,4,4,4,4,4,1,0,3,1,0,0,0,1,0,1,1,1,4,3,2,2,0,1,0,1,0,0,1,2,3,3,2,0,4,4,4,4,4,4,4,4,4,4,4,4,4,4,4,4,4,4,4,4,4,2,3,2,0,0,2,1,0,4,1,1,1,4,1,3,3,3,4,0,3,2,3,3,2,3,1,0,4,3,4,0,1,0,4,4,4,4,4,4,4,4,4,4,4,4,4,4,4,4,4,4,4,4,4,4,4,4,4,4,4,4,4,4,4,4,2,0,1,1,3,2,4,4,4,4,4,4,4,4,4,4,4,4,4,4,4,4,4,3,3,3,3,2,0,1,2,1,1,3,2,1,1,1,1,3,3,0,0,4,4,1,1,4,4,4,4,4,4,4,4,4,4,4,4,4,4,4,4,4,4,4,4,4,4,4,4,4,4,4,4,4,4,4,4,4,4,4,4,4,4,4,4,2,2,2,1,0,2,2,1,2,3,3,3,3,3,3,3,CAAV01003619.1/512-719,0
776,2,3,4,4,4,2,2,1,3,1,0,3,3,1,0,1,1,4,2,0,4,1,3,3,0,3,2,3,1,0,2,1,1,1,1,3,3,1,2,4,4,4,4,4,4,4,4,4,4,2,2,0,1,2,3,4,4,4,4,4,4,4,4,4,4,4,4,4,4,4,4,4,4,4,4,4,4,4,4,4,4,4,4,4,4,2,1,4,3,0,1,0,3,0,0,0,0,3,3,1,4,4,2,0,0,3,2,0,1,2,1,4,4,4,4,4,0,1,0,0,4,4,4,4,4,4,1,0,0,2,2,4,4,3,2,1,1,3,4,2,4,1,1,2,3,1,1,0,4,4,0,1,3,3,4,1,3,2,0,3,0,4,3,1,0,2,4,4,4,1,3,4,3,4,0,2,1,3,4,4,4,4,4,4,4,0,4,4,4,4,4,4,4,4,4,4,4,4,4,4,4,4,4,4,4,4,4,4,4,4,4,4,4,4,4,4,4,4,4,4,4,4,4,4,4,4,4,4,4,4,4,4,4,4,4,4,4,4,4,4,3,0,3,1,0,4,4,0,1,1,1,3,4,1,2,2,2,1,2,0,0,0,1,2,3,1,2,0,4,4,4,4,4,4,4,4,4,4,4,4,4,4,4,4,4,4,4,4,4,2,3,3,0,2,2,1,0,4,1,1,2,4,1,1,3,3,4,4,4,0,3,3,4,4,4,4,4,4,4,4,4,4,4,4,4,4,4,4,4,4,4,4,4,4,4,4,4,4,4,4,4,4,4,4,4,4,4,4,4,4,4,4,4,4,4,4,4,1,1,0,4,4,4,4,4,4,4,4,4,4,4,4,4,4,4,4,4,3,0,0,1,0,0,0,2,1,1,2,2,2,4,4,3,1,0,3,4,4,4,4,3,4,4,4,4,4,4,4,4,4,4,4,4,4,4,4,4,4,4,4,4,4,4,4,4,4,4,4,4,4,4,4,4,4,4,4,4,4,4,4,4,4,4,1,1,1,2,2,1,3,3,3,2,3,3,2,3,CU928158.2/520241-520425,0
777,2,1,0,2,3,2,2,1,3,1,0,3,3,1,0,1,1,4,2,0,4,1,3,3,0,3,2,3,1,0,2,1,1,1,1,3,3,1,2,4,4,4,4,4,4,4,4,4,4,2,2,0,1,2,3,4,4,4,4,4,4,4,4,4,4,4,4,4,4,4,4,4,4,4,4,4,4,4,4,4,4,4,4,4,4,2,1,4,3,0,1,0,3,0,0,0,0,3,3,1,4,4,2,0,0,3,2,0,1,2,1,4,0,1,0,4,0,1,4,4,4,4,4,4,4,4,4,0,0,2,2,4,4,3,2,1,1,3,4,2,4,1,1,2,3,1,1,0,4,4,0,1,3,3,4,1,3,2,0,3,0,4,3,1,0,2,1,4,2,3,0,4,4,4,4,2,1,3,4,4,4,4,4,4,4,0,4,4,4,4,4,4,4,4,4,4,4,4,4,4,4,4,4,4,4,4,4,4,4,4,4,4,4,4,4,4,4,4,4,4,4,4,4,4,4,4,4,4,4,4,4,4,4,4,4,4,4,4,4,4,3,0,3,1,0,4,4,0,1,1,0,3,4,1,2,2,2,1,2,0,0,0,1,2,3,1,2,0,4,4,4,4,4,4,4,4,4,4,4,4,4,4,4,4,4,4,4,4,4,2,3,3,0,2,2,1,0,4,1,1,2,4,1,1,3,3,4,4,4,0,3,3,4,4,4,4,4,4,4,4,4,4,4,4,4,4,4,4,4,4,4,4,4,4,4,4,4,4,4,4,4,4,4,4,4,4,4,4,4,4,4,4,4,4,4,4,4,1,1,0,4,4,4,4,4,4,4,4,4,4,4,4,4,4,4,4,4,3,0,0,1,0,0,0,2,1,1,2,2,2,4,4,3,0,0,3,4,4,4,4,3,4,4,4,4,4,4,4,4,4,4,4,4,4,4,4,4,4,4,4,4,4,4,4,4,4,4,4,4,4,4,4,4,4,4,4,4,4,4,4,4,4,4,1,1,1,2,2,1,3,3,3,2,3,3,2,3,CP001509.3/2557147-2556960,0
778,2,3,0,2,0,3,2,1,3,1,0,3,3,1,1,0,3,4,1,3,4,1,3,3,0,3,2,3,3,1,2,1,1,3,3,0,4,4,4,4,4,4,4,4,4,4,4,4,4,4,4,4,4,2,3,4,4,4,4,4,4,4,4,4,4,4,4,4,4,4,4,4,4,4,4,4,4,4,4,4,4,4,4,4,4,2,1,4,1,3,1,0,3,0,0,0,1,3,1,1,4,2,2,0,0,3,2,0,1,2,1,4,0,2,0,4,2,1,1,2,3,3,4,4,4,4,3,0,1,2,2,4,4,3,2,1,3,3,4,0,4,3,1,2,3,1,1,0,4,4,1,3,2,0,4,1,0,2,0,3,2,4,3,1,2,1,4,4,4,3,3,4,0,4,3,2,1,1,4,4,4,4,4,4,4,3,4,4,4,4,4,4,4,4,4,4,4,4,4,4,4,4,4,4,4,4,4,4,4,4,4,4,4,4,4,4,4,4,4,4,4,4,4,4,4,4,4,4,4,4,4,4,4,4,4,4,4,4,4,4,1,0,3,1,0,2,0,1,0,1,1,0,4,3,2,2,0,1,0,1,0,0,1,2,3,3,2,0,4,4,4,4,4,4,4,4,4,4,4,4,4,4,4,4,4,4,4,4,4,2,3,2,0,0,2,1,0,4,1,1,4,4,1,0,1,3,4,4,3,2,3,3,2,3,1,0,4,3,4,0,1,0,4,4,4,4,4,4,4,4,4,4,4,4,4,4,4,4,4,4,4,4,4,4,4,4,4,4,4,4,4,4,4,4,2,0,1,1,3,2,4,4,4,4,4,4,4,4,4,4,4,4,4,4,4,4,4,3,3,3,3,0,0,1,2,1,1,3,2,1,3,1,1,2,3,0,0,4,3,0,0,4,4,4,4,4,4,4,4,4,4,4,4,4,4,4,4,4,4,4,4,4,4,4,4,4,4,4,4,4,4,4,4,4,4,4,4,4,4,4,4,2,0,2,1,0,2,2,1,2,3,3,3,3,3,3,3,CP000970.1/4266063-4266269,0
779,2,3,4,4,4,2,2,1,3,1,0,3,3,1,0,1,1,4,2,0,4,1,3,3,0,3,2,3,1,0,2,1,1,1,1,3,3,1,2,4,4,4,4,4,4,4,4,4,4,2,2,0,1,2,3,4,4,4,4,4,4,4,4,4,4,4,4,4,4,4,4,4,4,4,4,4,4,4,4,4,4,4,4,4,4,2,1,4,3,0,1,0,3,0,0,0,0,3,3,1,4,4,2,0,0,3,2,0,1,2,1,4,4,4,4,4,0,1,0,0,4,4,4,4,4,4,1,0,0,2,2,4,4,3,2,1,1,3,4,2,4,1,1,2,3,1,1,0,4,4,0,1,3,3,4,1,3,2,0,3,0,4,3,1,0,2,4,4,4,1,3,4,3,4,0,2,1,3,4,4,4,4,4,4,4,0,4,4,4,4,4,4,4,4,4,4,4,4,4,4,4,4,4,4,4,4,4,4,4,4,4,4,4,4,4,4,4,4,4,4,4,4,4,4,4,4,4,4,4,4,4,4,4,4,4,4,4,4,4,4,3,0,3,1,0,4,4,0,1,1,1,3,4,1,2,2,2,1,2,0,0,0,1,2,3,1,2,0,4,4,4,4,4,4,4,4,4,4,4,4,4,4,4,4,4,4,4,4,4,2,3,3,0,2,2,1,0,4,1,1,2,4,1,1,3,3,4,4,4,0,3,3,4,4,4,4,4,4,4,4,4,4,4,4,4,4,4,4,4,4,4,4,4,4,4,4,4,4,4,4,4,4,4,4,4,4,4,4,4,4,4,4,4,4,4,4,4,1,1,0,4,4,4,4,4,4,4,4,4,4,4,4,4,4,4,4,4,3,0,0,1,0,0,0,2,1,1,2,2,2,4,4,3,1,0,3,4,4,4,4,3,4,4,4,4,4,4,4,4,4,4,4,4,4,4,4,4,4,4,4,4,4,4,4,4,4,4,4,4,4,4,4,4,4,4,4,4,4,4,4,4,4,4,1,1,1,2,2,1,3,3,3,2,3,3,2,3,AEHW01000008.1/35554-35738,0
780,2,1,0,2,3,2,2,1,3,1,0,3,3,1,0,1,1,4,2,0,4,1,3,3,0,3,2,3,1,0,2,1,1,1,1,3,3,1,2,4,4,4,4,4,4,4,4,4,4,2,2,0,1,2,3,4,4,4,4,4,4,4,4,4,4,4,4,4,4,4,4,4,4,4,4,4,4,4,4,4,4,4,4,4,4,2,1,4,3,0,1,0,3,0,0,0,0,3,3,1,4,4,2,0,0,3,2,0,1,2,1,4,0,1,0,4,0,1,4,4,4,4,4,4,4,4,4,0,0,2,2,4,4,3,2,1,1,3,4,2,4,1,1,2,3,1,1,0,4,4,0,1,3,3,4,1,3,2,0,3,0,4,3,1,0,2,1,4,2,3,0,4,4,4,4,2,1,3,4,4,4,4,4,4,4,0,4,4,4,4,4,4,4,4,4,4,4,4,4,4,4,4,4,4,4,4,4,4,4,4,4,4,4,4,4,4,4,4,4,4,4,4,4,4,4,4,4,4,4,4,4,4,4,4,4,4,4,4,4,4,3,0,3,1,0,4,4,0,1,1,0,3,4,1,2,2,2,1,2,0,0,0,1,2,3,1,2,0,4,4,4,4,4,4,4,4,4,4,4,4,4,4,4,4,4,4,4,4,4,2,3,3,0,2,2,1,0,4,1,1,2,4,1,1,3,3,4,4,4,0,3,3,4,4,4,4,4,4,4,4,4,4,4,4,4,4,4,4,4,4,4,4,4,4,4,4,4,4,4,4,4,4,4,4,4,4,4,4,4,4,4,4,4,4,4,4,4,1,1,0,4,4,4,4,4,4,4,4,4,4,4,4,4,4,4,4,4,3,0,0,1,0,0,0,2,1,1,2,2,2,4,4,3,0,0,3,4,4,4,4,3,4,4,4,4,4,4,4,4,4,4,4,4,4,4,4,4,4,4,4,4,4,4,4,4,4,4,4,4,4,4,4,4,4,4,4,4,4,4,4,4,4,4,1,1,1,2,2,1,3,3,3,2,3,3,2,3,AFDQ01000025.1/726184-725997,0
781,2,3,0,2,0,3,2,1,3,1,0,3,3,1,1,0,3,4,1,3,4,1,3,3,0,3,2,3,3,1,2,1,1,3,3,1,4,4,4,4,4,4,4,4,4,4,4,4,4,4,4,4,4,3,2,4,4,4,4,4,4,4,4,4,4,4,4,4,4,4,4,4,4,4,4,4,4,4,4,4,4,4,4,4,4,2,1,4,1,3,1,0,3,0,0,0,1,3,1,0,4,2,2,0,0,3,2,0,3,2,1,4,0,2,0,4,2,1,1,2,3,3,4,4,4,4,3,0,1,2,2,4,4,3,2,1,3,3,4,0,4,3,1,2,3,1,1,0,4,4,1,3,2,0,4,1,0,2,0,3,2,4,3,1,2,1,4,4,4,3,3,4,0,4,1,2,1,1,4,4,4,4,4,4,4,3,4,4,4,4,4,4,4,4,4,4,4,4,4,4,4,4,4,4,4,4,4,4,4,4,4,4,4,4,4,4,4,4,4,4,4,4,4,4,4,4,4,4,4,4,4,4,4,4,4,4,4,4,4,4,1,0,3,1,0,0,0,1,0,1,1,1,4,3,2,2,0,1,0,1,0,0,1,2,3,3,2,0,4,4,4,4,4,4,4,4,4,4,4,4,4,4,4,4,4,4,4,4,4,2,3,2,0,0,2,1,0,4,1,1,1,4,1,3,3,3,4,0,3,2,3,3,2,3,1,0,4,3,4,0,1,0,4,4,4,4,4,4,4,4,4,4,4,4,4,4,4,4,4,4,4,4,4,4,4,4,4,4,4,4,4,4,4,4,2,0,1,1,3,2,4,4,4,4,4,4,4,4,4,4,4,4,4,4,4,4,4,3,3,3,3,2,0,1,2,1,1,3,2,1,1,1,1,3,3,0,0,4,4,1,1,4,4,4,4,4,4,4,4,4,4,4,4,4,4,4,4,4,4,4,4,4,4,4,4,4,4,4,4,4,4,4,4,4,4,4,4,4,4,4,4,2,2,2,1,0,2,2,1,2,3,3,3,3,3,3,3,AETK01000028.1/53205-52998,0
782,2,1,0,2,3,2,2,1,3,1,0,3,3,1,0,1,1,4,2,0,4,1,3,3,0,3,2,3,1,0,2,1,1,1,1,3,3,1,2,4,4,4,4,4,4,4,4,4,4,2,2,0,1,2,3,4,4,4,4,4,4,4,4,4,4,4,4,4,4,4,4,4,4,4,4,4,4,4,4,4,4,4,4,4,4,2,1,4,3,0,1,0,3,0,0,0,0,3,0,1,4,4,2,0,0,3,2,0,1,2,1,4,0,1,0,4,0,1,4,4,4,4,4,4,4,4,4,0,0,2,2,4,4,3,2,1,1,3,4,2,4,1,1,2,3,1,1,0,4,4,0,1,3,3,4,1,3,2,0,3,0,4,3,1,0,2,1,4,2,3,0,4,4,4,4,2,1,3,4,4,4,4,4,4,4,0,4,4,4,4,4,4,4,4,4,4,4,4,4,4,4,4,4,4,4,4,4,4,4,4,4,4,4,4,4,4,4,4,4,4,4,4,4,4,4,4,4,4,4,4,4,4,4,4,4,4,4,4,4,4,3,0,3,1,0,4,4,0,1,1,0,3,4,1,2,2,2,1,2,0,0,0,1,2,3,1,2,0,4,4,4,4,4,4,4,4,4,4,4,4,4,4,4,4,4,4,4,4,4,2,3,3,0,2,2,1,0,4,1,1,2,4,1,1,3,3,4,4,4,0,3,3,4,4,4,4,4,4,4,4,4,4,4,4,4,4,4,4,4,4,4,4,4,4,4,4,4,4,4,4,4,4,4,4,4,4,4,4,4,4,4,4,4,4,4,4,4,1,1,0,4,4,4,4,4,4,4,4,4,4,4,4,4,4,4,4,4,3,0,0,1,0,0,0,2,1,1,2,2,2,4,4,3,0,0,3,4,4,4,4,3,4,4,4,4,4,4,4,4,4,4,4,4,4,4,4,4,4,4,4,4,4,4,4,4,4,4,4,4,4,4,4,4,4,4,4,4,4,4,4,4,4,4,1,1,1,2,2,1,3,3,3,2,3,3,2,3,CP000800.1/2841127-2840940,0
783,2,3,4,4,4,2,2,1,3,1,0,3,3,1,0,1,1,4,2,0,4,1,3,3,0,3,2,3,1,0,2,1,1,1,1,3,3,1,2,4,4,4,4,4,4,4,4,4,4,2,2,0,1,2,3,4,4,4,4,4,4,4,4,4,4,4,4,4,4,4,4,4,4,4,4,4,4,4,4,4,4,4,4,4,4,2,1,4,3,0,1,0,3,0,0,0,0,3,3,1,4,4,2,0,0,3,2,0,1,2,1,4,4,4,4,4,0,1,0,0,4,4,4,4,4,4,1,0,0,2,2,4,4,3,2,1,1,3,4,2,4,1,1,2,3,1,1,0,4,4,0,1,3,3,4,1,3,2,0,3,0,4,3,1,0,2,1,4,2,3,0,4,4,4,4,2,1,3,4,4,4,4,4,4,4,0,4,4,4,4,4,4,4,4,4,4,4,4,4,4,4,4,4,4,4,4,4,4,4,4,4,4,4,4,4,4,4,4,4,4,4,4,4,4,4,4,4,4,4,4,4,4,4,4,4,4,4,4,4,4,3,0,3,1,0,4,4,0,1,1,0,3,4,1,2,2,2,1,2,0,0,0,1,2,3,1,2,0,4,4,4,4,4,4,4,4,4,4,4,4,4,4,4,4,4,4,4,4,4,2,3,3,0,2,2,1,0,4,1,1,2,4,1,1,3,3,4,4,4,0,3,3,4,4,4,4,4,4,4,4,4,4,4,4,4,4,4,4,4,4,4,4,4,4,4,4,4,4,4,4,4,4,4,4,4,4,4,4,4,4,4,4,4,4,4,4,4,1,1,0,4,4,4,4,4,4,4,4,4,4,4,4,4,4,4,4,4,3,0,0,1,0,0,0,2,1,1,2,2,2,4,4,3,0,0,3,4,4,4,4,3,4,4,4,4,4,4,4,4,4,4,4,4,4,4,4,4,4,4,4,4,4,4,4,4,4,4,4,4,4,4,4,4,4,4,4,4,4,4,4,4,4,4,1,1,1,2,2,1,3,3,3,2,3,3,2,3,AERR01000041.1/252439-252255,0
784,2,3,0,2,0,3,2,1,3,1,0,3,3,1,2,1,1,4,1,1,4,1,3,3,0,3,2,3,3,3,2,1,2,3,0,0,4,4,4,4,4,4,4,4,4,4,4,4,4,4,4,4,4,4,4,4,4,4,4,4,4,4,4,4,4,4,4,4,4,4,4,4,4,4,4,4,4,4,4,4,4,4,4,4,4,2,1,4,3,3,1,0,3,0,0,0,3,1,3,2,4,0,2,0,0,3,2,0,3,2,1,4,0,2,0,4,2,1,1,2,0,1,4,4,4,3,3,2,3,2,2,4,4,3,2,1,1,3,4,0,4,3,1,2,3,1,1,2,4,4,0,0,3,1,4,2,3,2,1,3,2,4,3,1,1,3,4,4,4,4,4,4,3,4,0,0,1,2,4,4,4,4,4,4,4,1,4,4,4,4,4,4,4,4,4,4,4,4,4,4,4,4,4,4,4,4,4,4,4,4,4,4,4,4,4,4,4,4,4,4,4,4,4,4,4,4,4,4,4,4,4,4,4,4,4,4,4,4,4,4,1,0,2,1,0,4,4,3,2,1,1,0,4,1,2,2,0,1,0,1,2,3,1,2,3,3,2,0,4,4,4,4,4,4,4,4,4,4,4,4,4,4,4,4,4,4,4,4,4,2,3,2,0,2,2,1,0,4,1,1,2,4,0,3,1,0,4,4,4,2,3,3,2,3,1,3,4,3,4,0,4,0,4,4,4,4,4,4,4,4,4,4,4,4,4,4,4,4,4,4,4,4,4,4,4,4,4,4,4,4,4,4,4,4,2,0,3,1,3,2,0,3,3,2,4,4,4,4,4,4,4,4,3,1,1,3,3,3,3,3,1,0,0,1,0,1,3,3,2,1,1,3,2,3,4,4,4,4,4,4,4,4,4,4,4,4,4,4,4,4,4,4,4,4,4,4,4,4,4,4,4,4,4,4,4,4,4,4,4,4,4,4,4,4,4,4,4,4,4,4,4,1,2,2,1,0,2,2,3,2,3,3,3,3,3,3,3,CP001135.1/114227-114430,0
785,2,1,0,2,3,2,2,1,3,1,0,3,3,1,0,1,1,4,2,0,4,1,3,3,0,3,2,3,1,0,2,1,1,1,1,3,3,1,2,4,4,4,4,4,4,4,4,4,4,2,2,0,1,2,3,4,4,4,4,4,4,4,4,4,4,4,4,4,4,4,4,4,4,4,4,4,4,4,4,4,4,4,4,4,4,2,1,4,3,0,1,0,3,0,0,0,0,3,3,1,4,4,2,0,0,3,2,0,1,2,1,4,0,1,0,4,0,1,4,4,4,4,4,4,4,4,4,0,0,2,2,4,4,3,2,1,1,3,4,2,4,1,1,2,3,1,1,0,4,4,0,1,3,3,4,1,3,2,0,3,0,4,3,1,0,2,1,4,2,3,0,4,4,4,4,2,1,3,4,4,4,4,4,4,4,0,4,4,4,4,4,4,4,4,4,4,4,4,4,4,4,4,4,4,4,4,4,4,4,4,4,4,4,4,4,4,4,4,4,4,4,4,4,4,4,4,4,4,4,4,4,4,4,4,4,4,4,4,4,4,3,0,3,1,0,4,4,0,1,1,0,3,4,1,2,2,2,1,2,0,0,0,1,2,3,1,2,0,4,4,4,4,4,4,4,4,4,4,4,4,4,4,4,4,4,4,4,4,4,2,3,3,0,2,2,1,0,4,1,1,2,4,1,1,3,3,4,4,4,0,3,3,4,4,4,4,4,4,4,4,4,4,4,4,4,4,4,4,4,4,4,4,4,4,4,4,4,4,4,4,4,4,4,4,4,4,4,4,4,4,4,4,4,4,4,4,4,1,1,0,4,4,4,4,4,4,4,4,4,4,4,4,4,4,4,4,4,3,0,0,1,0,0,0,2,1,1,2,2,2,4,4,3,0,0,3,4,4,4,4,3,4,4,4,4,4,4,4,4,4,4,4,4,4,4,4,4,4,4,4,4,4,4,4,4,4,4,4,4,4,4,4,4,4,4,4,4,4,4,4,4,4,4,1,1,1,2,2,1,3,3,3,2,3,3,2,3,AP010958.1/3135364-3135177,0
786,2,3,0,2,0,3,2,1,3,1,0,3,3,1,1,0,3,4,1,3,4,1,3,3,0,3,2,3,3,1,2,1,1,3,3,0,4,4,4,4,4,4,4,4,4,4,4,4,4,4,4,4,4,2,3,4,4,4,4,4,4,4,4,4,4,4,4,4,4,4,4,4,4,4,4,4,4,4,4,4,4,4,4,4,4,2,1,4,1,3,1,0,3,0,0,0,1,3,1,1,4,2,2,0,0,3,2,0,1,2,1,4,0,2,0,4,2,1,1,2,3,3,4,4,4,4,3,0,1,2,2,4,4,3,2,1,3,3,4,0,4,3,1,2,3,1,1,0,4,4,1,3,2,0,4,1,0,2,0,3,2,4,3,1,2,1,4,4,4,3,3,4,0,4,3,2,1,1,4,4,4,4,4,4,4,3,4,4,4,4,4,4,4,4,4,4,4,4,4,4,4,4,4,4,4,4,4,4,4,4,4,4,4,4,4,4,4,4,4,4,4,4,4,4,4,4,4,4,4,4,4,4,4,4,4,4,4,4,4,4,1,0,3,1,0,2,0,1,0,1,1,0,4,3,2,2,0,1,0,1,0,0,1,2,3,3,2,0,4,4,4,4,4,4,4,4,4,4,4,4,4,4,4,4,4,4,4,4,4,2,3,2,0,0,2,1,0,4,1,1,4,4,1,0,1,3,4,4,3,2,3,3,2,3,1,0,4,3,4,0,1,0,4,4,4,4,4,4,4,4,4,4,4,4,4,4,4,4,4,4,4,4,4,4,4,4,4,4,4,4,4,4,4,4,2,0,1,1,3,2,4,4,4,4,4,4,4,4,4,4,4,4,4,4,4,4,4,3,3,3,3,0,0,1,2,1,1,3,2,1,3,1,1,2,3,0,0,4,3,0,0,4,4,4,4,4,4,4,4,4,4,4,4,4,4,4,4,4,4,4,4,4,4,4,4,4,4,4,4,4,4,4,4,4,4,4,4,4,4,4,4,2,0,2,1,0,2,2,1,2,3,3,3,3,3,3,3,AEFI01000026.1/75105-74899,0
787,2,3,0,2,0,3,2,1,3,1,0,3,3,1,1,0,3,4,1,3,4,1,3,3,0,3,2,3,3,1,2,1,1,3,3,1,4,4,4,4,4,4,4,4,4,4,4,4,4,4,4,4,4,3,2,4,4,4,4,4,4,4,4,4,4,4,4,4,4,4,4,4,4,4,4,4,4,4,4,4,4,4,4,4,4,2,1,4,1,3,1,0,3,0,0,0,1,3,1,0,4,2,2,0,0,3,2,0,1,2,1,4,0,2,0,4,2,1,1,2,3,3,4,4,4,4,3,0,1,2,2,4,4,3,2,1,3,3,4,0,4,3,1,2,3,1,1,0,4,4,1,0,2,0,4,1,0,2,0,3,2,4,3,1,2,1,4,4,4,3,1,4,0,4,2,2,1,1,4,4,4,4,4,4,4,3,4,4,4,4,4,4,4,4,4,4,4,4,4,4,4,4,4,4,4,4,4,4,4,4,4,4,4,4,4,4,4,4,4,4,4,4,4,4,4,4,4,4,4,4,4,4,4,4,4,4,4,4,4,4,1,0,3,1,0,2,0,1,0,1,1,0,4,3,2,2,0,1,0,3,0,0,1,2,3,3,2,0,4,4,4,4,4,4,4,4,4,4,4,4,4,4,4,4,4,4,4,4,4,2,3,2,0,0,2,1,0,4,1,1,4,4,4,3,3,0,4,4,3,0,3,3,2,3,1,2,4,0,4,0,1,0,4,4,4,4,4,4,4,4,4,4,4,4,4,4,4,4,4,4,4,4,4,4,4,4,4,4,4,4,4,4,4,4,2,0,1,1,3,2,4,4,4,4,4,4,4,4,4,4,4,4,4,4,4,4,4,3,3,3,3,0,0,1,2,1,1,3,2,1,1,3,3,3,0,4,4,4,4,4,4,4,4,4,4,4,4,4,4,4,4,4,4,4,4,4,4,4,4,4,4,4,4,4,4,4,4,4,4,4,4,4,4,4,4,4,4,4,4,4,4,3,2,2,1,0,2,2,1,2,4,4,4,4,4,4,4,AGFT01040334.1/194-1,0
788,2,3,4,4,4,2,2,1,3,1,0,3,3,1,0,1,1,4,2,0,4,1,3,3,0,3,2,3,1,0,2,1,1,1,1,3,3,1,2,4,4,4,4,4,4,4,4,4,4,2,2,0,1,2,3,4,4,4,4,4,4,4,4,4,4,4,4,4,4,4,4,4,4,4,4,4,4,4,4,4,4,4,4,4,4,2,1,4,3,0,1,0,3,0,0,0,0,3,3,1,4,4,2,0,0,3,2,0,1,2,1,4,4,4,4,4,0,1,0,0,4,4,4,4,4,4,1,0,0,2,2,4,4,3,2,1,1,3,4,2,4,1,1,2,3,1,1,0,4,4,0,1,3,3,4,1,3,2,0,3,0,4,3,1,0,2,1,4,2,3,0,4,4,4,4,2,1,3,4,4,4,4,4,4,4,0,4,4,4,4,4,4,4,4,4,4,4,4,4,4,4,4,4,4,4,4,4,4,4,4,4,4,4,4,4,4,4,4,4,4,4,4,4,4,4,4,4,4,4,4,4,4,4,4,4,4,4,4,4,4,3,0,3,1,0,4,4,0,1,1,0,3,4,1,2,2,2,1,2,0,0,0,1,2,3,1,2,0,4,4,4,4,4,4,4,4,4,4,4,4,4,4,4,4,4,4,4,4,4,2,3,3,0,2,2,1,0,4,1,1,2,4,1,1,3,3,4,4,4,0,3,3,4,4,4,4,4,4,4,4,4,4,4,4,4,4,4,4,4,4,4,4,4,4,4,4,4,4,4,4,4,4,4,4,4,4,4,4,4,4,4,4,4,4,4,4,4,1,1,0,4,4,4,4,4,4,4,4,4,4,4,4,4,4,4,4,4,3,0,0,1,0,0,0,2,1,1,2,2,2,4,4,3,0,0,3,4,4,4,4,3,4,4,4,4,4,4,4,4,4,4,4,4,4,4,4,4,4,4,4,4,4,4,4,4,4,4,4,4,4,4,4,4,4,4,4,4,4,4,4,4,4,4,1,1,1,2,2,1,3,3,3,2,3,3,2,3,ABHP01000007.1/25024-25208,0
789,2,1,0,2,1,3,2,1,3,1,0,3,3,1,0,1,1,4,3,2,4,3,3,3,0,3,2,0,3,3,2,1,1,1,1,2,1,3,3,0,2,1,4,4,4,4,4,2,2,0,3,0,0,2,0,4,4,4,4,4,4,4,4,4,4,4,4,4,4,4,4,4,4,4,4,4,4,4,4,4,4,4,4,4,4,2,1,4,4,3,1,0,3,0,0,0,2,1,1,1,4,4,2,0,0,3,2,0,1,2,1,4,0,4,4,4,1,1,0,0,0,4,4,4,4,4,4,4,1,2,2,4,4,0,2,1,1,3,4,2,4,1,1,2,3,1,1,0,4,1,1,3,2,0,4,1,1,2,0,3,0,4,0,3,1,2,1,4,3,3,2,4,1,4,2,4,4,4,4,4,4,4,4,4,4,3,4,4,4,4,4,4,4,4,4,4,4,4,4,4,4,4,4,4,4,4,4,4,4,4,4,4,4,4,4,4,4,4,4,4,4,4,4,4,4,4,4,4,4,4,4,4,4,4,4,4,4,4,4,4,3,0,3,1,0,4,4,0,0,1,0,1,4,1,2,2,0,1,2,3,0,0,1,2,3,3,2,0,4,4,4,4,4,4,4,4,4,4,4,4,4,4,4,4,4,4,4,4,4,2,3,0,0,2,2,1,3,4,1,1,0,4,1,1,1,0,4,4,3,3,1,3,3,0,1,2,4,1,4,2,0,3,4,4,4,4,4,4,4,4,4,4,4,4,4,4,4,4,4,4,4,4,4,4,4,4,4,4,4,4,4,4,4,4,2,1,0,1,3,0,1,2,1,4,4,4,4,4,4,4,4,4,4,2,3,1,2,3,2,1,1,0,2,1,2,2,1,0,2,2,1,1,0,3,3,2,4,4,4,4,4,4,4,4,4,4,4,4,4,4,4,4,4,4,4,4,4,4,4,4,4,4,4,4,4,4,4,4,4,4,4,4,4,4,4,4,4,4,4,4,4,0,2,1,1,3,2,1,1,2,3,3,3,3,1,3,3,CP002206.1/2457116-2456903,0
790,2,3,4,4,4,2,2,1,3,1,0,3,3,1,0,1,1,4,2,0,4,1,3,3,0,3,2,3,1,0,2,1,1,1,1,3,3,0,2,4,4,4,4,4,4,4,4,4,4,2,2,0,1,2,3,4,4,4,4,4,4,4,4,4,4,4,4,4,4,4,4,4,4,4,4,4,4,4,4,4,4,4,4,4,4,2,1,4,3,0,1,0,3,0,0,0,0,3,3,1,4,4,2,0,0,3,2,0,1,2,1,4,4,4,4,4,0,1,0,0,4,4,4,4,4,4,1,0,0,2,2,4,4,3,2,1,1,3,4,2,4,1,1,2,3,1,1,0,4,4,0,1,3,3,4,1,3,2,0,3,0,4,3,1,0,2,1,4,2,3,0,4,4,4,4,2,1,3,4,4,4,4,4,4,4,0,4,4,4,4,4,4,4,4,4,4,4,4,4,4,4,4,4,4,4,4,4,4,4,4,4,4,4,4,4,4,4,4,4,4,4,4,4,4,4,4,4,4,4,4,4,4,4,4,4,4,4,4,4,4,3,0,3,1,0,4,4,0,1,1,0,3,4,1,2,2,2,1,2,0,0,0,1,2,3,1,2,0,4,4,4,4,4,4,4,4,4,4,4,4,4,4,4,4,4,4,4,4,4,2,3,3,0,2,2,1,0,4,1,1,2,4,1,1,3,3,4,4,4,0,3,3,4,4,4,4,4,4,4,4,4,4,4,4,4,4,4,4,4,4,4,4,4,4,4,4,4,4,4,4,4,4,4,4,4,4,4,4,4,4,4,4,4,4,4,4,4,1,1,0,4,4,4,4,4,4,4,4,4,4,4,4,4,4,4,4,4,3,0,0,1,0,0,0,2,1,1,2,2,2,4,4,3,0,0,3,4,4,4,4,3,4,4,4,4,4,4,4,4,4,4,4,4,4,4,4,4,4,4,4,4,4,4,4,4,4,4,4,4,4,4,4,4,4,4,4,4,4,4,4,4,4,4,1,1,1,2,2,1,3,3,3,2,3,3,2,3,CP001846.1/3152770-3152586,0
791,2,3,0,2,0,3,2,1,3,1,0,3,3,1,1,0,3,4,1,3,4,1,3,3,0,3,2,3,3,1,2,1,1,3,3,0,4,4,4,4,4,4,4,4,4,4,4,4,4,4,4,4,4,2,3,4,4,4,4,4,4,4,4,4,4,4,4,4,4,4,4,4,4,4,4,4,4,4,4,4,4,4,4,4,4,2,1,4,1,3,1,0,3,0,0,0,1,3,1,1,4,2,2,0,0,3,2,0,1,2,1,4,0,2,0,4,2,1,1,2,3,3,4,4,4,4,3,0,1,2,2,4,4,3,2,1,3,3,4,0,4,3,1,2,3,1,1,0,4,4,1,3,2,0,4,1,0,2,0,3,2,4,3,1,2,1,4,4,4,3,3,4,0,4,3,2,1,1,4,4,4,4,4,4,4,3,4,4,4,4,4,4,4,4,4,4,4,4,4,4,4,4,4,4,4,4,4,4,4,4,4,4,4,4,4,4,4,4,4,4,4,4,4,4,4,4,4,4,4,4,4,4,4,4,4,4,4,4,4,4,1,0,3,1,0,2,0,1,0,1,1,0,4,3,2,2,0,1,0,1,0,0,1,2,3,3,2,0,4,4,4,4,4,4,4,4,4,4,4,4,4,4,4,4,4,4,4,4,4,2,3,2,0,0,2,1,0,4,1,1,4,4,1,0,1,3,4,4,3,2,3,3,2,3,1,0,4,3,4,0,1,0,4,4,4,4,4,4,4,4,4,4,4,4,4,4,4,4,4,4,4,4,4,4,4,4,4,4,4,4,4,4,4,4,0,0,1,1,3,2,4,4,4,4,4,4,4,4,4,4,4,4,4,4,4,4,4,3,3,3,3,0,0,1,2,1,1,3,2,1,3,1,1,2,3,0,0,4,3,0,0,4,4,4,4,4,4,4,4,4,4,4,4,4,4,4,4,4,4,4,4,4,4,4,4,4,4,4,4,4,4,4,4,4,4,4,4,4,4,4,4,2,0,2,1,0,2,2,1,2,3,3,3,3,3,3,3,ACXG01000062.1/38827-39033,0
792,2,3,0,2,0,3,2,1,3,1,0,3,3,1,1,0,3,4,1,3,4,1,3,3,0,3,2,3,3,1,2,1,1,3,3,0,4,4,4,4,4,4,4,4,4,4,4,4,4,4,4,4,4,2,3,4,4,4,4,4,4,4,4,4,4,4,4,4,4,4,4,4,4,4,4,4,4,4,4,4,4,4,4,4,4,2,1,4,1,3,1,0,3,0,0,0,1,3,1,1,4,2,2,0,0,3,2,0,1,2,1,4,0,2,0,4,2,1,1,2,3,3,4,4,4,4,3,0,1,2,2,4,4,3,2,1,3,3,4,0,4,3,1,2,3,1,1,0,4,4,1,3,2,0,4,1,0,2,0,3,2,4,3,1,2,1,4,4,4,3,3,4,0,4,3,2,1,1,4,4,4,4,4,4,4,3,4,4,4,4,4,4,4,4,4,4,4,4,4,4,4,4,4,4,4,4,4,4,4,4,4,4,4,4,4,4,4,4,4,4,4,4,4,4,4,4,4,4,4,4,4,4,4,4,4,4,4,4,4,4,1,0,3,1,0,2,0,1,0,1,1,0,4,3,2,2,0,1,0,1,0,0,1,2,3,3,2,0,4,4,4,4,4,4,4,4,4,4,4,4,4,4,4,4,4,4,4,4,4,2,3,2,0,0,2,1,0,4,1,1,4,4,1,0,1,3,4,4,3,2,3,3,2,3,1,0,4,3,4,0,1,0,4,4,4,4,4,4,4,4,4,4,4,4,4,4,4,4,4,4,4,4,4,4,4,4,4,4,4,4,4,4,4,4,2,0,1,1,3,2,4,4,4,4,4,4,4,4,4,4,4,4,4,4,4,4,4,3,3,3,3,0,0,1,2,1,1,3,2,1,3,1,1,2,3,0,0,4,3,0,0,4,4,4,4,4,4,4,4,4,4,4,4,4,4,4,4,4,4,4,4,4,4,4,4,4,4,4,4,4,4,4,4,4,4,4,4,4,4,4,4,2,0,2,1,0,2,2,1,2,3,3,3,3,3,3,3,CP001846.1/4667368-4667574,0
793,2,3,0,2,0,3,2,1,3,1,0,3,3,1,1,0,3,4,1,3,4,1,3,3,0,3,2,3,3,1,2,1,1,3,3,0,4,4,4,4,4,4,4,4,4,4,4,4,4,4,4,4,4,2,3,4,4,4,4,4,4,4,4,4,4,4,4,4,4,4,4,4,4,4,4,4,4,4,4,4,4,4,4,4,4,2,1,4,1,3,1,0,3,0,0,0,1,3,1,1,4,2,2,0,0,3,2,0,1,2,1,4,0,2,0,4,2,1,1,2,3,3,4,4,4,4,3,0,1,2,2,4,4,3,2,1,3,3,4,0,4,3,1,2,3,1,1,0,4,4,1,3,2,0,4,1,0,2,0,3,2,4,3,1,2,1,4,4,4,3,3,4,0,4,3,2,1,1,4,4,4,4,4,4,4,3,4,4,4,4,4,4,4,4,4,4,4,4,4,4,4,4,4,4,4,4,4,4,4,4,4,4,4,4,4,4,4,4,4,4,4,4,4,4,4,4,4,4,4,4,4,4,4,4,4,4,4,4,4,4,1,0,3,1,0,2,0,1,0,1,1,0,4,3,2,2,0,1,0,1,0,0,1,2,3,3,2,0,4,4,4,4,4,4,4,4,4,4,4,4,4,4,4,4,4,4,4,4,4,2,3,2,0,0,2,1,0,4,1,1,4,4,1,0,1,3,4,4,3,2,3,3,2,3,1,0,4,3,4,0,1,0,4,4,4,4,4,4,4,4,4,4,4,4,4,4,4,4,4,4,4,4,4,4,4,4,4,4,4,4,4,4,4,4,2,0,1,1,3,2,4,4,4,4,4,4,4,4,4,4,4,4,4,4,4,4,4,3,3,3,3,0,0,1,2,1,1,3,2,1,3,1,1,2,3,0,0,4,3,0,0,4,4,4,4,4,4,4,4,4,4,4,4,4,4,4,4,4,4,4,4,4,4,4,4,4,4,4,4,4,4,4,4,4,4,4,4,4,4,4,4,2,0,2,1,0,2,2,1,2,3,3,3,3,3,3,3,AELA01000019.1/49229-49023,0
794,2,1,0,2,3,2,2,1,3,1,0,3,3,1,0,1,1,4,2,0,4,1,3,3,0,3,2,3,1,0,2,1,1,1,1,3,3,1,2,4,4,4,4,4,4,4,4,4,4,2,2,0,1,2,3,4,4,4,4,4,4,4,4,4,4,4,4,4,4,4,4,4,4,4,4,4,4,4,4,4,4,4,4,4,4,2,1,4,3,0,1,0,3,0,0,0,0,3,3,1,4,4,2,0,0,3,2,0,1,2,1,4,0,1,0,4,0,1,4,4,4,4,4,4,4,4,4,0,0,2,2,4,4,3,2,1,1,3,4,2,4,1,1,2,3,1,1,0,4,4,0,1,3,3,4,1,3,2,0,3,0,4,3,1,0,2,1,4,2,3,0,4,4,4,4,2,1,3,4,4,4,4,4,4,4,0,4,4,4,4,4,4,4,4,4,4,4,4,4,4,4,4,4,4,4,4,4,4,4,4,4,4,4,4,4,4,4,4,4,4,4,4,4,4,4,4,4,4,4,4,4,4,4,4,4,4,4,4,4,4,3,0,3,1,0,4,4,0,1,1,0,3,4,1,2,2,2,1,2,0,0,0,1,2,3,1,2,0,4,4,4,4,4,4,4,4,4,4,4,4,4,4,4,4,4,4,4,4,4,2,3,3,0,2,2,1,0,4,1,1,2,4,1,1,3,3,4,4,4,0,3,3,4,4,4,4,4,4,4,4,4,4,4,4,4,4,4,4,4,4,4,4,4,4,4,4,4,4,4,4,4,4,4,4,4,4,4,4,4,4,4,4,4,4,4,4,4,1,1,0,4,4,4,4,4,4,4,4,4,4,4,4,4,4,4,4,4,3,0,0,1,0,0,0,2,1,1,2,2,2,4,4,3,0,0,3,4,4,4,4,3,4,4,4,4,4,4,4,4,4,4,4,4,4,4,4,4,4,4,4,4,4,4,4,4,4,4,4,4,4,4,4,4,4,4,4,4,4,4,4,4,4,4,1,1,1,2,2,1,3,3,3,2,3,3,2,3,AGTI01000216.1/355901-355714,0
795,2,3,4,4,4,2,2,1,3,1,0,3,3,1,0,1,1,4,3,3,4,1,3,3,0,3,2,3,1,0,2,1,1,1,1,3,3,0,2,4,4,4,4,4,4,4,4,4,4,2,2,0,1,2,1,4,4,4,4,4,4,4,4,4,4,4,4,4,4,4,4,4,4,4,4,4,4,4,4,4,4,4,4,4,4,2,1,4,3,0,1,0,3,0,0,0,1,3,3,1,4,4,2,0,0,3,2,0,1,2,1,4,4,4,4,4,0,1,0,0,4,4,4,4,4,4,1,0,0,2,2,4,4,3,2,1,1,3,4,2,4,1,1,2,3,1,1,0,4,4,0,1,3,3,4,1,3,2,0,3,0,4,0,3,0,2,1,4,2,3,4,4,4,4,0,2,1,3,4,4,4,4,4,4,4,3,4,4,4,4,4,4,4,4,4,4,4,4,4,4,4,4,4,4,4,4,4,4,4,4,4,4,4,4,4,4,4,4,4,4,4,4,4,4,4,4,4,4,4,4,4,4,4,4,4,4,4,4,4,4,3,0,3,1,0,4,4,0,1,1,3,1,4,1,2,2,2,1,2,0,0,0,1,2,3,1,2,0,4,4,4,4,4,4,4,4,4,4,4,4,4,4,4,4,4,4,4,4,4,2,3,3,0,2,2,1,0,4,1,1,2,4,1,1,3,3,4,4,4,0,3,3,4,4,4,4,4,4,4,4,4,4,4,4,4,4,4,4,4,4,4,4,4,4,4,4,4,4,4,4,4,4,4,4,4,4,4,4,4,4,4,4,4,4,4,4,4,1,1,0,4,4,4,4,4,4,4,4,4,4,4,4,4,4,4,4,4,3,0,0,1,0,0,0,2,1,1,2,2,2,3,3,3,4,4,4,4,4,4,4,4,4,4,4,4,4,4,4,4,4,4,4,4,4,4,4,4,4,4,4,4,4,4,4,4,4,4,4,4,4,4,4,4,4,4,4,4,4,4,4,4,0,2,1,1,1,2,2,1,3,3,3,2,3,3,2,3,AM933172.1/2708609-2708425,0
796,2,3,4,4,4,2,2,1,3,1,0,3,3,1,0,1,1,4,3,3,4,1,3,3,0,3,2,3,1,0,2,1,1,1,1,3,3,0,2,4,4,4,4,4,4,4,4,4,4,2,2,0,3,2,1,4,4,4,4,4,4,4,4,4,4,4,4,4,4,4,4,4,4,4,4,4,4,4,4,4,4,4,4,4,4,2,1,4,3,0,1,0,3,0,0,0,1,3,3,1,4,4,2,0,0,3,2,0,1,2,1,4,4,4,4,4,0,1,0,0,4,4,4,4,4,4,1,0,0,2,2,4,4,3,2,1,1,3,4,2,4,1,1,2,3,1,1,0,4,4,0,1,3,3,4,1,3,2,0,3,0,4,0,3,0,2,1,4,2,3,4,4,4,4,0,2,1,3,4,4,4,4,4,4,4,3,4,4,4,4,4,4,4,4,4,4,4,4,4,4,4,4,4,4,4,4,4,4,4,4,4,4,4,4,4,4,4,4,4,4,4,4,4,4,4,4,4,4,4,4,4,4,4,4,4,4,4,4,4,4,3,0,3,1,0,4,4,0,1,1,3,1,4,1,2,2,2,1,2,0,0,0,1,2,3,1,2,0,4,4,4,4,4,4,4,4,4,4,4,4,4,4,4,4,4,4,4,4,4,2,3,3,0,2,2,1,0,4,1,1,2,4,4,4,4,4,4,4,4,4,4,4,4,4,4,4,4,4,4,4,4,4,4,4,4,4,4,4,4,4,4,4,4,4,4,4,4,4,4,4,4,4,4,4,4,4,4,4,4,4,4,4,4,4,4,4,4,4,4,4,4,4,4,4,4,4,4,4,4,4,4,4,4,4,4,4,4,4,4,4,4,4,4,4,4,4,4,4,4,4,4,4,4,4,4,4,4,4,4,4,4,1,4,4,4,4,4,4,4,4,4,4,4,4,4,4,4,4,4,4,4,4,4,4,4,4,4,4,4,4,4,4,4,4,4,4,4,4,4,4,1,4,4,4,4,4,4,4,4,4,4,4,3,3,0,3,3,AFCL01001204.1/168-19,0
797,0,1,0,2,3,3,2,1,3,1,0,3,3,1,4,0,1,4,3,3,4,3,3,3,0,3,2,0,3,0,2,3,1,1,1,2,4,4,4,4,4,4,4,4,4,4,4,4,4,4,4,4,4,4,4,1,3,2,3,0,0,0,2,1,4,4,4,4,4,4,4,4,4,4,4,4,2,2,0,0,3,0,3,2,1,2,1,4,3,3,1,0,3,0,0,2,1,1,0,3,4,1,2,0,0,3,2,0,3,2,1,4,1,3,0,4,4,4,0,2,0,1,4,4,4,4,4,4,3,2,2,4,4,3,0,1,1,3,4,0,4,3,1,2,3,1,1,0,1,1,3,0,0,0,4,1,1,2,0,3,0,4,3,3,2,3,2,4,3,2,0,4,0,4,3,0,1,0,4,4,4,4,4,4,1,0,4,4,4,4,4,4,4,4,4,4,4,4,4,4,4,4,4,4,4,4,4,4,4,4,4,4,4,4,4,4,4,4,4,4,4,4,4,4,4,4,4,4,4,4,4,4,4,4,4,4,4,4,4,4,3,0,3,1,0,0,2,4,4,1,0,3,4,1,2,2,0,1,2,0,1,0,1,2,3,3,2,0,4,4,4,4,4,4,4,4,4,4,4,4,4,4,4,4,4,4,4,4,4,2,3,2,0,2,2,3,2,4,1,1,2,4,1,1,3,0,4,4,3,2,3,1,4,4,4,4,4,4,4,1,3,0,4,4,4,4,4,4,4,4,4,4,4,4,4,4,4,4,4,4,4,4,4,4,4,4,4,4,4,4,4,4,4,4,4,4,4,1,3,2,4,4,4,4,4,4,4,4,4,4,4,4,4,4,4,4,4,3,2,0,3,2,0,0,3,3,2,3,3,1,0,3,1,0,0,3,4,4,4,4,1,4,4,4,4,4,4,4,4,4,4,4,4,4,4,4,4,4,4,4,4,4,4,4,4,4,4,4,4,4,4,4,4,4,4,4,4,4,4,4,4,3,3,2,2,0,1,0,3,2,3,1,3,2,2,0,3,ACCD01000005.1/29635-29425,0
798,2,3,0,2,0,3,2,1,3,1,0,3,3,1,1,0,3,4,1,3,4,1,3,3,0,3,2,3,3,1,2,1,1,3,3,1,4,4,4,4,4,4,4,4,4,4,4,4,4,4,4,4,4,3,2,4,4,4,4,4,4,4,4,4,4,4,4,4,4,4,4,4,4,4,4,4,4,4,4,4,4,4,4,4,4,2,1,4,1,3,1,0,3,0,0,0,1,3,1,0,4,2,2,0,0,3,2,0,3,2,1,4,0,2,0,4,2,1,1,2,3,3,4,4,4,4,3,0,1,2,2,4,4,3,2,1,3,3,4,0,4,3,1,2,3,1,1,0,4,4,1,3,2,0,4,1,0,2,0,3,2,4,3,1,2,1,4,4,4,3,3,4,0,4,1,2,1,1,4,4,4,4,4,4,4,3,4,4,4,4,4,4,4,4,4,4,4,4,4,4,4,4,4,4,4,4,4,4,4,4,4,4,4,4,4,4,4,4,4,4,4,4,4,4,4,4,4,4,4,4,4,4,4,4,4,4,4,4,4,4,1,0,3,1,0,0,0,1,0,1,1,1,4,3,2,2,0,1,0,1,0,0,1,2,3,3,2,0,4,4,4,4,4,4,4,4,4,4,4,4,4,4,4,4,4,4,4,4,4,2,3,2,0,0,2,1,0,4,1,1,1,4,1,3,3,3,4,0,3,2,3,3,2,3,1,0,4,3,4,0,1,0,4,4,4,4,4,4,4,4,4,4,4,4,4,4,4,4,4,4,4,4,4,4,4,4,4,4,4,4,4,4,4,4,2,0,1,1,3,2,4,4,4,4,4,4,4,4,4,4,4,4,4,4,4,4,4,3,3,3,3,2,0,1,2,1,1,3,2,1,1,1,1,3,3,0,0,4,4,1,1,4,4,4,4,4,4,4,4,4,4,4,4,4,4,4,4,4,4,4,4,4,4,4,4,4,4,4,4,4,4,4,4,4,4,4,4,4,4,4,4,2,2,2,1,0,2,2,1,2,3,3,3,3,3,3,3,AETF01000072.1/30737-30530,0
799,3,1,0,2,3,3,2,1,3,1,0,3,3,1,0,1,1,4,3,1,4,3,3,3,0,3,2,0,3,0,2,3,1,1,1,2,4,4,4,4,4,4,4,4,4,4,4,4,4,4,4,4,4,4,4,1,1,2,3,0,1,0,2,1,4,4,4,4,4,4,4,4,4,4,4,4,2,2,0,0,3,0,3,2,1,2,1,4,3,3,1,0,3,0,0,0,1,1,0,1,4,1,2,0,0,3,2,0,3,2,1,4,1,3,0,0,2,0,1,4,4,4,4,4,4,4,4,4,3,2,2,4,4,3,2,1,1,3,4,0,4,3,1,2,3,1,1,0,1,1,1,0,0,0,4,1,1,2,0,3,0,4,3,3,2,3,2,4,3,2,0,4,0,4,3,2,1,0,1,4,4,4,4,4,0,3,4,4,4,4,4,4,4,4,4,4,4,4,4,4,4,4,4,4,4,4,4,4,4,4,4,4,4,4,4,4,4,4,4,4,4,4,4,4,4,4,4,4,4,4,4,4,4,4,4,4,4,4,4,4,3,0,3,1,0,4,4,0,0,1,0,3,4,1,2,2,0,1,2,0,1,0,1,2,3,3,2,0,4,4,4,4,4,4,4,4,4,4,4,4,4,4,4,4,4,4,4,4,4,2,3,2,0,2,2,3,2,4,1,1,2,4,1,1,3,0,4,4,3,2,3,1,4,4,4,4,4,4,4,4,4,4,4,4,4,4,4,4,4,4,4,4,4,4,4,4,4,4,4,4,4,4,4,4,4,4,4,4,4,4,4,4,4,4,4,4,4,1,3,2,4,4,4,4,4,4,4,4,4,4,4,4,4,4,4,4,4,1,3,2,3,2,0,3,2,0,4,4,4,4,4,4,2,3,0,2,4,4,4,4,3,4,4,4,4,4,4,4,4,4,4,4,4,4,4,4,4,4,4,4,4,4,4,4,4,4,4,4,4,4,4,4,4,4,4,4,4,4,4,4,4,4,4,4,4,4,4,3,1,0,3,1,0,0,3,0,3,CACV01000012.1/108224-108421,0
800,2,3,0,2,0,3,2,1,3,1,0,3,3,1,1,0,3,4,1,3,4,1,3,3,0,3,2,3,3,1,2,1,1,3,3,0,4,4,4,4,4,4,4,4,4,4,4,4,4,4,4,4,4,0,2,4,4,4,4,4,4,4,4,4,4,4,4,4,4,4,4,4,4,4,4,4,4,4,4,4,4,4,4,4,4,2,1,4,1,3,1,0,3,0,0,0,1,3,1,0,4,2,2,0,0,3,2,0,1,2,1,4,0,2,0,4,2,1,1,2,3,3,4,4,4,4,3,0,1,2,2,4,4,3,2,1,3,3,4,0,4,3,1,2,3,1,1,0,4,4,1,3,2,0,4,1,0,2,0,3,2,4,3,1,2,1,4,4,4,3,3,4,1,4,2,2,1,1,4,4,4,4,4,4,4,3,4,4,4,4,4,4,4,4,4,4,4,4,4,4,4,4,4,4,4,4,4,4,4,4,4,4,4,4,4,4,4,4,4,4,4,4,4,4,4,4,4,4,4,4,4,4,4,4,4,4,4,4,4,4,1,0,3,1,0,2,0,1,0,1,1,0,4,3,2,2,0,1,0,1,0,0,1,2,3,3,2,0,4,4,4,4,4,4,4,4,4,4,4,4,4,4,4,4,4,4,4,4,4,2,3,2,0,0,2,1,0,4,1,1,0,4,0,0,3,0,4,4,3,2,3,3,2,3,1,3,4,3,4,0,1,0,4,4,4,4,4,4,4,4,4,4,4,4,4,4,4,4,4,4,4,4,4,4,4,4,4,4,4,4,4,4,4,4,2,0,1,1,3,2,4,4,4,4,4,4,4,4,4,4,4,4,4,4,4,4,4,3,3,3,3,0,0,1,2,1,1,3,2,1,3,3,3,3,0,4,4,4,4,4,4,4,4,4,4,4,4,4,4,4,4,4,4,4,4,4,4,4,4,4,4,4,4,4,4,4,4,4,4,4,4,4,4,4,4,4,4,4,4,4,4,3,0,2,1,0,2,2,1,2,3,3,3,3,3,3,3,FP929040.1/217231-217029,0
801,2,3,0,2,0,3,2,1,3,1,0,3,3,1,1,0,3,4,1,3,4,1,3,3,0,3,2,3,3,1,2,1,1,3,3,0,4,4,4,4,4,4,4,4,4,4,4,4,4,4,4,4,4,2,3,4,4,4,4,4,4,4,4,4,4,4,4,4,4,4,4,4,4,4,4,4,4,4,4,4,4,4,4,4,4,2,1,4,1,3,1,0,3,0,0,0,1,3,1,1,4,2,2,0,0,3,2,0,1,2,1,4,0,2,0,4,2,1,1,2,3,3,4,4,4,4,3,0,1,2,2,4,4,3,2,1,3,3,4,0,4,3,1,2,3,1,1,0,4,4,1,3,2,0,4,1,0,2,0,3,2,4,3,1,2,1,4,4,4,3,3,4,0,4,3,2,1,1,4,4,4,4,4,4,4,3,4,4,4,4,4,4,4,4,4,4,4,4,4,4,4,4,4,4,4,4,4,4,4,4,4,4,4,4,4,4,4,4,4,4,4,4,4,4,4,4,4,4,4,4,4,4,4,4,4,4,4,4,4,4,1,0,3,1,0,2,0,1,0,1,1,0,4,3,2,2,0,1,0,1,0,0,1,2,3,3,2,0,4,4,4,4,4,4,4,4,4,4,4,4,4,4,4,4,4,4,4,4,4,2,3,2,0,0,2,1,0,4,1,1,4,4,1,0,1,3,4,4,3,2,3,3,2,3,1,0,4,3,4,0,1,0,4,4,4,4,4,4,4,4,4,4,4,4,4,4,4,4,4,4,4,4,4,4,4,4,4,4,4,4,4,4,4,4,2,0,1,1,3,2,4,4,4,4,4,4,4,4,4,4,4,4,4,4,4,4,4,4,4,4,4,4,4,4,4,4,4,4,4,4,4,4,4,4,4,4,4,4,4,4,4,4,4,4,4,4,4,4,4,4,4,4,4,4,4,4,4,4,4,4,4,4,4,4,4,4,4,4,4,4,4,4,4,4,4,4,4,4,4,4,4,4,4,4,4,4,4,4,4,4,4,4,3,3,3,3,0,ADTZ01000363.1/175-3,0
802,2,3,0,2,0,3,2,1,3,1,0,3,3,1,1,0,3,4,1,3,4,1,3,3,0,3,2,3,3,1,2,1,1,3,3,0,4,4,4,4,4,4,4,4,4,4,4,4,4,4,4,4,4,2,3,4,4,4,4,4,4,4,4,4,4,4,4,4,4,4,4,4,4,4,4,4,4,4,4,4,4,4,4,4,4,2,1,4,1,3,1,0,3,0,0,0,1,3,1,1,4,2,2,0,0,3,2,0,1,2,1,4,0,2,0,4,2,1,1,2,3,3,4,4,4,4,3,0,1,2,2,4,4,3,2,1,3,3,4,0,4,3,1,2,3,1,1,0,4,4,1,3,2,0,4,1,0,2,0,3,2,4,3,1,2,1,4,4,4,3,3,4,0,4,3,2,1,1,4,4,4,4,4,4,4,3,4,4,4,4,4,4,4,4,4,4,4,4,4,4,4,4,4,4,4,4,4,4,4,4,4,4,4,4,4,4,4,4,4,4,4,4,4,4,4,4,4,4,4,4,4,4,4,4,4,4,4,4,4,4,1,0,3,1,0,2,0,1,0,1,1,0,4,3,2,2,0,1,0,1,0,0,1,2,3,3,2,0,4,4,4,4,4,4,4,4,4,4,4,4,4,4,4,4,4,4,4,4,4,2,3,2,0,0,2,1,0,4,1,1,4,4,1,0,1,3,4,4,3,2,3,3,2,3,1,0,4,3,4,0,1,0,4,4,4,4,4,4,4,4,4,4,4,4,4,4,4,4,4,4,4,4,4,4,4,4,4,4,4,4,4,4,4,4,2,0,1,1,3,2,4,4,4,4,4,4,4,4,4,4,4,4,4,4,4,4,4,3,3,3,3,0,0,1,2,1,1,3,2,1,3,1,1,2,3,0,0,4,3,0,0,4,4,4,4,4,4,4,4,4,4,4,4,4,4,4,4,4,4,4,4,4,4,4,4,4,4,4,4,4,4,4,4,4,4,4,4,4,4,4,4,2,0,2,1,0,2,2,1,2,3,3,3,3,3,3,3,ADUM01000069.1/14999-14793,0
803,2,1,0,2,3,2,2,1,3,1,0,3,3,1,0,1,1,4,2,0,4,1,3,3,0,3,2,3,1,0,2,1,1,1,1,3,3,1,2,4,4,4,4,4,4,4,4,4,4,2,2,0,1,2,3,4,4,4,4,4,4,4,4,4,4,4,4,4,4,4,4,4,4,4,4,4,4,4,4,4,4,4,4,4,4,2,1,4,3,0,1,0,3,0,0,0,0,3,3,1,4,4,2,0,0,3,2,0,1,2,1,4,0,1,0,4,0,1,4,4,4,4,4,4,4,4,4,0,0,2,2,4,4,3,2,1,1,3,4,2,4,1,1,2,3,1,1,0,4,4,0,1,3,3,4,1,3,2,0,3,0,4,3,1,0,2,1,4,2,3,0,4,4,4,4,2,1,3,4,4,4,4,4,4,4,0,4,4,4,4,4,4,4,4,4,4,4,4,4,4,4,4,4,4,4,4,4,4,4,4,4,4,4,4,4,4,4,4,4,4,4,4,4,4,4,4,4,4,4,4,4,4,4,4,4,4,4,4,4,4,3,0,3,1,0,4,4,0,1,1,0,3,4,1,2,2,2,1,2,0,0,0,1,2,3,1,2,0,4,4,4,4,4,4,4,4,4,4,4,4,4,4,4,4,4,4,4,4,4,2,3,3,0,2,2,1,0,4,1,1,2,4,1,1,3,3,4,4,4,0,3,3,4,4,4,4,4,4,4,4,4,4,4,4,4,4,4,4,4,4,4,4,4,4,4,4,4,4,4,4,4,4,4,4,4,4,4,4,4,4,4,4,4,4,4,4,4,1,1,0,4,4,4,4,4,4,4,4,4,4,4,4,4,4,4,4,4,3,0,0,1,0,0,0,2,1,1,2,2,2,4,4,3,0,0,3,4,4,4,4,3,4,4,4,4,4,4,4,4,4,4,4,4,4,4,4,4,4,4,4,4,4,4,4,4,4,4,4,4,4,4,4,4,4,4,4,4,4,4,4,4,4,4,1,1,1,2,2,1,3,3,3,2,3,3,2,3,AFHA01000066.1/38581-38394,0
804,0,1,0,2,3,3,2,1,3,1,0,3,3,1,0,1,3,4,1,3,4,3,3,3,0,3,2,3,1,0,2,1,2,0,1,1,2,1,0,0,3,0,4,4,4,4,2,1,2,0,2,3,1,0,2,4,4,4,4,4,4,4,4,4,4,4,4,4,4,4,4,4,4,4,4,4,4,4,4,4,4,4,4,4,4,2,1,4,3,0,1,0,3,0,0,2,1,1,0,3,4,1,2,0,0,3,2,0,1,2,1,1,0,0,0,4,2,3,4,4,4,4,4,4,4,4,4,0,0,2,2,4,4,3,2,1,1,3,4,0,4,1,1,2,3,1,1,0,4,0,1,3,0,3,4,1,1,2,0,3,0,4,0,1,0,2,3,4,1,2,1,4,3,4,3,0,1,2,1,2,4,4,4,1,3,3,4,4,4,4,4,4,4,4,4,4,4,4,4,4,4,4,4,4,4,4,4,4,4,4,4,4,4,4,4,4,4,4,4,4,4,4,4,4,4,4,4,4,4,4,4,4,4,4,4,4,4,4,4,4,3,0,3,1,0,4,4,0,0,1,3,1,4,1,2,2,0,1,2,0,1,0,1,2,3,3,2,0,4,4,4,4,4,4,4,4,4,4,4,4,4,4,4,4,4,4,4,4,4,2,3,2,0,2,2,1,2,4,1,1,0,4,4,4,4,4,4,4,4,4,4,4,4,4,4,4,4,4,4,4,4,4,4,4,4,4,4,4,4,4,4,4,4,4,4,4,4,4,4,4,4,4,4,4,4,4,4,4,4,4,4,4,4,4,4,4,4,4,4,4,4,4,4,4,4,4,4,4,4,4,4,4,4,4,4,4,4,4,4,4,4,4,4,4,4,4,4,4,4,4,4,4,4,4,4,4,4,4,4,4,4,1,4,4,4,4,4,4,4,4,4,4,4,4,4,4,4,4,4,4,4,4,4,4,4,4,4,4,4,4,4,4,4,4,4,4,4,4,4,4,1,4,4,4,4,4,4,4,4,4,4,4,3,0,3,3,1,ADCU01000014.1/37226-37059,0
805,2,3,0,2,0,3,2,1,3,1,0,3,3,1,1,0,3,4,1,3,4,1,3,3,0,3,2,3,3,1,2,1,1,3,3,1,4,4,4,4,4,4,4,4,4,4,4,4,4,4,4,4,4,3,2,4,4,4,4,4,4,4,4,4,4,4,4,4,4,4,4,4,4,4,4,4,4,4,4,4,4,4,4,4,4,2,1,4,1,3,1,0,3,0,0,0,1,3,1,0,4,2,2,0,0,3,2,0,3,2,1,4,0,2,0,4,2,1,1,2,3,3,4,4,4,4,3,0,1,2,2,4,4,3,2,1,3,3,4,0,4,3,1,2,3,1,1,0,4,4,1,3,2,0,4,1,0,2,0,3,2,4,3,1,2,1,4,4,4,3,3,4,0,4,1,2,1,1,4,4,4,4,4,4,4,3,4,4,4,4,4,4,4,4,4,4,4,4,4,4,4,4,4,4,4,4,4,4,4,4,4,4,4,4,4,4,4,4,4,4,4,4,4,4,4,4,4,4,4,4,4,4,4,4,4,4,4,4,4,4,1,0,3,1,0,0,0,1,0,1,1,1,4,3,2,2,0,1,0,1,0,0,1,2,3,3,2,0,4,4,4,4,4,4,4,4,4,4,4,4,4,4,4,4,4,4,4,4,4,2,3,2,0,0,2,1,0,4,1,1,1,4,1,3,3,3,4,0,3,2,3,3,2,3,1,0,4,3,4,0,1,0,4,4,4,4,4,4,4,4,4,4,4,4,4,4,4,4,4,4,4,4,4,4,4,4,4,4,4,4,4,4,4,4,2,0,1,1,3,2,4,4,4,4,4,4,4,4,4,4,4,4,4,4,4,4,4,3,3,3,3,2,0,1,2,1,1,3,2,1,1,1,1,3,3,0,0,4,4,1,1,4,4,4,4,4,4,4,4,4,4,4,4,4,4,4,4,4,4,4,4,4,4,4,4,4,4,4,4,4,4,4,4,4,4,4,4,4,4,4,4,2,2,2,1,0,2,2,1,2,3,3,3,3,3,3,3,AFCM01001404.1/293-500,0
806,2,3,4,4,4,2,2,1,3,1,0,3,3,1,0,1,1,4,1,2,4,2,3,3,0,3,2,0,1,0,2,1,1,1,3,2,1,2,1,0,0,4,4,4,4,4,4,2,1,2,2,0,1,0,0,4,4,4,4,4,4,4,4,4,4,4,4,4,4,4,4,4,4,4,4,4,4,4,4,4,4,4,4,4,4,2,1,2,1,1,1,0,3,0,0,1,0,3,3,1,4,4,2,0,0,3,2,0,1,2,1,4,4,4,4,4,0,1,0,0,4,4,4,4,4,4,3,0,1,2,2,4,4,3,2,1,1,3,4,2,4,3,1,2,3,1,1,0,4,1,1,1,1,0,4,1,1,2,0,3,0,4,0,3,1,2,3,4,3,1,0,4,1,4,3,3,3,2,3,2,4,4,0,1,2,3,4,4,4,4,4,4,4,4,4,4,4,4,4,4,4,4,4,4,4,4,4,4,4,4,4,4,4,4,4,4,4,4,4,4,4,4,4,4,4,4,4,4,4,4,4,4,4,4,4,4,4,4,4,4,3,0,3,1,0,4,4,2,0,1,0,3,4,1,2,2,0,1,2,1,0,0,1,2,3,3,2,0,4,4,4,4,4,4,4,4,4,4,4,4,4,4,4,4,4,4,4,4,4,2,3,3,0,2,2,1,0,4,1,1,4,4,4,0,1,1,4,4,3,2,3,3,1,1,2,3,4,3,4,0,1,2,4,4,4,4,4,4,4,4,4,4,4,4,4,4,4,4,4,4,4,4,4,4,4,4,4,4,4,4,4,4,4,4,1,2,2,2,3,3,1,3,2,1,1,2,4,4,4,4,2,1,2,3,0,0,3,3,1,0,2,0,0,2,2,1,1,2,2,3,3,1,0,3,3,4,4,4,4,4,4,4,4,4,4,4,4,4,4,4,4,4,4,4,4,4,4,4,4,4,4,4,4,4,4,4,4,4,4,4,4,4,4,4,4,4,4,4,4,4,4,2,0,0,1,1,2,2,1,1,3,2,3,3,1,0,3,FR719194.1/83163-82941,0
807,0,1,0,2,3,3,2,1,3,1,0,3,3,1,0,1,1,4,3,3,4,3,3,3,0,3,2,0,3,0,2,1,1,1,1,2,4,4,4,4,4,4,4,4,4,4,4,4,4,4,4,4,4,4,4,1,0,0,3,3,0,0,2,1,4,4,4,4,4,4,4,4,4,4,4,4,2,2,0,3,2,0,3,2,1,2,1,4,3,3,1,0,3,0,0,2,1,1,3,1,4,1,2,0,0,3,2,0,3,2,1,4,1,3,0,4,4,4,0,2,0,1,4,4,4,4,4,4,3,2,2,4,4,3,2,1,1,3,4,0,4,3,1,2,3,1,1,0,1,1,3,0,0,0,4,1,1,2,0,1,0,4,3,3,2,3,2,4,3,2,0,4,0,4,0,2,1,0,1,4,4,4,4,4,0,3,4,4,4,4,4,4,4,4,4,4,4,4,4,4,4,4,4,4,4,4,4,4,4,4,4,4,4,4,4,4,4,4,4,4,4,4,4,4,4,4,4,4,4,4,4,4,4,4,4,4,4,4,4,4,3,0,3,1,0,4,4,0,0,1,0,3,4,1,2,2,0,1,2,0,1,0,1,2,3,3,2,0,4,4,4,4,4,4,4,4,4,4,4,4,4,4,4,4,4,4,4,4,4,2,3,2,0,2,2,1,0,4,1,1,2,4,1,1,3,0,4,4,3,2,3,1,4,4,4,4,4,4,4,4,4,4,4,4,4,4,4,4,4,4,4,4,4,4,4,4,4,4,4,4,4,4,4,4,4,4,4,4,4,4,4,4,4,4,4,4,4,1,3,2,4,4,4,4,4,4,4,4,4,4,4,4,4,4,4,4,4,1,3,2,3,2,0,3,2,0,0,3,4,4,4,4,4,4,4,4,4,4,4,4,4,4,4,4,4,4,4,4,4,4,4,4,4,4,4,4,4,4,4,4,4,4,4,4,4,4,4,4,4,4,4,4,4,4,4,4,4,4,4,4,3,4,4,4,4,0,3,3,1,0,3,1,0,0,3,3,3,CP001593.1/3120346-3120543,0
808,2,1,0,2,3,2,2,1,3,1,0,3,3,1,0,1,1,4,1,0,4,3,3,3,0,3,2,3,1,0,2,1,1,1,1,3,3,1,2,4,4,4,4,4,4,4,4,4,4,2,2,0,1,2,1,4,4,4,4,4,4,4,4,4,4,4,4,4,4,4,4,4,4,4,4,4,4,4,4,4,4,4,4,4,4,2,1,4,3,0,1,0,3,0,0,0,0,3,3,1,4,4,2,0,0,3,2,0,1,2,1,4,0,1,0,4,0,1,4,4,4,4,4,4,4,4,4,0,0,2,2,4,4,3,2,1,1,3,4,2,4,1,1,2,3,1,1,0,4,4,0,1,3,3,4,1,3,2,0,3,0,4,3,1,0,2,4,4,4,1,3,4,3,4,0,2,1,3,4,4,4,4,4,4,4,0,4,4,4,4,4,4,4,4,4,4,4,4,4,4,4,4,4,4,4,4,4,4,4,4,4,4,4,4,4,4,4,4,4,4,4,4,4,4,4,4,4,4,4,4,4,4,4,4,4,4,4,4,4,4,3,0,3,1,0,4,4,0,1,1,1,3,4,1,2,2,2,1,2,0,0,0,1,2,3,1,2,0,4,4,4,4,4,4,4,4,4,4,4,4,4,4,4,4,4,4,4,4,4,2,3,3,0,2,2,1,0,4,1,1,2,4,1,1,3,3,4,4,4,0,3,3,4,4,4,4,4,4,4,4,4,4,4,4,4,4,4,4,4,4,4,4,4,4,4,4,4,4,4,4,4,4,4,4,4,4,4,4,4,4,4,4,4,4,4,4,4,1,1,0,4,4,4,4,4,4,4,4,4,4,4,4,4,4,4,4,4,3,0,0,1,0,0,0,2,1,1,2,2,2,4,4,1,1,0,3,4,4,4,4,3,4,4,4,4,4,4,4,4,4,4,4,4,4,4,4,4,4,4,4,4,4,4,4,4,4,4,4,4,4,4,4,4,4,4,4,4,4,4,4,4,4,4,1,1,1,2,2,1,3,3,3,2,3,3,2,3,AEJY01000177.1/38109-38296,0
809,2,3,0,2,0,3,2,1,3,1,0,3,3,1,1,0,1,4,3,1,4,3,1,3,0,3,2,1,3,3,2,1,3,3,1,2,4,4,4,4,4,4,4,4,4,4,4,4,4,4,4,4,4,4,4,4,4,4,4,4,4,4,4,4,4,4,4,4,4,4,4,4,4,4,4,4,4,4,4,4,4,4,4,4,4,2,1,4,3,3,1,0,3,0,0,0,1,1,3,2,4,2,2,0,0,3,2,0,1,2,1,4,0,2,0,4,2,1,1,3,3,3,4,4,4,4,4,0,3,2,2,4,4,3,2,1,1,3,4,3,2,2,1,2,3,1,1,0,4,0,1,3,2,4,4,1,1,4,4,2,2,4,3,2,4,0,0,4,2,2,3,4,2,4,0,1,3,3,4,4,4,4,4,4,4,1,4,4,4,4,4,4,4,4,4,4,4,4,4,4,4,4,4,4,4,4,4,4,4,4,4,4,4,4,4,4,4,4,4,4,4,4,4,4,4,4,4,4,4,4,4,4,4,4,4,4,4,4,4,4,1,1,4,4,4,2,2,2,3,3,3,2,4,1,2,2,0,1,2,1,0,0,1,2,3,3,2,0,4,4,4,4,4,4,4,4,4,4,4,4,4,4,4,4,4,4,4,4,4,2,3,2,2,2,2,1,0,4,1,3,3,4,0,0,0,1,4,4,0,2,3,3,2,3,1,3,4,3,4,3,1,0,4,4,4,4,4,4,4,4,4,4,4,4,4,4,4,4,4,4,4,4,4,4,4,4,4,4,4,4,4,4,4,4,2,0,1,1,3,2,0,3,4,4,4,4,4,4,4,4,4,4,4,4,3,3,3,3,0,3,3,0,2,1,2,1,3,3,2,1,1,3,3,3,2,0,4,4,4,3,3,4,4,4,4,4,4,4,4,4,4,4,4,4,4,4,4,4,4,4,4,4,4,4,4,4,4,4,4,4,4,4,4,4,4,4,4,4,4,4,4,2,2,2,1,0,0,2,1,2,3,3,3,3,3,3,3,CP001654.1/249765-249969,0
810,2,3,0,2,0,3,2,1,3,1,0,3,3,1,1,0,3,4,1,3,4,1,3,3,0,3,2,3,3,1,2,1,1,3,3,0,4,4,4,4,4,4,4,4,4,4,4,4,4,4,4,4,4,2,3,4,4,4,4,4,4,4,4,4,4,4,4,4,4,4,4,4,4,4,4,4,4,4,4,4,4,4,4,4,4,2,1,4,1,3,1,0,3,0,0,0,1,3,1,1,4,2,2,0,0,3,2,0,1,2,1,4,0,2,0,4,2,1,1,2,3,3,4,4,4,4,3,0,1,2,2,4,4,3,2,1,3,3,4,0,4,3,1,2,3,1,1,0,4,4,1,3,2,0,4,1,0,2,0,3,2,4,3,1,2,1,4,4,4,3,3,4,0,4,3,2,1,1,4,4,4,4,4,4,4,3,4,4,4,4,4,4,4,4,4,4,4,4,4,4,4,4,4,4,4,4,4,4,4,4,4,4,4,4,4,4,4,4,4,4,4,4,4,4,4,4,4,4,4,4,4,4,4,4,4,4,4,4,4,4,1,0,3,1,0,2,0,1,0,1,1,0,4,3,2,2,0,1,0,1,0,0,1,2,3,3,2,0,4,4,4,4,4,4,4,4,4,4,4,4,4,4,4,4,4,4,4,4,4,2,3,2,0,0,2,1,0,4,1,1,4,4,1,0,1,3,4,4,3,2,3,3,2,3,1,0,4,3,4,0,1,0,4,4,4,4,4,4,4,4,4,4,4,4,4,4,4,4,4,4,4,4,4,4,4,4,4,4,4,4,4,4,4,4,2,0,1,1,3,2,4,4,4,4,4,4,4,4,4,4,4,4,4,4,4,4,4,3,3,3,3,0,0,1,2,1,1,3,2,1,3,1,1,2,3,0,0,4,3,0,0,4,4,4,4,4,4,4,4,4,4,4,4,4,4,4,4,4,4,4,4,4,4,4,4,4,4,4,4,4,4,4,4,4,4,4,4,4,4,4,4,2,0,2,1,0,2,2,1,2,3,3,3,3,3,3,3,ADWS01000019.1/54301-54095,0
811,2,3,0,2,0,3,2,1,3,1,0,3,3,1,1,0,3,4,1,3,4,1,3,3,0,3,2,3,3,1,2,1,1,3,3,0,4,4,4,4,4,4,4,4,4,4,4,4,4,4,4,4,4,2,3,4,4,4,4,4,4,4,4,4,4,4,4,4,4,4,4,4,4,4,4,4,4,4,4,4,4,4,4,4,4,2,1,4,1,3,1,0,3,0,0,0,1,3,1,0,4,2,2,0,0,3,2,0,1,2,1,4,0,2,0,4,2,1,1,2,3,3,4,4,4,4,3,0,1,2,2,4,4,3,2,1,3,3,4,0,4,3,1,2,3,1,1,0,4,4,1,3,2,0,4,1,0,2,0,3,2,4,3,1,2,1,4,4,4,3,3,4,0,4,3,2,1,1,4,4,4,4,4,4,4,3,4,4,4,4,4,4,4,4,4,4,4,4,4,4,4,4,4,4,4,4,4,4,4,4,4,4,4,4,4,4,4,4,4,4,4,4,4,4,4,4,4,4,4,4,4,4,4,4,4,4,4,4,4,4,1,0,3,1,0,0,0,1,0,1,1,0,4,3,2,2,0,1,0,3,0,0,1,2,3,3,2,0,4,4,4,4,4,4,4,4,4,4,4,4,4,4,4,4,4,4,4,4,4,2,3,2,0,0,2,1,0,4,1,1,4,4,1,0,0,3,4,4,3,2,3,3,2,3,1,0,4,0,4,0,1,0,4,4,4,4,4,4,4,4,4,4,4,4,4,4,4,4,4,4,4,4,4,4,4,4,4,4,4,4,4,4,4,4,2,0,1,1,3,2,4,4,4,4,4,4,4,4,4,4,4,4,4,4,4,4,4,3,3,3,3,0,0,1,2,1,1,3,2,1,3,1,1,2,3,0,0,4,3,0,0,4,4,4,4,4,4,4,4,4,4,4,4,4,4,4,4,4,4,4,4,4,4,4,4,4,4,4,4,4,4,4,4,4,4,4,4,4,4,4,4,2,0,2,1,0,2,2,1,2,3,3,3,3,3,3,3,CU928158.2/3797372-3797166,0
812,2,3,4,4,4,2,2,1,3,1,0,3,3,1,0,1,1,4,2,0,4,1,3,3,0,3,2,3,1,0,2,1,1,1,1,3,3,1,2,4,4,4,4,4,4,4,4,4,4,2,2,0,1,2,3,4,4,4,4,4,4,4,4,4,4,4,4,4,4,4,4,4,4,4,4,4,4,4,4,4,4,4,4,4,4,2,1,4,3,0,1,0,3,0,0,0,0,3,3,1,4,4,2,0,0,3,2,0,1,2,1,4,4,4,4,4,0,1,0,0,4,4,4,4,4,4,1,0,0,2,2,4,4,3,2,1,1,3,4,2,4,1,1,2,3,1,1,0,4,4,0,1,3,3,4,1,3,2,0,3,0,4,3,1,0,2,1,4,2,3,0,4,4,4,4,2,1,3,4,4,4,4,4,4,4,0,4,4,4,4,4,4,4,4,4,4,4,4,4,4,4,4,4,4,4,4,4,4,4,4,4,4,4,4,4,4,4,4,4,4,4,4,4,4,4,4,4,4,4,4,4,4,4,4,4,4,4,4,4,4,3,0,3,1,0,4,4,0,1,1,0,3,4,1,2,2,2,1,2,0,0,0,1,2,3,1,2,0,4,4,4,4,4,4,4,4,4,4,4,4,4,4,4,4,4,4,4,4,4,2,3,3,0,2,2,1,0,4,1,1,2,4,1,1,3,3,4,4,4,0,3,3,4,4,4,4,4,4,4,4,4,4,4,4,4,4,4,4,4,4,4,4,4,4,4,4,4,4,4,4,4,4,4,4,4,4,4,4,4,4,4,4,4,4,4,4,4,1,1,0,4,4,4,4,4,4,4,4,4,4,4,4,4,4,4,4,4,3,0,0,1,0,0,0,2,1,1,2,2,2,4,4,3,0,0,3,4,4,4,4,3,4,4,4,4,4,4,4,4,4,4,4,4,4,4,4,4,4,4,4,4,4,4,4,4,4,4,4,4,4,4,4,4,4,4,4,4,4,4,4,4,4,4,1,1,1,2,2,1,3,3,3,2,3,3,2,3,ACXI01000078.1/37515-37331,0
813,2,3,4,4,4,2,2,1,3,1,0,3,3,1,0,1,1,4,3,3,4,1,3,3,0,3,2,3,1,0,2,1,1,1,1,3,3,0,2,4,4,4,4,4,4,4,4,4,4,2,2,0,1,2,1,4,4,4,4,4,4,4,4,4,4,4,4,4,4,4,4,4,4,4,4,4,4,4,4,4,4,4,4,4,4,2,1,4,3,0,1,0,3,0,0,0,1,3,3,1,4,4,2,0,0,3,2,0,1,2,1,4,4,4,4,4,0,1,0,0,4,4,4,4,4,4,1,0,0,2,2,4,4,3,2,1,1,3,4,2,4,1,1,2,3,1,1,0,4,4,0,1,3,3,4,1,3,2,0,3,0,4,0,3,0,2,1,4,2,3,4,4,4,4,0,2,1,3,4,4,4,4,4,4,4,3,4,4,4,4,4,4,4,4,4,4,4,4,4,4,4,4,4,4,4,4,4,4,4,4,4,4,4,4,4,4,4,4,4,4,4,4,4,4,4,4,4,4,4,4,4,4,4,4,4,4,4,4,4,4,3,0,3,1,0,4,4,0,1,1,3,1,4,1,2,2,2,1,2,0,0,0,1,2,3,1,2,0,4,4,4,4,4,4,4,4,4,4,4,4,4,4,4,4,4,4,4,4,4,2,3,3,0,2,2,1,0,4,1,1,2,4,1,1,3,3,4,4,4,0,3,3,4,4,4,4,4,4,4,4,4,4,4,4,4,4,4,4,4,4,4,4,4,4,4,4,4,4,4,4,4,4,4,4,4,4,4,4,4,4,4,4,4,4,4,4,4,1,1,0,4,4,4,4,4,4,4,4,4,4,4,4,4,4,4,4,4,3,0,0,1,0,0,0,2,1,1,2,2,2,3,3,3,4,4,4,4,4,4,4,4,4,4,4,4,4,4,4,4,4,4,4,4,4,4,4,4,4,4,4,4,4,4,4,4,4,4,4,4,4,4,4,4,4,4,4,4,4,4,4,4,0,2,1,1,1,2,2,1,3,3,3,2,3,3,2,3,AETQ01000009.1/164478-164294,0
814,2,3,0,2,0,3,2,1,3,1,0,3,1,1,1,0,1,4,3,3,4,1,3,3,0,3,2,0,1,0,2,3,3,3,2,2,3,3,3,3,4,4,4,4,4,4,4,4,4,0,3,0,2,1,1,4,4,4,4,4,4,4,4,4,4,4,4,4,4,4,4,4,4,4,4,4,4,4,4,4,4,4,4,4,4,0,1,4,3,3,1,0,3,0,0,0,1,1,1,0,4,2,2,2,0,3,2,0,3,2,1,4,0,2,0,4,2,1,1,2,0,3,4,4,3,3,3,0,2,2,2,4,4,3,2,1,1,3,4,0,4,3,3,2,3,1,1,0,4,3,2,3,0,0,4,0,1,2,0,3,2,4,3,3,2,0,2,4,3,1,3,4,1,4,3,3,4,4,4,4,4,4,4,4,4,4,4,4,4,4,4,4,4,4,4,4,4,4,4,4,4,4,4,4,4,4,4,4,4,4,4,4,4,4,4,4,4,4,4,4,4,4,4,4,4,4,4,4,4,4,4,4,4,4,4,4,4,4,4,4,1,0,3,1,0,4,4,1,0,3,0,1,4,1,2,2,2,1,0,3,0,0,1,2,3,3,2,0,4,4,4,4,4,4,4,4,4,4,4,4,4,4,4,4,4,4,4,4,4,2,3,2,0,2,2,1,0,4,1,1,2,4,0,1,0,3,4,4,3,2,3,3,2,3,1,3,4,2,4,3,4,0,4,4,4,4,4,4,4,4,4,4,4,4,4,4,4,4,4,4,4,4,4,4,4,4,4,4,4,4,4,4,4,4,2,0,1,1,3,2,0,0,4,4,4,4,4,4,4,4,4,4,4,4,4,0,3,3,3,3,0,2,0,1,2,1,3,3,2,1,1,1,3,3,1,3,4,4,4,4,4,4,4,4,4,4,4,4,4,4,4,4,4,4,4,4,4,4,4,4,4,4,4,4,4,4,4,4,4,4,4,4,4,4,4,4,4,4,4,4,4,1,2,2,1,0,0,2,1,2,3,3,3,3,3,3,3,ACCB01000032.1/232-18,0
815,2,3,0,2,0,3,2,1,3,1,0,3,3,1,1,0,3,4,1,3,4,1,3,3,0,3,2,3,3,1,2,1,1,3,3,1,4,4,4,4,4,4,4,4,4,4,4,4,4,4,4,4,4,3,2,4,4,4,4,4,4,4,4,4,4,4,4,4,4,4,4,4,4,4,4,4,4,4,4,4,4,4,4,4,4,2,1,4,1,3,1,0,3,0,0,0,1,3,1,0,4,2,2,0,0,3,2,0,3,2,1,4,0,2,0,4,2,1,1,2,3,3,4,4,4,4,3,0,1,2,2,4,4,3,2,1,3,3,4,0,4,3,1,2,3,1,1,0,4,4,1,3,2,0,4,1,0,2,0,3,2,4,3,1,2,1,4,4,4,3,3,4,0,4,1,2,1,1,4,4,4,4,4,4,4,3,4,4,4,4,4,4,4,4,4,4,4,4,4,4,4,4,4,4,4,4,4,4,4,4,4,4,4,4,4,4,4,4,4,4,4,4,4,4,4,4,4,4,4,4,4,4,4,4,4,4,4,4,4,4,1,0,3,1,0,0,0,1,0,1,1,1,4,3,2,2,0,1,0,1,0,0,1,2,3,3,2,0,4,4,4,4,4,4,4,4,4,4,4,4,4,4,4,4,4,4,4,4,4,2,3,2,0,0,2,1,0,4,1,1,1,4,1,3,3,3,4,0,3,2,3,3,2,3,1,0,4,3,4,0,1,0,4,4,4,4,4,4,4,4,4,4,4,4,4,4,4,4,4,4,4,4,4,4,4,4,4,4,4,4,4,4,4,4,2,0,1,1,3,2,4,4,4,4,4,4,4,4,4,4,4,4,4,4,4,4,4,3,3,3,3,2,0,1,2,1,1,3,2,1,1,1,1,3,3,0,0,4,4,1,1,4,4,4,4,4,4,4,4,4,4,4,4,4,4,4,4,4,4,4,4,4,4,4,4,4,4,4,4,4,4,4,4,4,4,4,4,4,4,4,4,2,2,2,1,0,2,2,1,2,3,3,3,3,3,3,3,AESO01000034.1/53205-52998,0
816,2,3,0,2,0,3,2,1,3,1,0,3,3,1,1,0,3,4,1,3,4,1,3,3,0,3,2,3,3,1,2,1,1,3,3,0,4,4,4,4,4,4,4,4,4,4,4,4,4,4,4,4,4,0,2,4,4,4,4,4,4,4,4,4,4,4,4,4,4,4,4,4,4,4,4,4,4,4,4,4,4,4,4,4,4,2,1,4,1,3,1,0,3,0,0,0,1,3,1,0,4,2,2,0,0,3,2,0,1,2,1,4,0,2,0,4,2,1,1,2,3,3,4,4,4,4,3,0,1,2,2,4,4,3,2,1,3,3,4,0,4,3,1,2,3,1,1,0,4,4,1,3,2,0,4,1,0,2,0,3,2,4,3,1,2,1,4,4,4,3,3,4,1,4,2,2,1,1,4,4,4,4,4,4,4,3,4,4,4,4,4,4,4,4,4,4,4,4,4,4,4,4,4,4,4,4,4,4,4,4,4,4,4,4,4,4,4,4,4,4,4,4,4,4,4,4,4,4,4,4,4,4,4,4,4,4,4,4,4,4,1,0,3,1,0,2,0,1,0,1,1,0,4,3,2,2,0,1,0,1,0,0,1,2,3,3,2,0,4,4,4,4,4,4,4,4,4,4,4,4,4,4,4,4,4,4,4,4,4,2,3,2,0,0,2,1,0,4,1,1,0,4,0,0,3,0,4,4,3,2,3,3,2,3,1,3,4,3,4,0,1,0,4,4,4,4,4,4,4,4,4,4,4,4,4,4,4,4,4,4,4,4,4,4,4,4,4,4,4,4,4,4,4,4,2,0,1,1,3,2,4,4,4,4,4,4,4,4,4,4,4,4,4,4,4,4,4,3,3,3,3,0,0,1,2,1,1,3,2,1,3,3,3,3,0,4,4,4,4,4,4,4,4,4,4,4,4,4,4,4,4,4,4,4,4,4,4,4,4,4,4,4,4,4,4,4,4,4,4,4,4,4,4,4,4,4,4,4,4,4,4,3,0,2,1,0,2,2,1,2,3,3,3,3,3,3,3,AGFT01041246.1/517-719,0
817,2,3,0,2,0,3,2,1,3,1,0,3,3,1,1,0,3,4,1,3,4,1,3,3,0,3,2,3,3,1,2,1,1,3,3,0,4,4,4,4,4,4,4,4,4,4,4,4,4,4,4,4,4,2,3,4,4,4,4,4,4,4,4,4,4,4,4,4,4,4,4,4,4,4,4,4,4,4,4,4,4,4,4,4,4,2,1,4,1,3,1,0,3,0,0,0,1,3,1,1,4,2,2,0,0,3,2,0,1,2,1,4,0,2,0,4,2,1,1,2,3,3,4,4,4,4,3,0,1,2,2,4,4,3,2,1,3,3,4,0,4,3,1,2,3,1,1,0,4,4,1,3,2,0,4,1,0,2,0,3,2,4,3,1,2,1,4,4,4,3,3,4,0,4,3,2,1,1,4,4,4,4,4,4,4,3,4,4,4,4,4,4,4,4,4,4,4,4,4,4,4,4,4,4,4,4,4,4,4,4,4,4,4,4,4,4,4,4,4,4,4,4,4,4,4,4,4,4,4,4,4,4,4,4,4,4,4,4,4,4,1,0,3,1,0,2,0,1,0,1,1,0,4,3,2,2,0,1,0,1,0,0,1,2,3,3,2,0,4,4,4,4,4,4,4,4,4,4,4,4,4,4,4,4,4,4,4,4,4,2,3,2,0,0,2,1,0,4,1,1,4,4,1,0,1,3,4,4,3,2,3,3,2,3,1,0,4,3,4,0,1,0,4,4,4,4,4,4,4,4,4,4,4,4,4,4,4,4,4,4,4,4,4,4,4,4,4,4,4,4,4,4,4,4,2,0,1,1,3,2,4,4,4,4,4,4,4,4,4,4,4,4,4,4,4,4,4,3,3,3,3,0,0,1,2,1,1,3,2,1,3,1,1,2,3,0,0,4,3,0,0,4,4,4,4,4,4,4,4,4,4,4,4,4,4,4,4,4,4,4,4,4,4,4,4,4,4,4,4,4,4,4,4,4,4,4,4,4,4,4,4,2,0,2,1,0,2,2,1,2,3,3,3,3,3,3,3,AFHC01000057.1/59492-59286,0
818,0,1,0,2,3,3,2,1,3,1,0,3,3,1,0,1,1,4,3,3,4,3,3,3,0,3,2,0,3,0,2,1,1,1,1,2,4,4,4,4,4,4,4,4,4,4,4,4,4,4,4,4,4,4,4,1,0,0,3,3,0,0,2,1,4,4,4,4,4,4,4,4,4,4,4,4,2,2,0,3,2,0,3,2,1,2,1,4,3,3,1,0,3,0,0,2,1,1,3,1,4,1,2,0,0,3,2,0,3,2,1,4,1,3,0,4,4,4,0,2,0,1,4,4,4,4,4,4,3,2,2,4,4,3,2,1,1,3,4,0,4,3,1,2,3,1,1,0,1,1,3,0,0,0,4,1,1,2,0,1,0,4,3,3,2,3,2,4,3,2,0,4,0,4,0,2,1,0,1,4,4,4,4,4,0,3,4,4,4,4,4,4,4,4,4,4,4,4,4,4,4,4,4,4,4,4,4,4,4,4,4,4,4,4,4,4,4,4,4,4,4,4,4,4,4,4,4,4,4,4,4,4,4,4,4,4,4,4,4,4,3,0,3,1,0,4,4,0,0,1,0,3,4,1,2,2,0,1,2,0,1,0,1,2,3,3,2,0,4,4,4,4,4,4,4,4,4,4,4,4,4,4,4,4,4,4,4,4,4,2,3,2,0,2,2,1,0,4,1,1,2,4,1,1,3,0,4,4,3,2,3,1,4,4,4,4,4,4,4,4,4,4,4,4,4,4,4,4,4,4,4,4,4,4,4,4,4,4,4,4,4,4,4,4,4,4,4,4,4,4,4,4,4,4,4,4,4,1,3,2,4,4,4,4,4,4,4,4,4,4,4,4,4,4,4,4,4,1,3,2,3,2,0,3,2,0,0,3,4,4,4,4,4,4,4,4,4,4,4,4,4,4,4,4,4,4,4,4,4,4,4,4,4,4,4,4,4,4,4,4,4,4,4,4,4,4,4,4,4,4,4,4,4,4,4,4,4,4,4,4,3,4,4,4,4,0,3,3,1,0,3,1,0,0,3,3,3,AE009952.1/1458087-1458284,0
819,2,3,4,4,4,2,2,1,3,1,0,3,3,1,0,1,1,4,3,3,4,1,3,3,0,3,2,3,1,0,2,1,1,1,1,3,3,0,2,4,4,4,4,4,4,4,4,4,4,2,2,0,1,2,1,4,4,4,4,4,4,4,4,4,4,4,4,4,4,4,4,4,4,4,4,4,4,4,4,4,4,4,4,4,4,2,1,4,3,0,1,0,3,0,0,0,1,3,3,1,4,4,2,0,0,3,2,0,1,2,1,4,4,4,4,4,0,1,0,0,4,4,4,4,4,4,1,0,0,2,2,4,4,3,2,1,1,3,4,2,4,1,1,2,3,1,1,0,4,4,0,1,3,3,4,1,3,2,0,3,0,4,0,3,0,2,1,4,2,3,4,4,4,4,0,2,1,3,4,4,4,4,4,4,4,3,4,4,4,4,4,4,4,4,4,4,4,4,4,4,4,4,4,4,4,4,4,4,4,4,4,4,4,4,4,4,4,4,4,4,4,4,4,4,4,4,4,4,4,4,4,4,4,4,4,4,4,4,4,4,3,0,3,1,0,4,4,0,1,1,3,1,4,1,2,2,2,1,2,0,0,0,1,2,3,1,2,0,4,4,4,4,4,4,4,4,4,4,4,4,4,4,4,4,4,4,4,4,4,2,3,3,0,2,2,1,0,4,1,1,2,4,1,1,3,3,4,4,4,0,3,3,4,4,4,4,4,4,4,4,4,4,4,4,4,4,4,4,4,4,4,4,4,4,4,4,4,4,4,4,4,4,4,4,4,4,4,4,4,4,4,4,4,4,4,4,4,1,1,0,4,4,4,4,4,4,4,4,4,4,4,4,4,4,4,4,4,3,0,0,1,0,0,0,2,1,1,2,2,2,3,3,3,4,4,4,4,4,4,4,4,4,4,4,4,4,4,4,4,4,4,4,4,4,4,4,4,4,4,4,4,4,4,4,4,4,4,4,4,4,4,4,4,4,4,4,4,4,4,4,4,0,2,1,1,1,2,2,1,3,3,3,2,3,3,2,3,CP000026.1/338819-339003,0
820,2,3,0,2,0,3,2,1,3,1,0,3,3,1,3,0,3,4,1,3,4,1,3,3,0,3,2,3,3,1,2,1,1,3,3,0,4,4,4,4,4,4,4,4,4,4,4,4,4,4,4,4,4,2,3,4,4,4,4,4,4,4,4,4,4,4,4,4,4,4,4,4,4,4,4,4,4,4,4,4,4,4,4,4,4,2,1,4,1,3,1,0,3,0,0,0,1,3,1,1,4,2,2,0,0,3,2,0,1,2,1,4,0,2,0,4,2,1,1,2,3,3,4,4,4,4,3,0,1,2,2,4,4,3,2,1,3,3,4,0,4,3,1,2,3,1,1,0,4,4,1,3,2,0,4,1,0,2,0,3,2,4,3,1,2,1,4,4,4,3,3,4,0,4,3,2,1,1,4,4,4,4,4,4,4,3,4,4,4,4,4,4,4,4,4,4,4,4,4,4,4,4,4,4,4,4,4,4,4,4,4,4,4,4,4,4,4,4,4,4,4,4,4,4,4,4,4,4,4,4,4,4,4,4,4,4,4,4,4,4,1,0,3,1,0,2,0,1,0,1,1,0,4,3,2,2,0,1,0,1,0,0,1,2,3,3,2,0,4,4,4,4,4,4,4,4,4,4,4,4,4,4,4,4,4,4,4,4,4,2,3,2,0,0,2,1,0,4,1,1,4,4,1,0,1,3,4,4,3,2,3,3,2,3,1,0,4,3,4,0,1,0,4,4,4,4,4,4,4,4,4,4,4,4,4,4,4,4,4,4,4,4,4,4,4,4,4,4,4,4,4,4,4,4,2,0,1,1,3,2,4,4,4,4,4,4,4,4,4,4,4,4,4,4,4,4,4,3,3,3,3,0,0,1,2,1,1,3,2,1,3,1,1,2,3,0,0,4,3,0,0,4,4,4,4,4,4,4,4,4,4,4,4,4,4,4,4,4,4,4,4,4,4,4,4,4,4,4,4,4,4,4,4,4,4,4,4,4,4,4,4,2,0,2,1,0,2,2,1,2,3,3,3,3,3,3,0,AEHY01000129.1/65866-65660,0
821,2,1,0,2,3,2,2,1,3,1,0,3,3,1,0,1,1,4,2,0,4,1,3,3,0,3,2,3,1,0,2,1,1,1,1,3,3,1,2,4,4,4,4,4,4,4,4,4,4,2,2,0,1,2,3,4,4,4,4,4,4,4,4,4,4,4,4,4,4,4,4,4,4,4,4,4,4,4,4,4,4,4,4,4,4,2,1,4,3,0,1,0,3,0,0,0,0,3,3,1,4,4,2,0,0,3,2,0,1,2,1,4,0,1,0,4,0,1,4,4,4,4,4,4,4,4,4,0,0,2,2,4,4,3,2,1,1,3,4,2,4,1,1,2,3,1,1,0,4,4,0,1,3,3,4,1,3,2,0,3,0,4,3,1,0,2,1,4,2,3,0,4,4,4,4,2,1,3,4,4,4,4,4,4,4,0,4,4,4,4,4,4,4,4,4,4,4,4,4,4,4,4,4,4,4,4,4,4,4,4,4,4,4,4,4,4,4,4,4,4,4,4,4,4,4,4,4,4,4,4,4,4,4,4,4,4,4,4,4,4,3,0,3,1,0,4,4,0,1,1,0,3,4,1,2,2,2,1,2,0,0,0,1,2,3,1,2,0,4,4,4,4,4,4,4,4,4,4,4,4,4,4,4,4,4,4,4,4,4,2,3,3,0,2,2,1,0,4,1,1,2,4,1,1,3,3,4,4,4,0,3,3,4,4,4,4,4,4,4,4,4,4,4,4,4,4,4,4,4,4,4,4,4,4,4,4,4,4,4,4,4,4,4,4,4,4,4,4,4,4,4,4,4,4,4,4,4,1,1,0,4,4,4,4,4,4,4,4,4,4,4,4,4,4,4,4,4,3,0,0,1,0,0,0,2,1,1,2,2,2,4,4,3,0,0,3,4,4,4,4,3,4,4,4,4,4,4,4,4,4,4,4,4,4,4,4,4,4,4,4,4,4,4,4,4,4,4,4,4,4,4,4,4,4,4,4,4,4,4,4,4,4,4,1,1,1,2,2,1,3,3,3,2,3,3,2,3,AFPN02000010.1/168003-167816,0
822,2,3,0,2,0,3,2,1,3,1,0,3,3,1,1,0,3,4,1,3,4,1,3,3,0,3,2,3,3,1,2,1,1,3,3,0,4,4,4,4,4,4,4,4,4,4,4,4,4,4,4,4,4,2,3,4,4,4,4,4,4,4,4,4,4,4,4,4,4,4,4,4,4,4,4,4,4,4,4,4,4,4,4,4,4,2,1,4,1,3,1,0,3,0,0,0,1,3,1,1,4,2,2,0,0,3,2,0,1,2,1,4,0,2,0,4,2,1,1,2,3,3,4,4,4,4,3,0,1,2,2,4,4,3,2,1,3,3,4,0,4,3,1,2,3,1,1,0,4,4,1,3,2,0,4,1,0,2,0,3,2,4,3,1,2,1,4,4,4,3,3,4,0,4,3,2,1,1,4,4,4,4,4,4,4,3,4,4,4,4,4,4,4,4,4,4,4,4,4,4,4,4,4,4,4,4,4,4,4,4,4,4,4,4,4,4,4,4,4,4,4,4,4,4,4,4,4,4,4,4,4,4,4,4,4,4,4,4,4,4,1,0,3,1,0,2,0,1,0,1,1,0,4,3,2,2,0,1,0,1,0,0,1,2,3,3,2,0,4,4,4,4,4,4,4,4,4,4,4,4,4,4,4,4,4,4,4,4,4,2,3,2,0,0,2,1,0,4,1,1,4,4,1,0,1,3,4,4,3,2,3,3,2,3,1,0,4,3,4,0,1,0,4,4,4,4,4,4,4,4,4,4,4,4,4,4,4,4,4,4,4,4,4,4,4,4,4,4,4,4,4,4,4,4,2,0,1,1,3,2,4,4,4,4,4,4,4,4,4,4,4,4,4,4,4,4,4,3,3,3,3,0,0,1,2,4,4,4,4,4,4,4,4,4,4,4,4,4,4,4,4,1,1,3,4,4,4,4,4,4,4,4,4,4,4,4,4,4,4,4,4,4,4,4,4,4,4,4,4,4,4,4,4,4,4,4,4,2,1,3,1,4,4,4,4,4,4,4,1,2,3,0,0,3,0,0,2,ADUD01000576.1/3602-3793,0
823,2,3,0,2,0,3,2,1,3,1,0,3,3,1,1,0,3,4,1,3,4,1,3,3,0,3,2,3,3,1,2,1,1,3,3,1,4,4,4,4,4,4,4,4,4,4,4,4,4,4,4,4,4,3,2,4,4,4,4,4,4,4,4,4,4,4,4,4,4,4,4,4,4,4,4,4,4,4,4,4,4,4,4,4,4,2,1,4,1,3,1,0,3,0,0,0,1,3,1,0,4,2,2,0,0,3,2,0,3,2,1,4,0,2,0,4,2,1,1,2,3,3,4,4,4,4,3,0,1,2,2,4,4,3,2,1,3,3,4,0,4,3,1,2,3,1,1,0,4,4,1,3,2,0,4,1,0,2,0,3,2,4,3,1,2,1,4,4,4,3,3,4,0,4,1,2,1,1,4,4,4,4,4,4,4,3,4,4,4,4,4,4,4,4,4,4,4,4,4,4,4,4,4,4,4,4,4,4,4,4,4,4,4,4,4,4,4,4,4,4,4,4,4,4,4,4,4,4,4,4,4,4,4,4,4,4,4,4,4,4,1,0,3,1,0,0,0,1,0,1,1,1,4,3,2,2,0,1,0,1,0,0,1,2,3,3,2,0,4,4,4,4,4,4,4,4,4,4,4,4,4,4,4,4,4,4,4,4,4,2,3,2,0,0,2,1,0,4,1,1,1,4,1,3,3,3,4,0,3,2,3,3,2,3,1,0,4,3,4,0,1,0,4,4,4,4,4,4,4,4,4,4,4,4,4,4,4,4,4,4,4,4,4,4,4,4,4,4,4,4,4,4,4,4,2,0,1,1,3,2,4,4,4,4,4,4,4,4,4,4,4,4,4,4,4,4,4,3,3,3,3,2,0,1,2,1,1,3,2,1,1,1,1,3,3,0,0,4,4,1,1,4,4,4,4,4,4,4,4,4,4,4,4,4,4,4,4,4,4,4,4,4,4,4,4,4,4,4,4,4,4,4,4,4,4,4,4,4,4,4,4,2,2,2,1,0,2,2,1,2,3,3,3,3,3,3,3,ACBF01000018.1/39195-39402,0
824,2,1,0,2,0,4,4,4,4,4,4,4,4,4,4,4,4,4,4,4,4,4,4,4,4,4,4,4,4,4,4,4,4,4,4,4,4,4,4,4,4,4,4,4,4,4,4,4,4,4,4,4,4,4,4,4,4,4,4,4,4,4,4,4,4,4,4,4,4,4,4,4,4,4,4,4,4,4,4,4,4,4,4,4,4,4,4,4,4,4,4,4,4,4,4,4,4,4,4,4,4,4,4,4,4,4,4,4,4,4,4,4,4,4,4,4,2,1,1,2,3,3,4,4,4,4,3,0,1,2,2,4,4,3,2,1,3,3,4,0,4,3,1,2,3,1,1,0,4,4,1,3,2,0,4,1,0,2,0,3,2,4,3,1,2,1,4,4,4,3,3,4,0,4,3,2,1,1,4,4,4,4,4,4,4,3,4,4,4,4,4,4,4,4,4,4,4,4,4,4,4,4,4,4,4,4,4,4,4,4,4,4,4,4,4,4,4,4,4,4,4,4,4,4,4,4,4,4,4,4,4,4,4,4,4,4,4,4,4,4,1,0,3,1,0,2,0,1,0,1,1,0,4,3,2,2,0,1,0,1,0,0,1,2,3,3,2,0,4,4,4,4,4,4,4,4,4,4,4,4,4,4,4,4,4,4,4,4,4,2,3,2,0,0,2,1,0,4,1,1,4,4,1,0,1,3,4,4,3,2,3,3,2,3,1,0,4,3,4,0,1,0,4,4,4,4,4,4,4,4,4,4,4,4,4,4,4,4,4,4,4,4,4,4,4,4,4,4,4,4,4,4,4,4,2,0,1,1,3,2,4,4,4,4,4,4,4,4,4,4,4,4,4,4,4,4,4,3,3,3,3,0,0,1,2,1,1,3,2,1,3,1,1,2,3,0,0,4,3,0,0,4,4,4,4,4,4,4,4,4,4,4,4,4,4,4,4,4,4,4,4,4,4,4,4,4,4,4,4,4,4,4,4,4,4,4,4,4,4,4,4,2,0,2,1,0,2,2,1,2,3,3,3,3,3,3,3,AFRO01000028.1/6-154,0
825,2,1,0,2,3,2,2,1,3,1,0,3,3,1,0,1,1,4,2,0,4,1,3,3,0,3,2,3,1,0,2,1,1,1,1,3,3,1,2,4,4,4,4,4,4,4,4,4,4,2,2,0,1,2,3,4,4,4,4,4,4,4,4,4,4,4,4,4,4,4,4,4,4,4,4,4,4,4,4,4,4,4,4,4,4,2,1,4,3,0,1,0,3,0,0,0,0,3,3,1,4,4,2,0,0,3,2,0,1,2,1,4,0,1,0,4,0,1,4,4,4,4,4,4,4,4,4,0,0,2,2,4,4,3,2,1,1,3,4,2,4,1,1,2,3,1,1,0,4,4,0,1,3,3,4,1,3,2,0,3,0,4,3,1,0,2,1,4,2,3,0,4,4,4,4,2,1,3,4,4,4,4,4,4,4,0,4,4,4,4,4,4,4,4,4,4,4,4,4,4,4,4,4,4,4,4,4,4,4,4,4,4,4,4,4,4,4,4,4,4,4,4,4,4,4,4,4,4,4,4,4,4,4,4,4,4,4,4,4,4,3,0,3,1,0,4,4,0,1,1,0,3,4,1,2,2,2,1,2,0,0,0,1,2,3,1,2,0,4,4,4,4,4,4,4,4,4,4,4,4,4,4,4,4,4,4,4,4,4,2,3,3,0,2,2,1,0,4,1,1,2,4,1,1,3,3,4,4,4,0,3,3,4,4,4,4,4,4,4,4,4,4,4,4,4,4,4,4,4,4,4,4,4,4,4,4,4,4,4,4,4,4,4,4,4,4,4,4,4,4,4,4,4,4,4,4,4,1,1,0,4,4,4,4,4,4,4,4,4,4,4,4,4,4,4,4,4,3,0,0,1,0,0,0,2,1,1,2,2,2,4,4,3,0,0,3,4,4,4,4,3,4,4,4,4,4,4,4,4,4,4,4,4,4,4,4,4,4,4,4,4,4,4,4,4,4,4,4,4,4,4,4,4,4,4,4,4,4,4,4,4,4,4,1,1,1,2,2,1,3,3,3,2,3,3,2,3,AGTH01000006.1/34810-34997,0
826,2,3,0,2,0,3,2,1,3,1,0,3,3,1,1,0,3,4,1,3,4,1,3,3,0,3,2,3,3,1,2,1,1,3,3,1,4,4,4,4,4,4,4,4,4,4,4,4,4,4,4,4,4,3,2,4,4,4,4,4,4,4,4,4,4,4,4,4,4,4,4,4,4,4,4,4,4,4,4,4,4,4,4,4,4,2,1,4,1,3,1,0,3,0,0,0,1,3,1,0,4,2,2,0,0,3,2,0,3,2,1,4,0,2,0,4,2,1,1,2,3,3,4,4,4,4,3,0,1,2,2,4,4,3,2,1,3,3,4,0,4,3,1,2,3,1,1,0,4,4,1,3,2,0,4,1,0,2,0,3,2,4,3,1,2,1,4,4,4,3,3,4,0,4,1,2,1,1,4,4,4,4,4,4,4,3,4,4,4,4,4,4,4,4,4,4,4,4,4,4,4,4,4,4,4,4,4,4,4,4,4,4,4,4,4,4,4,4,4,4,4,4,4,4,4,4,4,4,4,4,4,4,4,4,4,4,4,4,4,4,1,0,3,1,0,0,0,1,0,1,1,1,4,3,2,2,0,1,0,1,0,0,1,2,3,3,2,0,4,4,4,4,4,4,4,4,4,4,4,4,4,4,4,4,4,4,4,4,4,2,3,2,0,0,2,1,0,4,1,1,1,4,1,3,3,3,4,0,3,2,3,3,2,3,1,0,4,3,4,0,1,0,4,4,4,4,4,4,4,4,4,4,4,4,4,4,4,4,4,4,4,4,4,4,4,4,4,4,4,4,4,4,4,4,2,0,1,1,3,2,4,4,4,4,4,4,4,4,4,4,4,4,4,4,4,4,4,3,3,3,3,2,0,1,2,1,1,3,2,1,1,1,1,3,3,0,0,4,4,1,1,4,4,4,4,4,4,4,4,4,4,4,4,4,4,4,4,4,4,4,4,4,4,4,4,4,4,4,4,4,4,4,4,4,4,4,4,4,4,4,4,2,2,2,1,0,2,2,1,2,3,3,3,3,3,3,3,AEJH01000009.1/120134-120341,0
827,2,3,0,2,0,3,2,1,3,1,0,3,3,1,1,0,3,4,1,3,4,1,3,3,0,3,2,3,3,1,2,1,1,3,3,0,4,4,4,4,4,4,4,4,4,4,4,4,4,4,4,4,4,2,3,4,4,4,4,4,4,4,4,4,4,4,4,4,4,4,4,4,4,4,4,4,4,4,4,4,4,4,4,4,4,2,1,4,1,3,1,0,3,0,0,0,1,3,1,1,4,2,2,0,0,3,2,0,1,2,1,4,0,2,0,4,2,1,1,2,3,3,4,4,4,4,3,0,1,2,2,4,4,3,2,1,3,3,4,0,4,3,1,2,3,1,1,0,4,4,1,3,2,0,4,1,0,2,0,3,2,4,3,1,2,1,4,4,4,3,3,4,0,4,3,2,1,1,4,4,4,4,4,4,4,3,4,4,4,4,4,4,4,4,4,4,4,4,4,4,4,4,4,4,4,4,4,4,4,4,4,4,4,4,4,4,4,4,4,4,4,4,4,4,4,4,4,4,4,4,4,4,4,4,4,4,4,4,4,4,1,0,3,1,0,2,0,1,0,1,1,0,4,3,2,2,0,1,0,1,0,0,1,2,3,3,2,0,4,4,4,4,4,4,4,4,4,4,4,4,4,4,4,4,4,4,4,4,4,2,3,2,0,0,2,1,0,4,1,1,4,4,1,0,1,3,4,4,3,2,3,3,2,3,1,0,4,3,4,0,1,0,4,4,4,4,4,4,4,4,4,4,4,4,4,4,4,4,4,4,4,4,4,4,4,4,4,4,4,4,4,4,4,4,2,0,1,1,3,2,4,4,4,4,4,4,4,4,4,4,4,4,4,4,4,4,4,3,3,3,3,0,0,1,2,1,1,3,2,1,3,1,1,2,3,0,0,4,3,0,0,4,4,4,4,4,4,4,4,4,4,4,4,4,4,4,4,4,4,4,4,4,4,4,4,4,4,4,4,4,4,4,4,4,4,4,4,4,4,4,4,2,0,2,1,0,2,2,1,2,3,3,3,3,3,3,3,AEUB01000053.1/39891-40097,0
828,2,3,0,2,0,3,2,1,3,1,0,3,3,1,1,0,3,4,1,3,4,1,3,3,0,3,2,3,3,1,2,1,1,3,3,1,4,4,4,4,4,4,4,4,4,4,4,4,4,4,4,4,4,2,3,4,4,4,4,4,4,4,4,4,4,4,4,4,4,4,4,4,4,4,4,4,4,4,4,4,4,4,4,4,4,2,1,4,1,3,1,0,3,0,0,0,1,3,1,1,4,2,2,0,0,3,2,0,3,2,1,4,0,2,0,4,2,1,1,2,3,3,4,4,1,3,3,0,1,2,2,4,4,3,2,1,3,3,4,0,4,3,1,2,3,1,1,0,4,4,1,3,2,0,4,1,0,2,0,3,2,4,3,1,2,1,0,4,3,3,3,4,0,4,3,2,1,1,4,4,4,4,4,4,4,3,4,4,4,4,4,4,4,4,4,4,4,4,4,4,4,4,4,4,4,4,4,4,4,4,4,4,4,4,4,4,4,4,4,4,4,4,4,4,4,4,4,4,4,4,4,4,4,4,4,4,4,4,4,4,1,0,3,1,0,0,0,1,0,1,1,0,4,3,2,2,0,1,0,3,3,0,1,2,3,3,2,0,4,4,4,4,4,4,4,4,4,4,4,4,4,4,4,4,4,4,4,4,4,2,3,2,0,0,2,1,0,4,1,1,1,4,0,0,3,3,4,4,3,2,3,3,2,3,1,0,4,0,4,0,1,0,4,4,4,4,4,4,4,4,4,4,4,4,4,4,4,4,4,4,4,4,4,4,4,4,4,4,4,4,4,4,4,4,2,0,1,1,3,2,4,4,4,4,4,4,4,4,4,4,4,4,4,4,4,4,4,3,3,3,3,0,0,1,2,1,1,3,2,1,1,1,3,2,0,3,3,4,3,1,0,4,4,4,4,4,4,4,4,4,4,4,4,4,4,4,4,4,4,4,4,4,4,4,4,4,4,4,4,4,4,4,4,4,4,4,4,4,4,4,4,2,1,2,1,0,2,2,1,2,3,3,3,3,3,3,3,AFQK01000029.1/38766-38977,0
829,2,3,0,2,0,3,2,1,3,1,0,3,1,1,1,0,1,4,3,3,4,0,3,3,0,3,2,0,3,3,2,1,3,3,2,2,3,1,3,3,0,3,0,4,4,4,2,3,1,1,0,3,3,3,0,4,4,4,4,4,4,4,4,4,4,4,4,4,4,4,4,4,4,4,4,4,4,4,4,4,4,4,4,4,4,2,1,4,3,3,1,0,3,0,0,0,1,1,1,0,4,2,2,2,0,3,2,0,1,2,1,4,0,2,0,4,2,1,1,2,0,3,4,4,3,3,3,0,2,2,2,4,4,3,2,1,1,3,4,0,4,3,3,2,3,1,1,0,4,3,2,3,0,0,4,0,1,2,0,3,2,4,3,3,2,0,0,4,3,0,3,4,1,4,3,3,4,4,4,4,4,4,4,4,4,4,4,4,4,4,4,4,4,4,4,4,4,4,4,4,4,4,4,4,4,4,4,4,4,4,4,4,4,4,4,4,4,4,4,4,4,4,4,4,4,4,4,4,4,4,4,4,4,4,4,4,4,4,4,4,1,0,3,1,0,4,4,1,0,3,0,1,4,1,2,2,0,1,0,3,0,0,1,2,3,3,2,0,4,4,4,4,4,4,4,4,4,4,4,4,4,4,4,4,4,4,4,4,4,2,3,2,0,2,2,1,0,4,1,1,2,4,0,1,0,3,4,4,3,2,3,3,2,3,1,3,4,2,4,3,4,0,4,4,4,4,4,4,4,4,4,4,4,4,4,4,4,4,4,4,4,4,4,4,4,4,4,4,4,4,4,4,4,4,2,0,1,1,3,2,0,0,4,4,4,4,4,4,4,4,4,4,4,4,0,0,3,3,3,1,0,2,0,1,2,1,3,3,2,1,1,3,3,3,1,3,4,4,4,4,4,4,4,4,4,4,4,4,4,4,4,4,4,4,4,4,4,4,4,4,4,4,4,4,4,4,4,4,4,4,4,4,4,4,4,4,4,4,4,4,4,2,2,2,1,0,0,2,1,2,3,3,3,3,3,3,3,ACCA01000053.1/16541-16762,0
830,2,3,0,2,0,3,2,1,3,1,0,3,3,1,1,0,3,4,1,3,4,1,3,3,0,3,2,3,3,1,2,1,1,3,3,0,4,4,4,4,4,4,4,4,4,4,4,4,4,4,4,4,4,2,3,4,4,4,4,4,4,4,4,4,4,4,4,4,4,4,4,4,4,4,4,4,4,4,4,4,4,4,4,4,4,2,1,4,1,3,1,0,3,0,0,0,1,3,1,1,4,2,2,0,0,3,2,0,1,2,1,4,0,2,0,4,2,1,1,2,3,3,4,4,4,4,3,0,1,2,2,4,4,3,2,1,3,3,4,0,4,3,1,2,3,1,1,0,4,4,1,3,2,0,4,1,0,2,0,3,2,4,3,1,2,1,4,4,4,3,3,4,0,4,3,2,1,1,4,4,4,4,4,4,4,3,4,4,4,4,4,4,4,4,4,4,4,4,4,4,4,4,4,4,4,4,4,4,4,4,4,4,4,4,4,4,4,4,4,4,4,4,4,4,4,4,4,4,4,4,4,4,4,4,4,4,4,4,4,4,1,0,3,1,0,2,0,1,0,1,1,0,4,3,2,2,0,1,0,1,0,0,1,2,3,3,2,0,4,4,4,4,4,4,4,4,4,4,4,4,4,4,4,4,4,4,4,4,4,2,3,2,0,0,2,1,0,4,1,1,4,4,1,0,1,3,4,4,3,2,3,3,2,3,1,0,4,3,4,0,1,0,4,4,4,4,4,4,4,4,4,4,4,4,4,4,4,4,4,4,4,4,4,4,4,4,4,4,4,4,4,4,4,4,2,0,1,1,3,2,4,4,4,4,4,4,4,4,4,4,4,4,4,4,4,4,4,3,3,3,3,0,0,1,2,1,1,3,2,1,3,1,1,2,3,0,0,4,3,0,0,4,4,4,4,4,4,4,4,4,4,4,4,4,4,4,4,4,4,4,4,4,4,4,4,4,4,4,4,4,4,4,4,4,4,4,4,4,4,4,4,2,0,2,1,0,2,2,1,2,3,3,3,3,3,3,3,AFAC01000008.1/165273-165479,0
831,2,1,0,2,3,2,2,1,3,1,0,3,3,1,0,1,1,4,2,0,4,1,3,3,0,3,2,3,1,0,2,1,1,1,1,3,3,1,2,4,4,4,4,4,4,4,4,4,4,2,2,0,1,2,3,4,4,4,4,4,4,4,4,4,4,4,4,4,4,4,4,4,4,4,4,4,4,4,4,4,4,4,4,4,4,2,1,4,3,0,1,0,3,0,0,0,0,3,3,1,4,4,2,0,0,3,2,0,1,2,1,4,0,1,0,4,0,1,4,4,4,4,4,4,4,4,4,0,0,2,2,4,4,3,2,1,1,3,4,2,4,1,1,2,3,1,1,0,4,4,0,1,3,3,4,1,3,2,0,3,0,4,3,1,0,2,1,4,2,3,0,4,4,4,4,2,1,3,4,4,4,4,4,4,4,0,4,4,4,4,4,4,4,4,4,4,4,4,4,4,4,4,4,4,4,4,4,4,4,4,4,4,4,4,4,4,4,4,4,4,4,4,4,4,4,4,4,4,4,4,4,4,4,4,4,4,4,4,4,4,3,0,3,1,0,4,4,0,1,1,0,3,4,1,2,2,2,1,2,0,0,0,1,2,3,1,2,0,4,4,4,4,4,4,4,4,4,4,4,4,4,4,4,4,4,4,4,4,4,2,3,3,0,2,2,1,0,4,1,1,2,4,1,1,3,3,4,4,4,0,3,3,4,4,4,4,4,4,4,4,4,4,4,4,4,4,4,4,4,4,4,4,4,4,4,4,4,4,4,4,4,4,4,4,4,4,4,4,4,4,4,4,4,4,4,4,4,1,1,0,4,4,4,4,4,4,4,4,4,4,4,4,4,4,4,4,4,3,0,0,1,0,0,0,2,1,1,2,2,2,4,4,3,0,0,3,4,4,4,4,3,4,4,4,4,4,4,4,4,4,4,4,4,4,4,4,4,4,4,4,4,4,4,4,4,4,4,4,4,4,4,4,4,4,4,4,4,4,4,4,4,4,4,1,1,1,2,2,1,3,3,3,2,3,3,2,3,CP002212.1/2891273-2891086,0
832,2,3,0,2,0,3,2,1,3,1,0,3,3,1,1,0,3,4,1,3,4,1,3,3,0,3,2,3,3,1,2,1,1,3,3,1,4,4,4,4,4,4,4,4,4,4,4,4,4,4,4,4,4,3,2,4,4,4,4,4,4,4,4,4,4,4,4,4,4,4,4,4,4,4,4,4,4,4,4,4,4,4,4,4,4,2,1,4,1,3,1,0,3,0,0,0,1,3,1,0,4,2,2,0,0,3,2,0,3,2,1,4,0,2,0,4,2,1,1,2,3,3,4,4,4,4,3,0,1,2,2,4,4,3,2,1,3,3,4,0,4,3,1,2,3,1,1,0,4,4,1,3,2,0,4,1,0,2,0,3,2,4,3,1,2,1,4,4,4,3,3,4,0,4,1,2,1,1,4,4,4,4,4,4,4,3,4,4,4,4,4,4,4,4,4,4,4,4,4,4,4,4,4,4,4,4,4,4,4,4,4,4,4,4,4,4,4,4,4,4,4,4,4,4,4,4,4,4,4,4,4,4,4,4,4,4,4,4,4,4,1,0,3,1,0,0,0,1,0,1,1,1,4,3,2,2,0,1,0,1,0,0,1,2,3,3,2,0,4,4,4,4,4,4,4,4,4,4,4,4,4,4,4,4,4,4,4,4,4,2,3,2,0,0,2,1,0,4,1,1,1,4,1,3,3,3,4,0,3,2,3,3,2,3,1,0,4,3,4,0,1,0,4,4,4,4,4,4,4,4,4,4,4,4,4,4,4,4,4,4,4,4,4,4,4,4,4,4,4,4,4,4,4,4,2,0,1,1,3,2,4,4,4,4,4,4,4,4,4,4,4,4,4,4,4,4,4,3,3,3,3,2,0,1,2,1,1,3,2,1,1,1,1,3,3,0,0,4,4,1,1,4,4,4,4,4,4,4,4,4,4,4,4,4,4,4,4,4,4,4,4,4,4,4,4,4,4,4,4,4,4,4,4,4,4,4,4,4,4,4,4,2,2,2,1,0,2,2,1,2,3,3,3,3,3,3,3,AESZ01000001.1/39707-39914,0
833,2,3,0,2,0,3,2,1,3,1,0,3,3,1,1,0,3,4,1,3,4,1,3,3,0,3,2,3,3,1,2,1,1,3,3,0,4,4,4,4,4,4,4,4,4,4,4,4,4,4,4,4,4,2,3,4,4,4,4,4,4,4,4,4,4,4,4,4,4,4,4,4,4,4,4,4,4,4,4,4,4,4,4,4,4,2,1,4,1,3,1,0,3,0,0,0,1,3,1,1,4,2,2,0,0,3,2,0,1,2,1,4,0,2,0,4,2,1,1,2,3,3,4,4,4,4,3,0,1,2,2,4,4,3,2,1,3,3,4,0,4,3,1,2,3,1,1,0,4,4,1,3,2,0,4,1,0,2,0,3,2,4,3,1,2,1,4,4,4,3,3,4,0,4,3,2,1,1,4,4,4,4,4,4,4,3,4,4,4,4,4,4,4,4,4,4,4,4,4,4,4,4,4,4,4,4,4,4,4,4,4,4,4,4,4,4,4,4,4,4,4,4,4,4,4,4,4,4,4,4,4,4,4,4,4,4,4,4,4,4,1,0,3,1,0,2,0,1,0,1,1,0,4,3,2,2,0,1,0,1,0,0,1,2,3,3,2,0,4,4,4,4,4,4,4,4,4,4,4,4,4,4,4,4,4,4,4,4,4,2,3,2,0,0,2,1,0,4,1,1,4,4,1,0,1,3,4,4,3,2,3,3,2,3,1,0,4,3,4,0,1,0,4,4,4,4,4,4,4,4,4,4,4,4,4,4,4,4,4,4,4,4,4,4,4,4,4,4,4,4,4,4,4,4,2,0,1,1,3,2,4,4,4,4,4,4,4,4,4,4,4,4,4,4,4,4,4,3,3,3,3,0,0,1,2,1,1,3,2,1,3,1,1,2,3,0,0,4,3,0,0,4,4,4,4,4,4,4,4,4,4,4,4,4,4,4,4,4,4,4,4,4,4,4,4,4,4,4,4,4,4,4,4,4,4,4,4,4,4,4,4,2,0,2,1,0,2,2,1,2,3,3,3,3,3,3,3,AEFA01000019.1/74837-74631,0
834,2,3,4,4,4,2,2,1,3,1,0,3,3,1,0,1,1,4,3,3,4,1,3,3,0,3,2,3,1,0,2,1,1,1,1,3,3,0,2,4,4,4,4,4,4,4,4,4,4,2,2,0,1,2,1,4,4,4,4,4,4,4,4,4,4,4,4,4,4,4,4,4,4,4,4,4,4,4,4,4,4,4,4,4,4,2,1,4,3,0,1,0,3,0,0,0,1,3,3,1,4,4,2,0,0,3,2,0,1,2,1,4,4,4,4,4,0,1,0,0,4,4,4,4,4,4,1,0,0,2,2,4,4,3,2,1,1,3,4,2,4,1,1,2,3,1,1,0,4,4,0,1,3,3,4,1,3,2,0,3,0,4,0,3,0,2,1,4,2,3,4,4,4,4,0,2,1,3,4,4,4,4,4,4,4,3,4,4,4,4,4,4,4,4,4,4,4,4,4,4,4,4,4,4,4,4,4,4,4,4,4,4,4,4,4,4,4,4,4,4,4,4,4,4,4,4,4,4,4,4,4,4,4,4,4,4,4,4,4,4,3,0,3,1,0,4,4,0,1,1,3,1,4,1,2,2,2,1,2,0,0,0,1,2,3,1,2,0,4,4,4,4,4,4,4,4,4,4,4,4,4,4,4,4,4,4,4,4,4,2,3,3,0,2,2,1,0,4,1,1,2,4,1,1,3,3,4,4,4,0,3,3,1,1,0,3,4,0,4,0,1,0,4,4,4,4,4,4,4,4,4,4,4,4,4,4,4,4,4,4,4,4,4,4,4,4,4,4,4,4,4,4,4,4,0,0,2,1,1,2,2,4,4,4,4,4,4,4,4,4,4,4,4,4,4,2,3,3,3,0,2,1,1,1,2,2,1,1,3,3,0,3,3,1,1,0,4,4,4,3,0,4,4,4,4,4,4,4,4,4,4,4,4,4,4,4,4,4,4,4,4,4,4,4,4,4,4,4,4,4,4,4,4,4,4,4,4,4,4,4,4,0,1,0,0,0,2,1,1,2,2,2,3,3,3,0,2,AFCV01000968.1/8143-7940,0
835,0,1,0,2,3,3,2,1,3,1,0,3,3,1,0,1,1,4,3,3,4,3,3,3,0,3,2,0,3,0,2,1,1,1,1,2,4,4,4,4,4,4,4,4,4,4,4,4,4,4,4,4,4,4,4,1,0,0,3,3,0,0,2,1,4,4,4,4,4,4,4,4,4,4,4,4,2,2,0,3,2,0,3,2,1,2,1,4,3,3,1,0,3,0,0,2,1,1,3,1,4,1,2,0,0,3,2,0,3,2,1,4,1,3,0,4,4,4,0,2,0,1,4,4,4,4,4,4,3,2,2,4,4,3,2,1,1,3,4,0,4,3,1,2,3,1,1,0,1,1,3,0,0,0,4,1,1,2,0,1,0,4,3,3,2,3,2,4,3,2,0,4,0,4,0,2,1,0,1,4,4,4,4,4,0,3,4,4,4,4,4,4,4,4,4,4,4,4,4,4,4,4,4,4,4,4,4,4,4,4,4,4,4,4,4,4,4,4,4,4,4,4,4,4,4,4,4,4,4,4,4,4,4,4,4,4,4,4,4,4,3,0,3,1,0,4,4,0,0,1,0,3,4,1,2,2,0,1,2,0,1,0,1,2,3,3,2,0,4,4,4,4,4,4,4,4,4,4,4,4,4,4,4,4,4,4,4,4,4,2,3,2,0,2,2,1,0,4,1,1,2,4,1,1,3,0,4,4,3,2,3,1,4,4,4,4,4,4,4,4,4,4,4,4,4,4,4,4,4,4,4,4,4,4,4,4,4,4,4,4,4,4,4,4,4,4,4,4,4,4,4,4,4,4,4,4,4,1,3,2,4,4,4,4,4,4,4,4,4,4,4,4,4,4,4,4,4,1,3,2,3,2,0,3,2,0,0,3,4,4,4,4,4,4,4,4,4,4,4,4,4,4,4,4,4,4,4,4,4,4,4,4,4,4,4,4,4,4,4,4,4,4,4,4,4,4,4,4,4,4,4,4,4,4,4,4,4,4,4,4,3,4,4,4,4,0,3,3,1,0,3,1,0,0,3,3,3,ABAT01000031.1/14852-15049,0
836,2,3,4,4,4,2,2,1,3,1,0,3,3,1,0,1,1,4,3,3,4,1,3,3,0,3,2,3,1,0,2,1,1,1,1,3,3,0,2,4,4,4,4,4,4,4,4,4,4,2,2,0,1,2,1,4,4,4,4,4,4,4,4,4,4,4,4,4,4,4,4,4,4,4,4,4,4,4,4,4,4,4,4,4,4,2,1,4,3,0,1,0,3,0,0,0,1,3,3,1,4,4,2,0,0,3,2,0,1,2,1,4,4,4,4,4,0,1,0,0,4,4,4,4,4,4,1,0,0,2,2,4,4,3,2,1,1,3,4,2,4,1,1,2,3,1,1,0,4,4,0,1,3,3,4,1,3,2,0,3,0,4,0,3,0,2,1,4,2,3,4,4,4,4,0,2,1,3,4,4,4,4,4,4,4,3,4,4,4,4,4,4,4,4,4,4,4,4,4,4,4,4,4,4,4,4,4,4,4,4,4,4,4,4,4,4,4,4,4,4,4,4,4,4,4,4,4,4,4,4,4,4,4,4,4,4,4,4,4,4,3,0,3,1,0,4,4,0,1,1,3,1,4,1,2,2,2,1,2,0,0,0,1,2,3,1,2,0,4,4,4,4,4,4,4,4,4,4,4,4,4,4,4,4,4,4,4,4,4,2,3,3,0,2,2,1,0,4,1,1,2,4,1,1,3,3,4,4,4,0,3,3,4,4,4,4,4,4,4,4,4,4,4,4,4,4,4,4,4,4,4,4,4,4,4,4,4,4,4,4,4,4,4,4,4,4,4,4,4,4,4,4,4,4,4,4,4,1,1,0,4,4,4,4,4,4,4,4,4,4,4,4,4,4,4,4,4,3,0,0,1,0,0,0,2,1,1,2,2,2,3,3,3,4,4,4,4,4,4,4,4,4,4,4,4,4,4,4,4,4,4,4,4,4,4,4,4,4,4,4,4,4,4,4,4,4,4,4,4,4,4,4,4,4,4,4,4,4,4,4,4,0,2,1,1,1,2,2,1,3,3,3,2,3,3,2,3,AETU01000049.1/40154-40338,0
837,2,3,0,2,0,3,2,1,3,1,0,3,3,1,1,0,3,4,1,3,4,1,3,3,0,3,2,3,3,1,2,1,1,3,3,0,4,4,4,4,4,4,4,4,4,4,4,4,4,4,4,4,4,2,3,4,4,4,4,4,4,4,4,4,4,4,4,4,4,4,4,4,4,4,4,4,4,4,4,4,4,4,4,4,4,2,1,4,1,3,1,0,3,0,0,0,1,3,1,1,4,2,2,0,0,3,2,0,1,2,1,4,0,2,0,4,2,1,1,2,3,3,4,4,4,4,3,0,1,2,2,4,4,3,2,1,3,3,4,0,4,3,1,2,3,1,1,0,4,4,1,3,2,0,4,1,0,2,0,3,2,4,3,1,2,1,4,4,4,3,3,4,0,4,3,2,1,1,4,4,4,4,4,4,4,3,4,4,4,4,4,4,4,4,4,4,4,4,4,4,4,4,4,4,4,4,4,4,4,4,4,4,4,4,4,4,4,4,4,4,4,4,4,4,4,4,4,4,4,4,4,4,4,4,4,4,4,4,4,4,1,0,3,1,0,2,0,1,0,1,1,0,4,3,2,2,0,1,0,1,0,0,1,2,3,3,2,0,4,4,4,4,4,4,4,4,4,4,4,4,4,4,4,4,4,4,4,4,4,2,3,2,0,0,2,1,0,4,1,1,4,4,1,0,1,3,4,4,3,2,3,3,2,3,1,0,4,3,4,0,1,0,4,4,4,4,4,4,4,4,4,4,4,4,4,4,4,4,4,4,4,4,4,4,4,4,4,4,4,4,4,4,4,4,2,0,1,1,3,2,4,4,4,4,4,4,4,4,4,4,4,4,4,4,4,4,4,3,3,3,3,0,0,1,2,1,1,3,2,1,3,1,1,2,3,0,0,4,3,0,0,4,4,4,4,4,4,4,4,4,4,4,4,4,4,4,4,4,4,4,4,4,4,4,4,4,4,4,4,4,4,4,4,4,4,4,4,4,4,4,4,2,0,2,1,0,2,2,1,2,3,3,3,3,3,3,3,AFDT01000057.1/330218-330424,0
838,2,1,0,2,3,2,2,1,3,1,0,3,3,1,0,1,1,4,2,0,4,1,3,3,0,3,2,3,1,0,2,1,1,1,1,3,3,1,2,4,4,4,4,4,4,4,4,4,4,2,2,0,1,2,3,4,4,4,4,4,4,4,4,4,4,4,4,4,4,4,4,4,4,4,4,4,4,4,4,4,4,4,4,4,4,2,1,4,3,0,1,0,3,0,0,0,0,3,3,1,4,4,2,0,0,3,2,0,1,2,1,4,0,1,0,4,0,1,4,4,4,4,4,4,4,4,4,0,0,2,2,4,4,3,2,1,1,3,4,2,4,1,1,2,3,1,1,0,4,4,0,1,3,3,4,1,3,2,0,3,0,4,3,1,0,2,1,4,2,3,0,4,4,4,4,2,1,3,4,4,4,4,4,4,4,0,4,4,4,4,4,4,4,4,4,4,4,4,4,4,4,4,4,4,4,4,4,4,4,4,4,4,4,4,4,4,4,4,4,4,4,4,4,4,4,4,4,4,4,4,4,4,4,4,4,4,4,4,4,4,3,0,3,1,0,4,4,0,1,1,0,3,4,1,2,2,2,1,2,0,0,0,1,2,3,1,2,0,4,4,4,4,4,4,4,4,4,4,4,4,4,4,4,4,4,4,4,4,4,2,3,3,0,2,2,1,0,4,1,1,2,4,1,1,3,3,4,4,4,0,3,3,4,4,4,4,4,4,4,4,4,4,4,4,4,4,4,4,4,4,4,4,4,4,4,4,4,4,4,4,4,4,4,4,4,4,4,4,4,4,4,4,4,4,4,4,4,1,1,0,4,4,4,4,4,4,4,4,4,4,4,4,4,4,4,4,4,3,0,0,1,0,0,0,2,1,1,2,2,2,4,4,3,0,0,3,4,4,4,4,3,4,4,4,4,4,4,4,4,4,4,4,4,4,4,4,4,4,4,4,4,4,4,4,4,4,4,4,4,4,4,4,4,4,4,4,4,4,4,4,4,4,4,1,1,1,2,2,1,3,3,3,2,3,3,2,3,AFGX01000046.1/178315-178128,0
839,2,3,0,2,0,3,2,1,3,1,0,3,3,1,1,0,3,4,1,3,4,1,3,3,0,3,2,3,3,1,2,1,1,3,3,0,4,4,4,4,4,4,4,4,4,4,4,4,4,4,4,4,4,2,3,4,4,4,4,4,4,4,4,4,4,4,4,4,4,4,4,4,4,4,4,4,4,4,4,4,4,4,4,4,4,2,1,4,1,3,1,0,3,0,0,0,1,3,1,1,4,2,2,0,0,3,2,0,1,2,1,4,0,2,0,4,2,1,1,2,3,3,4,4,4,4,3,0,1,2,2,4,4,3,2,1,3,3,4,0,4,3,1,2,3,1,1,0,4,4,1,3,2,0,4,1,0,2,0,3,2,4,3,1,2,1,4,4,4,3,3,4,0,4,3,2,1,1,4,4,4,4,4,4,4,3,4,4,4,4,4,4,4,4,4,4,4,4,4,4,4,4,4,4,4,4,4,4,4,4,4,4,4,4,4,4,4,4,4,4,4,4,4,4,4,4,4,4,4,4,4,4,4,4,4,4,4,4,4,4,1,0,3,1,0,2,0,1,0,1,1,0,4,3,2,2,0,1,0,1,0,0,1,2,3,3,2,0,4,4,4,4,4,4,4,4,4,4,4,4,4,4,4,4,4,4,4,4,4,2,3,2,0,0,2,1,0,4,1,1,4,4,1,0,1,3,4,4,3,2,3,3,2,3,1,0,4,3,4,0,1,0,4,4,4,4,4,4,4,4,4,4,4,4,4,4,4,4,4,4,4,4,4,4,4,4,4,4,4,4,4,4,4,4,2,0,1,1,3,2,4,4,4,4,4,4,4,4,4,4,4,4,4,4,4,4,4,3,3,3,3,0,0,1,2,1,1,3,2,1,3,1,1,2,3,0,0,4,3,0,0,4,4,4,4,4,4,4,4,4,4,4,4,4,4,4,4,4,4,4,4,4,4,4,4,4,4,4,4,4,4,4,4,4,4,4,4,4,4,4,4,2,0,2,1,0,2,2,1,2,3,3,3,3,3,3,3,ABHK02000001.1/2158643-2158849,0
840,2,3,0,2,0,3,2,1,3,1,0,3,3,1,1,0,3,4,1,3,4,1,3,3,0,3,2,3,3,1,2,1,1,3,3,0,4,4,4,4,4,4,4,4,4,4,4,4,4,4,4,4,4,2,3,4,4,4,4,4,4,4,4,4,4,4,4,4,4,4,4,4,4,4,4,4,4,4,4,4,4,4,4,4,4,2,1,4,1,3,1,0,3,0,0,0,1,3,1,0,4,2,2,0,0,3,2,0,1,2,1,4,0,2,0,4,2,1,1,2,3,3,4,4,4,4,3,0,1,2,2,4,4,3,2,1,3,3,4,0,4,3,1,2,3,1,1,0,4,4,1,3,2,0,4,1,0,2,0,3,2,4,3,1,2,1,4,4,4,3,3,4,1,4,2,2,1,1,4,4,4,4,4,4,4,3,4,4,4,4,4,4,4,4,4,4,4,4,4,4,4,4,4,4,4,4,4,4,4,4,4,4,4,4,4,4,4,4,4,4,4,4,4,4,4,4,4,4,4,4,4,4,4,4,4,4,4,4,4,4,1,0,3,1,0,0,0,1,0,1,1,0,4,3,2,2,0,1,0,1,0,0,1,2,3,3,2,0,4,4,4,4,4,4,4,4,4,4,4,4,4,4,4,4,4,4,4,4,4,2,3,2,0,0,2,1,0,4,1,1,0,4,0,0,3,0,4,4,3,2,3,3,2,3,1,3,4,3,4,0,3,0,4,4,4,4,4,4,4,4,4,4,4,4,4,4,4,4,4,4,4,4,4,4,4,4,4,4,4,4,4,4,4,4,2,0,1,1,3,2,4,4,4,4,4,4,4,4,4,4,4,4,4,4,4,4,4,3,3,3,3,0,0,1,2,1,1,3,2,1,3,3,3,3,0,4,4,4,4,4,4,4,4,4,4,4,4,4,4,4,4,4,4,4,4,4,4,4,4,4,4,4,4,4,4,4,4,4,4,4,4,4,4,4,4,4,4,4,4,4,4,3,0,2,1,0,2,2,1,2,3,3,3,3,3,3,3,AGFS01005566.1/259-461,0
841,2,3,0,2,0,3,2,1,3,1,0,3,1,1,1,0,1,4,3,3,4,0,3,3,0,3,2,0,3,0,2,1,1,3,2,2,3,3,3,3,3,0,3,4,4,0,2,1,1,0,0,3,3,3,0,4,4,4,4,4,4,4,4,4,4,4,4,4,4,4,4,4,4,4,4,4,4,4,4,4,4,4,4,4,4,2,1,4,3,3,1,0,3,0,0,0,1,1,1,0,4,2,2,2,0,3,2,0,1,2,1,4,0,2,0,4,2,1,1,2,0,3,4,4,3,3,3,0,2,2,2,4,4,3,2,1,1,3,4,0,4,3,3,2,3,1,1,0,4,3,2,3,0,0,4,0,1,2,0,3,2,4,3,3,2,0,0,4,3,0,3,4,1,4,3,3,4,4,4,4,4,4,4,4,4,4,4,4,4,4,4,4,4,4,4,4,4,4,4,4,4,4,4,4,4,4,4,4,4,4,4,4,4,4,4,4,4,4,4,4,4,4,4,4,4,4,4,4,4,4,4,4,4,4,4,4,4,4,4,4,1,0,3,1,0,4,4,1,0,3,0,1,4,1,2,2,2,1,0,3,0,0,1,2,3,3,2,0,4,4,4,4,4,4,4,4,4,4,4,4,4,4,4,4,4,4,4,4,4,2,3,2,0,2,2,1,0,4,1,1,2,4,0,1,0,3,4,4,3,2,3,3,2,3,1,3,4,2,4,3,4,0,4,4,4,4,4,4,4,4,4,4,4,4,4,4,4,4,4,4,4,4,4,4,4,4,4,4,4,4,4,4,4,4,2,0,1,1,3,2,0,0,4,4,4,4,4,4,4,4,4,4,4,4,0,0,3,3,3,1,0,2,0,1,2,1,3,3,2,1,1,1,3,3,0,3,4,4,4,4,4,4,4,4,4,4,4,4,4,4,4,4,4,4,4,4,4,4,4,4,4,4,4,4,4,4,4,4,4,4,4,4,4,4,4,4,4,4,4,4,4,1,2,2,1,0,0,2,1,2,3,3,3,3,3,3,3,AM286415.1/218914-219136,0
842,2,3,0,2,0,3,2,1,3,1,0,3,3,1,1,0,3,4,1,3,4,1,3,3,0,3,2,1,3,1,2,1,1,3,3,1,4,4,4,4,4,4,4,4,4,4,4,4,4,4,4,4,4,3,2,4,4,4,4,4,4,4,4,4,4,4,4,4,4,4,4,4,4,4,4,4,4,4,4,4,4,4,4,4,4,2,1,4,1,3,1,0,3,0,0,0,1,3,1,0,4,2,2,0,0,3,2,0,1,2,1,4,0,2,0,4,2,1,1,2,3,3,4,4,4,4,3,0,1,2,2,4,4,3,2,1,3,3,4,0,4,3,1,2,3,1,1,2,4,4,0,3,2,0,4,1,0,2,0,3,2,4,3,1,2,1,4,4,4,3,1,4,0,4,2,2,1,1,4,4,4,4,4,4,4,3,4,4,4,4,4,4,4,4,4,4,4,4,4,4,4,4,4,4,4,4,4,4,4,4,4,4,4,4,4,4,4,4,4,4,4,4,4,4,4,4,4,4,4,4,4,4,4,4,4,4,4,4,4,4,1,0,3,1,0,2,0,1,0,1,1,0,4,3,2,2,0,1,0,3,0,0,1,2,3,3,2,0,4,4,4,4,4,4,4,4,4,4,4,4,4,4,4,4,4,4,4,4,4,2,3,2,0,0,2,1,0,4,1,1,4,4,4,1,0,3,4,4,3,2,3,3,2,3,1,0,4,3,4,0,0,0,4,4,4,4,4,4,4,4,4,4,4,4,4,4,4,4,4,4,4,4,4,4,4,4,4,4,4,4,4,4,4,4,2,0,1,1,3,2,4,4,4,4,4,4,4,4,4,4,4,4,4,4,4,4,4,3,3,3,3,0,0,1,2,1,1,3,2,1,3,1,1,3,2,3,4,4,4,4,4,4,4,4,4,4,4,4,4,4,4,4,4,4,4,4,4,4,4,4,4,4,4,4,4,4,4,4,4,4,4,4,4,4,4,4,4,4,4,4,4,2,0,2,1,0,2,2,1,2,3,3,3,3,3,3,3,AGFS01000358.1/7240-7039,0
843,2,3,0,2,0,3,2,1,3,1,0,3,3,1,1,0,3,4,1,3,4,1,3,3,0,3,2,3,3,1,2,1,1,3,3,0,4,4,4,4,4,4,4,4,4,4,4,4,4,4,4,4,4,2,3,4,4,4,4,4,4,4,4,4,4,4,4,4,4,4,4,4,4,4,4,4,4,4,4,4,4,4,4,4,4,2,1,4,1,3,1,0,3,0,0,0,1,3,1,1,4,2,2,0,0,3,2,0,1,2,1,4,0,2,0,4,2,1,1,2,3,3,4,4,4,4,3,0,1,2,2,4,4,3,2,1,3,3,4,0,4,3,1,2,3,1,1,0,4,4,1,3,2,0,4,1,0,2,0,3,2,4,3,1,2,1,4,4,4,3,3,4,0,4,3,2,1,1,4,4,4,4,4,4,4,3,4,4,4,4,4,4,4,4,4,4,4,4,4,4,4,4,4,4,4,4,4,4,4,4,4,4,4,4,4,4,4,4,4,4,4,4,4,4,4,4,4,4,4,4,4,4,4,4,4,4,4,4,4,4,1,0,3,1,0,2,0,1,0,1,1,0,4,3,2,2,0,1,0,1,0,0,1,2,3,3,2,0,4,4,4,4,4,4,4,4,4,4,4,4,4,4,4,4,4,4,4,4,4,2,3,2,0,0,2,1,0,4,1,1,4,4,1,0,1,3,4,4,3,2,3,3,2,3,1,0,4,3,4,0,1,0,4,4,4,4,4,4,4,4,4,4,4,4,4,4,4,4,4,4,4,4,4,4,4,4,4,4,4,4,4,4,4,4,2,0,1,1,3,2,4,4,4,4,4,4,4,4,4,4,4,4,4,4,4,4,4,3,3,3,3,0,0,1,2,1,1,3,2,1,3,1,1,2,3,0,0,4,3,0,0,4,4,4,4,4,4,4,4,4,4,4,4,4,4,4,4,4,4,4,4,4,4,4,4,4,4,4,4,4,4,4,4,4,4,4,4,4,4,4,4,2,0,2,1,0,2,2,1,2,3,3,3,3,3,3,3,AP010953.1/4798639-4798433,0
844,2,3,0,2,0,3,2,1,3,1,0,3,3,1,1,0,3,4,1,3,4,1,3,3,0,3,2,3,3,1,2,1,1,3,3,0,4,4,4,4,4,4,4,4,4,4,4,4,4,4,4,4,4,2,3,4,4,4,4,4,4,4,4,4,4,4,4,4,4,4,4,4,4,4,4,4,4,4,4,4,4,4,4,4,4,2,1,4,1,3,1,0,3,0,0,0,1,3,1,1,4,2,2,0,0,3,2,0,1,2,1,4,0,2,0,4,2,1,1,2,3,3,4,4,4,4,3,0,1,2,2,4,4,3,2,1,3,3,4,0,4,3,1,2,3,1,1,0,4,4,1,3,2,0,4,1,0,2,0,3,2,4,3,1,2,1,4,4,4,3,3,4,0,4,3,2,1,1,4,4,4,4,4,4,4,3,4,4,4,4,4,4,4,4,4,4,4,4,4,4,4,4,4,4,4,4,4,4,4,4,4,4,4,4,4,4,4,4,4,4,4,4,4,4,4,4,4,4,4,4,4,4,4,4,4,4,4,4,4,4,1,0,3,1,0,2,0,1,0,1,1,0,4,3,2,2,0,1,0,1,0,0,1,2,3,3,2,0,4,4,4,4,4,4,4,4,4,4,4,4,4,4,4,4,4,4,4,4,4,2,3,2,0,0,2,1,0,4,1,1,4,4,1,0,1,3,4,4,3,2,3,3,2,3,1,0,4,3,4,0,1,0,4,4,4,4,4,4,4,4,4,4,4,4,4,4,4,4,4,4,4,4,4,4,4,4,4,4,4,4,4,4,4,4,2,0,1,1,3,2,4,4,4,4,4,4,4,4,4,4,4,4,4,4,4,4,4,3,3,3,3,0,0,1,2,1,1,3,2,1,3,1,1,2,3,0,0,4,3,0,0,4,4,4,4,4,4,4,4,4,4,4,4,4,4,4,4,4,4,4,4,4,4,4,4,4,4,4,4,4,4,4,4,4,4,4,4,4,4,4,4,2,0,2,1,0,2,2,1,2,3,3,3,3,3,3,3,ABHR01000001.1/599062-599268,0
845,2,3,4,4,4,2,2,1,3,1,0,3,3,1,0,1,1,4,2,0,4,1,3,3,0,3,2,3,1,0,2,1,1,1,1,3,3,1,2,4,4,4,4,4,4,4,4,4,4,2,2,0,1,2,3,4,4,4,4,4,4,4,4,4,4,4,4,4,4,4,4,4,4,4,4,4,4,4,4,4,4,4,4,4,4,2,1,4,3,0,1,0,3,0,0,0,0,3,0,1,4,4,2,0,0,3,2,0,1,2,1,4,4,4,4,4,0,1,0,0,4,4,4,4,4,4,1,0,0,2,2,4,4,3,2,1,1,3,4,2,4,1,1,2,3,1,1,0,4,4,0,1,3,3,4,1,3,2,0,3,0,4,3,1,0,2,1,4,2,3,0,4,4,4,4,2,1,3,4,4,4,4,4,4,4,0,4,4,4,4,4,4,4,4,4,4,4,4,4,4,4,4,4,4,4,4,4,4,4,4,4,4,4,4,4,4,4,4,4,4,4,4,4,4,4,4,4,4,4,4,4,4,4,4,4,4,4,4,4,4,3,0,3,1,0,4,4,0,1,1,0,3,4,1,2,2,2,1,2,0,0,0,1,2,3,1,2,0,4,4,4,4,4,4,4,4,4,4,4,4,4,4,4,4,4,4,4,4,4,2,3,3,0,2,2,1,0,4,1,1,2,4,1,1,3,3,4,4,4,0,3,3,4,4,4,4,4,4,4,4,4,4,4,4,4,4,4,4,4,4,4,4,4,4,4,4,4,4,4,4,4,4,4,4,4,4,4,4,4,4,4,4,4,4,4,4,4,1,1,0,4,4,4,4,4,4,4,4,4,4,4,4,4,4,4,4,4,3,0,0,1,0,0,0,2,1,1,2,2,2,4,4,3,0,0,3,4,4,4,4,3,4,4,4,4,4,4,4,4,4,4,4,4,4,4,4,4,4,4,4,4,4,4,4,4,4,4,4,4,4,4,4,4,4,4,4,4,4,4,4,4,4,4,1,1,1,2,2,1,3,3,3,2,3,3,2,3,CP002729.1/3103307-3103123,0
846,2,3,0,2,0,3,2,1,3,1,0,3,3,1,1,0,3,4,1,3,4,1,3,3,0,3,2,3,3,1,2,1,1,3,3,1,4,4,4,4,4,4,4,4,4,4,4,4,4,4,4,4,4,3,2,4,4,4,4,4,4,4,4,4,4,4,4,4,4,4,4,4,4,4,4,4,4,4,4,4,4,4,4,4,4,2,1,4,1,3,1,0,3,0,0,0,1,3,1,0,4,2,2,0,0,3,2,0,3,2,1,4,0,2,0,4,2,1,1,2,3,3,4,4,4,4,3,0,1,2,2,4,4,3,2,1,3,3,4,0,4,3,1,2,3,1,1,0,4,4,1,3,2,0,4,1,0,2,0,3,2,4,3,1,2,1,4,4,4,3,3,4,0,4,1,2,1,1,4,4,4,4,4,4,4,3,4,4,4,4,4,4,4,4,4,4,4,4,4,4,4,4,4,4,4,4,4,4,4,4,4,4,4,4,4,4,4,4,4,4,4,4,4,4,4,4,4,4,4,4,4,4,4,4,4,4,4,4,4,4,1,0,3,1,0,0,0,1,0,1,1,1,4,3,2,2,0,1,0,1,0,0,1,2,3,3,2,0,4,4,4,4,4,4,4,4,4,4,4,4,4,4,4,4,4,4,4,4,4,2,3,2,0,0,2,1,0,4,1,1,1,4,1,3,3,3,4,0,3,2,3,3,2,3,1,0,4,3,4,0,1,0,4,4,4,4,4,4,4,4,4,4,4,4,4,4,4,4,4,4,4,4,4,4,4,4,4,4,4,4,4,4,4,4,2,0,1,1,3,2,4,4,4,4,4,4,4,4,4,4,4,4,4,4,4,4,4,3,3,3,3,2,0,1,2,1,1,3,2,1,1,1,1,3,3,0,0,4,4,1,1,4,4,4,4,4,4,4,4,4,4,4,4,4,4,4,4,4,4,4,4,4,4,4,4,4,4,4,4,4,4,4,4,4,4,4,4,4,4,4,4,2,2,2,1,0,2,2,1,2,3,3,3,3,3,3,3,CAAU01003646.1/428-635,0
847,2,3,4,4,4,2,2,1,3,1,0,3,3,1,0,1,1,4,2,0,4,1,3,3,0,3,2,3,1,0,2,1,1,1,1,3,3,1,2,4,4,4,4,4,4,4,4,4,4,2,2,0,1,2,3,4,4,4,4,4,4,4,4,4,4,4,4,4,4,4,4,4,4,4,4,4,4,4,4,4,4,4,4,4,4,2,1,4,3,0,1,0,3,0,0,0,0,3,3,1,4,4,2,0,0,3,2,0,1,2,1,4,4,4,4,4,0,1,0,0,4,4,4,4,4,4,1,0,0,2,2,4,4,3,2,1,1,3,4,2,4,1,1,2,3,1,1,0,4,4,0,1,3,3,4,1,3,2,0,3,0,4,3,1,0,2,1,4,2,3,0,4,4,4,4,2,1,3,4,4,4,4,4,4,4,0,4,4,4,4,4,4,4,4,4,4,4,4,4,4,4,4,4,4,4,4,4,4,4,4,4,4,4,4,4,4,4,4,4,4,4,4,4,4,4,4,4,4,4,4,4,4,4,4,4,4,4,4,4,4,3,0,3,1,0,4,4,0,1,1,1,3,4,1,2,2,2,1,2,0,0,0,1,2,3,1,2,0,4,4,4,4,4,4,4,4,4,4,4,4,4,4,4,4,4,4,4,4,4,2,3,3,0,2,2,1,0,4,1,1,2,4,1,1,3,3,4,4,4,0,3,3,4,4,4,4,4,4,4,4,4,4,4,4,4,4,4,4,4,4,4,4,4,4,4,4,4,4,4,4,4,4,4,4,4,4,4,4,4,4,4,4,4,4,4,4,4,1,1,0,4,4,4,4,4,4,4,4,4,4,4,4,4,4,4,4,4,3,0,0,1,0,0,0,2,1,1,2,2,2,4,4,3,0,0,3,4,4,4,4,3,4,4,4,4,4,4,4,4,4,4,4,4,4,4,4,4,4,4,4,4,4,4,4,4,4,4,4,4,4,4,4,4,4,4,4,4,4,4,4,4,4,4,1,1,1,2,2,1,3,3,3,2,3,3,2,3,CU928164.2/2865838-2865654,0
848,2,3,0,2,0,3,2,1,3,1,0,3,3,1,0,1,1,4,3,3,4,1,3,3,0,3,2,3,3,3,2,1,2,0,0,0,4,4,4,4,4,4,4,4,4,4,4,4,4,4,4,4,4,4,4,4,4,4,4,4,4,4,4,4,4,4,4,4,4,4,4,4,4,4,4,4,4,4,4,4,4,4,4,4,4,2,1,4,3,3,1,0,3,0,0,0,1,1,3,3,4,1,2,0,0,3,2,0,3,2,1,4,0,2,0,4,2,1,1,0,0,3,4,4,4,3,3,0,1,2,2,4,4,3,2,3,1,3,4,0,4,3,3,2,3,1,1,2,4,4,0,3,1,4,4,1,3,2,0,3,2,4,0,3,0,2,3,4,2,2,3,4,1,4,3,3,2,0,1,1,4,4,4,1,3,3,4,4,4,4,4,4,4,4,4,4,4,4,4,4,4,4,4,4,4,4,4,4,4,4,4,4,4,4,4,4,4,4,4,4,4,4,4,4,4,4,4,4,4,4,4,4,4,4,4,4,4,4,4,4,1,0,3,1,0,4,4,2,1,1,1,0,4,1,2,2,2,1,2,3,0,0,1,2,3,3,2,0,4,4,4,4,4,4,4,4,4,4,4,4,4,4,4,4,4,4,4,4,4,2,3,2,0,2,0,1,0,4,1,1,4,4,0,0,3,1,4,4,0,2,3,3,2,3,1,1,4,3,4,0,4,0,4,4,4,4,4,4,4,4,4,4,4,4,4,4,4,4,4,4,4,4,4,4,4,4,4,4,4,4,4,4,4,4,2,0,3,1,3,2,0,3,3,2,4,4,4,4,4,4,4,4,4,3,1,1,3,3,3,3,0,2,0,1,0,1,3,3,2,1,1,1,3,0,4,4,4,4,4,4,4,4,4,4,4,4,4,4,4,4,4,4,4,4,4,4,4,4,4,4,4,4,4,4,4,4,4,4,4,4,4,4,4,4,4,4,4,4,4,4,4,3,2,2,1,0,2,2,3,2,3,3,3,3,3,3,3,ADCU01000026.1/38111-38320,0
849,0,1,0,2,3,3,2,1,3,1,0,3,3,1,0,2,1,4,3,3,4,1,3,3,0,3,2,3,3,2,2,1,1,1,0,1,0,3,1,2,2,3,4,4,4,4,4,2,2,0,0,0,1,0,3,4,4,4,4,4,4,4,4,4,4,4,4,4,4,4,4,4,4,4,4,4,4,4,4,4,4,4,4,4,4,2,1,4,1,0,1,0,3,0,0,0,1,3,0,3,4,1,2,0,0,3,2,0,3,2,1,1,0,2,0,4,2,3,4,4,4,4,4,4,4,4,4,0,0,2,2,4,4,3,2,1,1,3,4,0,4,1,1,2,3,1,1,0,4,0,1,3,1,0,4,2,3,2,0,3,0,4,3,1,2,1,3,4,3,3,1,4,2,4,2,2,1,1,4,4,4,4,4,4,4,3,4,4,4,4,4,4,4,4,4,4,4,4,4,4,4,4,4,4,4,4,4,4,4,4,4,4,4,4,4,4,4,4,4,4,4,4,4,4,4,4,4,4,4,4,4,4,4,4,4,4,4,4,4,4,3,0,3,1,0,4,4,0,0,1,0,3,4,1,2,2,2,1,2,0,1,0,1,2,3,2,2,0,4,4,4,4,4,4,4,4,4,4,4,4,4,4,4,4,4,4,4,4,4,2,3,2,0,2,2,1,0,4,1,1,0,4,1,1,3,0,4,4,4,4,4,4,4,4,4,4,4,4,4,4,4,4,4,4,4,4,4,4,4,4,4,4,4,4,4,4,4,4,4,4,4,4,4,4,4,4,4,4,4,4,4,4,4,4,4,4,4,4,4,4,4,4,4,4,4,4,4,4,4,4,4,4,4,4,4,4,4,4,4,4,4,4,4,4,4,4,4,4,4,4,4,4,4,4,4,4,4,4,4,4,4,3,1,1,3,2,0,1,3,2,3,0,2,0,3,4,4,4,4,4,4,4,4,4,4,4,4,0,0,0,1,2,2,1,0,2,2,0,2,0,2,4,4,4,4,4,4,4,4,4,4,4,3,2,3,3,0,FM162591.1/1505933-1506125,0
850,2,3,0,2,0,3,2,1,3,1,0,3,1,1,1,0,1,4,3,3,4,0,3,3,0,3,2,0,1,0,2,1,3,3,2,2,1,1,0,3,3,0,0,4,4,2,2,1,3,0,0,3,3,3,0,4,4,4,4,4,4,4,4,4,4,4,4,4,4,4,4,4,4,4,4,4,4,4,4,4,4,4,4,4,4,2,1,4,3,3,1,0,3,0,0,0,1,1,1,0,4,2,2,2,0,3,2,0,1,2,1,4,0,2,0,4,2,1,1,2,0,3,4,4,3,3,3,0,2,0,2,4,4,3,2,1,1,3,4,0,4,3,3,2,3,1,1,0,4,3,2,3,0,0,4,1,1,2,0,3,2,4,3,3,2,0,2,4,3,0,0,4,3,4,2,3,4,4,4,4,4,4,4,4,4,4,4,4,4,4,4,4,4,4,4,4,4,4,4,4,4,4,4,4,4,4,4,4,4,4,4,4,4,4,4,4,4,4,4,4,4,4,4,4,4,4,4,4,4,4,4,4,4,4,4,4,4,4,4,4,1,0,3,1,0,4,4,1,0,3,0,1,4,1,2,2,2,1,0,3,0,0,1,2,3,3,2,0,4,4,4,4,4,4,4,4,4,4,4,4,4,4,4,4,4,4,4,4,4,2,3,2,0,2,2,1,0,4,1,3,2,4,0,3,0,3,4,4,3,2,3,3,2,3,1,3,4,0,4,3,1,4,4,4,4,4,4,4,4,4,4,4,4,4,4,4,4,4,4,4,4,4,4,4,4,4,4,4,4,4,4,4,4,4,2,0,1,1,3,2,0,0,4,4,4,4,4,4,4,4,4,4,4,4,0,0,3,3,3,3,0,2,0,1,0,1,3,3,2,1,1,1,3,3,3,3,4,4,4,4,4,4,4,4,4,4,4,4,4,4,4,4,4,4,4,4,4,4,4,4,4,4,4,4,4,4,4,4,4,4,4,4,4,4,4,4,4,4,4,4,4,1,2,2,1,0,0,2,3,2,3,3,3,3,3,3,3,AE009952.1/420943-421165,0
851,2,3,4,4,4,2,2,1,3,1,0,3,3,1,0,1,1,4,2,0,4,1,3,3,0,3,2,3,1,0,2,1,1,1,1,3,3,1,2,4,4,4,4,4,4,4,4,4,4,2,2,0,1,2,3,4,4,4,4,4,4,4,4,4,4,4,4,4,4,4,4,4,4,4,4,4,4,4,4,4,4,4,4,4,4,2,1,4,3,0,1,0,3,0,0,0,0,3,3,1,4,4,2,0,0,3,2,0,1,2,1,4,4,4,4,4,0,1,0,0,4,4,4,4,4,4,1,0,0,2,2,4,4,3,2,1,1,3,4,2,4,1,1,2,3,1,1,0,4,4,0,1,3,3,4,1,3,2,0,3,0,4,3,1,0,2,1,4,2,3,0,4,4,4,4,2,1,3,4,4,4,4,4,4,4,0,4,4,4,4,4,4,4,4,4,4,4,4,4,4,4,4,4,4,4,4,4,4,4,4,4,4,4,4,4,4,4,4,4,4,4,4,4,4,4,4,4,4,4,4,4,4,4,4,4,4,4,4,4,4,3,0,3,1,0,4,4,0,1,1,0,3,4,1,2,2,2,1,2,0,0,0,1,2,3,1,2,0,4,4,4,4,4,4,4,4,4,4,4,4,4,4,4,4,4,4,4,4,4,2,3,3,0,2,2,1,0,4,1,1,2,4,1,1,3,3,4,4,4,0,3,3,4,4,4,4,4,4,4,4,4,4,4,4,4,4,4,4,4,4,4,4,4,4,4,4,4,4,4,4,4,4,4,4,4,4,4,4,4,4,4,4,4,4,4,4,4,1,1,0,4,4,4,4,4,4,4,4,4,4,4,4,4,4,4,4,4,3,0,0,1,0,0,0,2,1,1,2,2,2,4,4,3,0,0,3,4,4,4,4,3,4,4,4,4,4,4,4,4,4,4,4,4,4,4,4,4,4,4,4,4,4,4,4,4,4,4,4,4,4,4,4,4,4,4,4,4,4,4,4,4,4,4,1,1,1,2,2,1,3,3,3,2,3,3,2,3,ABHK02000001.1/790054-789870,0
852,2,3,0,2,0,3,2,1,3,1,0,3,3,1,1,0,3,4,1,3,4,1,3,3,0,3,2,3,3,1,2,1,1,3,3,1,4,4,4,4,4,4,4,4,4,4,4,4,4,4,4,4,4,3,2,4,4,4,4,4,4,4,4,4,4,4,4,4,4,4,4,4,4,4,4,4,4,4,4,4,4,4,4,4,4,2,1,4,1,3,1,0,3,0,0,0,1,3,1,0,4,2,2,0,0,3,2,0,3,2,1,4,0,2,0,4,2,1,1,2,3,3,4,4,4,4,3,0,1,2,2,4,4,3,2,1,3,3,4,0,4,3,1,2,3,1,1,0,4,4,1,3,2,0,4,1,0,2,0,3,2,4,3,1,2,1,4,4,4,3,3,4,0,4,1,2,1,1,4,4,4,4,4,4,4,3,4,4,4,4,4,4,4,4,4,4,4,4,4,4,4,4,4,4,4,4,4,4,4,4,4,4,4,4,4,4,4,4,4,4,4,4,4,4,4,4,4,4,4,4,4,4,4,4,4,4,4,4,4,4,1,0,3,1,0,0,0,1,0,1,1,1,4,3,2,2,0,1,0,1,0,0,1,2,3,3,2,0,4,4,4,4,4,4,4,4,4,4,4,4,4,4,4,4,4,4,4,4,4,2,3,2,0,0,2,1,0,4,1,1,1,4,1,3,3,3,4,0,3,2,3,3,2,3,1,0,4,3,4,0,1,0,4,4,4,4,4,4,4,4,4,4,4,4,4,4,4,4,4,4,4,4,4,4,4,4,4,4,4,4,4,4,4,4,2,0,1,1,3,2,4,4,4,4,4,4,4,4,4,4,4,4,4,4,4,4,4,3,3,3,3,2,0,1,2,1,1,3,2,1,1,1,1,3,3,0,0,4,4,1,1,4,4,4,4,4,4,4,4,4,4,4,4,4,4,4,4,4,4,4,4,4,4,4,4,4,4,4,4,4,4,4,4,4,4,4,4,4,4,4,4,2,2,2,1,0,2,2,1,2,3,3,3,3,3,3,3,FQ312003.1/4163192-4163399,0
853,2,3,0,2,0,3,2,1,3,1,0,3,3,1,1,0,3,4,1,3,4,1,3,3,0,3,2,3,3,1,2,1,1,0,3,1,4,4,4,4,4,4,4,4,4,4,4,4,4,4,4,4,4,3,2,4,4,4,4,4,4,4,4,4,4,4,4,4,4,4,4,4,4,4,4,4,4,4,4,4,4,4,4,4,4,2,1,4,1,3,1,0,3,0,0,0,1,3,1,0,4,2,2,0,0,3,2,0,3,2,1,4,0,2,0,4,2,1,1,2,3,3,4,4,4,4,3,0,1,2,2,4,4,3,2,1,3,3,4,0,4,3,1,2,3,1,1,0,4,4,1,0,2,0,4,1,0,2,0,3,2,4,3,1,2,1,4,4,4,3,1,4,3,4,2,2,1,1,4,4,4,4,4,4,4,3,4,4,4,4,4,4,4,4,4,4,4,4,4,4,4,4,4,4,4,4,4,4,4,4,4,4,4,4,4,4,4,4,4,4,4,4,4,4,4,4,4,4,4,4,4,4,4,4,4,4,4,4,4,4,1,0,3,1,0,0,0,1,0,1,1,0,4,3,2,2,0,1,0,3,0,0,1,2,3,3,2,0,4,4,4,4,4,4,4,4,4,4,4,4,4,4,4,4,4,4,4,4,4,2,3,2,0,0,2,1,0,4,1,1,1,4,0,3,3,3,4,0,3,2,3,3,2,3,1,0,4,3,4,0,1,0,4,4,4,4,4,4,4,4,4,4,4,4,4,4,4,4,4,4,4,4,4,4,4,4,4,4,4,4,4,4,4,4,2,0,1,1,3,2,4,4,4,4,4,4,4,4,4,4,4,4,4,4,4,4,4,4,3,3,3,0,0,1,2,1,1,3,2,1,3,1,1,0,0,0,4,4,4,4,0,4,4,4,4,4,4,4,4,4,4,4,4,4,4,4,4,4,4,4,4,4,4,4,4,4,4,4,4,4,4,4,4,4,4,4,4,4,4,4,4,2,0,2,1,2,2,2,1,2,3,3,3,3,3,3,3,CACD01000298.1/49024-48820,0
854,2,3,4,4,4,2,2,1,3,1,0,3,3,1,0,1,1,4,2,0,4,1,3,3,0,3,2,3,1,0,2,1,1,1,1,3,3,1,2,4,4,4,4,4,4,4,4,4,4,2,2,0,1,2,3,4,4,4,4,4,4,4,4,4,4,4,4,4,4,4,4,4,4,4,4,4,4,4,4,4,4,4,4,4,4,2,1,4,3,0,1,0,3,0,0,0,0,3,3,1,4,4,2,0,0,3,2,0,1,2,1,4,4,4,4,4,0,1,0,0,4,4,4,4,4,4,1,0,0,2,2,4,4,3,2,1,1,3,4,2,4,1,1,2,3,1,1,0,4,4,0,1,3,3,4,1,3,2,0,3,0,4,3,1,0,2,1,4,2,3,0,4,4,4,4,2,1,3,4,4,4,4,4,4,4,0,4,4,4,4,4,4,4,4,4,4,4,4,4,4,4,4,4,4,4,4,4,4,4,4,4,4,4,4,4,4,4,4,4,4,4,4,4,4,4,4,4,4,4,4,4,4,4,4,4,4,4,4,4,4,3,0,3,1,0,4,4,0,1,1,0,3,4,1,2,2,2,1,2,0,0,0,1,2,3,1,2,0,4,4,4,4,4,4,4,4,4,4,4,4,4,4,4,4,4,4,4,4,4,2,3,3,0,2,2,1,0,4,1,1,2,4,1,1,3,3,4,4,4,0,3,3,4,4,4,4,4,4,4,4,4,4,4,4,4,4,4,4,4,4,4,4,4,4,4,4,4,4,4,4,4,4,4,4,4,4,4,4,4,4,4,4,4,4,4,4,4,1,1,0,4,4,4,4,4,4,4,4,4,4,4,4,4,4,4,4,4,3,0,0,1,0,0,0,2,1,1,2,2,2,4,4,3,0,0,3,4,4,4,4,3,4,4,4,4,4,4,4,4,4,4,4,4,4,4,4,4,4,4,4,4,4,4,4,4,4,4,4,4,4,4,4,4,4,4,4,4,4,4,4,4,4,4,1,1,1,2,2,1,3,3,3,2,3,3,2,3,CU928163.2/2982841-2982657,0
855,2,3,4,4,4,2,2,1,3,1,0,3,3,1,0,1,1,4,1,2,4,2,3,3,0,3,2,0,1,0,2,1,1,1,3,2,1,2,1,0,0,4,4,4,4,4,4,2,1,2,2,0,1,0,0,4,4,4,4,4,4,4,4,4,4,4,4,4,4,4,4,4,4,4,4,4,4,4,4,4,4,4,4,4,4,2,1,2,1,1,1,0,3,0,0,1,0,3,3,1,4,4,2,0,0,3,2,0,1,2,1,4,4,4,4,4,0,1,0,0,4,4,4,4,4,4,3,0,1,2,2,4,4,3,2,1,1,3,4,2,4,3,1,2,3,1,1,0,4,1,1,1,1,0,4,1,1,2,0,3,0,4,0,3,1,2,3,4,3,1,0,4,1,4,3,3,3,2,3,2,4,4,0,1,2,3,4,4,4,4,4,4,4,4,4,4,4,4,4,4,4,4,4,4,4,4,4,4,4,4,4,4,4,4,4,4,4,4,4,4,4,4,4,4,4,4,4,4,4,4,4,4,4,4,4,4,4,4,4,4,3,0,3,1,0,4,4,2,0,1,0,3,4,1,2,2,0,1,2,1,0,0,1,2,3,3,2,0,4,4,4,4,4,4,4,4,4,4,4,4,4,4,4,4,4,4,4,4,4,2,3,3,0,2,2,1,0,4,1,1,4,4,4,0,1,1,4,4,3,2,3,3,1,1,2,3,4,3,4,0,1,2,4,4,4,4,4,4,4,4,4,4,4,4,4,4,4,4,4,4,4,4,4,4,4,4,4,4,4,4,4,4,4,4,1,2,2,2,3,3,1,3,2,1,1,2,4,4,4,4,2,1,2,3,0,0,3,3,1,0,2,0,0,2,2,1,1,2,2,3,3,1,0,3,3,4,4,4,4,4,4,4,4,4,4,4,4,4,4,4,4,4,4,4,4,4,4,4,4,4,4,4,4,4,4,4,4,4,4,4,4,4,4,4,4,4,4,4,4,4,4,2,0,0,1,1,2,2,1,1,3,2,3,3,1,0,3,FN666575.1/2734846-2734624,0
856,2,1,0,2,3,2,2,1,3,1,0,3,3,1,0,1,1,4,2,0,4,1,3,3,0,3,2,3,1,0,2,1,1,1,1,3,3,1,2,4,4,4,4,4,4,4,4,4,4,2,2,0,1,2,3,4,4,4,4,4,4,4,4,4,4,4,4,4,4,4,4,4,4,4,4,4,4,4,4,4,4,4,4,4,4,2,1,4,3,0,1,0,3,0,0,0,0,3,3,1,4,4,2,0,0,3,2,0,1,2,1,4,0,1,0,4,0,1,4,4,4,4,4,4,4,4,4,0,0,2,2,4,4,3,2,1,1,3,4,2,4,1,1,2,3,1,1,0,4,4,0,1,3,3,4,1,3,2,0,3,0,4,3,1,0,2,1,4,2,3,0,4,4,4,4,2,1,3,4,4,4,4,4,4,4,0,4,4,4,4,4,4,4,4,4,4,4,4,4,4,4,4,4,4,4,4,4,4,4,4,4,4,4,4,4,4,4,4,4,4,4,4,4,4,4,4,4,4,4,4,4,4,4,4,4,4,4,4,4,4,3,0,3,1,0,4,4,0,1,1,0,3,4,1,2,2,2,1,2,0,0,0,1,2,3,1,2,0,4,4,4,4,4,4,4,4,4,4,4,4,4,4,4,4,4,4,4,4,4,2,3,3,0,2,2,1,0,4,1,1,2,4,1,1,3,3,4,4,4,0,3,3,4,4,4,4,4,4,4,4,4,4,4,4,4,4,4,4,4,4,4,4,4,4,4,4,4,4,4,4,4,4,4,4,4,4,4,4,4,4,4,4,4,4,4,4,4,1,1,0,4,4,4,4,4,4,4,4,4,4,4,4,4,4,4,4,4,3,0,0,1,0,0,0,2,1,1,2,2,2,4,4,3,0,0,3,4,4,4,4,3,4,4,4,4,4,4,4,4,4,4,4,4,4,4,4,4,4,4,4,4,4,4,4,4,4,4,4,4,4,4,4,4,4,4,4,4,4,4,4,4,4,4,1,1,1,2,2,1,3,3,3,2,3,3,2,3,AFWP01000144.1/162008-161821,0
857,2,3,4,4,4,2,2,1,3,1,0,3,3,1,0,1,1,4,2,0,4,1,3,3,0,3,2,3,1,0,2,1,1,1,1,3,3,1,2,4,4,4,4,4,4,4,4,4,4,2,2,0,1,2,3,4,4,4,4,4,4,4,4,4,4,4,4,4,4,4,4,4,4,4,4,4,4,4,4,4,4,4,4,4,4,2,1,4,3,0,1,0,3,0,0,0,0,3,3,1,4,4,2,0,0,3,2,0,1,2,1,4,4,4,4,4,0,1,0,0,4,4,4,4,4,4,1,0,0,2,2,4,4,3,2,1,1,3,4,2,4,1,1,2,3,1,1,0,4,4,0,1,3,3,4,1,3,2,0,3,0,4,3,1,0,2,4,4,4,1,3,4,3,4,0,2,1,3,4,4,4,4,4,4,4,0,4,4,4,4,4,4,4,4,4,4,4,4,4,4,4,4,4,4,4,4,4,4,4,4,4,4,4,4,4,4,4,4,4,4,4,4,4,4,4,4,4,4,4,4,4,4,4,4,4,4,4,4,4,4,3,0,3,1,0,4,4,0,1,1,1,3,4,1,2,2,2,1,2,0,0,0,1,2,3,1,2,0,4,4,4,4,4,4,4,4,4,4,4,4,4,4,4,4,4,4,4,4,4,2,3,3,0,2,2,1,0,4,1,1,2,4,1,1,3,3,4,4,4,0,3,3,4,4,4,4,4,4,4,4,4,4,4,4,4,4,4,4,4,4,4,4,4,4,4,4,4,4,4,4,4,4,4,4,4,4,4,4,4,4,4,4,4,4,4,4,4,1,1,0,4,4,4,4,4,4,4,4,4,4,4,4,4,4,4,4,4,3,0,0,1,0,0,0,2,1,1,2,2,2,4,4,3,1,0,3,4,4,4,4,3,4,4,4,4,4,4,4,4,4,4,4,4,4,4,4,4,4,4,4,4,4,4,4,4,4,4,4,4,4,4,4,4,4,4,4,4,4,4,4,4,4,4,1,1,1,2,2,1,3,3,3,2,3,3,2,3,AEIA01000013.1/496632-496448,0
858,2,1,0,2,3,2,2,1,3,1,0,3,3,1,0,1,1,4,2,0,4,1,3,3,0,3,2,3,1,0,2,1,1,1,1,3,3,1,2,4,4,4,4,4,4,4,4,4,4,2,2,0,1,2,3,4,4,4,4,4,4,4,4,4,4,4,4,4,4,4,4,4,4,4,4,4,4,4,4,4,4,4,4,4,4,2,1,4,3,0,1,0,3,0,0,0,0,3,3,1,4,4,2,0,0,3,2,0,1,2,1,4,0,1,0,4,0,1,4,4,4,4,4,4,4,4,4,0,0,2,2,4,4,3,2,1,1,3,4,2,4,1,1,2,3,1,1,0,4,4,0,1,3,3,4,1,3,2,0,3,0,4,3,1,0,2,1,4,2,3,0,4,4,4,4,2,1,3,4,4,4,4,4,4,4,0,4,4,4,4,4,4,4,4,4,4,4,4,4,4,4,4,4,4,4,4,4,4,4,4,4,4,4,4,4,4,4,4,4,4,4,4,4,4,4,4,4,4,4,4,4,4,4,4,4,4,4,4,4,4,3,0,3,1,0,4,4,0,1,1,0,3,4,1,2,2,2,1,2,0,0,0,1,2,3,1,2,0,4,4,4,4,4,4,4,4,4,4,4,4,4,4,4,4,4,4,4,4,4,2,3,3,0,2,2,1,0,4,1,1,2,4,1,1,3,3,4,4,4,0,3,3,4,4,4,4,4,4,4,4,4,4,4,4,4,4,4,4,4,4,4,4,4,4,4,4,4,4,4,4,4,4,4,4,4,4,4,4,4,4,4,4,4,4,4,4,4,1,1,0,4,4,4,4,4,4,4,4,4,4,4,4,4,4,4,4,4,3,0,0,1,0,0,0,2,1,1,2,2,2,4,4,3,0,0,3,4,4,4,4,3,4,4,4,4,4,4,4,4,4,4,4,4,4,4,4,4,4,4,4,4,4,4,4,4,4,4,4,4,4,4,4,4,4,4,4,4,4,4,4,4,4,4,1,1,1,2,2,1,3,3,3,2,3,3,2,3,AELC01000012.1/465275-465088,0
859,2,3,0,2,0,3,2,1,3,1,0,3,3,1,1,0,3,4,1,3,4,1,3,3,0,3,2,3,3,1,2,1,1,3,3,1,4,4,4,4,4,4,4,4,4,4,4,4,4,4,4,4,4,3,2,4,4,4,4,4,4,4,4,4,4,4,4,4,4,4,4,4,4,4,4,4,4,4,4,4,4,4,4,4,4,2,1,4,1,3,1,0,3,0,0,0,1,3,1,0,4,2,2,0,0,3,2,0,3,2,1,4,0,2,0,4,2,1,1,2,3,3,4,4,4,4,3,0,1,2,2,4,4,3,2,1,3,3,4,0,4,3,1,2,3,1,1,0,4,4,1,3,2,0,4,1,0,2,0,3,2,4,3,1,2,1,4,4,4,3,3,4,0,4,1,2,1,1,4,4,4,4,4,4,4,3,4,4,4,4,4,4,4,4,4,4,4,4,4,4,4,4,4,4,4,4,4,4,4,4,4,4,4,4,4,4,4,4,4,4,4,4,4,4,4,4,4,4,4,4,4,4,4,4,4,4,4,4,4,4,1,0,3,1,0,0,0,1,0,1,1,1,4,3,2,2,0,1,0,1,0,0,1,2,3,3,2,0,4,4,4,4,4,4,4,4,4,4,4,4,4,4,4,4,4,4,4,4,4,2,3,2,0,0,2,1,0,4,1,1,1,4,1,3,4,4,4,4,4,4,4,4,4,4,4,4,4,4,4,4,4,4,4,4,4,4,4,4,4,4,4,4,4,4,4,4,4,4,4,4,4,4,4,4,4,4,4,4,4,4,4,4,4,4,4,4,4,4,4,4,4,4,4,4,4,4,4,4,4,4,4,4,4,4,4,4,4,4,4,4,4,4,4,4,4,4,4,4,4,4,4,4,4,4,4,4,4,4,4,4,4,3,4,4,4,4,4,4,4,4,4,4,4,4,4,4,4,4,4,4,4,4,4,4,4,4,4,4,4,4,4,4,4,4,4,4,4,4,4,3,0,4,4,4,4,4,4,4,4,4,4,4,3,3,2,3,3,CAAQ01000313.1/428-584,0
860,3,1,0,2,0,3,2,1,3,1,0,3,3,1,0,1,1,4,3,3,4,3,3,3,0,3,2,0,3,0,2,3,1,1,1,2,4,4,4,4,4,4,4,4,4,4,4,4,4,4,4,4,4,4,4,1,3,2,3,3,0,0,2,1,4,4,4,4,4,4,4,4,4,4,4,4,2,2,0,0,3,0,3,2,1,2,1,4,3,3,1,0,3,0,0,2,1,1,0,3,4,1,2,0,0,3,2,0,3,2,1,4,1,3,0,0,2,0,1,4,4,4,4,4,4,4,4,4,3,2,2,4,4,3,0,1,1,3,4,0,4,3,1,2,3,1,1,0,1,1,3,0,0,0,4,1,1,2,0,3,0,4,3,1,2,3,2,4,3,2,0,4,0,4,3,0,1,0,1,4,4,4,4,4,0,3,4,4,4,4,4,4,4,4,4,4,4,4,4,4,4,4,4,4,4,4,4,4,4,4,4,4,4,4,4,4,4,4,4,4,4,4,4,4,4,4,4,4,4,4,4,4,4,4,4,4,4,4,4,4,3,0,3,1,0,4,4,0,0,1,0,3,4,1,2,2,2,1,2,0,1,0,1,2,3,3,2,0,4,4,4,4,4,4,4,4,4,4,4,4,4,4,4,4,4,4,4,4,4,2,3,2,0,2,2,3,0,4,1,1,2,4,1,1,3,0,4,4,3,2,3,1,4,4,4,4,4,4,4,4,4,4,4,4,4,4,4,4,4,4,4,4,4,4,4,4,4,4,4,4,4,4,4,4,4,4,4,4,4,4,4,4,4,4,4,4,4,1,3,2,4,4,4,4,4,4,4,4,4,4,4,4,4,4,4,4,4,1,3,2,3,2,0,3,2,0,4,4,4,4,4,4,4,4,4,4,4,4,4,4,4,2,3,4,4,4,4,4,4,4,4,4,4,4,4,4,4,4,4,4,4,4,4,4,4,4,4,4,4,4,4,4,4,4,4,4,4,4,3,2,3,4,4,4,4,4,4,3,1,0,3,1,0,0,3,3,3,AALD02000010.1/100028-100225,0
861,2,3,4,4,4,2,2,1,3,1,0,3,3,1,0,1,1,4,2,0,4,1,3,3,0,3,2,3,1,0,2,1,1,1,1,3,3,1,2,4,4,4,4,4,4,4,4,4,4,2,2,0,1,2,3,4,4,4,4,4,4,4,4,4,4,4,4,4,4,4,4,4,4,4,4,4,4,4,4,4,4,4,4,4,4,2,1,4,3,0,1,0,3,0,0,0,0,3,3,1,4,4,2,0,0,3,2,0,1,2,1,4,4,4,4,4,0,1,0,0,4,4,4,4,4,4,1,0,0,2,2,4,4,3,2,1,1,3,4,2,4,1,1,2,3,1,1,0,4,4,0,1,3,3,4,1,3,2,0,3,0,4,3,1,0,2,4,4,4,1,3,4,3,4,0,2,1,3,4,4,4,4,4,4,4,0,4,4,4,4,4,4,4,4,4,4,4,4,4,4,4,4,4,4,4,4,4,4,4,4,4,4,4,4,4,4,4,4,4,4,4,4,4,4,4,4,4,4,4,4,4,4,4,4,4,4,4,4,4,4,3,0,3,1,0,4,4,0,1,1,1,3,4,1,2,2,2,1,2,0,0,0,1,2,3,1,2,0,4,4,4,4,4,4,4,4,4,4,4,4,4,4,4,4,4,4,4,4,4,2,3,3,0,2,2,1,0,4,1,1,2,4,1,1,3,3,4,4,4,0,3,3,4,4,4,4,4,4,4,4,4,4,4,4,4,4,4,4,4,4,4,4,4,4,4,4,4,4,4,4,4,4,4,4,4,4,4,4,4,4,4,4,4,4,4,4,4,1,1,0,4,4,4,4,4,4,4,4,4,4,4,4,4,4,4,4,4,3,0,0,1,0,0,0,2,1,1,2,2,2,4,4,3,1,0,3,4,4,4,4,3,4,4,4,4,4,4,4,4,4,4,4,4,4,4,4,4,4,4,4,4,4,4,4,4,4,4,4,4,4,4,4,4,4,4,4,4,4,4,4,4,4,4,1,1,1,2,2,1,3,3,3,2,3,3,2,3,AEZI01000040.1/57128-57312,0
862,2,3,0,2,0,3,2,1,3,1,0,3,3,1,1,0,3,4,1,3,4,1,3,3,0,3,2,3,3,1,2,1,1,3,3,1,4,4,4,4,4,4,4,4,4,4,4,4,4,4,4,4,4,3,2,4,4,4,4,4,4,4,4,4,4,4,4,4,4,4,4,4,4,4,4,4,4,4,4,4,4,4,4,4,4,2,1,4,1,3,1,0,3,0,0,0,1,3,1,0,4,2,2,0,0,3,2,0,3,2,1,4,0,2,0,4,2,1,1,2,3,3,4,4,4,4,3,0,1,2,2,4,4,3,2,1,3,3,4,0,4,3,1,2,3,1,1,0,4,4,1,3,2,0,4,1,0,2,0,3,2,4,3,1,2,1,4,4,4,3,3,4,0,4,1,2,1,1,4,4,4,4,4,4,4,3,4,4,4,4,4,4,4,4,4,4,4,4,4,4,4,4,4,4,4,4,4,4,4,4,4,4,4,4,4,4,4,4,4,4,4,4,4,4,4,4,4,4,4,4,4,4,4,4,4,4,4,4,4,4,1,0,3,1,0,0,0,1,0,1,1,1,4,3,2,2,0,1,0,1,0,0,1,2,3,3,2,0,4,4,4,4,4,4,4,4,4,4,4,4,4,4,4,4,4,4,4,4,4,2,3,2,0,0,2,1,0,4,1,1,1,4,1,3,3,3,4,0,3,2,3,3,2,3,1,0,4,3,4,0,1,0,4,4,4,4,4,4,4,4,4,4,4,4,4,4,4,4,4,4,4,4,4,4,4,4,4,4,4,4,4,4,4,4,2,0,1,1,3,2,4,4,4,4,4,4,4,4,4,4,4,4,4,4,4,4,4,3,3,3,3,2,0,1,2,1,1,3,2,1,1,1,1,3,3,0,0,4,4,1,1,4,4,4,4,4,4,4,4,4,4,4,4,4,4,4,4,4,4,4,4,4,4,4,4,4,4,4,4,4,4,4,4,4,4,4,4,4,4,4,4,2,2,2,1,0,2,2,1,2,3,3,3,3,3,3,3,AE014613.1/3464983-3464776,0
863,2,3,0,2,0,3,2,1,3,1,0,3,3,1,1,0,3,4,1,3,4,1,3,3,0,3,2,3,3,1,2,1,1,3,3,0,4,4,4,4,4,4,4,4,4,4,4,4,4,4,4,4,4,2,3,4,4,4,4,4,4,4,4,4,4,4,4,4,4,4,4,4,4,4,4,4,4,4,4,4,4,4,4,4,4,2,1,4,1,3,1,0,3,0,0,0,1,3,1,1,4,2,2,0,0,3,2,0,1,2,1,4,0,2,0,4,2,1,1,2,3,3,4,4,4,4,3,0,1,2,2,4,4,3,2,1,3,3,4,0,4,3,1,2,3,1,1,0,4,4,1,3,2,0,4,1,0,2,0,3,2,4,3,1,2,1,4,4,4,3,3,4,0,4,3,2,1,1,4,4,4,4,4,4,4,3,4,4,4,4,4,4,4,4,4,4,4,4,4,4,4,4,4,4,4,4,4,4,4,4,4,4,4,4,4,4,4,4,4,4,4,4,4,4,4,4,4,4,4,4,4,4,4,4,4,4,4,4,4,4,1,0,3,1,0,2,0,1,0,1,1,0,4,3,2,2,0,1,0,1,0,0,1,2,3,3,2,0,4,4,4,4,4,4,4,4,4,4,4,4,4,4,4,4,4,4,4,4,4,2,3,2,0,0,2,1,0,4,1,1,4,4,1,0,1,3,4,4,3,2,3,3,2,3,1,0,4,3,4,0,1,0,4,4,4,4,4,4,4,4,4,4,4,4,4,4,4,4,4,4,4,4,4,4,4,4,4,4,4,4,4,4,4,4,2,0,1,1,3,2,4,4,4,4,4,4,4,4,4,4,4,4,4,4,4,4,4,3,3,3,3,0,0,1,2,4,4,4,4,4,4,4,4,4,4,4,4,4,4,4,4,1,1,3,4,4,4,4,4,4,4,4,4,4,4,4,4,4,4,4,4,4,4,4,4,4,4,4,4,4,4,4,4,4,4,4,4,2,1,3,1,4,4,4,4,4,4,4,1,2,3,0,0,3,0,0,2,ADTO01000229.1/196-5,0
864,2,3,4,4,4,2,2,1,3,1,0,3,3,1,0,1,1,4,3,3,4,1,3,3,0,3,2,3,1,0,2,1,1,1,1,3,3,0,2,4,4,4,4,4,4,4,4,4,4,2,2,0,1,2,1,4,4,4,4,4,4,4,4,4,4,4,4,4,4,4,4,4,4,4,4,4,4,4,4,4,4,4,4,4,4,2,1,4,3,0,1,0,3,0,0,0,1,3,3,1,4,4,2,0,0,3,2,0,1,2,1,4,4,4,4,4,0,1,0,0,4,4,4,4,4,4,1,0,0,2,2,4,4,3,2,1,1,3,4,2,4,1,1,2,3,1,1,0,4,4,0,1,3,3,4,1,3,2,0,3,0,4,0,3,0,2,1,4,2,3,4,4,4,4,0,2,1,3,4,4,4,4,4,4,4,3,4,4,4,4,4,4,4,4,4,4,4,4,4,4,4,4,4,4,4,4,4,4,4,4,4,4,4,4,4,4,4,4,4,4,4,4,4,4,4,4,4,4,4,4,4,4,4,4,4,4,4,4,4,4,3,0,3,1,0,4,4,0,1,1,3,1,4,1,2,2,2,1,2,0,0,0,1,2,3,1,2,0,4,4,4,4,4,4,4,4,4,4,4,4,4,4,4,4,4,4,4,4,4,2,3,3,0,2,2,1,0,4,1,1,2,4,1,1,3,3,4,4,4,0,3,3,4,4,4,4,4,4,4,4,4,4,4,4,4,4,4,4,4,4,4,4,4,4,4,4,4,4,4,4,4,4,4,4,4,4,4,4,4,4,4,4,4,4,4,4,4,1,1,0,4,4,4,4,4,4,4,4,4,4,4,4,4,4,4,4,4,3,0,0,1,0,0,0,2,1,1,2,2,2,3,3,3,4,4,4,4,4,4,4,4,4,4,4,4,4,4,4,4,4,4,4,4,4,4,4,4,4,4,4,4,4,4,4,4,4,4,4,4,4,4,4,4,4,4,4,4,4,4,4,4,0,2,1,1,1,2,2,1,3,3,3,2,3,3,2,3,CP000857.1/1127499-1127683,0
865,2,3,0,2,0,3,2,1,3,1,0,3,3,1,1,0,3,4,1,3,4,1,3,3,0,3,2,3,3,1,2,1,1,3,3,0,4,4,4,4,4,4,4,4,4,4,4,4,4,4,4,4,4,2,3,4,4,4,4,4,4,4,4,4,4,4,4,4,4,4,4,4,4,4,4,4,4,4,4,4,4,4,4,4,4,2,1,4,1,3,1,0,3,0,0,0,1,3,1,1,4,2,2,0,0,3,2,0,1,2,1,4,0,2,0,4,2,1,1,2,3,3,4,4,4,4,3,0,1,2,2,4,4,3,2,1,3,3,4,0,4,3,1,2,3,1,1,0,4,4,1,3,2,0,4,1,0,2,0,3,2,4,3,1,2,1,4,4,4,3,3,4,0,4,3,2,1,1,4,4,4,4,4,4,4,3,4,4,4,4,4,4,4,4,4,4,4,4,4,4,4,4,4,4,4,4,4,4,4,4,4,4,4,4,4,4,4,4,4,4,4,4,4,4,4,4,4,4,4,4,4,4,4,4,4,4,4,4,4,4,1,0,3,1,0,2,0,1,0,1,1,0,4,3,2,2,0,1,0,1,0,0,1,2,3,3,2,0,4,4,4,4,4,4,4,4,4,4,4,4,4,4,4,4,4,4,4,4,4,2,3,2,0,0,2,1,0,4,1,1,4,4,1,0,1,3,4,4,3,2,3,3,2,3,1,0,4,3,4,0,1,0,4,4,4,4,4,4,4,4,4,4,4,4,4,4,4,4,4,4,4,4,4,4,4,4,4,4,4,4,4,4,4,4,2,0,1,1,3,2,4,4,4,4,4,4,4,4,4,4,4,4,4,4,4,4,4,3,3,3,3,0,0,1,2,1,1,3,2,1,3,1,1,2,3,0,0,4,3,0,0,4,4,4,4,4,4,4,4,4,4,4,4,4,4,4,4,4,4,4,4,4,4,4,4,4,4,4,4,4,4,4,4,4,4,4,4,4,4,4,4,2,0,2,1,0,2,2,1,2,3,3,3,3,3,3,3,ADVA01000240.1/3646-3852,0
866,2,3,0,0,2,4,4,4,4,4,4,4,4,4,4,4,4,4,4,4,4,4,4,4,4,4,4,4,4,4,4,4,4,4,4,4,4,4,4,4,4,4,4,4,4,4,4,4,4,4,4,4,4,4,4,3,2,0,1,0,2,2,2,2,1,4,4,4,4,4,4,4,4,4,2,0,2,1,2,3,2,1,2,1,0,4,4,4,4,4,4,4,4,4,4,4,4,4,4,4,4,4,4,4,4,4,4,4,4,4,4,4,4,4,4,4,2,1,1,0,0,1,4,4,4,2,0,0,2,4,4,4,4,4,4,4,4,4,4,4,4,4,0,2,0,1,0,2,4,1,2,3,2,0,4,0,2,2,0,3,2,4,0,0,2,1,0,4,3,0,3,4,0,4,2,4,1,1,4,4,4,4,4,4,4,3,4,4,4,4,4,4,4,4,4,4,4,4,4,4,4,4,4,4,4,4,4,4,4,4,4,4,4,4,4,4,4,4,4,4,4,4,4,4,4,4,4,4,4,4,4,4,4,4,4,4,4,4,4,4,1,0,3,1,0,0,0,1,0,1,1,0,4,3,2,2,0,1,0,3,0,0,1,2,3,3,2,0,4,4,4,4,4,4,4,4,4,4,4,4,4,4,4,4,4,4,4,4,4,2,3,2,0,0,2,1,0,4,1,1,1,4,0,3,3,0,4,4,3,2,3,3,2,4,1,0,4,3,4,0,1,0,4,4,4,4,4,4,4,4,4,4,4,4,4,4,4,4,4,4,4,4,4,4,4,4,4,4,4,4,4,4,4,4,2,0,1,1,3,2,4,4,4,4,4,4,4,4,4,4,4,4,4,4,4,4,4,4,3,3,3,0,0,1,2,1,1,3,2,1,3,1,1,3,3,0,4,4,4,1,1,4,4,4,4,4,4,4,4,4,4,4,4,4,4,4,4,4,4,4,4,4,4,4,4,4,4,4,4,4,4,4,4,4,4,4,4,4,4,4,4,2,0,2,1,2,2,2,1,2,3,3,3,3,3,3,3,AGFS01100025.1/294-134,0
867,2,3,4,4,4,2,2,1,3,1,0,3,3,1,0,1,1,4,3,3,4,1,3,3,0,3,2,3,1,0,2,1,1,1,1,3,3,1,2,4,4,4,4,4,4,4,4,4,4,2,2,0,1,2,1,4,4,4,4,4,4,4,4,4,4,4,4,4,4,4,4,4,4,4,4,4,4,4,4,4,4,4,4,4,4,2,1,4,3,0,1,0,3,0,0,0,1,3,3,1,4,4,2,0,0,3,2,0,1,2,1,4,4,4,4,4,0,1,0,0,0,1,4,4,4,4,4,4,0,2,2,4,4,3,2,1,1,3,4,2,4,1,1,2,3,1,1,0,4,4,0,1,3,1,4,1,3,2,0,3,0,4,0,1,0,2,4,4,4,1,1,4,3,4,2,2,1,3,4,4,4,4,4,4,4,3,4,4,4,4,4,4,4,4,4,4,4,4,4,4,4,4,4,4,4,4,4,4,4,4,4,4,4,4,4,4,4,4,4,4,4,4,4,4,4,4,4,4,4,4,4,4,4,4,4,4,4,4,4,4,3,0,3,1,0,4,4,2,0,1,0,3,4,1,2,2,2,1,2,0,0,0,1,2,3,1,2,0,4,4,4,4,4,4,4,4,4,4,4,4,4,4,4,4,4,4,4,4,4,2,3,0,0,2,2,1,0,4,1,1,2,4,1,1,3,1,4,4,0,3,3,1,4,4,4,4,4,4,4,4,4,4,4,4,4,4,4,4,4,4,4,4,4,4,4,4,4,4,4,4,4,4,4,4,4,4,4,4,4,4,4,4,4,4,4,4,4,1,3,2,4,4,4,4,4,4,4,4,4,4,4,4,4,4,4,4,4,4,0,0,1,0,0,0,2,1,1,0,2,2,1,1,3,3,2,4,4,4,4,4,4,4,4,4,4,4,4,4,4,4,4,4,4,4,4,4,4,4,4,4,4,4,4,4,4,4,4,4,4,4,4,4,4,4,4,4,4,4,4,4,4,1,2,1,1,3,2,2,1,3,3,3,2,3,3,2,3,AFQL01000054.1/142003-141817,0
868,2,3,0,2,0,3,2,1,3,1,0,3,3,1,1,0,3,4,1,3,4,1,3,3,0,3,2,3,3,1,2,1,1,1,3,1,4,4,4,4,4,4,4,4,4,4,4,4,4,4,4,4,4,2,2,4,4,4,4,4,4,4,4,4,4,4,4,4,4,4,4,4,4,4,4,4,4,4,4,4,4,4,4,4,4,2,1,4,1,3,1,0,3,0,0,0,1,3,1,0,4,2,2,0,0,3,2,0,3,2,1,4,0,2,0,4,2,1,1,2,3,3,4,4,4,4,3,0,1,2,2,4,4,3,2,1,3,3,4,0,4,3,1,2,3,1,1,0,4,4,1,3,2,0,4,1,0,2,0,3,2,4,3,1,2,1,2,4,3,3,3,4,0,4,3,4,4,4,4,4,4,4,4,4,4,4,0,1,2,1,0,1,2,3,3,1,3,3,1,0,1,2,1,3,2,1,3,3,1,2,0,1,2,1,0,2,1,1,3,2,0,2,0,2,0,3,0,1,0,2,1,2,3,0,3,1,2,3,1,3,1,0,3,1,0,0,0,1,0,1,1,0,4,3,2,2,0,1,0,3,0,0,1,2,3,3,2,0,4,4,4,4,4,4,4,4,4,4,4,4,4,4,4,4,4,4,4,4,4,2,3,2,0,0,2,1,0,4,1,1,1,4,0,0,3,3,4,4,3,2,3,3,2,3,1,0,4,0,4,0,1,0,4,4,4,4,4,4,4,4,4,4,4,4,4,4,4,4,4,4,4,4,4,4,4,4,4,4,4,4,4,4,4,4,2,0,1,1,3,2,4,4,4,4,4,4,4,4,4,4,4,4,4,4,4,4,4,3,3,3,3,0,0,1,2,1,1,3,2,1,1,1,3,2,0,3,3,4,3,1,0,4,4,4,4,4,4,4,4,4,4,4,4,4,4,4,4,4,4,4,4,4,4,4,4,4,4,4,4,4,4,4,4,4,4,4,4,4,4,4,4,2,3,2,1,0,2,2,1,2,3,3,3,3,3,3,3,BAAW01000065.1/6680-6421,0
869,2,3,4,4,4,2,2,1,3,1,0,3,3,1,0,1,1,4,3,3,4,1,3,3,0,3,2,3,1,0,2,1,1,1,1,3,3,0,2,4,4,4,4,4,4,4,4,4,4,2,2,0,1,2,1,4,4,4,4,4,4,4,4,4,4,4,4,4,4,4,4,4,4,4,4,4,4,4,4,4,4,4,4,4,4,2,1,4,3,0,1,0,3,0,0,0,1,3,3,1,4,4,2,0,0,3,2,0,1,2,1,4,4,4,4,4,0,1,0,0,4,4,4,4,4,4,1,0,0,2,2,4,4,3,2,1,1,3,4,2,4,1,1,2,3,1,1,0,4,4,0,1,3,3,4,1,3,2,0,3,0,4,0,3,0,2,1,4,2,3,4,4,4,4,0,2,1,3,4,4,4,4,4,4,4,3,4,4,4,4,4,4,4,4,4,4,4,4,4,4,4,4,4,4,4,4,4,4,4,4,4,4,4,4,4,4,4,4,4,4,4,4,4,4,4,4,4,4,4,4,4,4,4,4,4,4,4,4,4,4,3,0,3,1,0,4,4,0,1,1,3,1,4,1,2,2,2,1,2,0,0,0,1,2,3,1,2,0,4,4,4,4,4,4,4,4,4,4,4,4,4,4,4,4,4,4,4,4,4,2,3,3,0,2,2,1,0,4,1,1,2,4,1,1,3,3,4,4,4,0,3,3,4,4,4,4,4,4,4,4,4,4,4,4,4,4,4,4,4,4,4,4,4,4,4,4,4,4,4,4,4,4,4,4,4,4,4,4,4,4,4,4,4,4,4,4,4,1,1,0,4,4,4,4,4,4,4,4,4,4,4,4,4,4,4,4,4,3,0,0,1,0,0,0,2,1,1,2,2,2,3,3,3,4,4,4,4,4,4,4,4,4,4,4,4,4,4,4,4,4,4,4,4,4,4,4,4,4,4,4,4,4,4,4,4,4,4,4,4,4,4,4,4,4,4,4,4,4,4,4,4,0,2,1,1,1,2,2,1,3,3,3,2,3,3,2,3,ABFH02000001.1/2430502-2430686,0
870,2,1,0,2,3,2,2,1,3,1,0,3,3,1,0,1,1,4,2,0,4,1,3,3,0,3,2,3,1,0,2,1,1,1,1,3,3,1,2,4,4,4,4,4,4,4,4,4,4,2,2,0,1,2,3,4,4,4,4,4,4,4,4,4,4,4,4,4,4,4,4,4,4,4,4,4,4,4,4,4,4,4,4,4,4,2,1,4,3,0,1,0,3,0,0,0,0,3,3,1,4,4,2,0,0,3,2,0,1,2,1,4,0,1,0,4,0,1,4,4,4,4,4,4,4,4,4,0,0,2,2,4,4,3,2,1,1,3,4,2,4,1,1,2,3,1,1,0,4,4,0,1,3,3,4,1,3,2,0,3,0,4,3,1,0,2,1,4,2,3,0,4,4,4,4,2,1,3,4,4,4,4,4,4,4,0,4,4,4,4,4,4,4,4,4,4,4,4,4,4,4,4,4,4,4,4,4,4,4,4,4,4,4,4,4,4,4,4,4,4,4,4,4,4,4,4,4,4,4,4,4,4,4,4,4,4,4,4,4,4,3,0,3,1,0,4,4,0,1,1,0,3,4,1,2,2,2,1,2,0,0,0,1,2,3,1,2,0,4,4,4,4,4,4,4,4,4,4,4,4,4,4,4,4,4,4,4,4,4,2,3,3,0,2,2,1,0,4,1,1,2,4,1,1,3,3,4,4,4,0,3,3,4,4,4,4,4,4,4,4,4,4,4,4,4,4,4,4,4,4,4,4,4,4,4,4,4,4,4,4,4,4,4,4,4,4,4,4,4,4,4,4,4,4,4,4,4,1,1,0,4,4,4,4,4,4,4,4,4,4,4,4,4,4,4,4,4,3,0,0,1,0,0,0,2,1,1,2,2,2,4,4,3,0,0,3,4,4,4,4,3,4,4,4,4,4,4,4,4,4,4,4,4,4,4,4,4,4,4,4,4,4,4,4,4,4,4,4,4,4,4,4,4,4,4,4,4,4,4,4,4,4,4,1,1,1,2,2,1,3,3,3,2,3,3,2,3,AE005674.2/2676212-2676025,0
871,2,1,0,2,3,2,2,1,3,1,0,3,3,1,0,1,1,4,2,0,4,1,3,3,0,3,2,3,1,0,2,1,1,1,1,3,3,1,2,4,4,4,4,4,4,4,4,4,4,2,2,0,1,2,3,4,4,4,4,4,4,4,4,4,4,4,4,4,4,4,4,4,4,4,4,4,4,4,4,4,4,4,4,4,4,2,1,4,3,0,1,0,3,0,0,0,0,3,3,1,4,4,2,0,0,3,2,0,1,2,1,4,0,1,0,4,0,1,4,4,4,4,4,4,4,4,4,0,0,2,2,4,4,3,2,1,1,3,4,2,4,1,1,2,3,1,1,0,4,4,0,1,3,3,4,1,3,2,0,3,0,4,3,1,0,2,4,4,4,1,3,4,3,4,0,2,1,3,4,4,4,4,4,4,4,0,4,4,4,4,4,4,4,4,4,4,4,4,4,4,4,4,4,4,4,4,4,4,4,4,4,4,4,4,4,4,4,4,4,4,4,4,4,4,4,4,4,4,4,4,4,4,4,4,4,4,4,4,4,4,3,0,3,1,0,4,4,0,1,1,0,3,4,1,2,2,2,1,2,0,0,0,1,2,3,1,2,0,4,4,4,4,4,4,4,4,4,4,4,4,4,4,4,4,4,4,4,4,4,2,3,3,0,2,2,1,0,4,1,1,2,4,1,1,3,3,4,4,4,0,3,3,4,4,4,4,4,4,4,4,4,4,4,4,4,4,4,4,4,4,4,4,4,4,4,4,4,4,4,4,4,4,4,4,4,4,4,4,4,4,4,4,4,4,4,4,4,1,1,0,4,4,4,4,4,4,4,4,4,4,4,4,4,4,4,4,4,3,0,0,1,0,0,0,2,1,1,2,2,2,4,4,3,0,0,3,4,4,4,4,3,4,4,4,4,4,4,4,4,4,4,4,4,4,4,4,4,4,4,4,4,4,4,4,4,4,4,4,4,4,4,4,4,4,4,4,4,4,4,4,4,4,4,1,1,1,2,2,1,3,3,3,2,3,3,2,3,AP009378.1/2612871-2612684,0
872,2,3,0,2,0,3,2,1,3,1,0,3,3,1,1,0,3,4,1,3,4,1,3,3,0,3,2,3,3,1,2,1,1,3,3,1,4,4,4,4,4,4,4,4,4,4,4,4,4,4,4,4,4,3,2,4,4,4,4,4,4,4,4,4,4,4,4,4,4,4,4,4,4,4,4,4,4,4,4,4,4,4,4,4,4,2,1,4,1,3,1,0,3,0,0,0,1,3,1,0,4,2,2,0,0,3,2,0,3,2,1,4,0,2,0,4,2,1,1,2,3,3,4,4,4,4,3,0,1,2,2,4,4,3,2,1,3,3,4,0,4,3,1,2,3,1,1,0,4,4,1,3,2,0,4,1,0,2,0,3,2,4,3,1,2,1,4,4,4,3,3,4,0,4,1,2,1,1,4,4,4,4,4,4,4,3,4,4,4,4,4,4,4,4,4,4,4,4,4,4,4,4,4,4,4,4,4,4,4,4,4,4,4,4,4,4,4,4,4,4,4,4,4,4,4,4,4,4,4,4,4,4,4,4,4,4,4,4,4,4,1,0,3,1,0,0,0,1,0,1,1,1,4,3,2,2,0,1,0,1,0,0,1,2,3,3,2,0,4,4,4,4,4,4,4,4,4,4,4,4,4,4,4,4,4,4,4,4,4,2,3,2,0,0,2,1,0,4,1,1,1,4,1,3,3,3,4,0,3,2,3,3,2,3,1,0,4,3,4,0,1,0,4,4,4,4,4,4,4,4,4,4,4,4,4,4,4,4,4,4,4,4,4,4,4,4,4,4,4,4,4,4,4,4,2,0,1,1,3,2,4,4,4,4,4,4,4,4,4,4,4,4,4,4,4,4,4,3,3,3,3,2,0,1,2,1,1,3,2,1,1,1,1,3,3,0,0,4,4,1,1,4,4,4,4,4,4,4,4,4,4,4,4,4,4,4,4,4,4,4,4,4,4,4,4,4,4,4,4,4,4,4,4,4,4,4,4,4,4,4,4,2,2,2,1,0,2,2,1,2,3,3,3,3,3,3,3,CP002614.1/4102944-4103151,0
873,2,3,0,2,0,3,2,1,3,1,0,3,3,1,1,0,3,4,1,3,4,1,3,3,0,3,2,3,3,1,2,1,1,3,3,0,4,4,4,4,4,4,4,4,4,4,4,4,4,4,4,4,4,2,3,4,4,4,4,4,4,4,4,4,4,4,4,4,4,4,4,4,4,4,4,4,4,4,4,4,4,4,4,4,4,2,1,4,1,3,1,0,3,0,0,0,1,3,1,1,4,2,2,0,0,3,2,0,1,2,1,4,0,2,0,4,2,1,1,2,3,3,4,4,4,4,3,0,1,2,2,4,4,3,2,1,3,3,4,0,4,3,1,2,3,1,1,0,4,4,1,3,2,0,4,1,0,2,0,3,2,4,3,1,2,1,4,4,4,3,3,4,0,4,3,2,1,1,4,4,4,4,4,4,4,3,4,4,4,4,4,4,4,4,4,4,4,4,4,4,4,4,4,4,4,4,4,4,4,4,4,4,4,4,4,4,4,4,4,4,4,4,4,4,4,4,4,4,4,4,4,4,4,4,4,4,4,4,4,4,1,0,3,1,0,2,0,1,0,1,1,0,4,3,2,2,0,1,0,1,0,0,1,2,3,3,2,0,4,4,4,4,4,4,4,4,4,4,4,4,4,4,4,4,4,4,4,4,4,2,3,2,0,0,2,1,0,4,1,1,4,4,1,0,1,3,4,4,3,2,3,3,2,3,1,0,4,3,4,0,1,0,4,4,4,4,4,4,4,4,4,4,4,4,4,4,4,4,4,4,4,4,4,4,4,4,4,4,4,4,4,4,4,4,2,0,1,1,3,2,4,4,4,4,4,4,4,4,4,4,4,4,4,4,4,4,4,3,3,3,3,0,0,1,2,1,1,3,2,1,3,1,1,2,3,0,0,4,3,0,0,4,4,4,4,4,4,4,4,4,4,4,4,4,4,4,4,4,4,4,4,4,4,4,4,4,4,4,4,4,4,4,4,4,4,4,4,4,4,4,4,2,0,2,1,0,2,2,1,2,3,3,3,3,3,3,3,ACAC01000091.1/38609-38815,0
874,2,3,4,4,4,2,2,1,3,1,0,3,3,1,0,1,1,4,2,0,4,1,3,3,0,3,2,3,1,0,2,1,1,1,1,3,3,1,2,4,4,4,4,4,4,4,4,4,4,2,2,0,1,2,3,4,4,4,4,4,4,4,4,4,4,4,4,4,4,4,4,4,4,4,4,4,4,4,4,4,4,4,4,4,4,2,1,4,3,0,1,0,3,0,0,0,0,3,0,1,4,4,2,0,0,3,2,0,1,2,1,4,4,4,4,4,0,1,0,0,4,4,4,4,4,4,1,0,0,2,2,4,4,3,2,1,1,3,4,2,4,1,1,2,3,1,1,0,4,4,0,1,3,3,4,1,3,2,0,3,0,4,3,1,0,2,1,4,2,3,0,4,4,4,4,2,1,3,4,4,4,4,4,4,4,0,4,4,4,4,4,4,4,4,4,4,4,4,4,4,4,4,4,4,4,4,4,4,4,4,4,4,4,4,4,4,4,4,4,4,4,4,4,4,4,4,4,4,4,4,4,4,4,4,4,4,4,4,4,4,3,0,3,1,0,4,4,0,1,1,0,3,4,1,2,2,2,1,2,0,0,0,1,2,3,1,2,0,4,4,4,4,4,4,4,4,4,4,4,4,4,4,4,4,4,4,4,4,4,2,3,3,0,2,2,1,0,4,1,1,2,4,1,1,3,3,4,4,4,0,3,3,4,4,4,4,4,4,4,4,4,4,4,4,4,4,4,4,4,4,4,4,4,4,4,4,4,4,4,4,4,4,4,4,4,4,4,4,4,4,4,4,4,4,4,4,4,1,1,0,4,4,4,4,4,4,4,4,4,4,4,4,4,4,4,4,4,3,0,0,1,0,0,0,2,1,1,2,2,2,4,4,3,0,0,3,4,4,4,4,3,4,4,4,4,4,4,4,4,4,4,4,4,4,4,4,4,4,4,4,4,4,4,4,4,4,4,4,4,4,4,4,4,4,4,4,4,4,4,4,4,4,4,1,1,1,2,2,1,3,3,3,2,3,3,2,3,CP001396.1/2575166-2574982,0
875,0,1,0,2,3,3,2,1,3,1,0,3,3,1,0,1,1,4,3,3,4,3,3,3,0,3,2,0,3,0,2,1,1,1,1,2,4,4,4,4,4,4,4,4,4,4,4,4,4,4,4,4,4,4,4,1,0,0,3,3,0,0,2,1,4,4,4,4,4,4,4,4,4,4,4,4,2,2,0,3,2,0,3,2,1,2,1,4,3,3,1,0,3,0,0,2,1,1,3,1,4,1,2,0,0,3,2,0,3,2,1,4,1,3,0,4,4,4,0,2,0,1,4,4,4,4,4,4,3,2,2,4,4,3,2,1,1,3,4,0,4,3,1,2,3,1,1,0,1,1,3,0,0,0,4,1,1,2,0,1,0,4,3,3,2,3,2,4,3,2,0,4,0,4,0,2,1,0,1,4,4,4,4,4,0,3,4,4,4,4,4,4,4,4,4,4,4,4,4,4,4,4,4,4,4,4,4,4,4,4,4,4,4,4,4,4,4,4,4,4,4,4,4,4,4,4,4,4,4,4,4,4,4,4,4,4,4,4,4,4,3,0,3,1,0,4,4,0,0,1,0,3,4,1,2,2,0,1,2,0,1,0,1,2,3,3,2,0,4,4,4,4,4,4,4,4,4,4,4,4,4,4,4,4,4,4,4,4,4,2,3,2,0,2,2,1,0,4,1,1,2,4,1,1,3,0,4,4,3,2,3,1,4,4,4,4,4,4,4,4,4,4,4,4,4,4,4,4,4,4,4,4,4,4,4,4,4,4,4,4,4,4,4,4,4,4,4,4,4,4,4,4,4,4,4,4,4,1,3,2,4,4,4,4,4,4,4,4,4,4,4,4,4,4,4,4,4,1,3,2,3,2,0,3,2,0,0,3,4,4,4,4,4,4,4,4,4,4,4,4,4,4,4,4,4,4,4,4,4,4,4,4,4,4,4,4,4,4,4,4,4,4,4,4,4,4,4,4,4,4,4,4,4,4,4,4,4,4,4,4,3,4,4,4,4,0,3,3,1,0,3,1,0,0,3,3,3,AAYT01000001.1/781929-782126,0
876,2,3,0,2,0,3,2,1,3,1,0,3,3,1,1,0,3,4,1,3,4,1,3,3,0,3,2,3,3,1,2,1,1,3,3,0,4,4,4,4,4,4,4,4,4,4,4,4,4,4,4,4,4,2,3,4,4,4,4,4,4,4,4,4,4,4,4,4,4,4,4,4,4,4,4,4,4,4,4,4,4,4,4,4,4,2,1,4,1,3,1,0,3,0,0,0,1,3,1,1,4,2,2,0,0,3,2,0,1,2,1,4,0,2,0,4,2,1,1,2,3,3,4,4,4,4,3,0,1,2,2,4,4,3,2,1,3,3,4,0,4,3,1,2,3,1,1,0,4,4,1,3,2,0,4,1,0,2,0,3,2,4,3,1,2,1,4,4,4,3,3,4,0,4,3,2,1,1,4,4,4,4,4,4,4,3,4,4,4,4,4,4,4,4,4,4,4,4,4,4,4,4,4,4,4,4,4,4,4,4,4,4,4,4,4,4,4,4,4,4,4,4,4,4,4,4,4,4,4,4,4,4,4,4,4,4,4,4,4,4,1,0,3,1,0,2,0,1,0,1,1,0,4,3,2,2,0,1,0,1,0,0,1,2,3,3,2,0,4,4,4,4,4,4,4,4,4,4,4,4,4,4,4,4,4,4,4,4,4,2,3,2,0,0,2,1,0,4,1,1,4,4,1,0,1,3,4,4,3,2,3,3,2,3,1,0,4,3,4,0,1,0,4,4,4,4,4,4,4,4,4,4,4,4,4,4,4,4,4,4,4,4,4,4,4,4,4,4,4,4,4,4,4,4,2,0,1,1,3,2,4,4,4,4,4,4,4,4,4,4,4,4,4,4,4,4,4,3,3,3,3,0,0,1,2,1,1,3,2,1,3,1,1,2,3,0,0,4,3,0,0,4,4,4,4,4,4,4,4,4,4,4,4,4,4,4,4,4,4,4,4,4,4,4,4,4,4,4,4,4,4,4,4,4,4,4,4,4,4,4,4,2,0,2,1,0,2,2,1,2,3,3,3,3,3,3,3,AERP01000006.1/51901-51695,0
877,2,1,0,2,3,2,2,1,3,1,0,3,3,1,0,1,1,4,2,0,4,1,3,3,0,3,2,3,1,0,2,1,1,1,1,3,3,1,2,4,4,4,4,4,4,4,4,4,4,2,2,0,1,2,3,4,4,4,4,4,4,4,4,4,4,4,4,4,4,4,4,4,4,4,4,4,4,4,4,4,4,4,4,4,4,2,1,4,3,0,1,0,3,0,0,0,0,3,3,1,4,4,2,0,0,3,2,0,1,2,1,4,0,1,0,4,0,1,4,4,4,4,4,4,4,4,4,0,0,2,2,4,4,3,2,1,1,3,4,2,4,1,1,2,3,1,1,0,4,4,0,1,3,3,4,1,3,2,0,3,0,4,3,1,0,2,1,4,2,3,0,4,4,4,4,2,1,3,4,4,4,4,4,4,4,0,4,4,4,4,4,4,4,4,4,4,4,4,4,4,4,4,4,4,4,4,4,4,4,4,4,4,4,4,4,4,4,4,4,4,4,4,4,4,4,4,4,4,4,4,4,4,4,4,4,4,4,4,4,4,3,0,3,1,0,4,4,0,1,1,0,3,4,1,2,2,2,1,2,0,0,0,1,2,3,1,2,0,4,4,4,4,4,4,4,4,4,4,4,4,4,4,4,4,4,4,4,4,4,2,3,3,0,2,2,1,0,4,1,1,2,4,1,1,3,3,4,4,4,0,3,3,4,4,4,4,4,4,4,4,4,4,4,4,4,4,4,4,4,4,4,4,4,4,4,4,4,4,4,4,4,4,4,4,4,4,4,4,4,4,4,4,4,4,4,4,4,1,1,0,4,4,4,4,4,4,4,4,4,4,4,4,4,4,4,4,4,3,0,0,1,0,0,0,2,1,1,2,2,2,4,4,3,0,0,3,4,4,4,4,3,4,4,4,4,4,4,4,4,4,4,4,4,4,4,4,4,4,4,4,4,4,4,4,4,4,4,4,4,4,4,4,4,4,4,4,4,4,4,4,4,4,4,1,1,1,2,2,1,3,3,3,2,3,3,2,3,AFAA01000082.1/246096-245909,0
878,2,3,0,2,0,3,2,1,3,1,0,3,3,1,1,0,3,4,1,3,4,1,3,3,0,3,2,3,3,1,2,1,1,3,3,0,4,4,4,4,4,4,4,4,4,4,4,4,4,4,4,4,4,2,3,4,4,4,4,4,4,4,4,4,4,4,4,4,4,4,4,4,4,4,4,4,4,4,4,4,4,4,4,4,4,2,1,4,1,3,1,0,3,0,0,0,1,3,1,1,4,2,2,0,0,3,2,0,1,2,1,4,0,2,0,4,2,1,1,2,3,3,4,4,4,4,3,0,1,2,2,4,4,3,2,1,3,3,4,0,4,3,1,2,3,1,1,0,4,4,1,3,2,0,4,1,0,2,0,3,2,4,3,1,2,1,4,4,4,3,3,4,0,4,3,2,1,1,4,4,4,4,4,4,4,3,4,4,4,4,4,4,4,4,4,4,4,4,4,4,4,4,4,4,4,4,4,4,4,4,4,4,4,4,4,4,4,4,4,4,4,4,4,4,4,4,4,4,4,4,4,4,4,4,4,4,4,4,4,4,1,0,3,1,0,2,0,1,0,1,1,0,4,3,2,2,0,1,0,1,0,0,1,2,3,3,2,0,4,4,4,4,4,4,4,4,4,4,4,4,4,4,4,4,4,4,4,4,4,2,3,2,0,0,2,1,0,4,1,1,4,4,1,0,1,3,4,4,3,2,3,3,2,3,1,0,4,3,4,0,1,0,4,4,4,4,4,4,4,4,4,4,4,4,4,4,4,4,4,4,4,4,4,4,4,4,4,4,4,4,4,4,4,4,2,0,1,1,3,2,4,4,4,4,4,4,4,4,4,4,4,4,4,4,4,4,4,3,3,3,3,0,0,1,2,1,1,3,2,1,3,1,1,2,3,0,0,4,3,0,0,4,4,4,4,4,4,4,4,4,4,4,4,4,4,4,4,4,4,4,4,4,4,4,4,4,4,4,4,4,4,4,4,4,4,4,4,4,4,4,4,2,0,2,1,0,2,2,1,2,3,3,3,3,3,3,3,ADUS01000025.1/6281-6075,0
879,4,4,4,2,3,3,2,1,3,1,0,3,3,1,0,0,1,4,3,2,4,2,3,3,0,3,2,0,3,3,2,1,2,3,3,2,1,3,2,0,1,3,2,2,1,0,0,0,3,0,3,3,3,3,1,4,4,4,4,4,4,4,4,4,4,4,4,4,4,4,4,4,4,4,4,4,4,4,4,4,4,4,4,4,4,2,1,4,4,3,1,0,3,0,0,1,0,3,1,3,4,2,2,0,0,3,2,0,3,2,1,4,1,0,0,4,4,4,4,4,4,0,0,4,2,0,0,0,2,2,2,4,4,3,2,1,1,3,4,0,4,3,1,2,3,1,1,0,4,1,1,0,2,0,4,1,1,2,0,3,0,4,0,1,0,2,2,4,2,1,4,4,4,4,4,4,4,4,4,4,4,4,4,4,4,4,2,3,2,0,0,0,0,4,4,4,4,4,4,4,4,4,4,4,4,4,4,4,4,4,4,4,4,4,4,4,4,4,4,4,4,4,4,4,4,4,4,4,4,4,4,4,4,1,2,0,0,1,2,3,3,0,3,1,0,0,2,4,4,1,0,3,4,1,2,2,2,1,2,0,1,0,1,2,3,3,2,0,4,4,4,4,4,4,4,4,4,4,4,4,4,4,4,4,4,4,4,4,4,2,3,2,0,2,2,1,0,4,1,1,4,4,4,4,4,4,4,4,4,4,4,4,2,4,4,4,4,4,4,4,4,4,4,4,4,4,4,4,4,4,4,4,4,4,4,4,4,4,4,4,4,4,4,4,4,4,4,4,4,4,4,4,4,4,4,4,1,1,3,0,4,4,4,4,4,4,4,4,4,4,4,4,4,4,4,4,4,3,3,1,0,2,3,1,0,1,2,1,2,2,1,1,0,2,4,4,4,4,4,4,4,0,2,2,2,0,2,1,2,4,4,4,4,4,4,4,4,4,4,4,4,4,4,4,4,4,4,4,4,4,4,4,4,0,3,3,1,3,3,1,3,2,2,1,1,2,1,2,3,2,0,1,2,3,3,3,3,CP001657.1/3440159-3439941,0
880,2,3,0,2,0,3,2,1,3,1,0,3,3,1,1,0,3,4,1,3,4,1,3,3,0,3,2,3,3,1,2,1,1,3,3,0,4,4,4,4,4,4,4,4,4,4,4,4,4,4,4,4,4,2,3,4,4,4,4,4,4,4,4,4,4,4,4,4,4,4,4,4,4,4,4,4,4,4,4,4,4,4,4,4,4,2,1,4,1,3,1,0,3,0,0,0,1,3,1,1,4,2,2,0,0,3,2,0,1,2,1,4,0,2,0,4,2,1,1,2,3,3,4,4,4,4,3,0,1,2,2,4,4,3,2,1,3,3,4,0,4,3,1,2,3,1,1,0,4,4,1,3,2,0,4,1,0,2,0,3,2,4,3,1,2,1,4,4,4,3,3,4,0,4,3,2,1,1,4,4,4,4,4,4,4,3,4,4,4,4,4,4,4,4,4,4,4,4,4,4,4,4,4,4,4,4,4,4,4,4,4,4,4,4,4,4,4,4,4,4,4,4,4,4,4,4,4,4,4,4,4,4,4,4,4,4,4,4,4,4,1,0,3,1,0,2,0,1,0,1,1,0,4,3,2,2,0,1,0,1,0,0,1,2,3,3,2,0,4,4,4,4,4,4,4,4,4,4,4,4,4,4,4,4,4,4,4,4,4,2,3,2,0,0,2,1,0,4,1,1,4,4,1,0,1,3,4,4,3,2,3,3,2,3,1,0,4,3,4,0,1,0,4,4,4,4,4,4,4,4,4,4,4,4,4,4,4,4,4,4,4,4,4,4,4,4,4,4,4,4,4,4,4,4,2,0,1,1,3,2,4,4,4,4,4,4,4,4,4,4,4,4,4,4,4,4,4,3,3,3,3,0,0,1,2,1,1,3,2,1,3,1,1,2,3,0,0,4,3,0,0,4,4,4,4,4,4,4,4,4,4,4,4,4,4,4,4,4,4,4,4,4,4,4,4,4,4,4,4,4,4,4,4,4,4,4,4,4,4,4,4,2,0,2,1,0,2,2,1,2,3,3,3,3,3,3,3,AFWP01000004.1/53923-53717,0
881,2,3,0,2,0,3,2,1,3,1,0,3,3,1,1,0,3,4,1,3,4,1,3,3,0,3,2,3,3,1,2,1,1,3,3,0,4,4,4,4,4,4,4,4,4,4,4,4,4,4,4,4,4,2,3,4,4,4,4,4,4,4,4,4,4,4,4,4,4,4,4,4,4,4,4,4,4,4,4,4,4,4,4,4,4,2,1,4,1,3,1,0,3,0,0,0,1,3,1,1,4,2,2,0,0,3,2,0,1,2,1,4,0,2,0,4,2,1,1,2,3,3,4,4,4,4,3,0,1,2,2,4,4,3,2,1,3,3,4,0,4,3,1,2,3,1,1,0,4,4,1,3,2,0,4,1,0,2,0,3,2,4,3,1,2,1,4,4,4,3,3,4,0,4,3,2,1,1,4,4,4,4,4,4,4,3,4,4,4,4,4,4,4,4,4,4,4,4,4,4,4,4,4,4,4,4,4,4,4,4,4,4,4,4,4,4,4,4,4,4,4,4,4,4,4,4,4,4,4,4,4,4,4,4,4,4,4,4,4,4,1,0,3,1,0,2,0,1,0,1,1,0,4,3,2,2,0,1,0,1,0,0,1,2,3,3,2,0,4,4,4,4,4,4,4,4,4,4,4,4,4,4,4,4,4,4,4,4,4,2,3,2,0,0,2,1,0,4,1,1,4,4,1,0,1,3,4,4,3,2,3,3,2,3,1,0,4,3,4,0,1,0,4,4,4,4,4,4,4,4,4,4,4,4,4,4,4,4,4,4,4,4,4,4,4,4,4,4,4,4,4,4,4,4,2,0,1,1,3,2,4,4,4,4,4,4,4,4,4,4,4,4,4,4,4,4,4,3,3,3,3,0,0,1,2,1,1,3,2,1,3,1,1,2,3,0,0,4,3,0,0,4,4,4,4,4,4,4,4,4,4,4,4,4,4,4,4,4,4,4,4,4,4,4,4,4,4,4,4,4,4,4,4,4,4,4,4,4,4,4,4,2,0,2,1,0,2,2,1,2,3,3,3,3,3,3,3,AEZV01000154.1/251216-251422,0
882,2,3,4,4,4,2,2,1,3,1,0,3,3,1,0,1,1,4,2,0,4,1,3,3,0,3,2,3,1,0,2,1,1,1,1,3,3,1,2,4,4,4,4,4,4,4,4,4,4,2,2,0,1,2,3,4,4,4,4,4,4,4,4,4,4,4,4,4,4,4,4,4,4,4,4,4,4,4,4,4,4,4,4,4,4,2,1,4,3,0,1,0,3,0,0,0,0,3,3,1,4,4,2,0,0,3,2,0,1,2,1,4,4,4,4,4,0,1,0,0,4,4,4,4,4,4,1,0,0,2,2,4,4,3,2,1,1,3,4,2,4,1,1,2,3,1,1,0,4,4,0,1,3,3,4,1,3,2,0,3,0,4,3,1,0,2,1,4,2,3,0,4,4,4,4,2,1,3,4,4,4,4,4,4,4,0,4,4,4,4,4,4,4,4,4,4,4,4,4,4,4,4,4,4,4,4,4,4,4,4,4,4,4,4,4,4,4,4,4,4,4,4,4,4,4,4,4,4,4,4,4,4,4,4,4,4,4,4,4,4,3,0,3,1,0,4,4,0,1,1,0,3,4,1,2,2,2,1,2,0,0,0,1,2,3,1,2,0,4,4,4,4,4,4,4,4,4,4,4,4,4,4,4,4,4,4,4,4,4,2,3,3,0,2,2,1,0,4,1,1,2,4,1,1,3,3,4,4,4,0,3,3,4,4,4,4,4,4,4,4,4,4,4,4,4,4,4,4,4,4,4,4,4,4,4,4,4,4,4,4,4,4,4,4,4,4,4,4,4,4,4,4,4,4,4,4,4,1,1,0,4,4,4,4,4,4,4,4,4,4,4,4,4,4,4,4,4,3,0,0,1,0,0,0,2,1,1,2,2,2,4,4,3,0,0,3,4,4,4,4,3,4,4,4,4,4,4,4,4,4,4,4,4,4,4,4,4,4,4,4,4,4,4,4,4,4,4,4,4,4,4,4,4,4,4,4,4,4,4,4,4,4,4,1,1,1,2,2,1,3,3,3,2,3,3,2,3,ADVA01000251.1/34553-34737,0
883,2,3,0,2,0,3,0,1,3,1,0,3,3,1,1,0,3,4,1,3,4,1,3,3,0,3,2,3,3,1,2,1,1,3,3,0,4,4,4,4,4,4,4,4,4,4,4,4,4,4,4,4,4,2,3,4,4,4,4,4,4,4,4,4,4,4,4,4,4,4,4,4,4,4,4,4,4,4,4,4,4,4,4,4,4,2,1,4,1,3,1,0,3,0,0,0,1,3,1,1,4,2,2,0,0,3,2,0,1,2,1,4,0,2,0,4,2,1,1,2,3,3,4,4,4,4,3,0,1,2,2,4,4,3,2,1,3,3,4,0,4,3,1,2,3,1,1,0,4,4,1,3,2,0,4,1,0,2,0,3,2,4,3,1,2,1,4,4,4,3,3,4,0,4,3,2,1,1,4,4,4,4,4,4,4,3,4,4,4,4,4,4,4,4,4,4,4,4,4,4,4,4,4,4,4,4,4,4,4,4,4,4,4,4,4,4,4,4,4,4,4,4,4,4,4,4,4,4,4,4,4,4,4,4,4,4,4,4,4,4,1,0,3,1,0,2,0,1,0,1,1,0,4,3,2,2,0,1,0,1,0,0,1,2,3,3,2,0,4,4,4,4,4,4,4,4,4,4,4,4,4,4,4,4,4,4,4,4,4,2,3,2,0,0,2,1,0,4,1,1,4,4,1,0,1,3,4,4,3,2,3,3,2,3,1,0,4,3,4,0,1,0,4,4,4,4,4,4,4,4,4,4,4,4,4,4,4,4,4,4,4,4,4,4,4,4,4,4,4,4,4,4,4,4,2,0,1,1,3,2,4,4,4,4,4,4,4,4,4,4,4,4,4,4,4,4,4,3,3,3,3,0,0,1,2,1,1,3,2,1,3,1,1,2,3,0,0,4,3,0,0,4,4,4,4,4,4,4,4,4,4,4,4,4,4,4,4,4,4,4,4,4,4,4,4,4,4,4,4,4,4,4,4,4,4,4,4,4,4,4,4,2,0,2,1,0,2,2,1,2,3,3,3,3,3,3,3,AETY01000097.1/39959-40165,0
884,2,3,4,4,4,2,2,1,3,1,0,3,3,1,0,1,1,4,3,3,4,1,3,3,0,3,2,3,1,0,2,1,1,1,1,3,3,0,2,4,4,4,4,4,4,4,4,4,4,2,2,0,1,2,1,4,4,4,4,4,4,4,4,4,4,4,4,4,4,4,4,4,4,4,4,4,4,4,4,4,4,4,4,4,4,2,1,4,3,0,1,0,3,0,0,0,1,3,3,1,4,4,2,0,0,3,2,0,1,2,1,4,4,4,4,4,0,1,0,0,4,4,4,4,4,4,1,0,0,2,2,4,4,3,2,1,1,3,4,2,4,1,1,2,3,1,1,0,4,4,0,1,3,3,4,1,3,2,0,3,0,4,0,1,0,2,1,4,2,3,4,4,4,4,0,2,1,3,4,4,4,4,4,4,4,3,4,4,4,4,4,4,4,4,4,4,4,4,4,4,4,4,4,4,4,4,4,4,4,4,4,4,4,4,4,4,4,4,4,4,4,4,4,4,4,4,4,4,4,4,4,4,4,4,4,4,4,4,4,4,3,0,3,1,0,4,4,0,1,1,3,1,4,1,2,2,2,1,2,0,0,0,1,2,3,1,2,0,4,4,4,4,4,4,4,4,4,4,4,4,4,4,4,4,4,4,4,4,4,2,3,3,0,2,2,1,0,4,1,1,2,4,1,1,3,3,4,4,4,0,3,3,4,4,4,4,4,4,4,4,4,4,4,4,4,4,4,4,4,4,4,4,4,4,4,4,4,4,4,4,4,4,4,4,4,4,4,4,4,4,4,4,4,4,4,4,4,1,1,0,4,4,4,4,4,4,4,4,4,4,4,4,4,4,4,4,4,3,0,0,1,0,0,0,2,1,1,2,2,2,3,3,3,4,4,4,4,4,4,4,4,4,4,4,4,4,4,4,4,4,4,4,4,4,4,4,4,4,4,4,4,4,4,4,4,4,4,4,4,4,4,4,4,4,4,4,4,4,4,4,4,0,2,1,1,1,2,2,1,3,3,3,2,3,3,2,3,FQ312003.1/2705563-2705379,0
885,2,3,0,2,0,3,2,1,3,1,0,3,3,1,1,0,3,4,1,3,4,1,3,3,0,3,2,3,3,1,2,1,1,3,3,0,4,4,4,4,4,4,4,4,4,4,4,4,4,4,4,4,4,2,3,4,4,4,4,4,4,4,4,4,4,4,4,4,4,4,4,4,4,4,4,4,4,4,4,4,4,4,4,4,4,2,1,4,1,3,1,0,3,0,0,0,1,3,1,1,4,2,2,0,0,3,2,0,1,2,1,4,0,2,0,4,2,1,1,2,3,3,4,4,4,4,3,0,1,2,2,4,4,3,2,1,3,3,4,0,4,3,1,2,3,1,1,0,4,4,1,3,2,0,4,1,0,2,0,3,2,4,3,1,2,1,4,4,4,3,3,4,0,4,3,2,1,1,4,4,4,4,4,4,4,3,4,4,4,4,4,4,4,4,4,4,4,4,4,4,4,4,4,4,4,4,4,4,4,4,4,4,4,4,4,4,4,4,4,4,4,4,4,4,4,4,4,4,4,4,4,4,4,4,4,4,4,4,4,4,1,0,3,1,0,2,0,1,0,1,1,0,4,3,2,2,0,1,0,1,0,0,1,2,3,3,2,0,4,4,4,4,4,4,4,4,4,4,4,4,4,4,4,4,4,4,4,4,4,2,3,2,0,0,2,1,0,4,1,1,4,4,1,0,1,3,4,4,3,2,3,3,2,3,1,0,4,3,4,0,1,0,4,4,4,4,4,4,4,4,4,4,4,4,4,4,4,4,4,4,4,4,4,4,4,4,4,4,4,4,4,4,4,4,2,0,1,1,3,2,4,4,4,4,4,4,4,4,4,4,4,4,4,4,4,4,4,3,3,3,3,0,0,1,2,1,1,3,2,1,3,1,1,2,3,0,0,4,3,0,0,4,4,4,4,4,4,4,4,4,4,4,4,4,4,4,4,4,4,4,4,4,4,4,4,4,4,4,4,4,4,4,4,4,4,4,4,4,4,4,4,2,0,2,1,0,2,2,1,2,3,3,3,3,3,3,3,AFAA01000087.1/149488-149282,0
886,0,1,0,2,3,3,2,1,3,1,0,3,3,1,0,1,1,4,3,3,4,3,3,3,0,3,2,0,3,0,2,1,1,1,1,2,4,4,4,4,4,4,4,4,4,4,4,4,4,4,4,4,4,4,4,1,0,0,3,3,0,0,2,1,4,4,4,4,4,4,4,4,4,4,4,4,2,2,0,3,2,0,3,2,1,2,1,4,3,3,1,0,3,0,0,2,1,1,3,1,4,1,2,0,0,3,2,0,3,2,1,4,1,3,0,4,4,4,0,2,0,1,4,4,4,4,4,4,3,2,2,4,4,3,2,1,1,3,4,0,4,3,1,2,3,1,1,0,1,1,3,0,0,0,4,1,1,2,0,1,0,4,3,3,2,3,2,4,3,2,0,4,0,4,0,2,1,0,1,4,4,4,4,4,0,3,4,4,4,4,4,4,4,4,4,4,4,4,4,4,4,4,4,4,4,4,4,4,4,4,4,4,4,4,4,4,4,4,4,4,4,4,4,4,4,4,4,4,4,4,4,4,4,4,4,4,4,4,4,4,3,0,3,1,0,4,4,0,0,1,0,3,4,1,2,2,0,1,2,0,1,0,1,2,3,3,2,0,4,4,4,4,4,4,4,4,4,4,4,4,4,4,4,4,4,4,4,4,4,2,3,2,0,2,2,1,0,4,1,1,2,4,1,1,3,0,4,4,3,2,3,1,4,4,4,4,4,4,4,4,4,4,4,4,4,4,4,4,4,4,4,4,4,4,4,4,4,4,4,4,4,4,4,4,4,4,4,4,4,4,4,4,4,4,4,4,4,1,3,2,4,4,4,4,4,4,4,4,4,4,4,4,4,4,4,4,4,1,3,2,3,2,0,3,2,0,0,3,4,4,4,4,4,4,4,4,4,4,4,4,4,4,4,4,4,4,4,4,4,4,4,4,4,4,4,4,4,4,4,4,4,4,4,4,4,4,4,4,4,4,4,4,4,4,4,4,4,4,4,4,3,4,4,4,4,0,3,3,1,0,3,1,0,0,3,3,3,CP001608.1/3011221-3011024,0
887,2,3,4,4,4,2,2,1,3,1,0,3,3,1,0,1,1,4,3,3,4,1,3,3,0,3,2,3,1,0,2,1,1,1,1,3,3,0,2,4,4,4,4,4,4,4,4,4,4,2,2,0,1,2,1,4,4,4,4,4,4,4,4,4,4,4,4,4,4,4,4,4,4,4,4,4,4,4,4,4,4,4,4,4,4,2,1,4,3,0,1,0,3,0,0,0,1,3,3,1,4,4,2,0,0,3,2,0,1,2,1,4,4,4,4,4,0,1,0,0,4,4,4,4,4,4,1,0,0,2,2,4,4,3,2,1,1,3,4,2,4,1,1,2,3,1,1,0,4,4,0,1,3,3,4,1,3,2,0,3,0,4,0,3,0,2,1,4,2,3,4,4,4,4,0,2,1,3,4,4,4,4,4,4,4,3,4,4,4,4,4,4,4,4,4,4,4,4,4,4,4,4,4,4,4,4,4,4,4,4,4,4,4,4,4,4,4,4,4,4,4,4,4,4,4,4,4,4,4,4,4,4,4,4,4,4,4,4,4,4,3,0,3,1,0,4,4,0,1,1,3,1,4,1,2,2,2,1,2,0,0,0,1,2,3,1,2,0,4,4,4,4,4,4,4,4,4,4,4,4,4,4,4,4,4,4,4,4,4,2,3,3,0,2,2,1,0,4,1,1,2,4,1,1,3,3,4,4,4,0,3,3,4,4,4,4,4,4,4,4,4,4,4,4,4,4,4,4,4,4,4,4,4,4,4,4,4,4,4,4,4,4,4,4,4,4,4,4,4,4,4,4,4,4,4,4,4,1,1,0,4,4,4,4,4,4,4,4,4,4,4,4,4,4,4,4,4,3,0,0,1,0,0,0,2,1,1,2,2,2,3,3,3,4,4,4,4,4,4,4,4,4,4,4,4,4,4,4,4,4,4,4,4,4,4,4,4,4,4,4,4,4,4,4,4,4,4,4,4,4,4,4,4,4,4,4,4,4,4,4,4,0,2,1,1,1,2,2,1,3,3,3,2,3,3,2,3,FM200053.1/338853-339037,0
888,2,1,0,2,3,2,2,1,3,1,0,3,3,1,0,1,1,4,2,0,4,1,3,3,0,3,2,3,1,0,2,1,1,1,1,3,3,1,2,4,4,4,4,4,4,4,4,4,4,2,2,0,1,2,3,4,4,4,4,4,4,4,4,4,4,4,4,4,4,4,4,4,4,4,4,4,4,4,4,4,4,4,4,4,4,2,1,4,3,0,1,0,3,0,0,0,0,3,3,1,4,4,2,0,0,3,2,0,1,2,1,4,0,1,0,4,0,1,4,4,4,4,4,4,4,4,4,0,0,2,2,4,4,3,2,1,1,3,4,2,4,1,1,2,3,1,1,0,4,4,0,1,3,3,4,1,3,2,0,3,0,4,3,1,0,2,1,4,2,3,0,4,4,4,4,2,1,3,4,4,4,4,4,4,4,0,4,4,4,4,4,4,4,4,4,4,4,4,4,4,4,4,4,4,4,4,4,4,4,4,4,4,4,4,4,4,4,4,4,4,4,4,4,4,4,4,4,4,4,4,4,4,4,4,4,4,4,4,4,4,3,0,3,1,0,4,4,0,1,1,0,3,4,1,2,2,2,1,2,0,0,0,1,2,3,1,2,0,4,4,4,4,4,4,4,4,4,4,4,4,4,4,4,4,4,4,4,4,4,2,3,3,0,2,2,1,0,4,1,1,2,4,1,1,3,3,4,4,4,0,3,3,4,4,4,4,4,4,4,4,4,4,4,4,4,4,4,4,4,4,4,4,4,4,4,4,4,4,4,4,4,4,4,4,4,4,4,4,4,4,4,4,4,4,4,4,4,1,1,0,4,4,4,4,4,4,4,4,4,4,4,4,4,4,4,4,4,3,0,0,1,0,0,0,2,1,1,2,2,2,4,4,3,0,0,3,4,4,4,4,3,4,4,4,4,4,4,4,4,4,4,4,4,4,4,4,4,4,4,4,4,4,4,4,4,4,4,4,4,4,4,4,4,4,4,4,4,4,4,4,4,4,4,1,1,1,2,2,1,3,3,3,2,3,3,2,3,ADAX01000135.1/32190-32003,0
889,2,1,0,2,3,2,2,1,3,1,0,3,3,1,0,1,1,4,2,0,4,1,3,3,0,3,2,3,1,0,2,1,1,1,1,3,3,1,2,4,4,4,4,4,4,4,4,4,4,2,2,0,1,2,3,4,4,4,4,4,4,4,4,4,4,4,4,4,4,4,4,4,4,4,4,4,4,4,4,4,4,4,4,4,4,2,1,4,3,0,1,0,3,0,0,0,0,3,3,1,4,4,2,0,0,3,2,0,1,2,1,4,0,1,0,4,0,1,4,4,4,4,4,4,4,4,4,0,0,2,2,4,4,3,2,1,1,3,4,2,4,1,1,2,3,1,1,0,4,4,0,1,3,3,4,1,3,2,0,3,0,4,3,1,0,2,1,4,2,3,0,4,4,4,4,2,1,3,4,4,4,4,4,4,4,0,4,4,4,4,4,4,4,4,4,4,4,4,4,4,4,4,4,4,4,4,4,4,4,4,4,4,4,4,4,4,4,4,4,4,4,4,4,4,4,4,4,4,4,4,4,4,4,4,4,4,4,4,4,4,3,0,3,1,0,4,4,0,1,1,0,3,4,1,2,2,2,1,2,0,0,0,1,2,3,1,2,0,4,4,4,4,4,4,4,4,4,4,4,4,4,4,4,4,4,4,4,4,4,2,3,3,0,2,2,1,0,4,1,1,2,4,1,1,3,3,4,4,4,0,3,3,4,4,4,4,4,4,4,4,4,4,4,4,4,4,4,4,4,4,4,4,4,4,4,4,4,4,4,4,4,4,4,4,4,4,4,4,4,4,4,4,4,4,4,4,4,1,1,0,4,4,4,4,4,4,4,4,4,4,4,4,4,4,4,4,4,3,0,0,1,0,0,0,2,1,1,2,2,2,4,4,3,0,0,3,4,4,4,4,3,4,4,4,4,4,4,4,4,4,4,4,4,4,4,4,4,4,4,4,4,4,4,4,4,4,4,4,4,4,4,4,4,4,4,4,4,4,4,4,4,4,4,1,1,1,2,2,1,3,3,3,2,3,3,2,3,AEZT01000049.1/71534-71721,0
890,2,3,0,2,0,3,2,1,3,1,0,3,3,1,1,0,3,4,1,3,4,1,3,3,0,3,2,3,3,1,2,1,1,3,3,1,4,4,4,4,4,4,4,4,4,4,4,4,4,4,4,4,4,3,2,4,4,4,4,4,4,4,4,4,4,4,4,4,4,4,4,4,4,4,4,4,4,4,4,4,4,4,4,4,4,2,1,4,1,3,1,0,3,0,0,0,1,3,1,0,4,2,2,0,0,3,2,0,3,2,1,4,0,2,0,4,2,1,1,2,3,3,4,4,4,4,3,0,1,2,2,4,4,3,2,1,3,3,4,0,4,3,1,2,3,1,1,0,4,4,1,3,2,0,4,1,0,2,0,3,2,4,3,1,2,1,4,4,4,3,3,4,0,4,1,2,1,1,4,4,4,4,4,4,4,3,4,4,4,4,4,4,4,4,4,4,4,4,4,4,4,4,4,4,4,4,4,4,4,4,4,4,4,4,4,4,4,4,4,4,4,4,4,4,4,4,4,4,4,4,4,4,4,4,4,4,4,4,4,4,1,0,3,1,0,0,0,1,0,1,1,1,4,3,2,2,0,1,0,1,0,0,1,2,3,3,2,0,4,4,4,4,4,4,4,4,4,4,4,4,4,4,4,4,4,4,4,4,4,2,3,2,0,0,2,1,0,4,1,1,1,4,1,3,3,3,4,0,3,2,3,3,2,3,1,0,4,3,4,0,1,0,4,4,4,4,4,4,4,4,4,4,4,4,4,4,4,4,4,4,4,4,4,4,4,4,4,4,4,4,4,4,4,4,2,0,1,1,3,2,4,4,4,4,4,4,4,4,4,4,4,4,4,4,4,4,4,3,3,3,3,2,0,1,2,1,1,3,2,1,1,1,1,3,3,0,0,4,4,1,1,4,4,4,4,4,4,4,4,4,4,4,4,4,4,4,4,4,4,4,4,4,4,4,4,4,4,4,4,4,4,4,4,4,4,4,4,4,4,4,4,2,2,2,1,0,2,2,1,2,3,3,3,3,3,3,3,CAAW01000881.1/27763-27556,0
891,0,1,0,2,3,3,2,1,3,1,0,3,3,1,0,0,1,4,3,3,4,0,3,3,0,3,2,0,3,0,2,3,1,1,1,2,4,4,4,4,4,4,4,4,4,4,4,4,4,4,4,4,4,4,4,1,2,0,3,3,0,0,2,1,4,4,4,4,4,4,4,4,4,4,4,4,2,2,0,0,3,0,3,2,1,2,1,4,3,3,1,0,3,0,0,0,1,1,0,3,4,1,2,0,0,3,2,0,3,2,1,4,1,3,0,4,4,4,0,2,0,1,4,4,4,4,4,4,3,2,2,4,4,3,0,1,1,3,4,0,4,3,1,2,3,1,1,0,4,1,1,0,0,0,4,1,1,2,0,3,0,4,3,1,2,3,2,4,3,2,0,4,0,4,3,3,1,0,1,4,4,4,4,4,3,3,4,4,4,4,4,4,4,4,4,4,4,4,4,4,4,4,4,4,4,4,4,4,4,4,4,4,4,4,4,4,4,4,4,4,4,4,4,4,4,4,4,4,4,4,4,4,4,4,4,4,4,4,4,4,3,0,3,1,0,4,4,0,0,1,0,3,4,1,2,2,0,1,2,0,1,0,1,2,3,3,2,0,4,4,4,4,4,4,4,4,4,4,4,4,4,4,4,4,4,4,4,4,4,2,3,2,0,2,2,3,0,4,1,1,2,4,1,1,3,0,4,4,3,2,3,1,4,4,4,4,4,4,4,4,4,4,4,4,4,4,4,4,4,4,4,4,4,4,4,4,4,4,4,4,4,4,4,4,4,4,4,4,4,4,4,4,4,4,4,4,4,1,3,2,4,4,4,4,4,4,4,4,4,4,4,4,4,4,4,4,4,1,3,2,3,2,0,3,2,0,0,4,4,4,4,4,4,4,4,4,4,4,4,4,4,3,4,4,4,4,4,4,4,4,4,4,4,4,4,4,4,4,4,4,4,4,4,4,4,4,4,4,4,4,4,4,4,4,4,4,4,4,4,2,2,4,4,4,4,4,3,3,1,0,3,1,0,0,3,3,3,AALF02000019.1/603-407,0
892,2,3,0,2,0,3,2,1,3,1,0,3,3,1,1,0,3,4,1,3,4,1,3,3,0,3,2,3,3,1,2,1,1,3,3,0,4,4,4,4,4,4,4,4,4,4,4,4,4,4,4,4,4,2,3,4,4,4,4,4,4,4,4,4,4,4,4,4,4,4,4,4,4,4,4,4,4,4,4,4,4,4,4,4,4,2,1,4,1,3,1,0,3,0,0,0,1,3,1,1,4,2,2,0,0,3,2,0,1,2,1,4,0,2,0,4,2,1,1,2,3,3,4,4,4,4,3,0,1,2,2,4,4,3,2,1,3,3,4,0,4,3,1,2,3,1,1,0,4,4,1,3,2,0,4,1,0,2,0,3,2,4,3,1,2,1,4,4,4,3,3,4,0,4,3,2,1,1,4,4,4,4,4,4,4,3,4,4,4,4,4,4,4,4,4,4,4,4,4,4,4,4,4,4,4,4,4,4,4,4,4,4,4,4,4,4,4,4,4,4,4,4,4,4,4,4,4,4,4,4,4,4,4,4,4,4,4,4,4,4,1,0,3,1,0,2,0,1,0,1,1,0,4,3,2,2,0,1,0,1,0,0,1,2,3,3,2,0,4,4,4,4,4,4,4,4,4,4,4,4,4,4,4,4,4,4,4,4,4,2,3,2,0,0,2,1,0,4,1,1,4,4,1,0,1,3,4,4,3,2,3,3,2,3,1,0,4,3,4,0,1,0,4,4,4,4,4,4,4,4,4,4,4,4,4,4,4,4,4,4,4,4,4,4,4,4,4,4,4,4,4,4,4,4,2,0,1,1,3,2,4,4,4,4,4,4,4,4,4,4,4,4,4,4,4,4,4,3,3,3,3,0,0,1,2,1,1,3,2,1,3,1,1,2,3,0,0,4,3,0,0,4,4,4,4,4,4,4,4,4,4,4,4,4,4,4,4,4,4,4,4,4,4,4,4,4,4,4,4,4,4,4,4,4,4,4,4,4,4,4,4,2,0,2,1,0,2,2,1,2,3,3,3,3,3,3,3,AFVE01000015.1/41220-41426,0
893,2,3,4,4,4,2,2,1,3,1,0,3,3,1,0,1,1,4,3,3,4,1,3,3,0,3,2,3,1,0,2,1,1,1,1,3,3,0,2,4,4,4,4,4,4,4,4,4,4,2,2,0,1,2,1,4,4,4,4,4,4,4,4,4,4,4,4,4,4,4,4,4,4,4,4,4,4,4,4,4,4,4,4,4,4,2,1,4,3,0,1,0,3,0,0,0,1,3,3,1,4,4,2,0,0,3,2,0,1,2,1,4,4,4,4,4,0,1,0,0,4,4,4,4,4,4,1,0,0,2,2,4,4,3,2,1,1,3,4,2,4,1,1,2,3,1,1,0,4,4,0,1,3,3,4,1,3,2,0,3,0,4,0,3,0,2,1,4,2,3,4,4,4,4,0,2,1,3,4,4,4,4,4,4,4,3,4,4,4,4,4,4,4,4,4,4,4,4,4,4,4,4,4,4,4,4,4,4,4,4,4,4,4,4,4,4,4,4,4,4,4,4,4,4,4,4,4,4,4,4,4,4,4,4,4,4,4,4,4,4,3,0,3,1,0,4,4,0,1,1,3,1,4,1,2,2,2,1,2,0,0,0,1,2,3,1,2,0,4,4,4,4,4,4,4,4,4,4,4,4,4,4,4,4,4,4,4,4,4,2,3,3,0,2,2,1,0,4,1,1,2,4,1,1,3,3,4,4,4,0,3,3,4,4,4,4,4,4,4,4,4,4,4,4,4,4,4,4,4,4,4,4,4,4,4,4,4,4,4,4,4,4,4,4,4,4,4,4,4,4,4,4,4,4,4,4,4,1,1,0,4,4,4,4,4,4,4,4,4,4,4,4,4,4,4,4,4,3,0,0,1,0,0,0,2,1,1,2,2,2,3,3,3,4,4,4,4,4,4,4,4,4,4,4,4,4,4,4,4,4,4,4,4,4,4,4,4,4,4,4,4,4,4,4,4,4,4,4,4,4,4,4,4,4,4,4,4,4,4,4,4,0,2,1,1,1,2,2,1,3,3,3,2,3,3,2,3,AEUK01000021.1/360920-360736,0
894,2,3,0,2,0,3,2,1,3,1,0,3,3,1,1,0,1,4,1,3,4,1,3,3,0,3,2,3,3,3,2,1,3,2,0,3,4,4,4,4,4,4,4,4,4,4,4,4,4,4,4,4,4,4,4,4,4,4,4,4,4,4,4,4,4,4,4,4,4,4,4,4,4,4,4,4,4,4,4,4,4,4,4,4,4,2,1,4,3,0,1,0,3,0,0,0,1,1,3,2,4,2,2,0,0,3,2,0,3,2,1,4,0,2,0,4,2,1,1,1,1,3,4,4,4,4,3,0,1,2,2,4,4,3,0,3,1,1,4,2,4,3,3,2,3,1,1,0,4,4,2,1,1,3,4,2,4,2,1,0,2,4,3,3,0,3,3,4,2,1,2,4,1,4,0,1,2,1,3,4,4,4,4,3,3,0,4,4,4,4,4,4,4,4,4,4,4,4,4,4,4,4,4,4,4,4,4,4,4,4,4,4,4,4,4,4,4,4,4,4,4,4,4,4,4,4,4,4,4,4,4,4,4,4,4,4,4,4,4,4,1,3,2,1,0,2,3,0,0,2,0,0,4,4,2,2,0,1,0,3,3,0,1,2,3,3,2,0,4,4,4,4,4,4,4,4,4,4,4,4,4,4,4,4,4,4,4,4,4,2,3,1,2,2,0,3,0,4,1,1,4,4,4,0,3,1,4,4,0,2,3,3,2,3,1,3,4,2,4,0,0,1,4,4,4,4,4,4,4,4,4,4,4,4,4,4,4,4,4,4,4,4,4,4,4,4,4,4,4,4,4,4,4,4,2,0,1,1,3,2,4,4,4,4,4,4,4,4,4,4,4,4,4,4,4,4,4,0,3,1,3,3,0,1,0,1,1,3,2,1,3,3,0,4,4,4,4,4,4,4,4,4,4,4,4,4,4,4,4,4,4,4,4,4,4,4,4,4,4,4,4,4,4,4,4,4,4,4,4,4,4,4,4,4,4,4,4,4,4,4,4,3,2,2,1,0,2,2,3,2,3,3,3,3,3,3,0,AGFT01101919.1/1-200,0
895,2,3,0,2,0,3,2,1,3,1,0,3,3,1,1,0,3,4,1,3,4,1,3,3,0,3,2,3,3,1,2,1,1,3,3,1,4,4,4,4,4,4,4,4,4,4,4,4,4,4,4,4,4,3,2,4,4,4,4,4,4,4,4,4,4,4,4,4,4,4,4,4,4,4,4,4,4,4,4,4,4,4,4,4,4,2,1,4,1,3,1,0,3,0,0,0,1,3,1,0,4,2,2,0,0,3,2,0,3,2,1,4,0,2,0,4,2,1,1,2,3,3,4,4,4,4,3,0,1,2,2,4,4,3,2,1,3,3,4,0,4,3,1,2,3,1,1,0,4,4,1,3,2,0,4,1,0,2,0,3,2,4,3,1,2,1,4,4,4,3,3,4,0,4,1,2,1,1,4,4,4,4,4,4,4,3,4,4,4,4,4,4,4,4,4,4,4,4,4,4,4,4,4,4,4,4,4,4,4,4,4,4,4,4,4,4,4,4,4,4,4,4,4,4,4,4,4,4,4,4,4,4,4,4,4,4,4,4,4,4,1,0,3,1,0,0,0,1,0,1,1,1,4,3,2,2,0,1,0,1,0,0,1,2,3,3,2,0,4,4,4,4,4,4,4,4,4,4,4,4,4,4,4,4,4,4,4,4,4,2,3,2,0,0,2,1,0,4,1,1,1,4,1,3,3,3,4,0,3,2,3,3,2,3,1,0,4,3,4,0,1,0,4,4,4,4,4,4,4,4,4,4,4,4,4,4,4,4,4,4,4,4,4,4,4,4,4,4,4,4,4,4,4,4,2,0,1,1,3,2,4,4,4,4,4,4,4,4,4,4,4,4,4,4,4,4,4,3,3,3,3,2,0,1,2,1,1,3,2,1,1,1,1,3,3,0,0,4,4,1,1,4,4,4,4,4,4,4,4,4,4,4,4,4,4,4,4,4,4,4,4,4,4,4,4,4,4,4,4,4,4,4,4,4,4,4,4,4,4,4,4,2,2,2,1,0,2,2,1,2,3,3,3,3,3,3,3,ABAK02000001.1/3449645-3449852,0
896,2,3,0,2,0,3,2,1,3,1,0,3,3,1,1,0,1,4,1,3,4,1,3,3,0,3,2,3,3,3,2,1,3,2,0,3,4,4,4,4,4,4,4,4,4,4,4,4,4,4,4,4,4,4,4,4,4,4,4,4,4,4,4,4,4,4,4,4,4,4,4,4,4,4,4,4,4,4,4,4,4,4,4,4,4,2,1,4,3,0,1,0,3,0,0,0,1,1,3,2,4,2,2,0,0,3,2,0,3,2,1,4,0,2,0,4,2,1,1,1,1,3,4,4,4,4,3,0,1,2,2,4,4,3,0,3,1,1,4,2,4,3,3,2,3,1,1,0,4,4,2,1,1,3,4,2,4,2,1,0,2,4,3,3,0,3,3,4,2,1,2,4,1,4,0,1,2,1,3,4,4,4,4,3,3,0,4,4,4,4,4,4,4,4,4,4,4,4,4,4,4,4,4,4,4,4,4,4,4,4,4,4,4,4,4,4,4,4,4,4,4,4,4,4,4,4,4,4,4,4,4,4,4,4,4,4,4,4,4,4,1,3,2,1,0,2,3,0,0,2,0,0,4,4,2,2,0,1,0,3,3,0,1,2,3,3,2,0,4,4,4,4,4,4,4,4,4,4,4,4,4,4,4,4,4,4,4,4,4,2,3,1,2,2,0,3,0,4,1,1,4,4,4,0,3,1,4,4,0,2,3,3,2,3,1,3,4,2,4,0,0,1,4,4,4,4,4,4,4,4,4,4,4,4,4,4,4,4,4,4,4,4,4,4,4,4,4,4,4,4,4,4,4,4,2,0,1,1,3,2,4,4,4,4,4,4,4,4,4,4,4,4,4,4,4,4,4,0,3,1,3,3,0,1,0,1,1,3,2,1,3,3,0,4,4,4,4,4,4,4,4,4,4,4,4,4,4,4,4,4,4,4,4,4,4,4,4,4,4,4,4,4,4,4,4,4,4,4,4,4,4,4,4,4,4,4,4,4,4,4,4,3,2,2,1,0,2,2,3,2,3,3,3,3,3,3,3,AGFS01159161.1/61-260,0
897,2,3,0,2,0,3,2,1,3,1,0,3,3,1,1,0,3,4,1,3,4,1,3,3,0,3,2,3,3,1,2,1,1,3,3,0,4,4,4,4,4,4,4,4,4,4,4,4,4,4,4,4,4,2,3,4,4,4,4,4,4,4,4,4,4,4,4,4,4,4,4,4,4,4,4,4,4,4,4,4,4,4,4,4,4,2,1,4,1,3,1,0,3,0,0,0,1,3,1,1,4,2,2,0,0,3,2,0,1,2,1,4,0,2,0,4,2,1,1,2,3,3,4,4,4,4,3,0,1,2,2,4,4,3,2,1,3,3,4,0,4,3,1,2,3,1,1,0,4,4,1,3,2,0,4,1,0,2,0,3,2,4,3,1,2,1,4,4,4,3,3,4,0,4,3,2,1,1,4,4,4,4,4,4,4,3,4,4,4,4,4,4,4,4,4,4,4,4,4,4,4,4,4,4,4,4,4,4,4,4,4,4,4,4,4,4,4,4,4,4,4,4,4,4,4,4,4,4,4,4,4,4,4,4,4,4,4,4,4,4,1,0,3,1,0,2,0,1,0,1,1,0,4,3,2,2,0,1,0,1,0,0,1,2,3,3,2,0,4,4,4,4,4,4,4,4,4,4,4,4,4,4,4,4,4,4,4,4,4,2,3,2,0,0,2,1,0,4,1,1,4,4,1,0,1,3,4,4,3,2,3,3,2,3,1,0,4,3,4,0,1,0,4,4,4,4,4,4,4,4,4,4,4,4,4,4,4,4,4,4,4,4,4,4,4,4,4,4,4,4,4,4,4,4,2,0,1,1,3,2,4,4,4,4,4,4,4,4,4,4,4,4,4,4,4,4,4,3,3,3,3,0,0,1,2,1,1,3,2,1,3,1,1,2,3,0,0,4,3,0,0,4,4,4,4,4,4,4,4,4,4,4,4,4,4,4,4,4,4,4,4,4,4,4,4,4,4,4,4,4,4,4,4,4,4,4,4,4,4,4,4,2,0,2,1,0,2,2,1,2,3,3,3,3,3,3,3,CP000802.1/4013276-4013482,0
898,2,3,0,2,0,3,2,1,3,1,0,3,3,1,1,0,3,4,1,3,4,1,3,3,0,3,2,3,3,1,2,1,1,3,3,0,4,4,4,4,4,4,4,4,4,4,4,4,4,4,4,4,4,2,3,4,4,4,4,4,4,4,4,4,4,4,4,4,4,4,4,4,4,4,4,4,4,4,4,4,4,4,4,4,4,2,1,4,1,3,1,0,3,0,0,0,1,3,1,1,4,2,2,0,0,3,2,0,1,2,1,4,0,2,0,4,2,1,1,2,3,3,4,4,4,4,3,0,1,2,2,4,4,3,2,1,3,3,4,0,4,3,1,2,3,1,1,0,4,4,1,3,2,0,4,1,0,2,0,3,2,4,3,1,2,1,4,4,4,3,3,4,0,4,3,2,1,1,4,4,4,4,4,4,4,3,4,4,4,4,4,4,4,4,4,4,4,4,4,4,4,4,4,4,4,4,4,4,4,4,4,4,4,4,4,4,4,4,4,4,4,4,4,4,4,4,4,4,4,4,4,4,4,4,4,4,4,4,4,4,1,0,3,1,0,2,0,1,0,1,1,0,4,3,2,2,0,1,0,1,0,0,1,2,3,3,2,0,4,4,4,4,4,4,4,4,4,4,4,4,4,4,4,4,4,4,4,4,4,2,3,2,0,0,2,1,0,4,1,1,4,4,1,0,1,3,4,4,3,2,3,3,2,3,1,0,4,3,4,0,1,0,4,4,4,4,4,4,4,4,4,4,4,4,4,4,4,4,4,4,4,4,4,4,4,4,4,4,4,4,4,4,4,4,2,0,1,1,3,2,4,4,4,4,4,4,4,4,4,4,4,4,4,4,4,4,4,3,3,3,3,0,0,1,2,1,1,3,2,1,3,1,1,2,3,0,0,4,3,0,0,4,4,4,4,4,4,4,4,4,4,4,4,4,4,4,4,4,4,4,4,4,4,4,4,4,4,4,4,4,4,4,4,4,4,4,4,4,4,4,4,2,0,2,1,0,2,2,1,2,3,3,3,3,3,3,3,AFDU01000027.1/136147-136353,0
899,2,3,0,2,0,3,2,1,3,1,0,3,3,1,1,0,3,4,1,3,4,1,3,3,0,3,2,3,3,1,2,1,1,3,3,0,4,4,4,4,4,4,4,4,4,4,4,4,4,4,4,4,4,2,3,4,4,4,4,4,4,4,4,4,4,4,4,4,4,4,4,4,4,4,4,4,4,4,4,4,4,4,4,4,4,2,1,4,1,3,1,0,3,0,0,0,1,3,1,1,4,2,2,0,0,3,2,0,1,2,1,4,0,2,0,4,2,1,1,2,3,3,4,4,4,4,3,0,1,2,2,4,4,3,2,1,3,3,4,0,4,3,1,2,3,1,1,0,4,4,1,3,2,0,4,1,0,2,0,3,2,4,3,1,2,1,4,4,4,3,3,4,0,4,3,2,1,1,4,4,4,4,4,4,4,3,4,4,4,4,4,4,4,4,4,4,4,4,4,4,4,4,4,4,4,4,4,4,4,4,4,4,4,4,4,4,4,4,4,4,4,4,4,4,4,4,4,4,4,4,4,4,4,4,4,4,4,4,4,4,1,0,3,1,0,2,0,1,0,1,1,0,4,3,2,2,0,1,0,1,0,0,1,2,3,3,2,0,4,4,4,4,4,4,4,4,4,4,4,4,4,4,4,4,4,4,4,4,4,2,3,2,0,0,2,1,0,4,1,1,4,4,1,0,1,3,4,4,3,2,3,3,2,3,1,0,4,3,4,0,1,0,4,4,4,4,4,4,4,4,4,4,4,4,4,4,4,4,4,4,4,4,4,4,4,4,4,4,4,4,4,4,4,4,2,0,1,1,3,2,4,4,4,4,4,4,4,4,4,4,4,4,4,4,4,4,4,3,3,3,3,0,0,1,2,1,1,3,2,1,3,1,1,2,3,0,0,4,3,0,0,4,4,4,4,4,4,4,4,4,4,4,4,4,4,4,4,4,4,4,4,4,4,4,4,4,4,4,4,4,4,4,4,4,4,4,4,4,4,4,4,2,0,2,1,0,2,2,1,2,3,3,3,3,3,3,3,CP001164.1/4883169-4883375,0
900,2,3,0,2,0,3,2,1,3,1,0,3,1,1,1,0,1,4,3,3,4,0,3,3,0,3,2,0,1,0,2,1,3,3,2,2,1,1,0,3,3,0,0,4,4,2,2,1,3,0,0,3,3,3,0,4,4,4,4,4,4,4,4,4,4,4,4,4,4,4,4,4,4,4,4,4,4,4,4,4,4,4,4,4,4,2,1,4,3,3,1,0,3,0,0,0,1,1,1,0,4,2,2,2,0,3,2,0,1,2,1,4,0,2,0,4,2,1,1,2,0,3,4,4,3,3,3,0,2,0,2,4,4,3,2,1,1,3,4,0,4,3,3,2,3,1,1,0,4,3,2,3,0,0,4,1,1,2,0,3,2,4,3,3,2,0,2,4,3,0,0,4,3,4,2,3,4,4,4,4,4,4,4,4,4,4,4,4,4,4,4,4,4,4,4,4,4,4,4,4,4,4,4,4,4,4,4,4,4,4,4,4,4,4,4,4,4,4,4,4,4,4,4,4,4,4,4,4,4,4,4,4,4,4,4,4,4,4,4,4,1,0,3,1,0,4,4,1,0,3,0,1,4,1,2,2,2,1,0,3,0,0,1,2,3,3,2,0,4,4,4,4,4,4,4,4,4,4,4,4,4,4,4,4,4,4,4,4,4,2,3,2,0,2,2,1,0,4,1,3,2,4,0,3,0,3,4,4,3,2,3,3,2,3,1,3,4,0,4,3,1,4,4,4,4,4,4,4,4,4,4,4,4,4,4,4,4,4,4,4,4,4,4,4,4,4,4,4,4,4,4,4,4,4,2,0,1,1,3,2,0,0,4,4,4,4,4,4,4,4,4,4,4,4,0,0,3,3,3,3,0,2,0,1,0,1,3,3,2,1,1,1,3,3,3,3,4,4,4,4,4,4,4,4,4,4,4,4,4,4,4,4,4,4,4,4,4,4,4,4,4,4,4,4,4,4,4,4,4,4,4,4,4,4,4,4,4,4,4,4,4,1,2,2,1,0,0,2,3,2,3,3,3,3,3,3,3,AAYR01000011.1/91962-91740,0
901,2,3,0,2,0,3,2,1,3,1,0,3,3,1,1,0,3,4,1,3,4,1,3,3,0,3,2,3,3,1,2,1,1,3,3,0,4,4,4,4,4,4,4,4,4,4,4,4,4,4,4,4,4,2,3,4,4,4,4,4,4,4,4,4,4,4,4,4,4,4,4,4,4,4,4,4,4,4,4,4,4,4,4,4,4,2,1,4,1,3,1,0,3,0,0,0,1,3,1,1,4,2,2,0,0,3,2,0,1,2,1,4,0,2,0,4,2,1,1,2,3,3,4,4,4,4,3,0,1,2,2,4,4,3,2,1,3,3,4,0,4,3,1,2,3,1,1,0,4,4,1,3,2,0,4,1,0,2,0,3,2,4,3,1,2,1,4,4,4,3,3,4,0,4,3,2,1,1,4,4,4,4,4,4,4,3,4,4,4,4,4,4,4,4,4,4,4,4,4,4,4,4,4,4,4,4,4,4,4,4,4,4,4,4,4,4,4,4,4,4,4,4,4,4,4,4,4,4,4,4,4,4,4,4,4,4,4,4,4,4,1,0,3,1,0,2,0,1,0,1,1,0,4,3,2,2,0,1,0,1,0,0,1,2,3,3,2,0,4,4,4,4,4,4,4,4,4,4,4,4,4,4,4,4,4,4,4,4,4,2,3,2,0,0,2,1,0,4,1,1,4,4,1,0,1,3,4,4,3,2,3,3,2,3,1,0,4,3,4,0,1,0,4,4,4,4,4,4,4,4,4,4,4,4,4,4,4,4,4,4,4,4,4,4,4,4,4,4,4,4,4,4,4,4,2,0,1,1,3,2,4,4,4,4,4,4,4,4,4,4,4,4,4,4,4,4,4,3,3,3,3,0,0,1,2,1,1,3,2,1,3,1,1,2,3,0,0,4,3,0,0,4,4,4,4,4,4,4,4,4,4,4,4,4,4,4,4,4,4,4,4,4,4,4,4,4,4,4,4,4,4,4,4,4,4,4,4,4,4,4,4,2,0,2,1,0,2,2,1,2,3,3,3,3,3,3,3,AFVD01000034.1/171358-171564,0
902,2,3,0,2,0,3,2,1,3,1,0,3,3,1,1,0,3,4,1,3,4,1,3,3,0,3,2,3,3,1,2,1,1,3,3,0,4,4,4,4,4,4,4,4,4,4,4,4,4,4,4,4,4,2,3,4,4,4,4,4,4,4,4,4,4,4,4,4,4,4,4,4,4,4,4,4,4,4,4,4,4,4,4,4,4,2,1,4,1,3,1,0,3,0,0,0,1,3,1,1,4,2,2,0,0,3,2,0,1,2,1,4,0,2,0,4,2,1,1,2,3,3,4,4,4,4,3,0,1,2,2,4,4,3,2,1,3,3,4,0,4,3,1,2,3,1,1,0,4,4,1,3,2,0,4,1,0,2,0,3,2,4,3,1,2,1,4,4,4,3,3,4,0,4,3,2,1,1,4,4,4,4,4,4,4,3,4,4,4,4,4,4,4,4,4,4,4,4,4,4,4,4,4,4,4,4,4,4,4,4,4,4,4,4,4,4,4,4,4,4,4,4,4,4,4,4,4,4,4,4,4,4,4,4,4,4,4,4,4,4,1,0,3,1,0,2,0,1,0,1,1,0,4,3,2,2,0,1,0,1,0,0,1,2,3,3,2,0,4,4,4,4,4,4,4,4,4,4,4,4,4,4,4,4,4,4,4,4,4,2,3,2,0,0,2,1,0,4,1,1,4,4,1,0,1,3,4,4,3,2,3,3,2,3,1,0,4,3,4,0,1,0,4,4,4,4,4,4,4,4,4,4,4,4,4,4,4,4,4,4,4,4,4,4,4,4,4,4,4,4,4,4,4,4,2,0,1,1,3,2,4,4,4,4,4,4,4,4,4,4,4,4,4,4,4,4,4,3,3,3,3,0,0,1,2,1,1,3,2,1,3,1,1,2,3,0,0,4,3,0,0,4,4,4,4,4,4,4,4,4,4,4,4,4,4,4,4,4,4,4,4,4,4,4,4,4,4,4,4,4,4,4,4,4,4,4,4,4,4,4,4,2,0,2,1,0,2,2,1,2,3,3,3,3,3,3,3,AAJU02000046.1/24164-23958,0
903,2,1,0,2,3,2,2,1,3,1,0,3,3,1,0,1,1,4,2,0,4,1,3,3,0,3,2,3,1,0,2,1,1,1,1,3,3,1,2,4,4,4,4,4,4,4,4,4,4,2,2,0,1,2,3,4,4,4,4,4,4,4,4,4,4,4,4,4,4,4,4,4,4,4,4,4,4,4,4,4,4,4,4,4,4,2,1,4,3,0,1,0,3,0,0,0,0,3,3,1,4,4,2,0,0,3,2,0,1,2,1,4,0,1,0,4,0,1,4,4,4,4,4,4,4,4,4,0,0,2,2,4,4,3,2,1,1,3,4,2,4,1,1,2,3,1,1,0,4,4,0,1,3,3,4,1,3,2,0,3,0,4,3,1,0,2,1,4,2,3,0,4,4,4,4,2,1,3,4,4,4,4,4,4,4,0,4,4,4,4,4,4,4,4,4,4,4,4,4,4,4,4,4,4,4,4,4,4,4,4,4,4,4,4,4,4,4,4,4,4,4,4,4,4,4,4,4,4,4,4,4,4,4,4,4,4,4,4,4,4,3,0,3,1,0,4,4,0,1,1,0,3,4,1,2,2,2,1,2,0,0,0,1,2,3,1,2,0,4,4,4,4,4,4,4,4,4,4,4,4,4,4,4,4,4,4,4,4,4,2,3,3,0,2,2,1,0,4,1,1,2,4,1,1,3,3,4,4,4,0,3,3,4,4,4,4,4,4,4,4,4,4,4,4,4,4,4,4,4,4,4,4,4,4,4,4,4,4,4,4,4,4,4,4,4,4,4,4,4,4,4,4,4,4,4,4,4,1,1,0,4,4,4,4,4,4,4,4,4,4,4,4,4,4,4,4,4,3,0,0,1,0,0,0,2,1,1,2,2,2,4,4,3,0,0,3,4,4,4,4,3,4,4,4,4,4,4,4,4,4,4,4,4,4,4,4,4,4,4,4,4,4,4,4,4,4,4,4,4,4,4,4,4,4,4,4,4,4,4,4,4,4,4,1,1,1,2,2,1,3,3,3,2,3,3,2,3,AFUY01000005.1/693940-693753,0
904,2,1,0,2,3,2,2,1,3,1,0,3,3,1,0,1,1,4,3,3,4,1,3,3,0,3,2,3,1,0,2,1,1,1,1,3,3,1,2,4,4,4,4,4,4,4,4,4,4,2,2,0,1,2,1,4,4,4,4,4,4,4,4,4,4,4,4,4,4,4,4,4,4,4,4,4,4,4,4,4,4,4,4,4,4,2,1,4,3,0,1,0,3,0,0,0,1,3,3,1,4,4,2,0,0,3,2,0,1,2,1,4,0,1,0,4,0,1,4,4,4,4,4,4,4,4,4,0,0,2,2,4,4,3,2,1,1,3,4,2,4,1,1,2,3,1,1,0,4,4,0,1,3,3,4,1,3,2,0,3,0,4,0,1,0,2,4,4,4,1,3,4,3,4,3,2,1,3,4,4,4,4,4,4,4,3,4,4,4,4,4,4,4,4,4,4,4,4,4,4,4,4,4,4,4,4,4,4,4,4,4,4,4,4,4,4,4,4,4,4,4,4,4,4,4,4,4,4,4,4,4,4,4,4,4,4,4,4,4,4,3,0,3,1,0,4,4,0,1,1,0,3,4,1,2,2,2,1,2,0,0,0,1,2,3,1,2,0,4,4,4,4,4,4,4,4,4,4,4,4,4,4,4,4,4,4,4,4,4,2,3,3,0,2,2,1,0,4,1,1,2,4,1,1,3,3,4,4,4,0,3,3,4,4,4,4,4,4,4,4,4,4,4,4,4,4,4,4,4,4,4,4,4,4,4,4,4,4,4,4,4,4,4,4,4,4,4,4,4,4,4,4,4,4,4,4,4,1,1,0,4,4,4,4,4,4,4,4,4,4,4,4,4,4,4,4,4,3,0,0,1,0,0,0,2,1,1,0,2,2,1,1,3,2,4,4,4,4,4,4,4,4,4,4,4,4,4,4,4,4,4,4,4,4,4,4,4,4,4,4,4,4,4,4,4,4,4,4,4,4,4,4,4,4,4,4,4,4,4,4,4,3,2,1,1,3,2,2,1,3,3,3,2,3,3,0,3,BAAW01000285.1/4668-4856,0
905,2,3,0,2,0,3,2,1,3,1,0,3,1,1,1,0,1,4,3,3,4,0,3,3,0,3,2,0,3,0,2,1,1,3,2,2,3,3,3,3,3,0,3,4,4,0,2,1,1,0,0,3,3,3,0,4,4,4,4,4,4,4,4,4,4,4,4,4,4,4,4,4,4,4,4,4,4,4,4,4,4,4,4,4,4,2,1,4,3,3,1,0,3,0,0,0,1,1,1,0,4,2,2,2,0,3,2,0,1,2,1,4,0,2,0,4,2,1,1,2,0,3,4,4,3,3,3,0,2,2,2,4,4,3,2,1,1,3,4,0,4,3,3,2,3,1,1,0,4,3,2,3,0,0,4,0,1,2,0,3,2,4,3,3,2,0,0,4,3,0,3,4,1,4,3,3,4,4,4,4,4,4,4,4,4,4,4,4,4,4,4,4,4,4,4,4,4,4,4,4,4,4,4,4,4,4,4,4,4,4,4,4,4,4,4,4,4,4,4,4,4,4,4,4,4,4,4,4,4,4,4,4,4,4,4,4,4,4,4,4,1,0,3,1,0,4,4,1,0,3,0,1,4,1,2,2,2,1,0,3,0,0,1,2,3,3,2,0,4,4,4,4,4,4,4,4,4,4,4,4,4,4,4,4,4,4,4,4,4,2,3,2,0,2,2,1,0,4,1,1,2,4,0,1,0,3,4,4,3,2,3,3,2,3,1,3,4,2,4,3,4,0,4,4,4,4,4,4,4,4,4,4,4,4,4,4,4,4,4,4,4,4,4,4,4,4,4,4,4,4,4,4,4,4,2,0,1,1,3,2,0,0,4,4,4,4,4,4,4,4,4,4,4,4,0,0,3,3,3,1,0,2,0,1,2,1,3,3,2,1,1,1,3,3,0,3,4,4,4,4,4,4,4,4,4,4,4,4,4,4,4,4,4,4,4,4,4,4,4,4,4,4,4,4,4,4,4,4,4,4,4,4,4,4,4,4,4,4,4,4,4,1,2,2,1,0,0,2,1,2,3,3,3,3,3,3,3,FR729477.2/3499674-3499896,0
906,2,1,0,2,3,2,2,1,3,1,0,3,3,1,0,1,1,4,2,0,4,1,3,3,0,3,2,3,1,0,2,1,1,1,1,3,3,1,2,4,4,4,4,4,4,4,4,4,4,2,2,0,1,2,3,4,4,4,4,4,4,4,4,4,4,4,4,4,4,4,4,4,4,4,4,4,4,4,4,4,4,4,4,4,4,2,1,4,3,0,1,0,3,0,0,0,0,3,3,1,4,4,2,0,0,3,2,0,1,2,1,4,0,1,0,4,0,1,4,4,4,4,4,4,4,4,4,0,0,2,2,4,4,3,2,1,1,3,4,2,4,1,1,2,3,1,1,0,4,4,0,1,3,3,4,1,3,2,0,3,0,4,3,1,0,2,1,4,2,3,0,4,4,4,4,2,1,3,4,4,4,4,4,4,4,0,4,4,4,4,4,4,4,4,4,4,4,4,4,4,4,4,4,4,4,4,4,4,4,4,4,4,4,4,4,4,4,4,4,4,4,4,4,4,4,4,4,4,4,4,4,4,4,4,4,4,4,4,4,4,3,0,3,1,0,4,4,0,1,1,0,3,4,1,2,2,2,1,2,0,0,0,1,2,3,1,2,0,4,4,4,4,4,4,4,4,4,4,4,4,4,4,4,4,4,4,4,4,4,2,3,3,0,2,2,1,0,4,1,1,2,4,1,1,3,3,4,4,4,0,3,3,4,4,4,4,4,4,4,4,4,4,4,4,4,4,4,4,4,4,4,4,4,4,4,4,4,4,4,4,4,4,4,4,4,4,4,4,4,4,4,4,4,4,4,4,4,1,1,0,4,4,4,4,4,4,4,4,4,4,4,4,4,4,4,4,4,3,0,0,1,0,0,0,2,1,1,2,2,2,4,4,3,0,0,3,4,4,4,4,3,4,4,4,4,4,4,4,4,4,4,4,4,4,4,4,4,4,4,4,4,4,4,4,4,4,4,4,4,4,4,4,4,4,4,4,4,4,4,4,4,4,4,1,1,1,2,2,1,3,3,3,2,3,3,2,3,AFWO01000031.1/35069-35256,0
907,2,1,0,2,3,2,2,1,3,1,0,3,3,1,0,1,1,4,2,0,4,1,3,3,0,3,2,3,1,0,2,1,1,1,1,3,3,1,2,4,4,4,4,4,4,4,4,4,4,2,2,0,1,2,3,4,4,4,4,4,4,4,4,4,4,4,4,4,4,4,4,4,4,4,4,4,4,4,4,4,4,4,4,4,4,2,1,4,3,0,1,0,3,0,0,0,0,3,3,1,4,4,2,0,0,3,2,0,1,2,1,4,0,1,0,4,0,1,4,4,4,4,4,4,4,4,4,0,0,2,2,4,4,3,2,1,1,3,4,2,4,1,1,2,3,1,1,0,4,4,0,1,3,3,4,1,3,2,0,3,0,4,3,1,0,2,1,4,2,3,0,4,4,4,4,2,1,3,4,4,4,4,4,4,4,0,4,4,4,4,4,4,4,4,4,4,4,4,4,4,4,4,4,4,4,4,4,4,4,4,4,4,4,4,4,4,4,4,4,4,4,4,4,4,4,4,4,4,4,4,4,4,4,4,4,4,4,4,4,4,3,0,3,1,0,4,4,0,1,1,0,3,4,1,2,2,2,1,2,0,0,0,1,2,3,1,2,0,4,4,4,4,4,4,4,4,4,4,4,4,4,4,4,4,4,4,4,4,4,2,3,3,0,2,2,1,0,4,1,1,2,4,1,1,3,3,4,4,4,0,3,3,4,4,4,4,4,4,4,4,4,4,4,4,4,4,4,4,4,4,4,4,4,4,4,4,4,4,4,4,4,4,4,4,4,4,4,4,4,4,4,4,4,4,4,4,4,1,1,0,4,4,4,4,4,4,4,4,4,4,4,4,4,4,4,4,4,3,0,0,1,0,0,0,2,1,1,2,2,2,4,4,3,0,0,3,4,4,4,4,3,4,4,4,4,4,4,4,4,4,4,4,4,4,4,4,4,4,4,4,4,4,4,4,4,4,4,4,4,4,4,4,4,4,4,4,4,4,4,4,4,4,4,1,1,1,2,2,1,3,3,3,2,3,3,2,3,AB426059.1/2721-2534,0
908,2,3,4,4,4,2,2,1,3,1,0,3,3,1,0,1,1,4,1,3,4,1,3,3,0,3,2,3,1,0,2,1,1,1,1,3,3,1,2,4,4,4,4,4,4,4,4,4,4,2,2,0,1,2,3,4,4,4,4,4,4,4,4,4,4,4,4,4,4,4,4,4,4,4,4,4,4,4,4,4,4,4,4,4,4,2,1,4,3,0,1,0,3,0,0,0,1,3,3,1,4,4,2,0,0,3,2,0,1,2,1,4,4,4,4,4,0,1,0,0,4,4,4,4,4,4,1,0,0,2,2,4,4,3,2,1,1,3,4,2,4,1,1,2,3,1,1,0,4,4,2,1,3,3,4,1,3,2,0,3,0,4,3,1,3,3,4,4,4,4,4,4,4,4,4,3,2,1,4,4,4,4,4,4,4,0,4,4,4,4,4,4,4,4,4,4,4,4,4,4,4,4,4,4,4,4,4,4,4,4,4,4,4,4,4,4,4,4,4,4,4,4,4,4,4,4,4,4,4,4,4,4,4,4,4,4,4,4,4,4,3,0,3,1,0,4,4,0,1,1,0,3,4,1,2,2,2,1,2,0,0,0,1,2,3,3,2,0,4,4,4,4,4,4,4,4,4,4,4,4,4,4,4,4,4,4,4,4,4,2,3,3,0,2,2,1,0,4,1,1,2,4,1,1,3,3,4,4,4,4,4,0,3,3,1,4,4,4,4,4,1,0,4,4,4,4,4,4,4,4,4,4,4,4,4,4,4,4,4,4,4,4,4,4,4,4,4,4,4,4,4,4,4,4,2,0,0,1,4,4,4,4,4,4,4,4,4,4,4,4,4,4,4,4,4,4,4,4,4,4,4,0,0,0,2,1,1,2,2,2,3,3,3,1,4,4,4,4,4,4,4,4,4,4,4,4,4,4,4,4,4,4,4,4,4,4,4,4,4,4,4,4,4,4,4,4,4,4,4,4,4,4,4,4,4,4,4,4,4,4,4,2,0,1,1,1,2,2,1,3,3,3,2,3,3,0,3,AGFS01156032.1/4002-3821,0
909,2,3,4,4,4,2,2,1,3,1,0,3,3,1,0,1,1,4,3,3,4,1,3,3,0,3,2,3,1,0,2,1,1,1,1,3,3,0,2,4,4,4,4,4,4,4,4,4,4,2,2,0,1,2,1,4,4,4,4,4,4,4,4,4,4,4,4,4,4,4,4,4,4,4,4,4,4,4,4,4,4,4,4,4,4,2,1,4,3,0,1,0,3,0,0,0,1,3,3,1,4,4,2,0,0,3,2,0,1,2,1,4,4,4,4,4,0,1,0,0,4,4,4,4,4,4,1,0,0,2,2,4,4,3,2,1,1,3,4,2,4,1,1,2,3,1,1,0,4,4,0,1,3,3,4,1,3,2,0,3,0,4,0,3,0,2,1,4,2,3,4,4,4,4,0,2,1,3,4,4,4,4,4,4,4,3,4,4,4,4,4,4,4,4,4,4,4,4,4,4,4,4,4,4,4,4,4,4,4,4,4,4,4,4,4,4,4,4,4,4,4,4,4,4,4,4,4,4,4,4,4,4,4,4,4,4,4,4,4,4,3,0,3,1,0,4,4,0,1,1,3,1,4,1,2,2,2,1,2,0,0,0,1,2,3,1,2,0,4,4,4,4,4,4,4,4,4,4,4,4,4,4,4,4,4,4,4,4,4,2,3,3,0,2,2,1,0,4,1,1,2,4,1,1,3,3,4,4,4,0,3,3,4,4,4,4,4,4,4,4,4,4,4,4,4,4,4,4,4,4,4,4,4,4,4,4,4,4,4,4,4,4,4,4,4,4,4,4,4,4,4,4,4,4,4,4,4,1,1,0,4,4,4,4,4,4,4,4,4,4,4,4,4,4,4,4,4,3,0,0,1,0,0,0,2,1,1,2,2,2,3,3,3,4,4,4,4,4,4,4,4,4,4,4,4,4,4,4,4,4,4,4,4,4,4,4,4,4,4,4,4,4,4,4,4,4,4,4,4,4,4,4,4,4,4,4,4,4,4,4,4,0,2,1,1,1,2,2,1,3,3,3,2,3,3,2,3,AETI01000009.1/32881-32697,0
910,2,3,4,4,4,2,2,1,3,1,0,3,3,1,0,1,1,4,3,3,4,1,3,3,0,3,2,3,1,0,2,1,1,1,1,3,3,0,2,4,4,4,4,4,4,4,4,4,4,2,2,0,1,2,1,4,4,4,4,4,4,4,4,4,4,4,4,4,4,4,4,4,4,4,4,4,4,4,4,4,4,4,4,4,4,2,1,4,3,0,1,0,3,0,0,0,1,3,3,1,4,4,2,0,0,3,2,0,1,2,1,4,4,4,4,4,0,1,0,0,4,4,4,4,4,4,1,0,0,2,2,4,4,3,2,1,1,3,4,2,4,1,1,2,3,1,1,0,4,4,0,1,3,3,4,1,3,2,0,3,0,4,0,3,0,2,1,4,2,3,4,4,4,4,0,2,1,3,4,4,4,4,4,4,4,3,4,4,4,4,4,4,4,4,4,4,4,4,4,4,4,4,4,4,4,4,4,4,4,4,4,4,4,4,4,4,4,4,4,4,4,4,4,4,4,4,4,4,4,4,4,4,4,4,4,4,4,4,4,4,3,0,3,1,0,4,4,0,1,1,3,1,4,1,2,2,2,1,2,0,0,0,1,2,3,1,2,0,4,4,4,4,4,4,4,4,4,4,4,4,4,4,4,4,4,4,4,4,4,2,3,3,0,2,2,1,0,4,1,1,2,4,1,1,3,3,4,4,4,0,3,3,1,1,0,3,4,0,4,0,1,0,4,4,4,4,4,4,4,4,4,4,4,4,4,4,4,4,4,4,4,4,4,4,4,4,4,4,4,4,4,4,4,4,0,0,2,1,1,2,2,4,4,4,4,4,4,4,4,4,4,4,4,4,4,2,3,3,3,0,2,1,1,1,2,2,1,3,3,0,3,3,1,1,0,3,4,4,4,4,0,4,4,4,4,4,4,4,4,4,4,4,4,4,4,4,4,4,4,4,4,4,4,4,4,4,4,4,4,4,4,4,4,4,4,4,4,4,4,4,4,0,1,0,0,0,2,1,1,2,2,2,3,3,3,0,2,AFCR01001074.1/802-600,0
911,2,3,4,4,4,2,2,1,3,1,0,3,3,1,0,1,1,4,3,3,4,1,3,3,0,3,2,3,1,0,2,1,1,1,1,3,3,1,2,4,4,4,4,4,4,4,4,4,4,2,2,0,1,2,3,4,4,4,4,4,4,4,4,4,4,4,4,4,4,4,4,4,4,4,4,4,4,4,4,4,4,4,4,4,4,2,1,4,3,0,1,0,3,0,0,0,1,3,3,1,4,4,2,0,0,3,2,0,1,2,1,4,4,4,4,4,0,1,0,0,4,4,4,4,4,4,1,0,0,2,2,4,4,3,2,1,1,3,4,2,4,1,1,2,3,1,1,0,4,4,0,1,0,3,4,1,3,2,0,3,0,4,3,3,0,2,1,4,2,3,0,4,4,4,4,2,1,3,4,4,4,4,4,4,4,0,4,4,4,4,4,4,4,4,4,4,4,4,4,4,4,4,4,4,4,4,4,4,4,4,4,4,4,4,4,4,4,4,4,4,4,4,4,4,4,4,4,4,4,4,4,4,4,4,4,4,4,4,4,4,3,0,3,1,0,4,4,0,1,1,3,3,4,1,2,2,2,1,2,0,0,0,1,2,3,1,2,0,4,4,4,4,4,4,4,4,4,4,4,4,4,4,4,4,4,4,4,4,4,2,3,3,0,2,2,1,0,4,1,1,2,4,4,4,4,4,4,4,4,4,4,4,4,4,4,4,4,4,4,4,4,4,4,4,4,4,4,4,4,4,4,4,4,4,4,4,4,4,4,4,4,4,4,4,4,4,4,4,4,4,4,4,4,4,4,4,4,4,4,4,4,4,4,4,4,4,4,4,4,4,4,4,4,4,4,4,4,4,4,4,4,4,4,4,4,4,4,4,4,4,4,4,4,4,4,4,4,4,4,4,4,1,4,4,4,4,4,4,4,4,4,4,4,4,4,4,4,4,4,4,4,4,4,4,4,4,4,4,4,4,4,4,4,4,4,4,4,4,4,4,1,4,4,4,4,4,4,4,4,4,4,4,3,3,0,3,3,AGFT01124097.1/84-233,0
912,2,3,0,2,0,3,2,1,3,1,0,3,3,1,1,0,3,4,1,3,4,1,3,3,0,3,2,3,3,1,2,1,1,3,3,0,4,4,4,4,4,4,4,4,4,4,4,4,4,4,4,4,4,2,3,4,4,4,4,4,4,4,4,4,4,4,4,4,4,4,4,4,4,4,4,4,4,4,4,4,4,4,4,4,4,2,1,4,1,3,1,0,3,0,0,0,1,3,1,1,4,2,2,0,0,3,2,0,1,2,1,4,0,2,0,4,2,1,1,2,3,3,4,4,4,4,3,0,1,2,2,4,4,3,2,1,3,3,4,0,4,3,1,2,3,1,1,0,4,4,1,3,2,0,4,1,0,2,0,3,2,4,3,1,2,1,4,4,4,3,3,4,0,4,3,2,1,1,4,4,4,4,4,4,4,3,4,4,4,4,4,4,4,4,4,4,4,4,4,4,4,4,4,4,4,4,4,4,4,4,4,4,4,4,4,4,4,4,4,4,4,4,4,4,4,4,4,4,4,4,4,4,4,4,4,4,4,4,4,4,1,0,3,1,0,2,0,1,0,1,1,0,4,3,2,2,0,1,0,1,0,0,1,2,3,3,2,0,4,4,4,4,4,4,4,4,4,4,4,4,4,4,4,4,4,4,4,4,4,2,3,2,0,0,2,1,0,4,1,1,4,4,1,0,1,3,4,4,3,2,3,3,2,3,1,0,4,3,4,0,1,0,4,4,4,4,4,4,4,4,4,4,4,4,4,4,4,4,4,4,4,4,4,4,4,4,4,4,4,4,4,4,4,4,2,0,1,1,3,2,4,4,4,4,4,4,4,4,4,4,4,4,4,4,4,4,4,3,3,3,3,0,0,1,2,1,1,3,2,1,3,1,1,2,3,0,0,4,3,0,0,4,4,4,4,4,4,4,4,4,4,4,4,4,4,4,4,4,4,4,4,4,4,4,4,4,4,4,4,4,4,4,4,4,4,4,4,4,4,4,4,2,0,2,1,0,2,2,1,2,3,3,3,3,3,3,3,CP000266.1/3788119-3787913,0
913,2,3,3,2,1,4,4,4,3,1,0,3,3,1,0,0,1,4,3,2,4,1,3,3,0,3,2,3,0,2,2,3,1,1,0,0,4,4,4,4,4,4,4,4,4,4,4,4,4,4,4,4,4,4,4,2,1,3,3,2,3,0,2,0,2,0,3,3,1,0,0,2,1,0,0,3,3,2,2,2,0,0,1,0,3,0,1,4,1,0,1,0,3,0,0,0,0,1,1,1,4,4,2,0,0,3,2,0,1,4,4,4,4,4,4,4,2,1,1,0,0,0,4,4,4,2,3,0,0,2,2,4,4,3,2,1,1,3,4,0,4,1,1,2,3,1,1,0,0,3,0,3,1,0,4,3,1,2,0,3,0,4,3,3,1,2,1,4,3,3,3,1,2,4,0,2,1,3,4,4,4,4,4,4,4,3,4,4,4,4,4,4,4,4,4,4,4,4,4,4,4,4,4,4,4,4,4,4,4,4,4,4,4,4,4,4,4,4,4,4,4,4,4,4,4,4,4,4,4,4,4,4,4,4,4,4,4,4,4,4,3,0,3,1,0,4,4,0,0,1,0,1,4,0,2,2,2,1,2,0,1,0,1,2,3,3,2,0,4,4,4,4,4,4,4,4,4,4,4,4,4,4,4,4,4,4,4,4,4,2,3,2,0,2,2,1,0,4,1,1,0,4,1,1,3,0,4,4,3,4,4,4,4,4,4,4,4,4,4,4,4,4,4,4,4,4,4,4,4,4,4,4,4,4,4,4,4,4,4,4,4,4,4,4,4,4,4,4,4,4,4,4,4,4,4,4,4,4,4,4,4,4,4,4,4,4,4,4,4,4,4,4,4,4,4,4,4,4,4,4,4,4,4,4,4,4,4,4,4,4,4,4,4,4,4,4,4,4,4,4,4,0,3,2,4,4,4,4,4,4,4,4,4,4,4,4,4,4,4,4,4,4,4,4,4,4,4,4,4,4,4,4,4,4,4,4,4,0,3,3,0,4,4,4,4,4,4,4,4,4,4,4,3,1,3,3,3,ABXW01000045.1/62360-62174,0
914,2,3,0,2,0,3,2,1,3,1,0,3,3,1,1,0,1,4,1,3,4,1,3,3,0,3,2,3,1,3,2,1,3,2,0,3,4,4,4,4,4,4,4,4,4,4,4,4,4,4,4,4,4,4,4,4,4,4,4,4,4,4,4,4,4,4,4,4,4,4,4,4,4,4,4,4,4,4,4,4,4,4,4,4,4,2,1,4,3,0,1,0,3,0,0,0,1,1,3,2,4,2,2,0,0,3,2,0,3,2,1,4,0,2,0,4,2,1,1,0,0,3,4,4,4,3,3,3,0,2,2,4,4,3,0,1,1,3,4,2,4,3,3,2,3,1,3,2,4,4,1,1,3,2,4,1,1,3,2,3,0,4,3,1,2,1,4,4,4,2,0,4,0,4,0,2,1,1,4,4,4,4,4,4,4,3,4,4,4,4,4,4,4,4,4,4,4,4,4,4,4,4,4,4,4,4,4,4,4,4,4,4,4,4,4,4,4,4,4,4,4,4,4,4,4,4,4,4,4,4,4,4,4,4,4,4,4,4,4,4,3,0,1,0,2,2,4,2,3,3,0,0,4,1,0,2,0,1,0,1,1,0,1,2,3,3,2,0,4,4,4,4,4,4,4,4,4,4,4,4,4,4,4,4,4,4,4,4,4,2,3,1,0,2,2,3,0,4,1,1,4,4,3,1,1,1,4,4,2,2,3,3,2,3,1,3,4,3,4,0,1,1,4,4,4,4,4,4,4,4,4,4,4,4,4,4,4,4,4,4,4,4,4,4,4,4,4,4,4,4,4,4,4,4,2,0,1,1,3,2,4,4,4,4,4,4,4,4,4,4,4,4,4,4,4,4,4,0,3,1,3,3,0,1,0,1,1,3,2,1,1,0,1,4,4,4,4,4,4,4,4,4,4,4,4,4,4,4,4,4,4,4,4,4,4,4,4,4,4,4,4,4,4,4,4,4,4,4,4,4,4,4,4,4,4,4,4,4,4,4,4,3,2,2,1,0,2,2,3,2,3,3,3,3,3,3,3,BAEF01000008.1/148333-148530,0
915,2,3,0,2,0,3,2,1,3,1,0,3,3,1,1,0,3,4,1,3,4,1,3,3,0,3,2,3,3,1,2,1,1,3,3,0,4,4,4,4,4,4,4,4,4,4,4,4,4,4,4,4,4,2,3,4,4,4,4,4,4,4,4,4,4,4,4,4,4,4,4,4,4,4,4,4,4,4,4,4,4,4,4,4,4,2,1,4,1,3,1,0,3,0,0,0,1,3,1,1,4,2,2,0,0,3,2,0,1,2,1,4,0,2,0,4,2,1,1,2,3,3,4,4,4,4,3,0,1,2,2,4,4,3,2,1,3,3,4,0,4,3,1,2,3,1,1,0,4,4,1,3,2,0,4,1,0,2,0,3,2,4,3,1,2,1,4,4,4,3,3,4,0,4,3,2,1,1,4,4,4,4,4,4,4,3,4,4,4,4,4,4,4,4,4,4,4,4,4,4,4,4,4,4,4,4,4,4,4,4,4,4,4,4,4,4,4,4,4,4,4,4,4,4,4,4,4,4,4,4,4,4,4,4,4,4,4,4,4,4,1,0,3,1,0,2,0,1,0,1,1,0,4,3,2,2,0,1,0,1,0,0,1,2,3,3,2,0,4,4,4,4,4,4,4,4,4,4,4,4,4,4,4,4,4,4,4,4,4,2,3,2,0,0,2,1,0,4,1,1,4,4,1,0,1,3,4,4,3,2,3,3,2,3,1,0,4,3,4,0,1,0,4,4,4,4,4,4,4,4,4,4,4,4,4,4,4,4,4,4,4,4,4,4,4,4,4,4,4,4,4,4,4,4,2,0,1,1,3,2,4,4,4,4,4,4,4,4,4,4,4,4,4,4,4,4,4,3,3,3,3,0,0,1,2,1,1,1,1,1,1,1,1,1,4,4,4,4,4,4,4,1,1,0,0,0,4,4,4,4,4,4,4,4,4,4,4,4,4,4,4,4,4,4,4,4,4,4,4,4,4,4,4,4,4,0,0,0,0,0,0,2,2,2,1,2,2,2,1,2,3,3,3,3,3,3,3,AFYG01000021.1/25093-25304,0
916,2,2,0,2,0,4,4,4,4,4,4,4,4,4,4,4,4,4,4,4,4,4,4,4,4,4,4,4,4,4,4,4,4,4,4,4,4,4,4,4,4,4,4,4,4,4,4,4,4,4,4,4,4,4,4,2,4,4,4,4,4,4,4,4,4,4,4,4,4,4,4,4,4,4,4,4,4,4,4,4,4,4,4,4,3,4,4,4,4,4,4,4,4,4,4,4,4,4,4,4,4,4,4,4,4,4,4,4,4,4,4,4,4,2,0,4,2,1,0,2,1,2,4,4,4,4,0,0,1,2,0,0,2,4,4,4,4,4,4,4,4,4,0,2,0,1,0,2,4,1,2,3,2,0,4,0,2,2,0,3,2,4,0,0,2,1,0,4,3,0,3,4,0,4,2,4,1,1,4,4,4,4,4,4,4,3,4,4,4,4,4,4,4,4,4,4,4,4,4,4,4,4,4,4,4,4,4,4,4,4,4,4,4,4,4,4,4,4,4,4,4,4,4,4,4,4,4,4,4,4,4,4,4,4,4,4,4,4,4,4,1,0,3,1,0,0,0,1,0,1,1,0,4,3,2,2,0,1,0,1,3,0,1,2,3,3,2,0,4,4,4,4,4,4,4,4,4,4,4,4,4,4,4,4,4,4,4,4,4,2,3,2,0,0,2,1,0,4,1,1,1,4,0,0,3,3,4,4,3,2,3,3,2,3,1,0,4,0,4,0,1,0,4,4,4,4,4,4,4,4,4,4,4,4,4,4,4,4,4,4,4,4,4,4,4,4,4,4,4,4,4,4,4,4,2,0,1,1,3,2,4,4,4,4,4,4,4,4,4,4,4,4,4,4,4,4,4,3,3,3,3,0,0,1,2,1,1,3,2,1,1,1,3,2,2,3,3,4,3,1,0,4,4,4,4,4,4,4,4,4,4,4,4,4,4,4,4,4,4,4,4,4,4,4,4,4,4,4,4,4,4,4,4,4,4,4,4,4,4,4,4,2,0,2,1,0,2,2,1,2,3,3,3,3,3,3,3,BAAW01004927.1/784-634,0
917,2,3,4,4,4,2,2,1,3,1,0,3,3,1,0,1,1,4,2,0,4,1,3,3,0,3,2,3,1,0,2,1,1,1,1,3,3,1,2,4,4,4,4,4,4,4,4,4,4,2,2,0,1,2,3,4,4,4,4,4,4,4,4,4,4,4,4,4,4,4,4,4,4,4,4,4,4,4,4,4,4,4,4,4,4,2,1,4,3,0,1,0,3,0,0,0,0,3,3,1,4,4,2,0,0,3,2,0,1,2,1,4,4,4,4,4,0,1,0,0,4,4,4,4,4,4,1,0,0,2,2,4,4,3,2,1,1,3,4,2,4,1,1,2,3,1,1,0,4,4,0,1,3,3,4,1,3,2,0,3,0,4,3,1,0,2,1,4,2,3,0,4,4,4,4,2,1,3,4,4,4,4,4,4,4,0,4,4,4,4,4,4,4,4,4,4,4,4,4,4,4,4,4,4,4,4,4,4,4,4,4,4,4,4,4,4,4,4,4,4,4,4,4,4,4,4,4,4,4,4,4,4,4,4,4,4,4,4,4,4,3,0,3,1,0,4,4,0,1,1,0,3,4,1,2,2,2,1,2,0,0,0,1,2,3,1,2,0,4,4,4,4,4,4,4,4,4,4,4,4,4,4,4,4,4,4,4,4,4,2,3,3,0,2,2,1,0,4,1,1,2,4,1,1,3,3,4,4,4,0,3,3,4,4,4,4,4,4,4,4,4,4,4,4,4,4,4,4,4,4,4,4,4,4,4,4,4,4,4,4,4,4,4,4,4,4,4,4,4,4,4,4,4,4,4,4,4,1,1,0,4,4,4,4,4,4,4,4,4,4,4,4,4,4,4,4,4,3,0,0,1,0,0,0,2,1,1,2,2,2,4,4,3,0,0,3,4,4,4,4,3,4,4,4,4,4,4,4,4,4,4,4,4,4,4,4,4,4,4,4,4,4,4,4,4,4,4,4,4,4,4,4,4,4,4,4,4,4,4,4,4,4,4,1,1,1,2,2,1,3,3,3,2,3,3,2,3,ABHS01000009.1/159441-159257,0
918,2,3,4,4,4,2,2,1,3,1,0,3,3,1,0,1,1,4,3,3,4,1,3,3,0,3,2,3,1,0,2,1,1,1,1,3,3,1,2,4,4,4,4,4,4,4,4,4,4,2,2,0,1,2,3,4,4,4,4,4,4,4,4,4,4,4,4,4,4,4,4,4,4,4,4,4,4,4,4,4,4,4,4,4,4,2,1,4,3,0,1,0,3,0,0,0,1,3,3,1,4,4,2,0,0,3,2,0,1,2,1,4,4,4,4,4,0,1,0,0,0,0,4,4,4,4,4,4,0,2,2,4,4,3,2,1,1,3,4,2,4,1,1,2,3,1,1,0,4,4,0,1,3,0,4,1,3,2,0,3,3,4,0,3,3,2,4,4,4,1,0,4,0,4,3,2,1,3,4,4,4,4,4,4,4,3,4,4,4,4,4,4,4,4,4,4,4,4,4,4,4,4,4,4,4,4,4,4,4,4,4,4,4,4,4,4,4,4,4,4,4,4,4,4,4,4,4,4,4,4,4,4,4,4,4,4,4,4,4,4,3,0,3,1,0,2,2,1,4,4,4,1,4,0,2,2,2,1,2,0,0,0,1,2,3,1,2,0,4,4,4,4,4,4,4,4,4,4,4,4,4,4,4,4,4,4,4,4,4,2,3,3,0,2,2,1,0,4,1,1,2,4,1,1,3,3,4,4,4,0,3,3,4,4,4,4,4,4,4,4,4,4,4,4,4,4,4,4,4,4,4,4,4,4,4,4,4,4,4,4,4,4,4,4,4,4,4,4,4,4,4,4,4,4,4,4,4,1,1,4,4,4,4,4,4,4,4,4,4,4,4,4,4,4,4,4,4,0,3,2,0,1,0,0,0,2,1,1,2,2,2,3,3,3,3,3,4,4,4,4,4,4,4,4,4,4,4,4,4,4,4,4,4,4,4,4,4,4,4,4,4,4,4,4,4,4,4,4,4,4,4,4,4,4,4,4,4,4,4,4,4,0,1,1,1,2,2,1,3,3,3,2,3,3,2,3,0,FP929040.1/3748026-3748211,0
919,2,3,0,2,0,3,2,1,3,1,0,3,3,1,1,0,3,4,1,3,4,1,3,3,0,3,2,3,2,2,2,1,2,1,0,0,4,4,4,4,4,4,4,4,4,4,4,4,4,4,4,4,4,4,4,4,4,4,4,4,4,4,4,4,4,4,4,4,4,4,4,4,4,4,4,4,4,4,4,4,4,4,4,4,4,2,1,4,2,2,1,0,3,0,0,0,1,1,2,2,4,2,2,0,0,3,2,0,1,2,1,4,0,2,0,4,2,1,1,0,3,3,4,4,4,4,4,0,1,2,2,4,4,3,0,1,1,3,4,2,4,3,3,2,3,1,1,0,4,4,0,1,1,0,4,2,1,1,0,0,3,4,0,3,2,2,3,4,3,1,0,4,1,4,2,1,1,3,4,4,4,4,4,4,4,3,4,4,4,4,4,4,4,4,4,4,4,4,4,4,4,4,4,4,4,4,4,4,4,4,4,4,4,4,4,4,4,4,4,4,4,4,4,4,4,4,4,4,4,4,4,4,4,4,4,4,4,4,4,4,0,3,3,2,2,4,4,0,3,3,0,3,4,1,2,2,0,1,0,0,0,0,1,2,3,3,2,0,4,4,4,4,4,4,4,4,4,4,4,4,4,4,4,4,4,4,4,4,4,2,3,1,2,2,2,3,0,4,1,1,1,4,0,3,4,1,4,4,2,2,3,3,2,3,1,3,3,2,4,0,1,1,4,4,4,4,4,4,4,4,4,4,4,4,4,4,4,4,4,4,4,4,4,4,4,4,4,4,4,4,4,4,4,4,2,0,1,1,3,2,4,4,4,4,4,4,4,4,4,4,4,4,4,4,4,4,0,3,0,3,3,2,0,1,0,1,1,3,2,1,1,0,0,1,4,4,4,4,4,4,4,4,4,4,4,4,4,4,4,4,4,4,4,4,4,4,4,4,4,4,4,4,4,4,4,4,4,4,4,4,4,4,4,4,4,4,4,4,4,4,4,1,2,2,1,0,2,2,3,3,3,3,3,3,3,3,1,FN434113.1/218840-219039,0
920,2,3,4,4,4,2,2,1,3,1,0,3,3,1,0,1,1,4,2,0,4,1,3,3,0,3,2,3,1,0,2,1,1,1,1,3,3,1,2,4,4,4,4,4,4,4,4,4,4,2,2,0,1,2,3,4,4,4,4,4,4,4,4,4,4,4,4,4,4,4,4,4,4,4,4,4,4,4,4,4,4,4,4,4,4,2,1,4,3,0,1,0,3,0,0,0,0,3,3,1,4,4,2,0,0,3,2,0,1,2,1,4,4,4,4,4,0,1,0,0,4,4,4,4,4,4,1,0,0,2,2,4,4,3,2,1,1,3,4,2,4,1,1,2,3,1,1,0,4,4,0,1,3,3,4,1,3,2,0,3,0,4,3,1,0,2,1,4,2,3,0,4,4,4,4,2,1,3,4,4,4,4,4,4,4,0,4,4,4,4,4,4,4,4,4,4,4,4,4,4,4,4,4,4,4,4,4,4,4,4,4,4,4,4,4,4,4,4,4,4,4,4,4,4,4,4,4,4,4,4,4,4,4,4,4,4,4,4,4,4,3,0,3,1,0,4,4,0,1,1,0,3,4,1,2,2,2,1,2,0,0,0,1,2,3,1,2,0,4,4,4,4,4,4,4,4,4,4,4,4,4,4,4,4,4,4,4,4,4,2,3,3,0,2,2,1,0,4,1,1,2,4,1,1,3,3,4,4,4,0,3,3,4,4,4,4,4,4,4,4,4,4,4,4,4,4,4,4,4,4,4,4,4,4,4,4,4,4,4,4,4,4,4,4,4,4,4,4,4,4,4,4,4,4,4,4,4,1,1,0,4,4,4,4,4,4,4,4,4,4,4,4,4,4,4,4,4,3,0,0,1,0,0,0,2,1,1,2,2,2,4,4,3,0,0,3,4,4,4,4,3,4,4,4,4,4,4,4,4,4,4,4,4,4,4,4,4,4,4,4,4,4,4,4,4,4,4,4,4,4,4,4,4,4,4,4,4,4,4,4,4,4,4,1,1,1,2,2,1,3,3,3,2,3,3,2,3,ABHW01000008.1/152702-152518,0
921,2,3,0,2,0,3,2,1,3,1,0,3,3,1,1,0,3,4,1,3,4,1,3,3,0,3,2,3,3,1,2,1,1,3,3,0,4,4,4,4,4,4,4,4,4,4,4,4,4,4,4,4,4,2,3,4,4,4,4,4,4,4,4,4,4,4,4,4,4,4,4,4,4,4,4,4,4,4,4,4,4,4,4,4,4,2,1,4,1,3,1,0,3,0,0,0,1,3,1,1,4,2,2,0,0,3,2,0,1,2,1,4,0,2,0,4,2,1,1,2,3,3,4,4,4,4,3,0,1,2,2,4,4,3,2,1,3,3,4,0,4,3,1,2,3,1,1,0,4,4,1,3,2,0,4,1,0,2,0,3,2,4,3,1,2,1,4,4,4,3,3,4,0,4,3,2,1,1,4,4,4,4,4,4,4,3,4,4,4,4,4,4,4,4,4,4,4,4,4,4,4,4,4,4,4,4,4,4,4,4,4,4,4,4,4,4,4,4,4,4,4,4,4,4,4,4,4,4,4,4,4,4,4,4,4,4,4,4,4,4,1,0,3,1,0,2,0,1,0,1,1,0,4,3,2,2,0,1,0,1,0,0,1,2,3,3,2,0,4,4,4,4,4,4,4,4,4,4,4,4,4,4,4,4,4,4,4,4,4,2,3,2,0,0,2,1,0,4,1,1,4,4,4,1,0,1,4,4,3,2,3,3,2,3,1,0,4,3,4,0,1,0,4,4,4,4,4,4,4,4,4,4,4,4,4,4,4,4,4,4,4,4,4,4,4,4,4,4,4,4,4,4,4,4,2,0,1,1,3,2,4,4,4,4,4,4,4,4,4,4,4,4,4,4,4,4,4,3,3,3,3,0,0,1,2,1,1,3,2,1,3,1,1,2,3,0,0,4,3,0,0,4,4,4,4,4,4,4,4,4,4,4,4,4,4,4,4,4,4,4,4,4,4,4,4,4,4,4,4,4,4,4,4,4,4,4,4,4,4,4,4,2,0,2,1,0,2,2,1,2,3,3,3,3,3,3,3,CP000038.1/4195535-4195740,0
922,2,3,0,2,0,3,2,1,3,1,0,3,3,1,1,0,3,4,1,3,4,1,3,3,0,3,2,3,3,1,2,1,1,3,3,1,4,4,4,4,4,4,4,4,4,4,4,4,4,4,4,4,4,3,2,4,4,4,4,4,4,4,4,4,4,4,4,4,4,4,4,4,4,4,4,4,4,4,4,4,4,4,4,4,4,2,1,4,1,3,1,0,3,0,0,0,1,3,1,0,4,2,2,0,0,3,2,0,3,2,1,4,0,2,0,4,2,1,1,2,3,3,4,4,4,4,3,0,1,2,2,4,4,3,2,1,3,3,4,0,4,3,1,2,3,1,1,0,4,4,1,3,2,0,4,1,0,2,0,3,2,4,3,1,2,1,4,4,4,3,3,4,0,4,1,2,1,1,4,4,4,4,4,4,4,3,4,4,4,4,4,4,4,4,4,4,4,4,4,4,4,4,4,4,4,4,4,4,4,4,4,4,4,4,4,4,4,4,4,4,4,4,4,4,4,4,4,4,4,4,4,4,4,4,4,4,4,4,4,4,1,0,3,1,0,0,0,1,0,1,1,1,4,3,2,2,0,1,0,1,0,0,1,2,3,3,2,0,4,4,4,4,4,4,4,4,4,4,4,4,4,4,4,4,4,4,4,4,4,2,3,2,0,0,2,1,0,4,1,1,1,4,1,3,3,3,4,0,3,2,3,3,2,3,1,0,4,3,4,0,1,0,4,4,4,4,4,4,4,4,4,4,4,4,4,4,4,4,4,4,4,4,4,4,4,4,4,4,4,4,4,4,4,4,2,0,1,1,3,2,4,4,4,4,4,4,4,4,4,4,4,4,4,4,4,4,4,3,3,3,3,2,0,1,2,1,1,3,2,1,1,3,1,3,3,0,0,4,4,1,1,4,4,4,4,4,4,4,4,4,4,4,4,4,4,4,4,4,4,4,4,4,4,4,4,4,4,4,4,4,4,4,4,4,4,4,4,4,4,4,4,2,2,2,1,0,2,2,1,2,3,3,3,3,3,3,3,CP001138.1/4061393-4061600,0
923,2,3,4,4,4,2,2,1,3,1,0,3,3,1,0,1,1,4,2,0,4,1,3,3,0,3,2,3,1,0,2,1,1,1,1,3,3,1,2,4,4,4,4,4,4,4,4,4,4,2,2,0,1,2,3,4,4,4,4,4,4,4,4,4,4,4,4,4,4,4,4,4,4,4,4,4,4,4,4,4,4,4,4,4,4,2,1,4,3,0,1,0,3,0,0,0,0,3,3,1,4,4,2,0,0,3,2,0,1,2,1,4,4,4,4,4,0,1,0,0,4,4,4,4,4,4,1,0,0,2,2,4,4,3,2,1,1,3,4,2,4,1,1,2,3,1,1,0,4,4,0,1,3,3,4,1,3,2,0,3,0,4,3,1,0,2,1,4,2,3,0,4,4,4,4,2,1,3,4,4,4,4,4,4,4,0,4,4,4,4,4,4,4,4,4,4,4,4,4,4,4,4,4,4,4,4,4,4,4,4,4,4,4,4,4,4,4,4,4,4,4,4,4,4,4,4,4,4,4,4,4,4,4,4,4,4,4,4,4,4,3,0,3,1,0,4,4,0,3,1,0,3,4,1,2,2,2,1,2,0,0,0,1,2,3,1,2,0,4,4,4,4,4,4,4,4,4,4,4,4,4,4,4,4,4,4,4,4,4,2,3,3,0,2,2,1,0,4,1,1,2,4,1,1,3,3,4,4,4,0,3,3,4,4,4,4,4,4,4,4,4,4,4,4,4,4,4,4,4,4,4,4,4,4,4,4,4,4,4,4,4,4,4,4,4,4,4,4,4,4,4,4,4,4,4,4,4,1,1,0,4,4,4,4,4,4,4,4,4,4,4,4,4,4,4,4,4,3,0,0,1,0,0,0,2,1,1,2,2,2,4,4,3,0,0,3,4,4,4,4,3,4,4,4,4,4,4,4,4,4,4,4,4,4,4,4,4,4,4,4,4,4,4,4,4,4,4,4,4,4,4,4,4,4,4,4,4,4,4,4,4,4,4,1,1,1,2,2,1,3,3,3,2,3,3,2,3,AFAT01000052.1/342665-342481,0
924,2,3,0,2,0,3,2,1,3,1,0,3,3,1,1,0,3,4,1,3,4,1,3,3,0,3,2,3,3,1,2,1,1,3,3,0,4,4,4,4,4,4,4,4,4,4,4,4,4,4,4,4,4,2,3,4,4,4,4,4,4,4,4,4,4,4,4,4,4,4,4,4,4,4,4,4,4,4,4,4,4,4,4,4,4,2,1,4,1,3,1,0,3,0,0,0,1,3,1,1,4,2,2,0,0,3,2,0,1,2,1,4,0,2,0,4,2,1,1,2,3,3,4,4,4,4,3,0,1,2,2,4,4,3,2,1,3,3,4,0,4,3,1,2,3,1,1,0,4,4,1,3,2,0,4,1,0,2,0,3,2,4,3,1,2,1,4,4,4,3,3,4,0,4,3,2,1,1,4,4,4,4,4,4,4,3,4,4,4,4,4,4,4,4,4,4,4,4,4,4,4,4,4,4,4,4,4,4,4,4,4,4,4,4,4,4,4,4,4,4,4,4,4,4,4,4,4,4,4,4,4,4,4,4,4,4,4,4,4,4,1,0,3,1,0,2,0,1,0,1,1,0,4,3,2,2,0,1,0,1,0,0,1,2,3,3,2,0,4,4,4,4,4,4,4,4,4,4,4,4,4,4,4,4,4,4,4,4,4,2,3,2,0,0,2,1,0,4,1,1,4,4,1,0,1,3,4,4,3,2,3,3,2,3,1,0,4,3,4,0,1,0,4,4,4,4,4,4,4,4,4,4,4,4,4,4,4,4,4,4,4,4,4,4,4,4,4,4,4,4,4,4,4,4,2,0,1,1,3,2,4,4,4,4,4,4,4,4,4,4,4,4,4,4,4,4,4,3,3,3,3,0,0,1,2,1,1,3,2,1,3,1,1,2,3,0,0,4,3,0,0,4,4,4,4,4,4,4,4,4,4,4,4,4,4,4,4,4,4,4,4,4,4,4,4,4,4,4,4,4,4,4,4,4,4,4,4,4,4,4,4,2,0,2,1,0,2,2,1,2,3,3,3,3,3,3,3,CP001637.1/4528038-4527832,0
925,3,1,0,2,3,3,2,1,3,1,0,3,3,1,0,0,1,4,3,1,4,3,3,3,0,3,2,0,3,0,2,3,1,1,1,2,4,4,4,4,4,4,4,4,4,4,4,4,4,4,4,4,4,4,4,1,2,3,3,3,0,2,2,1,4,4,4,4,4,4,4,4,4,4,4,4,2,2,0,0,3,0,3,2,1,2,1,4,3,3,1,0,3,0,0,2,1,1,0,1,4,1,2,0,0,3,2,0,3,2,1,1,0,0,0,4,2,0,1,4,4,4,4,4,4,4,4,4,3,2,2,4,4,3,0,1,1,3,4,0,4,3,1,2,3,1,1,0,0,1,1,0,0,0,4,3,1,2,0,3,0,4,3,1,2,3,2,4,3,2,0,4,0,4,3,2,1,0,1,4,4,4,4,4,0,3,4,4,4,4,4,4,4,4,4,4,4,4,4,4,4,4,4,4,4,4,4,4,4,4,4,4,4,4,4,4,4,4,4,4,4,4,4,4,4,4,4,4,4,4,4,4,4,4,4,4,4,4,4,4,3,0,3,1,0,4,4,0,0,1,0,3,4,1,2,2,0,1,2,0,1,0,1,2,3,3,2,0,4,4,4,4,4,4,4,4,4,4,4,4,4,4,4,4,4,4,4,4,4,2,3,3,0,2,2,3,2,4,1,1,2,4,1,1,3,0,4,4,3,2,3,1,4,4,4,4,4,4,4,4,4,4,4,4,4,4,4,4,4,4,4,4,4,4,4,4,4,4,4,4,4,4,4,4,4,4,4,4,4,4,4,4,4,4,4,4,4,1,3,2,4,4,4,4,4,4,4,4,4,4,4,4,4,4,4,4,4,1,2,2,3,2,0,3,2,0,0,1,4,4,4,4,4,4,4,4,4,4,4,4,4,4,4,4,4,4,4,4,4,4,4,4,4,4,4,4,4,4,4,4,4,4,4,4,4,4,4,4,4,4,4,4,4,4,4,4,4,4,4,4,3,4,4,4,4,2,3,3,1,0,3,1,0,0,1,3,3,ACCB01000029.1/51335-51532,0
926,0,1,0,2,3,3,2,1,3,1,0,3,3,1,0,1,1,4,3,3,4,3,3,3,0,3,2,0,3,0,2,1,1,1,1,2,4,4,4,4,4,4,4,4,4,4,4,4,4,4,4,4,4,4,4,1,0,0,3,3,0,0,2,1,4,4,4,4,4,4,4,4,4,4,4,4,2,2,0,3,2,0,3,2,1,2,1,4,3,3,1,0,3,0,0,2,1,1,3,1,4,1,2,0,0,3,2,0,3,2,1,4,1,3,0,4,4,4,0,2,0,1,4,4,4,4,4,4,3,2,2,4,4,3,2,1,1,3,4,0,4,3,1,2,3,1,1,0,1,1,3,0,0,0,4,1,1,2,0,1,0,4,3,3,2,3,2,4,3,2,0,4,0,4,0,2,1,0,1,4,4,4,4,4,0,3,4,4,4,4,4,4,4,4,4,4,4,4,4,4,4,4,4,4,4,4,4,4,4,4,4,4,4,4,4,4,4,4,4,4,4,4,4,4,4,4,4,4,4,4,4,4,4,4,4,4,4,4,4,4,3,0,3,1,0,4,4,0,0,1,0,3,4,1,2,2,0,1,2,0,1,0,1,2,3,3,2,0,4,4,4,4,4,4,4,4,4,4,4,4,4,4,4,4,4,4,4,4,4,2,3,2,0,2,2,1,0,4,1,1,2,4,1,1,3,0,4,4,3,2,3,1,4,4,4,4,4,4,4,4,4,4,4,4,4,4,4,4,4,4,4,4,4,4,4,4,4,4,4,4,4,4,4,4,4,4,4,4,4,4,4,4,4,4,4,4,4,1,3,2,4,4,4,4,4,4,4,4,4,4,4,4,4,4,4,4,4,1,3,2,3,2,0,3,2,0,0,3,4,4,4,4,4,4,4,4,4,4,4,4,4,4,4,4,4,4,4,4,4,4,4,4,4,4,4,4,4,4,4,4,4,4,4,4,4,4,4,4,4,4,4,4,4,4,4,4,4,4,4,4,3,4,4,4,4,0,3,3,1,0,3,1,0,0,3,3,3,AAUB01000124.1/2876-3073,0
927,2,3,4,4,4,2,2,1,3,1,0,3,3,1,0,1,1,4,3,3,4,1,3,3,0,3,2,3,1,0,2,1,1,1,1,3,3,0,2,4,4,4,4,4,4,4,4,4,4,2,2,0,1,2,1,4,4,4,4,4,4,4,4,4,4,4,4,4,4,4,4,4,4,4,4,4,4,4,4,4,4,4,4,4,4,2,1,4,3,0,1,0,3,0,0,0,1,3,3,1,4,4,2,0,0,3,2,0,1,2,1,4,4,4,4,4,0,1,0,0,4,4,4,4,4,4,1,0,0,2,2,4,4,3,2,1,1,3,4,2,4,1,1,2,3,1,1,0,4,4,0,1,3,3,4,1,3,2,0,3,0,4,0,3,0,2,1,4,2,3,4,4,4,4,0,2,1,3,4,4,4,4,4,4,4,3,4,4,4,4,4,4,4,4,4,4,4,4,4,4,4,4,4,4,4,4,4,4,4,4,4,4,4,4,4,4,4,4,4,4,4,4,4,4,4,4,4,4,4,4,4,4,4,4,4,4,4,4,4,4,3,0,3,1,0,4,4,0,1,1,3,1,4,1,2,2,2,1,2,0,0,0,1,2,3,1,2,0,4,4,4,4,4,4,4,4,4,4,4,4,4,4,4,4,4,4,4,4,4,2,3,3,0,2,2,1,0,4,1,1,2,4,1,1,3,3,4,4,4,0,3,3,4,4,4,4,4,4,4,4,4,4,4,4,4,4,4,4,4,4,4,4,4,4,4,4,4,4,4,4,4,4,4,4,4,4,4,4,4,4,4,4,4,4,4,4,4,1,1,0,4,4,4,4,4,4,4,4,4,4,4,4,4,4,4,4,4,3,0,0,1,0,0,0,2,1,1,2,2,2,3,3,3,4,4,4,4,4,4,4,4,4,4,4,4,4,4,4,4,4,4,4,4,4,4,4,4,4,4,4,4,4,4,4,4,4,4,4,4,4,4,4,4,4,4,4,4,4,4,4,4,0,2,1,1,1,2,2,1,3,3,3,2,3,3,2,3,CP001144.1/2835387-2835203,0
928,2,1,0,2,3,2,2,1,3,1,0,3,3,1,0,1,1,4,2,0,4,1,3,3,0,3,2,3,1,0,2,1,1,1,1,3,3,1,2,4,4,4,4,4,4,4,4,4,4,2,2,0,1,2,3,4,4,4,4,4,4,4,4,4,4,4,4,4,4,4,4,4,4,4,4,4,4,4,4,4,4,4,4,4,4,2,1,4,3,0,1,0,3,0,0,0,0,3,3,1,4,4,2,0,0,3,2,0,1,2,1,4,0,1,0,4,0,1,4,4,4,4,4,4,4,4,4,0,0,2,2,4,4,3,2,1,1,3,4,2,4,1,1,2,3,1,1,0,4,4,0,1,3,3,4,1,3,2,0,3,0,4,3,1,0,2,1,4,2,3,0,4,4,4,4,2,1,3,4,4,4,4,4,4,4,0,4,4,4,4,4,4,4,4,4,4,4,4,4,4,4,4,4,4,4,4,4,4,4,4,4,4,4,4,4,4,4,4,4,4,4,4,4,4,4,4,4,4,4,4,4,4,4,4,4,4,4,4,4,4,3,0,3,1,0,4,4,0,1,1,0,3,4,1,2,2,2,1,2,0,0,0,1,2,3,1,2,0,4,4,4,4,4,4,4,4,4,4,4,4,4,4,4,4,4,4,4,4,4,2,3,3,0,2,2,1,0,4,1,1,2,4,1,1,3,3,4,4,4,0,3,3,4,4,4,4,4,4,4,4,4,4,4,4,4,4,4,4,4,4,4,4,4,4,4,4,4,4,4,4,4,4,4,4,4,4,4,4,4,4,4,4,4,4,4,4,4,1,1,0,4,4,4,4,4,4,4,4,4,4,4,4,4,4,4,4,4,3,0,0,1,0,0,1,2,1,1,2,2,2,4,4,3,0,0,3,4,4,4,4,3,4,4,4,4,4,4,4,4,4,4,4,4,4,4,4,4,4,4,4,4,4,4,4,4,4,4,4,4,4,4,4,4,4,4,4,4,4,4,4,4,4,4,1,1,1,2,2,1,3,3,3,2,3,3,2,3,ADUQ01000078.1/73055-73242,0
929,2,3,4,4,4,2,2,1,3,1,0,3,3,1,0,1,1,4,3,3,4,1,3,3,0,3,2,3,1,0,2,1,1,1,1,3,3,0,2,4,4,4,4,4,4,4,4,4,4,2,2,0,1,2,1,4,4,4,4,4,4,4,4,4,4,4,4,4,4,4,4,4,4,4,4,4,4,4,4,4,4,4,4,4,4,2,1,4,3,0,1,0,3,0,0,0,1,3,3,1,4,4,2,0,0,3,2,0,1,2,1,4,4,4,4,4,0,1,0,0,4,4,4,4,4,4,1,0,0,2,2,4,4,3,2,1,1,3,4,2,4,1,1,2,3,1,1,0,4,4,0,1,3,3,4,1,3,2,0,3,0,4,0,3,0,2,1,4,2,3,4,4,4,4,0,2,1,3,4,4,4,4,4,4,4,3,4,4,4,4,4,4,4,4,4,4,4,4,4,4,4,4,4,4,4,4,4,4,4,4,4,4,4,4,4,4,4,4,4,4,4,4,4,4,4,4,4,4,4,4,4,4,4,4,4,4,4,4,4,4,3,0,3,1,0,4,4,0,1,1,3,1,4,1,2,2,2,1,2,0,0,0,1,2,3,1,2,0,4,4,4,4,4,4,4,4,4,4,4,4,4,4,4,4,4,4,4,4,4,2,3,3,0,2,2,1,0,4,1,1,2,4,1,1,3,3,4,4,4,0,3,3,4,4,4,4,4,4,4,4,4,4,4,4,4,4,4,4,4,4,4,4,4,4,4,4,4,4,4,4,4,4,4,4,4,4,4,4,4,4,4,4,4,4,4,4,4,1,1,0,4,4,4,4,4,4,4,4,4,4,4,4,4,4,4,4,4,3,0,0,1,0,0,0,2,1,1,2,2,2,3,3,3,4,4,4,4,4,4,4,4,4,4,4,4,4,4,4,4,4,4,4,4,4,4,4,4,4,4,4,4,4,4,4,4,4,4,4,4,4,4,4,4,4,4,4,4,4,4,4,4,0,2,1,1,1,2,2,1,3,3,3,2,3,3,2,3,AETN01000025.1/177193-177009,0
930,2,3,4,4,4,2,2,1,3,1,0,3,3,1,0,1,1,4,3,3,4,1,3,3,0,3,2,3,1,0,2,1,1,1,1,3,3,0,2,4,4,4,4,4,4,4,4,4,4,2,2,0,1,2,1,4,4,4,4,4,4,4,4,4,4,4,4,4,4,4,4,4,4,4,4,4,4,4,4,4,4,4,4,4,4,2,1,4,3,0,1,0,3,0,0,0,1,3,3,1,4,4,2,0,0,3,2,0,1,2,1,4,4,4,4,4,0,1,0,0,4,4,4,4,4,4,1,0,0,2,2,4,4,3,2,1,1,3,4,2,4,1,1,2,3,1,3,0,4,4,0,1,3,3,4,1,3,2,0,3,0,4,0,3,0,2,1,4,2,3,4,4,4,4,0,2,1,3,4,4,4,4,4,4,4,3,4,4,4,4,4,4,4,4,4,4,4,4,4,4,4,4,4,4,4,4,4,4,4,4,4,4,4,4,4,4,4,4,4,4,4,4,4,4,4,4,4,4,4,4,4,4,4,4,4,4,4,4,4,4,3,0,3,1,0,4,4,0,1,1,3,1,4,1,2,2,2,1,2,0,0,0,1,2,3,1,2,0,4,4,4,4,4,4,4,4,4,4,4,4,4,4,4,4,4,4,4,4,4,2,3,3,0,2,2,1,0,4,1,1,2,4,4,4,4,4,4,4,4,4,4,4,4,4,4,4,4,4,4,4,4,4,4,4,4,4,4,4,4,4,4,4,4,4,4,4,4,4,4,4,4,4,4,4,4,4,4,4,4,4,4,4,4,4,4,4,4,4,4,4,4,4,4,4,4,4,4,4,4,4,4,4,4,4,4,4,4,4,4,4,4,4,4,4,4,4,4,4,4,4,4,4,4,4,4,4,4,4,4,4,4,1,4,4,4,4,4,4,4,4,4,4,4,4,4,4,4,4,4,4,4,4,4,4,4,4,4,4,4,4,4,4,4,4,4,4,4,4,4,4,1,4,4,4,4,4,4,4,4,4,4,4,3,3,0,3,3,CAAV01001277.1/253-402,0
931,2,3,0,2,0,3,2,1,3,1,0,3,3,1,1,0,3,4,1,3,4,1,3,3,0,3,2,3,3,1,2,1,1,3,3,1,4,4,4,4,4,4,4,4,4,4,4,4,4,4,4,4,4,3,2,4,4,4,4,4,4,4,4,4,4,4,4,4,4,4,4,4,4,4,4,4,4,4,4,4,4,4,4,4,4,2,1,4,1,3,1,0,3,0,0,0,1,3,1,0,4,2,2,0,0,3,2,0,3,2,1,4,0,2,0,4,2,1,1,2,3,3,4,4,4,4,3,0,1,2,2,4,4,3,2,1,3,3,4,0,4,3,1,2,3,1,1,0,4,4,1,3,2,0,4,1,0,2,0,3,2,4,3,1,2,1,4,4,4,3,3,4,0,4,1,2,1,1,4,4,4,4,4,4,4,3,4,4,4,4,4,4,4,4,4,4,4,4,4,4,4,4,4,4,4,4,4,4,4,4,4,4,4,4,4,4,4,4,4,4,4,4,4,4,4,4,4,4,4,4,4,4,4,4,4,4,4,4,4,4,1,0,3,1,0,0,0,1,0,1,1,1,4,3,2,2,0,1,0,1,0,0,1,2,3,3,2,0,4,4,4,4,4,4,4,4,4,4,4,4,4,4,4,4,4,4,4,4,4,2,3,2,0,0,2,1,0,4,1,1,1,4,1,3,3,3,4,0,3,2,3,3,2,3,1,0,4,3,4,0,1,0,4,4,4,4,4,4,4,4,4,4,4,4,4,4,4,4,4,4,4,4,4,4,4,4,4,4,4,4,4,4,4,4,2,0,1,1,3,2,4,4,4,4,4,4,4,4,4,4,4,4,4,4,4,4,4,3,3,3,3,2,0,1,2,1,1,3,2,1,1,1,1,3,3,0,0,4,4,1,1,4,4,4,4,4,4,4,4,4,4,4,4,4,4,4,4,4,4,4,4,4,4,4,4,4,4,4,4,4,4,4,4,4,4,4,4,4,4,4,4,2,2,2,1,0,2,2,1,2,3,3,3,3,3,3,3,AFCS01001227.1/7168-7375,0
932,2,1,0,2,3,2,2,1,3,1,0,3,3,1,0,1,1,4,2,0,4,1,3,3,0,3,2,3,1,0,2,1,1,1,1,3,3,1,2,4,4,4,4,4,4,4,4,4,4,2,2,0,1,2,3,4,4,4,4,4,4,4,4,4,4,4,4,4,4,4,4,4,4,4,4,4,4,4,4,4,4,4,4,4,4,2,1,4,3,0,1,0,3,0,0,0,0,3,3,1,4,4,2,0,0,3,2,0,1,2,1,4,0,1,0,4,0,1,4,4,4,4,4,4,4,4,4,0,0,2,2,4,4,3,2,1,1,3,4,2,4,1,1,2,3,1,1,0,4,4,0,1,3,3,4,1,3,2,0,3,0,4,3,1,0,2,1,4,2,3,0,4,4,4,4,2,1,3,4,4,4,4,4,4,4,0,4,4,4,4,4,4,4,4,4,4,4,4,4,4,4,4,4,4,4,4,4,4,4,4,4,4,4,4,4,4,4,4,4,4,4,4,4,4,4,4,4,4,4,4,4,4,4,4,4,4,4,4,4,4,3,0,3,1,0,4,4,0,1,1,0,3,4,1,2,2,2,1,2,0,0,0,1,2,3,1,2,0,4,4,4,4,4,4,4,4,4,4,4,4,4,4,4,4,4,4,4,4,4,2,3,3,0,2,2,1,0,4,1,1,2,4,1,1,3,3,4,4,4,0,3,3,4,4,4,4,4,4,4,4,4,4,4,4,4,4,4,4,4,4,4,4,4,4,4,4,4,4,4,4,4,4,4,4,4,4,4,4,4,4,4,4,4,4,4,4,4,1,1,0,4,4,4,4,4,4,4,4,4,4,4,4,4,4,4,4,4,3,0,0,1,0,0,0,2,1,1,2,2,2,4,4,3,0,0,3,4,4,4,4,3,4,4,4,4,4,4,4,4,4,4,4,4,4,4,4,4,4,4,4,4,4,4,4,4,4,4,4,4,4,4,4,4,4,4,4,4,4,4,4,4,4,4,1,1,1,2,2,1,3,3,3,2,3,3,2,3,CP000243.1/2833070-2832883,0
933,2,3,0,2,0,3,2,1,3,1,0,3,3,1,1,0,3,4,1,3,4,1,3,3,0,3,2,3,3,1,2,1,1,3,3,0,4,4,4,4,4,4,4,4,4,4,4,4,4,4,4,4,4,2,3,4,4,4,4,4,4,4,4,4,4,4,4,4,4,4,4,4,4,4,4,4,4,4,4,4,4,4,4,4,4,2,1,4,1,3,1,0,3,0,0,0,1,3,1,1,4,2,2,0,0,3,2,0,1,2,1,4,0,2,0,4,2,1,1,2,3,3,4,4,4,4,3,0,1,2,2,4,4,3,2,1,3,3,4,0,4,3,1,2,3,1,1,0,4,4,1,3,2,0,4,1,0,2,0,3,2,4,3,1,2,1,4,4,4,3,3,4,0,4,3,2,1,1,4,4,4,4,4,4,4,3,4,4,4,4,4,4,4,4,4,4,4,4,4,4,4,4,4,4,4,4,4,4,4,4,4,4,4,4,4,4,4,4,4,4,4,4,4,4,4,4,4,4,4,4,4,4,4,4,4,4,4,4,4,4,1,0,3,1,0,2,0,1,0,1,1,0,4,3,2,2,0,1,0,1,0,0,1,2,3,3,2,0,4,4,4,4,4,4,4,4,4,4,4,4,4,4,4,4,4,4,4,4,4,2,3,2,0,0,2,1,0,4,1,1,4,4,1,0,1,3,4,4,3,2,3,3,2,3,1,0,4,3,4,0,1,0,4,4,4,4,4,4,4,4,4,4,4,4,4,4,4,4,4,4,4,4,4,4,4,4,4,4,4,4,4,4,4,4,2,0,1,1,3,2,4,4,4,4,4,4,4,4,4,4,4,4,4,4,4,4,4,3,3,3,3,0,0,1,2,1,1,3,2,1,3,1,1,2,3,0,0,4,3,0,0,4,4,4,4,4,4,4,4,4,4,4,4,4,4,4,4,4,4,4,4,4,4,4,4,4,4,4,4,4,4,4,4,4,4,4,4,4,4,4,4,2,0,2,1,0,2,2,1,2,3,3,3,3,3,3,3,ADWU01000022.1/28180-28386,0
934,2,3,0,2,0,3,2,1,3,1,0,3,3,1,1,0,3,4,1,3,4,1,3,3,0,3,2,3,3,1,2,1,1,3,3,0,4,4,4,4,4,4,4,4,4,4,4,4,4,4,4,4,4,2,3,4,4,4,4,4,4,4,4,4,4,4,4,4,4,4,4,4,4,4,4,4,4,4,4,4,4,4,4,4,4,2,1,4,1,3,1,0,3,0,0,0,1,3,1,1,4,2,2,0,0,3,2,0,1,2,1,4,0,2,0,4,2,1,1,2,3,3,4,4,4,4,3,0,1,2,2,4,4,3,2,1,3,3,4,0,4,3,1,2,3,1,1,0,4,4,1,3,2,0,4,1,0,2,0,3,2,4,3,1,2,1,4,4,4,3,3,4,0,4,3,2,1,1,4,4,4,4,4,4,4,3,4,4,4,4,4,4,4,4,4,4,4,4,4,4,4,4,4,4,4,4,4,4,4,4,4,4,4,4,4,4,4,4,4,4,4,4,4,4,4,4,4,4,4,4,4,4,4,4,4,4,4,4,4,4,1,0,3,1,0,2,0,1,0,1,1,0,4,3,2,2,0,1,0,1,0,0,1,2,3,3,2,0,4,4,4,4,4,4,4,4,4,4,4,4,4,4,4,4,4,4,4,4,4,2,3,2,0,0,2,1,0,4,1,1,4,4,1,0,1,3,4,4,3,2,3,3,2,3,1,0,4,3,4,0,1,0,4,4,4,4,4,4,4,4,4,4,4,4,4,4,4,4,4,4,4,4,4,4,4,4,4,4,4,4,4,4,4,4,2,0,1,1,3,2,4,4,4,4,4,4,4,4,4,4,4,4,4,4,4,4,4,3,3,3,3,0,0,1,2,4,4,4,4,4,4,4,4,4,4,4,4,4,4,4,4,1,1,3,4,4,4,4,4,4,4,4,4,4,4,4,4,4,4,4,4,4,4,4,4,4,4,4,4,4,4,4,4,4,4,4,4,2,1,3,1,4,4,4,4,4,4,4,1,2,3,0,0,3,0,0,2,ADUG01000206.1/196-5,0
935,2,3,0,2,0,3,2,1,3,1,0,3,3,1,1,0,1,4,1,3,4,3,1,3,0,3,2,3,3,3,2,1,3,1,1,2,4,4,4,4,4,4,4,4,4,4,4,4,4,4,4,4,4,4,4,4,4,4,4,4,4,4,4,4,4,4,4,4,4,4,4,4,4,4,4,4,4,4,4,4,4,4,4,4,4,2,1,4,3,3,1,0,3,0,0,3,1,1,3,2,4,2,2,0,0,3,2,0,1,2,1,4,0,2,0,4,2,1,1,0,0,3,4,4,4,3,3,0,0,2,2,4,4,3,2,1,1,3,4,0,4,3,2,2,3,1,1,0,4,4,0,3,3,1,4,1,0,2,0,3,2,4,0,0,2,0,3,4,2,1,2,4,0,4,0,3,1,3,4,4,4,4,4,4,4,1,4,4,4,4,4,4,4,4,4,4,4,4,4,4,4,4,4,4,4,4,4,4,4,4,4,4,4,4,4,4,4,4,4,4,4,4,4,4,4,4,4,4,4,4,4,4,4,4,4,4,4,4,4,4,1,0,2,1,2,2,0,3,3,3,3,3,4,1,2,2,0,1,0,1,0,0,1,2,3,3,2,0,4,4,4,4,4,4,4,4,4,4,4,4,4,4,4,4,4,4,4,4,4,2,3,2,0,2,2,1,0,4,1,1,0,4,0,4,4,3,4,4,1,2,3,3,2,3,1,3,4,3,4,0,0,0,4,4,4,4,4,4,4,4,4,4,4,4,4,4,4,4,4,4,4,4,4,4,4,4,4,4,4,4,4,4,4,4,2,0,1,1,3,2,0,3,4,4,4,4,4,4,4,4,4,4,4,4,4,3,3,3,3,3,1,0,0,1,2,1,3,3,0,1,1,2,3,3,0,0,4,4,4,4,4,4,4,4,4,4,4,4,4,4,4,4,4,4,4,4,4,4,4,4,4,4,4,4,4,4,4,4,4,4,4,4,4,4,4,4,4,4,4,4,4,1,2,2,3,0,0,2,1,2,3,3,3,3,3,3,3,AFWW01000001.1/318247-318453,0
936,2,3,0,2,0,3,2,1,3,1,0,3,3,1,1,0,3,4,1,3,4,1,3,3,0,3,2,3,3,1,2,1,1,3,3,0,4,4,4,4,4,4,4,4,4,4,4,4,4,4,4,4,4,2,3,4,4,4,4,4,4,4,4,4,4,4,4,4,4,4,4,4,4,4,4,4,4,4,4,4,4,4,4,4,4,2,1,4,1,3,1,0,3,0,0,0,1,3,1,1,4,2,2,0,0,3,2,0,1,2,1,4,0,2,0,4,2,1,1,2,3,3,4,4,4,4,3,0,1,2,2,4,4,3,2,1,3,3,4,0,4,3,1,2,3,1,1,0,4,4,1,3,2,0,4,1,0,2,0,3,2,4,3,1,2,1,4,4,4,3,3,4,0,4,3,2,1,1,4,4,4,4,4,4,4,3,4,4,4,4,4,4,4,4,4,4,4,4,4,4,4,4,4,4,4,4,4,4,4,4,4,4,4,4,4,4,4,4,4,4,4,4,4,4,4,4,4,4,4,4,4,4,4,4,4,4,4,4,4,4,1,0,3,1,0,2,0,1,0,1,1,0,4,3,2,2,0,1,0,1,0,0,1,2,3,3,2,0,4,4,4,4,4,4,4,4,4,4,4,4,4,4,4,4,4,4,4,4,4,2,3,2,0,0,2,1,0,4,1,1,4,4,1,0,1,3,4,4,3,2,3,3,2,3,1,0,4,3,4,0,1,0,4,4,4,4,4,4,4,4,4,4,4,4,4,4,4,4,4,4,4,4,4,4,4,4,4,4,4,4,4,4,4,4,2,0,1,1,3,2,4,4,4,4,4,4,4,4,4,4,4,4,4,4,4,4,4,3,3,3,3,0,0,1,2,1,1,3,2,1,3,1,1,2,3,0,0,4,3,0,0,4,4,4,4,4,4,4,4,4,4,4,4,4,4,4,4,4,4,4,4,4,4,4,4,4,4,4,4,4,4,4,4,4,4,4,4,4,4,4,4,2,0,2,1,0,2,2,1,2,3,3,3,3,3,3,3,AFAB01000206.1/71290-71496,0
937,2,3,4,4,4,2,2,1,3,1,0,3,3,1,0,1,1,4,2,0,4,1,3,3,0,3,2,3,1,0,2,1,1,1,1,3,3,1,2,4,4,4,4,4,4,4,4,4,4,2,2,0,1,2,3,4,4,4,4,4,4,4,4,4,4,4,4,4,4,4,4,4,4,4,4,4,4,4,4,4,4,4,4,4,4,2,1,4,3,0,1,0,3,0,0,0,0,3,3,1,4,4,2,0,0,3,2,0,1,2,1,4,4,4,4,4,0,1,0,0,4,4,4,4,4,4,1,0,0,2,2,4,4,3,2,1,1,3,4,2,4,1,1,2,3,1,1,0,4,4,0,1,3,3,4,1,3,2,0,3,0,4,3,1,0,2,4,4,4,1,3,4,3,4,0,2,1,3,4,4,4,4,4,4,4,0,4,4,4,4,4,4,4,4,4,4,4,4,4,4,4,4,4,4,4,4,4,4,4,4,4,4,4,4,4,4,4,4,4,4,4,4,4,4,4,4,4,4,4,4,4,4,4,4,4,4,4,4,4,4,3,0,3,1,0,4,4,0,1,1,1,3,4,1,2,2,2,1,2,0,0,0,1,2,3,1,2,0,4,4,4,4,4,4,4,4,4,4,4,4,4,4,4,4,4,4,4,4,4,2,3,3,0,2,2,1,0,4,1,1,2,4,1,1,3,3,4,4,4,0,3,3,4,4,4,4,4,4,4,4,4,4,4,4,4,4,4,4,4,4,4,4,4,4,4,4,4,4,4,4,4,4,4,4,4,4,4,4,4,4,4,4,4,4,4,4,4,1,1,0,4,4,4,4,4,4,4,4,4,4,4,4,4,4,4,4,4,3,0,0,1,0,0,0,2,1,1,2,2,2,4,4,3,1,0,3,4,4,4,4,3,4,4,4,4,4,4,4,4,4,4,4,4,4,4,4,4,4,4,4,4,4,4,4,4,4,4,4,4,4,4,4,4,4,4,4,4,4,4,4,4,4,4,1,1,1,2,2,1,3,3,3,2,3,3,2,3,AEHZ01000009.1/422060-421876,0
938,0,1,0,2,3,3,2,1,3,1,0,3,3,1,0,1,1,4,3,1,4,3,3,3,0,3,2,0,3,0,2,3,1,1,1,2,4,4,4,4,4,4,4,4,4,4,4,4,4,4,4,4,4,4,4,1,3,2,3,0,0,0,2,1,4,4,4,4,4,4,4,4,4,4,4,4,2,2,0,0,3,0,3,2,1,0,1,4,3,3,1,0,3,0,0,2,1,1,0,1,4,1,2,0,0,3,2,0,3,2,1,4,1,3,0,4,4,4,0,2,0,1,4,4,4,4,4,4,3,2,2,4,4,3,0,1,1,3,4,0,4,3,1,2,3,1,1,0,1,1,1,0,0,0,4,1,1,2,0,3,0,4,3,1,2,3,2,4,1,2,0,4,0,4,3,2,1,0,4,4,4,4,4,4,1,1,4,4,4,4,4,4,4,4,4,4,4,4,4,4,4,4,4,4,4,4,4,4,4,4,4,4,4,4,4,4,4,4,4,4,4,4,4,4,4,4,4,4,4,4,4,4,4,4,4,4,4,4,4,4,3,0,3,1,0,4,4,0,0,1,0,3,4,1,2,2,0,1,2,0,1,0,1,2,3,3,2,0,4,4,4,4,4,4,4,4,4,4,4,4,4,4,4,4,4,4,4,4,4,2,3,2,0,2,2,3,2,4,1,1,2,4,1,1,3,0,4,4,3,2,3,1,4,4,4,4,4,4,4,4,4,4,4,4,4,4,4,4,4,4,4,4,4,4,4,4,4,4,4,4,4,4,4,4,4,4,4,4,4,4,4,4,4,4,4,4,4,1,3,2,4,4,4,4,4,4,4,4,4,4,4,4,4,4,4,4,4,1,3,2,3,2,0,3,2,0,4,4,4,4,4,4,2,3,0,2,4,4,4,4,3,4,4,4,4,4,4,4,4,4,4,4,4,4,4,4,4,4,4,4,4,4,4,4,4,4,4,4,4,4,4,4,4,4,4,4,4,4,4,4,4,4,4,4,4,4,4,3,1,0,3,1,0,0,3,0,3,CACY01000087.1/183054-182858,0
939,2,3,0,2,0,3,2,1,3,1,0,3,3,1,1,0,3,4,1,3,4,1,3,3,0,3,2,3,3,1,2,1,1,3,3,1,4,4,4,4,4,4,4,4,4,4,4,4,4,4,4,4,4,3,2,4,4,4,4,4,4,4,4,4,4,4,4,4,4,4,4,4,4,4,4,4,4,4,4,4,4,4,4,4,4,2,1,4,1,3,1,0,3,0,0,0,1,3,1,0,4,2,2,0,0,3,2,0,3,2,1,4,0,2,0,4,2,1,1,2,3,3,4,4,4,4,3,0,1,2,2,4,4,3,2,1,3,3,4,0,4,3,1,2,3,1,1,0,4,4,1,3,2,0,4,1,0,2,0,3,2,4,3,1,2,1,4,4,4,3,3,4,0,4,1,2,1,1,4,4,4,4,4,4,4,3,4,4,4,4,4,4,4,4,4,4,4,4,4,4,4,4,4,4,4,4,4,4,4,4,4,4,4,4,4,4,4,4,4,4,4,4,4,4,4,4,4,4,4,4,4,4,4,4,4,4,4,4,4,4,1,0,3,1,0,0,0,1,0,1,1,1,4,3,2,2,0,1,0,1,0,0,1,2,3,3,2,0,4,4,4,4,4,4,4,4,4,4,4,4,4,4,4,4,4,4,4,4,4,2,3,2,0,0,2,1,0,4,1,1,1,4,1,3,3,3,4,0,3,2,3,3,2,3,1,0,4,3,4,0,1,0,4,4,4,4,4,4,4,4,4,4,4,4,4,4,4,4,4,4,4,4,4,4,4,4,4,4,4,4,4,4,4,4,2,0,1,1,3,2,4,4,4,4,4,4,4,4,4,4,4,4,4,4,4,4,4,3,3,3,3,2,0,1,2,1,1,3,2,1,1,1,1,3,3,0,0,4,4,1,1,4,4,4,4,4,4,4,4,4,4,4,4,4,4,4,4,4,4,4,4,4,4,4,4,4,4,4,4,4,4,4,4,4,4,4,4,4,4,4,4,2,2,2,1,0,2,2,1,2,3,3,3,3,3,3,3,AETE01000025.1/53205-52998,0
940,2,3,0,2,0,3,2,1,3,1,0,3,3,1,1,0,3,4,1,3,4,1,3,3,0,3,2,3,3,1,2,1,1,3,3,0,4,4,4,4,4,4,4,4,4,4,4,4,4,4,4,4,4,2,3,4,4,4,4,4,4,4,4,4,4,4,4,4,4,4,4,4,4,4,4,4,4,4,4,4,4,4,4,4,4,2,1,4,1,3,1,0,3,0,0,0,1,3,1,1,4,2,2,0,0,3,2,0,1,2,1,4,0,2,0,4,2,1,1,2,3,3,4,4,4,4,3,0,1,2,2,4,4,3,2,1,3,3,4,0,4,3,1,2,3,1,1,0,4,4,1,3,2,0,4,1,0,2,0,3,2,4,3,1,2,1,4,4,4,3,3,4,0,4,3,2,1,1,4,4,4,4,4,4,4,3,4,4,4,4,4,4,4,4,4,4,4,4,4,4,4,4,4,4,4,4,4,4,4,4,4,4,4,4,4,4,4,4,4,4,4,4,4,4,4,4,4,4,4,4,4,4,4,4,4,4,4,4,4,4,1,0,3,1,0,2,0,1,0,1,1,0,4,3,2,2,0,1,0,1,0,0,1,2,3,3,2,0,4,4,4,4,4,4,4,4,4,4,4,4,4,4,4,4,4,4,4,4,4,2,3,2,0,0,2,1,0,4,1,1,4,4,1,0,1,3,4,4,3,2,3,3,2,3,1,0,4,3,4,0,1,0,4,4,4,4,4,4,4,4,4,4,4,4,4,4,4,4,4,4,4,4,4,4,4,4,4,4,4,4,4,4,4,4,2,0,1,1,3,2,4,4,4,4,4,4,4,4,4,4,4,4,4,4,4,4,4,3,3,3,3,0,0,1,2,4,4,4,4,4,4,4,4,4,4,4,4,4,4,4,4,1,1,3,4,4,4,4,4,4,4,4,4,4,4,4,4,4,4,4,4,4,4,4,4,4,4,4,4,4,4,4,4,4,4,4,4,2,1,3,1,4,4,4,4,4,4,4,1,2,3,0,0,3,0,0,2,ADTW01000382.1/196-5,0
941,2,3,0,2,0,3,2,1,3,1,0,3,3,1,1,0,3,4,1,3,4,1,3,3,0,3,2,3,3,1,2,1,3,3,1,2,4,4,4,4,4,4,4,4,4,4,4,4,4,4,4,4,4,4,4,4,4,4,4,4,4,4,4,4,4,4,4,4,4,4,4,4,4,4,4,4,4,4,4,4,4,4,4,4,4,2,1,4,3,3,1,0,3,0,0,0,1,1,1,0,4,2,2,0,0,3,2,0,1,2,1,4,0,2,0,4,2,1,1,2,3,3,4,4,4,4,3,0,1,2,2,4,4,3,2,1,3,3,4,0,4,3,1,2,3,1,1,0,4,4,1,0,2,0,4,1,0,2,0,3,2,4,3,1,2,1,4,4,4,3,3,4,1,4,2,2,1,1,4,4,4,4,4,4,4,3,4,4,4,4,4,4,4,4,4,4,4,4,4,4,4,4,4,4,4,4,4,4,4,4,4,4,4,4,4,4,4,4,4,4,4,4,4,4,4,4,4,4,4,4,4,4,4,4,4,4,4,4,4,4,1,0,3,1,0,0,0,1,0,1,1,0,4,3,2,2,0,1,0,3,0,0,1,2,3,3,2,0,4,4,4,4,4,4,4,4,4,4,4,4,4,4,4,4,4,4,4,4,4,2,3,2,0,0,2,1,0,4,1,1,0,4,1,0,3,3,4,4,3,2,3,3,2,3,1,0,4,0,4,0,1,0,4,4,4,4,4,4,4,4,4,4,4,4,4,4,4,4,4,4,4,4,4,4,4,4,4,4,4,4,4,4,4,4,2,0,1,1,3,2,4,4,4,4,4,4,4,4,4,4,4,4,4,4,4,4,4,3,3,3,3,2,0,3,0,1,1,3,2,1,1,1,3,1,4,4,4,4,4,4,4,4,4,4,4,4,4,4,4,4,4,4,4,4,4,4,4,4,4,4,4,4,4,4,4,4,4,4,4,4,4,4,4,4,4,4,4,4,4,4,4,2,2,2,1,0,2,2,3,0,3,3,3,3,3,3,3,FN543093.2/262992-263191,0
942,2,3,0,2,0,3,2,1,3,1,0,3,3,1,1,0,3,4,1,3,4,1,3,3,0,3,2,3,3,1,2,1,1,3,3,0,4,4,4,4,4,4,4,4,4,4,4,4,4,4,4,4,4,2,3,4,4,4,4,4,4,4,4,4,4,4,4,4,4,4,4,4,4,4,4,4,4,4,4,4,4,4,4,4,4,2,1,4,1,3,1,0,3,0,0,0,1,3,1,1,4,2,2,0,0,3,2,0,1,2,1,4,0,2,0,4,2,1,1,2,3,3,4,4,4,4,3,0,1,2,2,4,4,3,2,1,3,3,4,0,4,3,1,2,3,1,1,0,4,4,1,3,2,0,4,1,0,2,0,3,2,4,3,1,2,1,4,4,4,3,3,4,0,4,3,2,1,1,4,4,4,4,4,4,4,3,4,4,4,4,4,4,4,4,4,4,4,4,4,4,4,4,4,4,4,4,4,4,4,4,4,4,4,4,4,4,4,4,4,4,4,4,4,4,4,4,4,4,4,4,4,4,4,4,4,4,4,4,4,4,1,0,3,1,0,2,0,1,0,1,1,0,4,3,2,2,0,1,0,1,0,0,1,2,3,3,2,0,4,4,4,4,4,4,4,4,4,4,4,4,4,4,4,4,4,4,4,4,4,2,3,2,0,0,2,1,0,4,1,1,4,4,1,0,1,3,4,4,3,2,3,3,2,3,1,0,4,3,4,0,1,0,4,4,4,4,4,4,4,4,4,4,4,4,4,4,4,4,4,4,4,4,4,4,4,4,4,4,4,4,4,4,4,4,2,0,1,1,3,2,4,4,4,4,4,4,4,4,4,4,4,4,4,4,4,4,4,3,3,3,3,0,0,1,2,1,1,3,2,1,3,1,1,2,3,0,0,4,3,0,0,4,4,4,4,4,4,4,4,4,4,4,4,4,4,4,4,4,4,4,4,4,4,4,4,4,4,4,4,4,4,4,4,4,4,4,4,4,4,4,4,2,0,2,1,0,2,2,1,2,3,3,3,3,3,3,3,AEYT01000044.1/10102-10308,0
943,2,3,0,2,0,3,2,1,3,1,0,3,3,1,1,0,3,4,1,3,4,1,3,3,0,3,2,3,3,1,2,1,1,3,3,1,4,4,4,4,4,4,4,4,4,4,4,4,4,4,4,4,4,3,2,4,4,4,4,4,4,4,4,4,4,4,4,4,4,4,4,4,4,4,4,4,4,4,4,4,4,4,4,4,4,2,1,4,1,3,1,0,3,0,0,0,1,3,1,0,4,2,2,0,0,3,2,0,3,2,1,4,0,2,0,4,2,1,1,2,3,3,4,4,4,4,3,0,1,2,2,4,4,3,2,1,3,3,4,0,4,3,1,2,3,1,1,0,4,4,1,3,2,0,4,1,0,2,0,3,2,4,3,1,2,1,4,4,4,3,3,4,0,4,1,2,1,1,4,4,4,4,4,4,4,3,4,4,4,4,4,4,4,4,4,4,4,4,4,4,4,4,4,4,4,4,4,4,4,4,4,4,4,4,4,4,4,4,4,4,4,4,4,4,4,4,4,4,4,4,4,4,4,4,4,4,4,4,4,4,1,0,3,1,0,0,0,1,0,1,1,1,4,3,2,2,0,1,0,1,0,0,1,2,3,3,2,0,4,4,4,4,4,4,4,4,4,4,4,4,4,4,4,4,4,4,4,4,4,2,3,2,0,0,2,1,0,4,1,1,1,4,1,3,3,3,4,0,3,2,3,3,2,3,1,0,4,3,4,0,1,0,4,4,4,4,4,4,4,4,4,4,4,4,4,4,4,4,4,4,4,4,4,4,4,4,4,4,4,4,4,4,4,4,2,0,1,1,3,2,4,4,4,4,4,4,4,4,4,4,4,4,4,4,4,4,4,3,3,3,3,2,0,1,2,1,1,3,2,1,1,1,1,3,3,0,0,4,4,1,1,4,4,4,4,4,4,4,4,4,4,4,4,4,4,4,4,4,4,4,4,4,4,4,4,4,4,4,4,4,4,4,4,4,4,4,4,4,4,4,4,2,2,2,1,0,2,2,1,2,3,3,3,3,3,3,0,CAAT01000113.1/423-630,0
944,2,1,0,2,3,2,2,1,3,1,0,3,3,1,0,1,1,4,2,0,4,1,3,3,0,3,2,3,1,0,2,1,1,1,1,3,3,1,2,4,4,4,4,4,4,4,4,4,4,2,2,0,1,2,3,4,4,4,4,4,4,4,4,4,4,4,4,4,4,4,4,4,4,4,4,4,4,4,4,4,4,4,4,4,4,2,1,4,3,0,1,0,3,0,0,0,0,3,3,1,4,4,2,0,0,3,2,0,1,2,1,4,0,1,0,4,0,1,4,4,4,4,4,4,4,4,4,0,0,2,2,4,4,3,2,1,1,3,4,2,4,1,1,2,3,1,1,0,4,4,0,1,3,3,4,1,3,2,0,3,0,4,3,1,0,2,1,4,2,3,0,4,4,4,4,2,1,3,4,4,4,4,4,4,4,0,4,4,4,4,4,4,4,4,4,4,4,4,4,4,4,4,4,4,4,4,4,4,4,4,4,4,4,4,4,4,4,4,4,4,4,4,4,4,4,4,4,4,4,4,4,4,4,4,4,4,4,4,4,4,3,0,3,1,0,4,4,0,1,1,0,3,4,1,2,2,2,1,2,0,0,0,1,2,3,1,2,0,4,4,4,4,4,4,4,4,4,4,4,4,4,4,4,4,4,4,4,4,4,2,3,3,0,2,2,1,0,4,1,1,2,4,1,1,3,3,4,4,4,0,3,3,4,4,4,4,4,4,4,4,4,4,4,4,4,4,4,4,4,4,4,4,4,4,4,4,4,4,4,4,4,4,4,4,4,4,4,4,4,4,4,4,4,4,4,4,4,1,1,0,4,4,4,4,4,4,4,4,4,4,4,4,4,4,4,4,4,3,0,0,1,0,0,0,2,1,1,2,2,2,4,4,3,0,0,3,4,4,4,4,3,4,4,4,4,4,4,4,4,4,4,4,4,4,4,4,4,4,4,4,4,4,4,4,4,4,4,4,4,4,4,4,4,4,4,4,4,4,4,4,4,4,4,1,1,1,2,2,1,3,3,3,2,3,3,2,3,CP002167.1/809353-809540,0
945,2,3,4,4,4,2,2,1,3,1,0,3,3,1,0,1,1,4,3,3,4,1,3,3,0,3,2,3,1,0,2,1,1,1,1,3,3,0,2,4,4,4,4,4,4,4,4,4,4,2,2,0,1,2,1,4,4,4,4,4,4,4,4,4,4,4,4,4,4,4,4,4,4,4,4,4,4,4,4,4,4,4,4,4,4,2,1,4,3,0,1,0,3,0,0,0,1,3,3,1,4,4,2,0,0,3,2,0,1,2,1,4,4,4,4,4,0,1,0,0,4,4,4,4,4,4,1,0,0,2,2,4,4,3,2,1,1,3,4,2,4,1,1,2,3,1,1,0,4,4,0,1,3,3,4,1,3,2,0,3,0,4,0,3,0,2,1,4,2,3,4,4,4,4,0,2,1,3,4,4,4,4,4,4,4,3,4,4,4,4,4,4,4,4,4,4,4,4,4,4,4,4,4,4,4,4,4,4,4,4,4,4,4,4,4,4,4,4,4,4,4,4,4,4,4,4,4,4,4,4,4,4,4,4,4,4,4,4,4,4,3,0,3,1,0,4,4,0,1,1,3,1,4,1,2,2,2,1,2,0,0,0,1,2,3,1,2,0,4,4,4,4,4,4,4,4,4,4,4,4,4,4,4,4,4,4,4,4,4,2,3,3,0,2,2,1,0,4,1,1,2,4,1,1,3,3,4,4,4,0,3,3,4,4,4,4,4,4,4,4,4,4,4,4,4,4,4,4,4,4,4,4,4,4,4,4,4,4,4,4,4,4,4,4,4,4,4,4,4,4,4,4,4,4,4,4,4,1,1,0,4,4,4,4,4,4,4,4,4,4,4,4,4,4,4,4,4,3,0,0,1,0,0,0,2,1,1,2,2,2,3,3,3,4,4,4,4,4,4,4,4,4,4,4,4,4,4,4,4,4,4,4,4,4,4,4,4,4,4,4,4,4,4,4,4,4,4,4,4,4,4,4,4,4,4,4,4,4,4,4,4,0,2,1,1,1,2,2,1,3,3,3,2,3,3,2,3,ABAM02000001.1/3165637-3165453,0
946,2,3,3,2,1,4,4,4,3,1,0,3,3,1,0,0,1,0,3,3,4,0,3,3,0,3,2,3,1,2,2,3,1,1,0,1,0,3,3,0,2,2,2,4,4,4,3,2,2,2,0,0,1,0,3,4,4,4,4,4,4,4,4,4,4,4,4,4,4,4,4,4,4,4,4,4,4,4,4,4,4,4,4,4,4,0,1,4,1,0,1,0,3,0,0,0,2,1,0,0,4,4,2,0,0,3,2,0,3,4,4,4,4,4,4,4,2,1,1,0,0,0,4,4,4,2,3,0,0,2,2,4,4,3,2,1,1,3,4,0,4,1,1,2,3,1,1,0,0,1,0,2,1,0,4,1,0,2,0,3,0,4,3,3,1,2,1,4,3,3,3,1,2,4,0,2,1,1,4,4,4,4,4,4,4,3,4,4,4,4,4,4,4,4,4,4,4,4,4,4,4,4,4,4,4,4,4,4,4,4,4,4,4,4,4,4,4,4,4,4,4,4,4,4,4,4,4,4,4,4,4,4,4,4,4,4,4,4,4,4,3,0,3,1,0,4,4,0,0,1,0,1,4,0,2,2,2,1,2,0,1,0,1,2,3,2,2,0,4,4,4,4,4,4,4,4,4,4,4,4,4,4,4,4,4,4,4,4,4,2,3,2,0,2,2,1,0,4,1,1,0,4,1,1,3,0,4,4,3,0,3,2,0,3,3,0,4,3,4,0,4,4,0,0,2,0,2,0,3,0,0,3,1,0,3,4,4,0,3,0,3,1,0,1,0,3,1,0,2,3,0,4,4,4,0,0,3,1,4,4,4,4,4,4,4,4,4,4,4,4,4,4,4,4,4,4,4,2,1,3,2,2,1,2,2,0,0,3,0,0,0,2,3,3,2,0,0,4,4,1,3,4,4,4,4,4,4,4,4,4,4,4,4,4,4,4,4,4,4,4,4,4,4,4,4,4,4,4,4,4,4,4,4,4,4,4,4,4,4,4,4,1,3,3,3,0,3,3,1,1,2,1,1,3,3,1,1,ABJD02000101.1/1758134-1757895,0
947,2,3,0,2,0,3,2,1,3,1,0,3,3,1,1,0,3,4,1,3,4,1,3,3,0,3,2,3,3,1,2,1,1,3,3,1,4,4,4,4,4,4,4,4,4,4,4,4,4,4,4,4,4,3,2,4,4,4,4,4,4,4,4,4,4,4,4,4,4,4,4,4,4,4,4,4,4,4,4,4,4,4,4,4,4,2,1,4,1,3,1,0,3,0,0,0,1,3,1,0,4,2,2,0,0,3,2,0,3,2,1,4,0,2,0,4,2,1,1,2,3,3,4,4,4,4,3,0,1,2,2,4,4,3,2,1,3,3,4,0,4,3,1,2,3,1,1,0,4,4,1,3,2,0,4,1,0,2,0,3,2,4,3,1,2,1,4,4,4,3,3,4,0,4,1,2,1,1,4,4,4,4,4,4,4,3,4,4,4,4,4,4,4,4,4,4,4,4,4,4,4,4,4,4,4,4,4,4,4,4,4,4,4,4,4,4,4,4,4,4,4,4,4,4,4,4,4,4,4,4,4,4,4,4,4,4,4,4,4,4,1,0,3,1,0,0,0,1,0,1,1,1,4,3,2,2,0,1,0,1,0,0,1,2,3,3,2,0,4,4,4,4,4,4,4,4,4,4,4,4,4,4,4,4,4,4,4,4,4,2,3,2,0,0,2,1,0,4,1,1,1,4,1,3,3,3,4,0,3,2,3,3,2,3,1,0,4,3,4,0,1,0,4,4,4,4,4,4,4,4,4,4,4,4,4,4,4,4,4,4,4,4,4,4,4,4,4,4,4,4,4,4,4,4,2,0,1,1,3,2,4,4,4,4,4,4,4,4,4,4,4,4,4,4,4,4,4,3,3,3,3,2,0,1,2,1,1,3,2,1,1,1,1,3,3,0,0,4,4,1,1,4,4,4,4,4,4,4,4,4,4,4,4,4,4,4,4,4,4,4,4,4,4,4,4,4,4,4,4,4,4,4,4,4,4,4,4,4,4,4,4,2,2,2,1,0,2,2,1,2,3,3,3,3,3,3,3,AFCP01001902.1/293-500,0
948,2,3,4,4,4,2,2,1,3,1,0,3,3,1,0,1,1,4,2,0,4,1,3,3,0,3,2,3,1,0,2,1,1,1,1,3,3,1,2,4,4,4,4,4,4,4,4,4,4,2,2,0,1,2,3,4,4,4,4,4,4,4,4,4,4,4,4,4,4,4,4,4,4,4,4,4,4,4,4,4,4,4,4,4,4,2,1,4,3,0,1,0,3,0,0,0,0,3,0,1,4,4,2,0,0,3,2,0,1,2,1,4,4,4,4,4,0,1,0,0,4,4,4,4,4,4,1,0,0,2,2,4,4,3,2,1,1,3,4,2,4,1,1,2,3,1,1,0,4,4,0,1,3,3,4,1,3,2,0,3,0,4,3,1,0,2,1,4,2,3,0,4,4,4,4,2,1,3,4,4,4,4,4,4,4,0,4,4,4,4,4,4,4,4,4,4,4,4,4,4,4,4,4,4,4,4,4,4,4,4,4,4,4,4,4,4,4,4,4,4,4,4,4,4,4,4,4,4,4,4,4,4,4,4,4,4,4,4,4,4,3,0,3,1,0,4,4,0,1,1,0,3,4,1,2,2,2,1,2,0,0,0,1,2,3,1,2,0,4,4,4,4,4,4,4,4,4,4,4,4,4,4,4,4,4,4,4,4,4,2,3,3,0,2,2,1,0,4,1,1,2,4,1,1,3,3,4,4,4,0,3,3,4,4,4,4,4,4,4,4,4,4,4,4,4,4,4,4,4,4,4,4,4,4,4,4,4,4,4,4,4,4,4,4,4,4,4,4,4,4,4,4,4,4,4,4,4,1,1,0,4,4,4,4,4,4,4,4,4,4,4,4,4,4,4,4,4,3,0,0,1,0,0,0,2,1,1,2,2,2,4,4,3,0,0,3,4,4,4,4,3,4,4,4,4,4,4,4,4,4,4,4,4,4,4,4,4,4,4,4,4,4,4,4,4,4,4,4,4,4,4,4,4,4,4,4,4,4,4,4,4,4,4,1,1,1,2,2,1,3,3,3,2,3,3,2,3,M19501.1/5498-5682,0
949,2,3,0,2,0,3,2,1,3,1,0,3,3,1,1,0,3,4,1,3,4,1,3,3,0,3,2,3,3,1,2,1,1,3,3,0,4,4,4,4,4,4,4,4,4,4,4,4,4,4,4,4,4,2,3,4,4,4,4,4,4,4,4,4,4,4,4,4,4,4,4,4,4,4,4,4,4,4,4,4,4,4,4,4,4,2,1,4,1,3,1,0,3,0,0,0,1,3,1,1,4,2,2,0,0,3,2,0,1,2,1,4,0,2,0,4,2,1,1,2,3,3,4,4,4,4,3,0,1,2,2,4,4,3,2,1,3,3,4,0,4,3,1,2,3,1,1,0,4,4,1,3,2,0,4,1,0,2,0,3,2,4,3,1,2,1,4,4,4,3,3,4,0,4,3,2,1,1,4,4,4,4,4,4,4,3,4,4,4,4,4,4,4,4,4,4,4,4,4,4,4,4,4,4,4,4,4,4,4,4,4,4,4,4,4,4,4,4,4,4,4,4,4,4,4,4,4,4,4,4,4,4,4,4,4,4,4,4,4,4,1,0,3,1,0,2,0,1,0,1,1,0,4,3,2,2,0,1,0,1,0,0,1,2,3,3,2,0,4,4,4,4,4,4,4,4,4,4,4,4,4,4,4,4,4,4,4,4,4,2,3,2,0,0,2,1,0,4,1,1,4,4,1,0,1,3,4,4,3,2,3,3,2,3,1,0,4,3,4,0,1,0,4,4,4,4,4,4,4,4,4,4,4,4,4,4,4,4,4,4,4,4,4,4,4,4,4,4,4,4,4,4,4,4,2,0,1,1,3,2,4,4,4,4,4,4,4,4,4,4,4,4,4,4,4,4,4,3,3,3,3,0,0,1,2,1,1,3,2,1,3,1,1,2,3,0,0,4,3,0,0,4,4,4,4,4,4,4,4,4,4,4,4,4,4,4,4,4,4,4,4,4,4,4,4,4,4,4,4,4,4,4,4,4,4,4,4,4,4,4,4,2,0,2,1,0,2,2,1,2,3,3,3,3,3,3,3,AEJX01000037.1/51130-50924,0
950,2,3,1,2,1,4,4,4,3,1,0,3,3,1,0,1,1,4,3,3,4,2,0,3,0,3,2,0,1,0,2,1,2,3,1,0,4,4,4,4,4,4,4,4,4,4,4,4,4,4,4,4,4,4,4,1,0,1,2,1,3,0,2,2,4,4,4,4,4,4,4,4,4,4,4,1,0,0,3,0,1,2,0,1,1,2,1,4,3,1,1,0,3,0,3,1,3,2,1,1,4,4,2,0,0,3,2,0,3,4,4,4,4,4,4,4,2,1,1,0,0,3,4,4,4,2,3,0,3,2,2,4,4,3,2,1,1,3,4,0,4,1,3,2,3,1,1,0,0,1,2,3,0,0,4,1,1,2,3,3,0,4,0,3,1,2,1,4,4,4,4,4,4,4,4,4,4,4,4,4,4,4,4,4,4,4,3,2,1,1,3,3,2,4,4,4,4,4,4,4,4,4,4,4,4,4,4,4,4,4,4,4,4,4,4,4,4,4,4,4,4,4,4,4,4,4,4,4,4,4,4,4,2,1,2,2,1,2,0,3,3,0,0,1,0,4,4,0,3,1,0,1,4,0,2,2,2,1,2,0,1,0,1,2,3,3,2,0,4,4,4,4,4,4,4,4,4,4,4,4,4,4,4,4,4,4,4,4,4,2,3,2,0,2,2,1,0,4,1,1,3,4,1,1,3,0,4,4,3,3,3,1,4,4,4,4,4,4,4,4,4,0,4,4,4,4,4,4,4,4,4,4,4,4,4,4,4,4,4,4,4,4,4,4,4,4,4,4,4,4,4,4,4,4,4,4,4,1,1,0,4,4,4,4,4,4,4,4,4,4,4,4,4,4,4,4,4,0,0,0,0,2,2,3,0,1,3,3,2,0,1,1,3,1,1,4,4,4,4,4,4,4,4,4,4,4,4,4,4,4,4,4,4,4,4,4,4,4,4,4,4,4,4,4,4,4,4,4,4,4,4,4,4,4,4,4,4,4,4,4,4,2,2,1,1,0,0,2,3,2,1,1,3,3,3,3,3,AP008232.1/3036798-3036589,0
951,2,3,0,2,0,3,2,1,3,1,0,3,3,1,1,0,1,4,1,3,4,1,3,3,0,3,2,3,3,3,2,1,3,3,1,2,4,4,4,4,4,4,4,4,4,4,4,4,4,4,4,4,4,4,4,4,4,4,4,4,4,4,4,4,4,4,4,4,4,4,4,4,4,4,4,4,4,4,4,4,4,4,4,4,4,2,1,4,3,0,1,0,3,0,0,0,1,1,3,2,4,2,2,0,0,3,2,0,1,2,1,4,0,2,0,4,2,1,1,0,0,3,4,4,4,3,3,3,2,2,2,4,4,3,0,1,1,3,4,2,4,3,3,2,3,1,3,2,4,4,1,1,3,2,4,1,1,3,2,3,0,4,3,1,2,1,4,4,4,2,0,4,0,4,0,2,3,1,4,4,4,4,4,4,4,3,4,4,4,4,4,4,4,4,4,4,4,4,4,4,4,4,4,4,4,4,4,4,4,4,4,4,4,4,4,4,4,4,4,4,4,4,4,4,4,4,4,4,4,4,4,4,4,4,4,4,4,4,4,4,3,0,1,0,2,2,4,2,3,3,0,3,4,1,0,2,0,1,0,1,1,0,1,2,3,3,2,0,4,4,4,4,4,4,4,4,4,4,4,4,4,4,4,4,4,4,4,4,4,2,3,1,2,2,2,3,0,4,1,1,4,4,3,1,3,1,4,4,2,2,3,3,2,3,1,3,4,0,4,0,1,1,4,4,4,4,4,4,4,4,4,4,4,4,4,4,4,4,4,4,4,4,4,4,4,4,4,4,4,4,4,4,4,4,2,0,1,1,3,2,4,4,4,4,4,4,4,4,4,4,4,4,4,4,4,4,4,0,3,1,3,3,0,1,0,1,1,3,2,1,3,3,3,4,4,4,4,4,4,4,4,4,4,4,4,4,4,4,4,4,4,4,4,4,4,4,4,4,4,4,4,4,4,4,4,4,4,4,4,4,4,4,4,4,4,4,4,4,4,4,4,3,0,2,1,0,2,2,3,2,3,3,3,3,3,3,3,AP012032.1/3968361-3968558,0
952,2,1,0,2,3,2,2,1,3,1,0,3,3,1,0,1,1,4,2,0,4,1,3,3,0,3,2,3,1,0,2,1,1,1,1,3,3,1,2,4,4,4,4,4,4,4,4,4,4,2,2,0,1,2,3,4,4,4,4,4,4,4,4,4,4,4,4,4,4,4,4,4,4,4,4,4,4,4,4,4,4,4,4,4,4,2,1,4,3,0,1,0,3,0,0,0,0,3,3,1,4,4,2,0,0,3,2,0,1,2,1,4,0,1,0,4,0,1,4,4,4,4,4,4,4,4,4,0,0,2,2,4,4,3,2,1,1,3,4,2,4,1,1,2,3,1,1,0,4,4,0,1,3,3,4,1,3,2,0,3,0,4,3,1,0,2,1,4,2,3,0,4,4,4,4,2,1,3,4,4,4,4,4,4,4,0,4,4,4,4,4,4,4,4,4,4,4,4,4,4,4,4,4,4,4,4,4,4,4,4,4,4,4,4,4,4,4,4,4,4,4,4,4,4,4,4,4,4,4,4,4,4,4,4,4,4,4,4,4,4,3,0,3,1,0,4,4,0,1,1,0,3,4,1,2,2,2,1,2,0,0,0,1,2,3,1,2,0,4,4,4,4,4,4,4,4,4,4,4,4,4,4,4,4,4,4,4,4,4,2,3,3,0,2,2,1,0,4,1,1,2,4,1,1,3,3,4,4,4,0,3,3,4,4,4,4,4,4,4,4,4,4,4,4,4,4,4,4,4,4,4,4,4,4,4,4,4,4,4,4,4,4,4,4,4,4,4,4,4,4,4,4,4,4,4,4,4,1,1,0,4,4,4,4,4,4,4,4,4,4,4,4,4,4,4,4,4,3,0,0,1,0,0,0,2,1,1,2,2,2,4,4,3,0,0,3,4,4,4,4,3,4,4,4,4,4,4,4,4,4,4,4,4,4,4,4,4,4,4,4,4,4,4,4,4,4,4,4,4,4,4,4,4,4,4,4,4,4,4,4,4,4,4,1,1,1,2,2,1,3,3,3,2,3,3,2,3,AEZP01000109.1/12077-12264,0
953,2,1,0,2,3,2,2,1,3,1,0,3,3,1,0,1,1,4,2,0,4,1,3,3,0,3,2,3,1,0,2,1,1,1,1,3,3,1,2,4,4,4,4,4,4,4,4,4,4,2,2,0,1,2,3,4,4,4,4,4,4,4,4,4,4,4,4,4,4,4,4,4,4,4,4,4,4,4,4,4,4,4,4,4,4,2,1,4,3,0,1,0,3,0,0,0,0,3,3,1,4,4,2,0,0,3,2,0,1,2,1,4,0,1,0,4,0,1,4,4,4,4,4,4,4,4,4,0,0,2,2,4,4,3,2,1,1,3,4,2,4,1,1,2,3,1,1,0,4,4,0,1,3,3,4,1,3,2,0,3,0,4,3,1,0,2,1,4,2,3,0,4,4,4,4,2,1,3,4,4,4,4,4,4,4,0,4,4,4,4,4,4,4,4,4,4,4,4,4,4,4,4,4,4,4,4,4,4,4,4,4,4,4,4,4,4,4,4,4,4,4,4,4,4,4,4,4,4,4,4,4,4,4,4,4,4,4,4,4,4,3,0,3,1,0,4,4,0,1,1,0,3,4,1,2,2,2,1,2,0,0,0,1,2,3,1,2,0,4,4,4,4,4,4,4,4,4,4,4,4,4,4,4,4,4,4,4,4,4,2,3,3,0,2,2,1,0,4,1,1,2,4,1,1,3,3,4,4,4,0,3,3,4,4,4,4,4,4,4,4,4,4,4,4,4,4,4,4,4,4,4,4,4,4,4,4,4,4,4,4,4,4,4,4,4,4,4,4,4,4,4,4,4,4,4,4,4,1,1,0,4,4,4,4,4,4,4,4,4,4,4,4,4,4,4,4,4,3,0,0,1,0,0,0,2,1,1,2,2,2,4,4,3,0,0,3,4,4,4,4,3,4,4,4,4,4,4,4,4,4,4,4,4,4,4,4,4,4,4,4,4,4,4,4,4,4,4,4,4,4,4,4,4,4,4,4,4,4,4,4,4,4,4,1,1,1,2,2,1,3,3,3,2,3,3,2,3,AEZW01000032.1/383418-383231,0
954,2,3,0,2,0,3,2,1,3,1,0,3,3,1,1,0,3,4,1,3,4,1,3,3,0,3,2,3,3,1,2,1,1,3,3,1,4,4,4,4,4,4,4,4,4,4,4,4,4,4,4,4,4,3,2,4,4,4,4,4,4,4,4,4,4,4,4,4,4,4,4,4,4,4,4,4,4,4,4,4,4,4,4,4,4,2,1,4,1,3,1,0,3,0,0,0,1,3,1,0,4,2,2,0,0,3,2,0,3,2,1,4,0,2,0,4,2,1,1,2,3,3,4,4,4,4,3,0,1,2,2,4,4,3,2,1,3,3,4,0,4,3,1,2,3,1,1,0,4,4,1,3,2,0,4,1,0,2,0,3,2,4,3,1,2,1,4,4,4,3,3,4,0,4,1,2,1,1,4,4,4,4,4,4,4,3,4,4,4,4,4,4,4,4,4,4,4,4,4,4,4,4,4,4,4,4,4,4,4,4,4,4,4,4,4,4,4,4,4,4,4,4,4,4,4,4,4,4,4,4,4,4,4,4,4,4,4,4,4,4,1,0,3,1,0,0,0,1,0,1,1,1,4,3,2,2,0,1,0,1,0,0,1,2,3,3,2,0,4,4,4,4,4,4,4,4,4,4,4,4,4,4,4,4,4,4,4,4,4,2,3,2,0,0,2,1,0,4,1,1,1,4,1,3,3,3,4,0,3,2,3,3,2,3,1,0,4,3,4,0,1,0,4,4,4,4,4,4,4,4,4,4,4,4,4,4,4,4,4,4,4,4,4,4,4,4,4,4,4,4,4,4,4,4,2,0,1,1,3,2,4,4,4,4,4,4,4,4,4,4,4,4,4,4,4,4,4,3,3,3,3,2,0,1,2,1,1,3,2,1,1,1,1,3,3,0,0,4,4,1,1,4,4,4,4,4,4,4,4,4,4,4,4,4,4,4,4,4,4,4,4,4,4,4,4,4,4,4,4,4,4,4,4,4,4,4,4,4,4,4,4,2,2,2,1,0,2,2,1,2,3,3,3,3,3,3,3,CAAX01000826.1/594-387,0
955,2,3,0,2,0,3,2,1,3,1,0,3,3,1,1,0,3,4,1,3,4,1,3,3,0,3,2,3,3,1,2,1,1,3,3,0,4,4,4,4,4,4,4,4,4,4,4,4,4,4,4,4,4,2,3,4,4,4,4,4,4,4,4,4,4,4,4,4,4,4,4,4,4,4,4,4,4,4,4,4,4,4,4,4,4,2,1,4,1,3,1,0,3,0,0,0,1,3,1,1,4,2,2,0,0,3,2,0,1,2,1,4,0,2,0,4,2,1,1,2,3,3,4,4,4,4,3,0,1,2,2,4,4,3,2,1,3,3,4,0,4,3,1,2,3,1,1,0,4,4,1,3,2,0,4,1,0,2,0,3,2,4,3,1,2,1,4,4,4,3,3,4,0,4,3,2,1,1,4,4,4,4,4,4,4,3,4,4,4,4,4,4,4,4,4,4,4,4,4,4,4,4,4,4,4,4,4,4,4,4,4,4,4,4,4,4,4,4,4,4,4,4,4,4,4,4,4,4,4,4,4,4,4,4,4,4,4,4,4,4,1,0,3,1,0,2,0,1,0,1,1,0,4,3,2,2,0,1,0,1,0,0,1,2,3,3,2,0,4,4,4,4,4,4,4,4,4,4,4,4,4,4,4,4,4,4,4,4,4,2,3,2,0,0,2,1,0,4,1,1,4,4,1,0,1,3,4,4,3,2,3,3,2,3,1,0,4,3,4,0,1,0,4,4,4,4,4,4,4,4,4,4,4,4,4,4,4,4,4,4,4,4,4,4,4,4,4,4,4,4,4,4,4,4,2,0,1,1,3,2,4,4,4,4,4,4,4,4,4,4,4,4,4,4,4,4,4,3,3,3,3,0,0,1,2,1,1,3,2,1,3,1,1,2,3,0,0,4,3,0,0,4,4,4,4,4,4,4,4,4,4,4,4,4,4,4,4,4,4,4,4,4,4,4,4,4,4,4,4,4,4,4,4,4,4,4,4,4,4,4,4,2,0,2,1,0,2,2,1,2,3,3,3,3,3,3,3,ADWQ01000020.1/38181-38387,0
956,2,3,0,2,0,3,2,1,3,1,0,3,3,1,1,0,3,4,1,3,4,1,3,3,0,3,2,3,3,1,2,1,1,3,3,1,4,4,4,4,4,4,4,4,4,4,4,4,4,4,4,4,4,3,2,4,4,4,4,4,4,4,4,4,4,4,4,4,4,4,4,4,4,4,4,4,4,4,4,4,4,4,4,4,4,2,1,4,1,3,1,0,3,0,0,0,1,3,1,0,4,2,2,0,0,3,2,0,3,2,1,4,0,2,0,4,2,1,1,2,3,3,4,4,4,4,3,0,1,2,2,4,4,3,2,1,3,3,4,0,4,3,1,2,3,1,1,0,4,4,1,3,2,0,4,1,0,2,0,3,2,4,3,1,2,1,4,4,4,3,3,4,0,4,1,2,1,1,4,4,4,4,4,4,4,3,4,4,4,4,4,4,4,4,4,4,4,4,4,4,4,4,4,4,4,4,4,4,4,4,4,4,4,4,4,4,4,4,4,4,4,4,4,4,4,4,4,4,4,4,4,4,4,4,4,4,4,4,4,4,1,0,3,1,0,0,0,1,0,1,1,1,4,3,2,2,0,1,0,1,0,0,1,2,3,3,2,0,4,4,4,4,4,4,4,4,4,4,4,4,4,4,4,4,4,4,4,4,4,2,3,2,0,0,2,1,0,4,1,1,1,4,1,3,3,3,4,0,3,2,3,3,2,3,1,0,4,3,4,0,1,0,4,4,4,4,4,4,4,4,4,4,4,4,4,4,4,4,4,4,4,4,4,4,4,4,4,4,4,4,4,4,4,4,2,0,1,1,3,2,4,4,4,4,4,4,4,4,4,4,4,4,4,4,4,4,4,3,3,3,3,2,0,1,2,1,1,0,2,1,1,1,1,3,3,0,0,4,4,1,1,4,4,4,4,4,4,4,4,4,4,4,4,4,4,4,4,4,4,4,4,4,4,4,4,4,4,4,4,4,4,4,4,4,4,4,4,4,4,4,4,2,2,2,1,0,2,2,1,2,3,3,3,3,3,3,3,AEUK01000029.1/119020-119227,0
957,2,1,0,2,3,2,2,1,3,1,0,3,3,1,0,1,1,4,2,0,4,1,3,3,0,3,2,3,1,0,2,1,1,1,1,3,3,1,2,4,4,4,4,4,4,4,4,4,4,2,2,0,1,2,3,4,4,4,4,4,4,4,4,4,4,4,4,4,4,4,4,4,4,4,4,4,4,4,4,4,4,4,4,4,4,2,1,4,3,0,1,0,3,0,0,0,0,3,3,1,4,4,2,0,0,3,2,0,1,2,1,4,0,1,0,4,0,1,4,4,4,4,4,4,4,4,4,0,0,2,2,4,4,3,2,1,1,3,4,2,4,1,1,2,3,1,1,0,4,4,0,1,3,3,4,1,3,2,0,3,0,4,3,1,0,2,1,4,2,3,0,4,4,4,4,2,1,3,4,4,4,4,4,4,4,0,4,4,4,4,4,4,4,4,4,4,4,4,4,4,4,4,4,4,4,4,4,4,4,4,4,4,4,4,4,4,4,4,4,4,4,4,4,4,4,4,4,4,4,4,4,4,4,4,4,4,4,4,4,4,3,0,3,1,0,4,4,0,1,1,0,3,4,1,2,2,2,1,2,0,0,0,1,2,3,1,2,0,4,4,4,4,4,4,4,4,4,4,4,4,4,4,4,4,4,4,4,4,4,2,3,3,0,2,2,1,0,4,1,1,2,4,1,1,3,3,4,4,4,0,3,3,4,4,4,4,4,4,4,4,4,4,4,4,4,4,4,4,4,4,4,4,4,4,4,4,4,4,4,4,4,4,4,4,4,4,4,4,4,4,4,4,4,4,4,4,4,1,1,0,4,4,4,4,4,4,4,4,4,4,4,4,4,4,4,4,4,3,0,0,1,0,0,0,2,1,1,2,2,2,4,4,3,0,0,3,4,4,4,4,3,4,4,4,4,4,4,4,4,4,4,4,4,4,4,4,4,4,4,4,4,4,4,4,4,4,4,4,4,4,4,4,4,4,4,4,4,4,4,4,4,4,4,1,1,1,2,2,1,3,3,3,2,3,3,2,3,AFUZ01000011.1/214147-213960,0
958,2,3,0,2,0,3,2,1,3,1,0,3,3,1,2,1,1,4,1,1,4,1,3,3,0,3,2,3,3,3,2,1,2,3,0,0,4,4,4,4,4,4,4,4,4,4,4,4,4,4,4,4,4,4,4,4,4,4,4,4,4,4,4,4,4,4,4,4,4,4,4,4,4,4,4,4,4,4,4,4,4,4,4,4,4,2,1,4,3,3,1,0,3,0,0,0,0,1,3,2,4,0,2,0,0,3,2,0,3,2,1,4,0,2,0,4,2,1,1,2,0,1,4,4,4,3,3,2,3,2,2,4,4,3,2,1,1,3,4,0,4,3,2,2,3,1,1,2,4,4,0,0,3,1,4,0,3,2,1,3,2,4,3,1,3,3,3,4,2,4,4,4,4,4,4,4,4,0,4,4,4,4,4,4,4,3,4,4,4,4,4,4,4,4,4,4,4,4,4,4,4,4,4,4,4,4,4,4,4,4,4,4,4,4,4,4,4,4,4,4,4,4,4,4,4,4,4,4,4,4,4,4,4,4,4,4,4,4,4,4,1,0,2,1,0,4,4,1,2,1,1,2,4,1,2,2,0,1,0,1,2,3,1,2,3,3,2,0,4,4,4,4,4,4,4,4,4,4,4,4,4,4,4,4,4,4,4,4,4,2,3,2,0,2,2,1,0,4,1,1,2,4,0,3,1,0,4,4,4,2,3,3,2,3,1,3,4,3,4,0,4,0,4,4,4,4,4,4,4,4,4,4,4,4,4,4,4,4,4,4,4,4,4,4,4,4,4,4,4,4,4,4,4,4,2,0,3,1,3,2,0,3,3,2,4,4,4,4,4,4,4,4,3,1,1,3,3,3,3,3,1,0,0,1,0,1,3,3,2,1,1,3,2,1,4,4,4,4,4,4,4,4,4,4,4,4,4,4,4,4,4,4,4,4,4,4,4,4,4,4,4,4,4,4,4,4,4,4,4,4,4,4,4,4,4,4,4,4,4,4,4,3,2,2,1,0,2,2,3,2,3,3,3,3,3,3,3,ADGK01000279.1/9758-9959,0
959,2,1,0,2,3,2,2,1,3,1,0,3,3,1,0,1,1,4,2,0,4,1,3,3,0,3,2,3,1,0,2,1,1,1,1,3,3,1,2,4,4,4,4,4,4,4,4,4,4,2,2,0,1,2,3,4,4,4,4,4,4,4,4,4,4,4,4,4,4,4,4,4,4,4,4,4,4,4,4,4,4,4,4,4,4,2,1,4,3,0,1,0,3,0,0,0,0,3,3,1,4,4,2,0,0,3,2,0,1,2,1,4,0,1,0,4,0,1,4,4,4,4,4,4,4,4,4,0,0,2,2,4,4,3,2,1,1,3,4,2,4,1,1,2,3,1,1,0,4,4,0,1,3,3,4,1,3,2,0,3,0,4,3,1,0,2,4,4,4,1,3,4,3,4,0,2,1,3,4,4,4,4,4,4,4,0,4,4,4,4,4,4,4,4,4,4,4,4,4,4,4,4,4,4,4,4,4,4,4,4,4,4,4,4,4,4,4,4,4,4,4,4,4,4,4,4,4,4,4,4,4,4,4,4,4,4,4,4,4,4,3,0,3,1,0,4,4,0,1,1,0,3,4,1,2,2,2,1,2,0,0,0,1,2,3,1,2,0,4,4,4,4,4,4,4,4,4,4,4,4,4,4,4,4,4,4,4,4,4,2,3,3,0,2,2,1,0,4,1,1,2,4,1,1,3,3,4,4,4,0,3,3,4,4,4,4,4,4,4,4,4,4,4,4,4,4,4,4,4,4,4,4,4,4,4,4,4,4,4,4,4,4,4,4,4,4,4,4,4,4,4,4,4,4,4,4,4,1,1,0,4,4,4,4,4,4,4,4,4,4,4,4,4,4,4,4,4,3,0,0,1,0,0,0,2,1,1,2,2,2,4,4,3,0,0,3,4,4,4,4,3,4,4,4,4,4,4,4,4,4,4,4,4,4,4,4,4,4,4,4,4,4,4,4,4,4,4,4,4,4,4,4,4,4,4,4,4,4,4,4,4,4,4,1,1,1,2,2,1,3,3,3,2,3,3,2,3,CAFL01000073.1/138944-138757,0
960,0,1,0,2,3,3,2,1,3,1,0,3,3,1,0,1,1,4,3,1,4,3,3,3,0,3,2,0,3,0,2,3,1,1,1,2,4,4,4,4,4,4,4,4,4,4,4,4,4,4,4,4,4,4,4,1,1,2,3,0,1,0,2,1,4,4,4,4,4,4,4,4,4,4,4,4,2,2,0,0,3,0,3,2,1,0,1,4,3,3,1,0,3,0,0,2,1,1,0,1,4,1,2,0,0,3,2,0,3,2,1,4,1,3,0,4,4,4,0,2,0,1,4,4,4,4,4,4,3,2,2,4,4,3,2,1,1,3,4,0,4,3,1,2,3,1,1,0,1,1,1,0,0,0,4,1,1,2,0,3,0,4,3,3,2,3,2,4,3,2,0,4,0,4,3,2,1,0,1,4,4,4,4,4,0,3,4,4,4,4,4,4,4,4,4,4,4,4,4,4,4,4,4,4,4,4,4,4,4,4,4,4,4,4,4,4,4,4,4,4,4,4,4,4,4,4,4,4,4,4,4,4,4,4,4,4,4,4,4,4,3,0,3,1,0,4,4,0,0,1,0,3,4,1,2,2,0,1,2,0,1,0,1,2,3,3,2,0,4,4,4,4,4,4,4,4,4,4,4,4,4,4,4,4,4,4,4,4,4,2,3,2,0,2,2,1,2,4,1,1,2,4,1,1,3,0,4,4,3,2,3,1,4,4,4,4,4,4,4,4,4,4,4,4,4,4,4,4,4,4,4,4,4,4,4,4,4,4,4,4,4,4,4,4,4,4,4,4,4,4,4,4,4,4,4,4,4,1,3,2,4,4,4,4,4,4,4,4,4,4,4,4,4,4,4,4,4,1,3,2,3,2,0,3,2,0,4,4,4,4,4,4,2,3,0,2,4,4,4,4,3,4,4,4,4,4,4,4,4,4,4,4,4,4,4,4,4,4,4,4,4,4,4,4,4,4,4,4,4,4,4,4,4,4,4,4,4,4,4,4,4,4,4,4,4,4,4,3,1,0,3,1,0,0,3,0,3,AM286415.1/1156072-1156269,0
961,2,3,0,2,0,3,2,1,3,1,0,3,3,1,1,0,3,4,1,3,4,1,3,3,0,3,2,3,3,1,2,1,1,3,3,0,4,4,4,4,4,4,4,4,4,4,4,4,4,4,4,4,4,2,3,4,4,4,4,4,4,4,4,4,4,4,4,4,4,4,4,4,4,4,4,4,4,4,4,4,4,4,4,4,4,2,1,4,1,3,1,0,3,0,0,0,1,3,1,1,4,2,2,0,0,3,2,0,1,2,1,4,0,2,0,4,2,1,1,2,3,3,4,4,4,4,3,0,1,2,2,4,4,3,2,1,3,3,4,0,4,3,1,2,3,1,1,0,4,4,1,3,2,0,4,1,0,2,0,3,2,4,3,1,2,1,4,4,4,3,3,4,0,4,3,2,1,1,4,4,4,4,4,4,4,3,4,4,4,4,4,4,4,4,4,4,4,4,4,4,4,4,4,4,4,4,4,4,4,4,4,4,4,4,4,4,4,4,4,4,4,4,4,4,4,4,4,4,4,4,4,4,4,4,4,4,4,4,4,4,1,0,3,1,0,2,0,1,0,1,1,0,4,3,2,2,0,1,0,1,0,0,1,2,3,3,2,0,4,4,4,4,4,4,4,4,4,4,4,4,4,4,4,4,4,4,4,4,4,2,3,2,0,0,2,1,0,4,1,1,4,4,1,0,1,3,4,4,3,2,3,3,2,3,1,0,4,3,4,0,1,0,4,4,4,4,4,4,4,4,4,4,4,4,4,4,4,4,4,4,4,4,4,4,4,4,4,4,4,4,4,4,4,4,2,0,1,1,3,2,4,4,4,4,4,4,4,4,4,4,4,4,4,4,4,4,4,3,3,3,3,0,0,1,2,1,1,3,2,1,3,1,1,2,3,0,0,4,3,0,0,4,4,4,4,4,4,4,4,4,4,4,4,4,4,4,4,4,4,4,4,4,4,4,4,4,4,4,4,4,4,4,4,4,4,4,4,4,4,4,4,2,0,2,1,0,2,2,1,2,3,3,3,3,3,3,3,AEFE01000042.1/40970-41176,0
962,2,3,0,2,0,3,2,1,3,1,0,3,3,1,1,0,3,4,1,3,4,1,3,3,0,3,2,3,3,1,2,1,1,3,3,1,4,4,4,4,4,4,4,4,4,4,4,4,4,4,4,4,4,3,2,4,4,4,4,4,4,4,4,4,4,4,4,4,4,4,4,4,4,4,4,4,4,4,4,4,4,4,4,4,4,2,1,4,1,3,1,0,3,0,0,0,1,3,1,0,4,2,2,0,0,3,2,0,3,2,1,4,0,2,0,4,2,1,1,2,3,3,4,4,4,4,3,0,1,2,2,4,4,3,2,1,3,3,4,0,4,3,1,2,3,1,1,0,4,4,1,3,2,0,4,1,0,2,0,3,2,4,3,1,2,1,4,4,4,3,3,4,0,4,1,2,1,1,4,4,4,4,4,4,4,3,4,4,4,4,4,4,4,4,4,4,4,4,4,4,4,4,4,4,4,4,4,4,4,4,4,4,4,4,4,4,4,4,4,4,4,4,4,4,4,4,4,4,4,4,4,4,4,4,4,4,4,4,4,4,1,0,3,1,0,0,0,1,0,1,1,1,4,3,2,2,0,1,0,1,0,0,1,2,3,3,2,0,4,4,4,4,4,4,4,4,4,4,4,4,4,4,4,4,4,4,4,4,4,2,3,2,0,0,2,1,0,4,1,1,1,4,1,3,3,3,4,0,3,2,3,3,2,3,1,0,4,3,4,0,1,0,4,4,4,4,4,4,4,4,4,4,4,4,4,4,4,4,4,4,4,4,4,4,4,4,4,4,4,4,4,4,4,4,2,0,1,1,3,2,4,4,4,4,4,4,4,4,4,4,4,4,4,4,4,4,4,3,3,3,3,2,0,1,2,1,1,3,2,1,1,1,1,3,3,0,0,4,4,1,1,4,4,4,4,4,4,4,4,4,4,4,4,4,4,4,4,4,4,4,4,4,4,4,4,4,4,4,4,4,4,4,4,4,4,4,4,4,4,4,4,2,2,2,1,0,2,2,1,2,3,3,3,3,3,3,3,CP001113.1/4107957-4108164,0
963,2,3,4,4,4,2,2,1,3,1,0,3,3,1,0,1,1,4,3,3,4,1,3,3,0,3,2,3,1,0,2,1,1,1,1,3,3,0,2,4,4,4,4,4,4,4,4,4,4,2,2,0,1,2,1,4,4,4,4,4,4,4,4,4,4,4,4,4,4,4,4,4,4,4,4,4,4,4,4,4,4,4,4,4,4,2,1,4,3,0,1,0,3,0,0,0,1,3,3,1,4,4,2,0,0,3,2,0,1,2,1,4,4,4,4,4,0,1,0,0,4,4,4,4,4,4,1,0,0,2,2,4,4,3,2,1,1,3,4,2,4,1,1,2,3,1,1,0,4,4,0,1,3,3,4,1,3,2,0,3,0,4,0,3,0,2,1,4,2,3,4,4,4,4,0,2,1,3,4,4,4,4,4,4,4,3,4,4,4,4,4,4,4,4,4,4,4,4,4,4,4,4,4,4,4,4,4,4,4,4,4,4,4,4,4,4,4,4,4,4,4,4,4,4,4,4,4,4,4,4,4,4,4,4,4,4,4,4,4,4,3,0,3,1,0,4,4,0,1,1,3,1,4,1,2,2,2,1,2,0,0,0,1,2,3,1,2,0,4,4,4,4,4,4,4,4,4,4,4,4,4,4,4,4,4,4,4,4,4,2,3,3,0,2,2,1,0,4,1,1,2,4,1,1,3,3,4,4,4,0,3,3,4,4,4,4,4,4,4,4,4,4,4,4,4,4,4,4,4,4,4,4,4,4,4,4,4,4,4,4,4,4,4,4,4,4,4,4,4,4,4,4,4,4,4,4,4,1,1,0,4,4,4,4,4,4,4,4,4,4,4,4,4,4,4,4,4,3,0,0,1,0,0,0,2,1,1,2,2,2,3,3,3,4,4,4,4,4,4,4,4,4,4,4,4,4,4,4,4,4,4,4,4,4,4,4,4,4,4,4,4,4,4,4,4,4,4,4,4,4,4,4,4,4,4,4,4,4,4,4,4,0,2,1,1,1,2,2,1,3,3,3,2,3,3,2,3,CP001113.1/2707896-2707712,0
964,2,3,0,2,0,3,2,1,3,1,0,3,3,1,1,0,3,4,1,3,4,1,3,3,0,3,2,3,3,1,2,1,1,3,3,0,4,4,4,4,4,4,4,4,4,4,4,4,4,4,4,4,4,2,3,4,4,4,4,4,4,4,4,4,4,4,4,4,4,4,4,4,4,4,4,4,4,4,4,4,4,4,4,4,4,2,1,4,1,3,1,0,3,0,0,0,1,3,1,1,4,2,2,0,0,3,2,0,1,2,1,4,0,2,0,4,2,1,1,2,3,3,4,4,4,4,3,0,1,2,2,4,4,3,2,1,3,3,4,0,4,3,1,2,3,1,1,0,4,4,1,3,2,0,4,1,0,2,0,3,2,4,3,1,2,1,4,4,4,3,3,4,0,4,3,2,1,1,4,4,4,4,4,4,4,3,4,4,4,4,4,4,4,4,4,4,4,4,4,4,4,4,4,4,4,4,4,4,4,4,4,4,4,4,4,4,4,4,4,4,4,4,4,4,4,4,4,4,4,4,4,4,4,4,4,4,4,4,4,4,1,0,3,1,0,2,0,1,0,1,1,0,4,3,2,2,0,1,0,1,0,0,1,2,3,3,2,0,4,4,4,4,4,4,4,4,4,4,4,4,4,4,4,4,4,4,4,4,4,2,3,2,0,0,2,1,0,4,1,1,4,4,1,0,1,3,4,4,3,2,3,3,2,3,1,0,4,3,4,0,1,0,4,4,4,4,4,4,4,4,4,4,4,4,4,4,4,4,4,4,4,4,4,4,4,4,4,4,4,4,4,4,4,4,2,0,1,1,3,2,4,4,4,4,4,4,4,4,4,4,4,4,4,4,4,4,4,3,3,3,3,0,0,1,2,1,1,3,2,1,3,1,1,2,3,0,0,4,3,0,0,4,4,4,4,4,4,4,4,4,4,4,4,4,4,4,4,4,4,4,4,4,4,4,4,4,4,4,4,4,4,4,4,4,4,4,4,4,4,4,4,2,0,2,1,0,2,2,1,2,3,3,3,3,3,3,3,AEZY01000033.1/184996-185202,0
965,2,3,4,4,4,2,2,1,3,1,0,3,3,1,0,1,1,4,2,0,4,1,3,3,0,3,2,3,1,0,2,1,1,1,1,3,3,1,2,4,4,4,4,4,4,4,4,4,4,2,2,0,1,2,3,4,4,4,4,4,4,4,4,4,4,4,4,4,4,4,4,4,4,4,4,4,4,4,4,4,4,4,4,4,4,2,1,4,3,0,1,0,3,0,0,0,0,3,3,1,4,4,2,0,0,3,2,0,1,2,1,4,4,4,4,4,0,1,0,0,4,4,4,4,4,4,1,0,0,2,2,4,4,3,2,1,1,3,4,2,4,1,1,2,3,1,1,0,4,4,0,1,3,3,4,1,3,2,0,3,0,4,3,1,0,2,1,4,2,3,0,4,4,4,4,2,1,3,4,4,4,4,4,4,4,0,4,4,4,4,4,4,4,4,4,4,4,4,4,4,4,4,4,4,4,4,4,4,4,4,4,4,4,4,4,4,4,4,4,4,4,4,4,4,4,4,4,4,4,4,4,4,4,4,4,4,4,4,4,4,3,0,3,1,0,4,4,0,1,1,0,3,4,1,2,2,2,1,2,0,0,0,1,2,3,1,2,0,4,4,4,4,4,4,4,4,4,4,4,4,4,4,4,4,4,4,4,4,4,2,3,3,0,2,2,1,0,4,1,1,2,4,1,1,3,3,4,4,4,0,3,3,4,4,4,4,4,4,4,4,4,4,4,4,4,4,4,4,4,4,4,4,4,4,4,4,4,4,4,4,4,4,4,4,4,4,4,4,4,4,4,4,4,4,4,4,4,1,1,0,4,4,4,4,4,4,4,4,4,4,4,4,4,4,4,4,4,3,0,0,1,0,0,0,2,1,1,2,2,2,4,4,3,0,0,3,4,4,4,4,3,4,4,4,4,4,4,4,4,4,4,4,4,4,4,4,4,4,4,4,4,4,4,4,4,4,4,4,4,4,4,4,4,4,4,4,4,4,4,4,4,4,4,1,1,1,2,2,1,3,3,3,2,3,3,2,3,ADBA01000098.1/124720-124536,0
966,2,3,0,2,0,3,2,1,3,1,0,3,3,1,1,0,3,4,1,3,4,1,3,3,0,3,2,3,3,1,2,1,1,3,3,0,4,4,4,4,4,4,4,4,4,4,4,4,4,4,4,4,4,2,3,4,4,4,4,4,4,4,4,4,4,4,4,4,4,4,4,4,4,4,4,4,4,4,4,4,4,4,4,4,4,2,1,4,1,3,1,0,3,0,0,0,1,3,1,1,4,2,2,0,0,3,2,0,1,2,1,4,0,2,0,4,2,1,1,2,3,3,4,4,4,4,3,0,1,2,2,4,4,3,2,1,3,3,4,0,4,3,1,2,3,1,1,0,4,4,1,3,2,0,4,1,0,2,0,3,2,4,3,1,2,1,4,4,4,3,3,4,0,4,3,2,1,1,4,4,4,4,4,4,4,3,4,4,4,4,4,4,4,4,4,4,4,4,4,4,4,4,4,4,4,4,4,4,4,4,4,4,4,4,4,4,4,4,4,4,4,4,4,4,4,4,4,4,4,4,4,4,4,4,4,4,4,4,4,4,1,0,3,1,0,2,0,1,0,1,1,0,4,3,2,2,0,1,0,1,0,0,1,2,3,3,2,0,4,4,4,4,4,4,4,4,4,4,4,4,4,4,4,4,4,4,4,4,4,2,3,2,0,0,2,1,0,4,1,1,4,4,1,0,1,3,4,4,3,2,3,3,2,3,1,0,4,3,4,0,1,0,4,4,4,4,4,4,4,4,4,4,4,4,4,4,4,4,4,4,4,4,4,4,4,4,4,4,4,4,4,4,4,4,2,0,1,1,3,2,4,4,4,4,4,4,4,4,4,4,4,4,4,4,4,4,4,3,3,3,3,0,0,1,2,1,1,3,2,1,3,1,1,2,3,0,0,4,3,0,0,4,4,4,4,4,4,4,4,4,4,4,4,4,4,4,4,4,4,4,4,4,4,4,4,4,4,4,4,4,4,4,4,4,4,4,4,4,4,4,4,2,0,2,1,0,2,2,1,2,3,3,3,3,3,3,3,AEZQ01000051.1/1316052-1316258,0
967,2,3,4,4,4,2,2,1,3,1,0,3,3,1,0,1,1,4,2,0,4,1,3,3,0,3,2,3,1,0,2,1,1,1,1,3,3,1,2,4,4,4,4,4,4,4,4,4,4,2,2,0,1,2,3,4,4,4,4,4,4,4,4,4,4,4,4,4,4,4,4,4,4,4,4,4,4,4,4,4,4,4,4,4,4,2,1,4,3,0,1,0,3,0,0,0,0,3,0,1,4,4,2,0,0,3,2,0,1,2,1,4,4,4,4,4,0,1,0,0,4,4,4,4,4,4,1,0,0,2,2,4,4,3,2,1,1,3,4,2,4,1,1,2,3,1,1,0,4,4,0,1,3,3,4,1,3,2,0,3,0,4,3,1,0,2,1,4,2,3,0,4,4,4,4,2,1,3,4,4,4,4,4,4,4,0,4,4,4,4,4,4,4,4,4,4,4,4,4,4,4,4,4,4,4,4,4,4,4,4,4,4,4,4,4,4,4,4,4,4,4,4,4,4,4,4,4,4,4,4,4,4,4,4,4,4,4,4,4,4,3,0,3,1,0,4,4,0,1,1,0,3,4,1,2,2,2,1,2,0,0,0,1,2,3,1,2,0,4,4,4,4,4,4,4,4,4,4,4,4,4,4,4,4,4,4,4,4,4,2,3,3,0,2,2,1,0,4,1,1,2,4,1,1,3,3,4,4,4,0,3,3,4,4,4,4,4,4,4,4,4,4,4,4,4,4,4,4,4,4,4,4,4,4,4,4,4,4,4,4,4,4,4,4,4,4,4,4,4,4,4,4,4,4,4,4,4,1,1,0,4,4,4,4,4,4,4,4,4,4,4,4,4,4,4,4,4,3,0,0,1,0,0,0,2,1,1,2,2,2,4,4,3,0,0,3,4,4,4,4,3,4,4,4,4,4,4,4,4,4,4,4,4,4,4,4,4,4,4,4,4,4,4,4,4,4,4,4,4,4,4,4,4,4,4,4,4,4,4,4,4,4,4,1,1,1,2,2,1,3,3,3,2,3,3,2,3,AGTD01000001.1/3134066-3133882,0
968,2,3,0,2,0,3,0,1,3,1,0,3,1,1,1,0,1,4,3,1,4,1,3,3,0,3,2,0,1,0,2,1,0,3,0,2,4,4,4,4,4,4,4,4,4,4,4,4,4,4,4,4,4,4,4,4,4,4,4,4,4,4,4,4,4,4,4,4,4,4,4,4,4,4,4,4,4,4,4,4,4,4,4,4,4,2,1,4,3,3,1,0,3,0,0,0,1,1,3,1,4,2,2,2,0,3,2,0,3,2,3,4,0,2,0,4,2,1,3,2,0,3,4,4,4,3,0,3,1,0,2,4,4,3,2,1,1,3,4,0,4,3,2,2,3,1,1,0,4,1,2,3,3,0,4,3,0,2,0,3,2,4,0,0,3,0,0,4,2,1,0,4,3,4,3,3,0,2,3,1,4,4,3,3,3,3,4,4,4,4,4,4,4,4,4,4,4,4,4,4,4,4,4,4,4,4,4,4,4,4,4,4,4,4,4,4,4,4,4,4,4,4,4,4,4,4,4,4,4,4,4,4,4,4,4,4,4,4,4,4,1,0,3,1,0,4,4,1,1,0,0,1,4,1,2,2,0,1,0,1,0,0,1,2,3,3,2,0,4,4,4,4,4,4,4,4,4,4,4,4,4,4,4,4,4,4,4,4,4,2,3,2,0,2,2,1,0,4,1,3,4,4,0,3,1,1,4,4,4,4,4,4,2,3,1,3,4,2,4,3,4,0,4,4,4,4,4,4,4,4,4,4,4,4,4,4,4,4,4,4,4,4,4,4,4,4,4,4,4,4,4,4,4,4,2,0,1,1,3,2,0,3,3,4,4,4,4,4,4,4,4,4,4,4,2,3,0,3,3,3,0,3,0,1,0,1,1,3,2,3,1,3,3,3,3,3,4,4,4,4,4,4,4,4,4,4,4,4,4,4,4,4,4,4,4,4,4,4,4,4,4,4,4,4,4,4,4,4,4,4,4,4,4,4,4,4,4,4,4,4,4,3,2,0,3,0,2,2,3,2,3,3,3,3,3,3,3,FN667741.1/4000399-4000191,0
969,2,3,0,2,0,3,2,1,3,1,0,3,3,1,1,0,3,4,1,3,4,1,3,3,0,3,2,3,3,1,2,1,1,3,3,0,4,4,4,4,4,4,4,4,4,4,4,4,4,4,4,4,4,2,3,4,4,4,4,4,4,4,4,4,4,4,4,4,4,4,4,4,4,4,4,4,4,4,4,4,4,4,4,4,4,2,1,4,1,3,1,0,3,0,0,0,1,3,1,1,4,2,2,0,0,3,2,0,1,2,1,4,0,2,0,4,2,1,1,2,3,3,4,4,4,4,3,0,1,2,2,4,4,3,2,1,3,3,4,0,4,3,1,2,3,1,1,0,4,4,1,3,2,0,4,1,0,2,0,3,2,4,3,1,2,1,4,4,4,3,3,4,0,4,3,2,1,1,4,4,4,4,4,4,4,3,4,4,4,4,4,4,4,4,4,4,4,4,4,4,4,4,4,4,4,4,4,4,4,4,4,4,4,4,4,4,4,4,4,4,4,4,4,4,4,4,4,4,4,4,4,4,4,4,4,4,4,4,4,4,1,0,3,1,0,2,0,1,0,1,1,0,4,3,2,2,0,1,0,1,0,0,1,2,3,3,2,0,4,4,4,4,4,4,4,4,4,4,4,4,4,4,4,4,4,4,4,4,4,2,3,2,0,0,2,1,0,4,1,1,4,4,1,0,1,3,4,4,3,2,3,3,2,3,1,0,4,3,4,0,1,0,4,4,4,4,4,4,4,4,4,4,4,4,4,4,4,4,4,4,4,4,4,4,4,4,4,4,4,4,4,4,4,4,2,0,1,1,3,2,4,4,4,4,4,4,4,4,4,4,4,4,4,4,4,4,4,3,3,3,3,0,0,1,2,1,1,3,2,1,3,1,1,2,3,0,0,4,3,0,0,4,4,4,4,4,4,4,4,4,4,4,4,4,4,4,4,4,4,4,4,4,4,4,4,4,4,4,4,4,4,4,4,4,4,4,4,4,4,4,4,2,0,2,1,0,2,2,1,2,3,3,3,3,3,3,3,AFRI01000011.1/189732-189938,0
970,2,3,0,2,0,3,2,1,3,1,0,3,3,1,1,0,3,4,1,3,4,1,3,3,0,3,2,3,3,1,2,1,1,3,3,1,4,4,4,4,4,4,4,4,4,4,4,4,4,4,4,4,4,3,2,4,4,4,4,4,4,4,4,4,4,4,4,4,4,4,4,4,4,4,4,4,4,4,4,4,4,4,4,4,4,2,1,4,1,3,1,0,3,0,0,0,1,3,1,0,4,2,2,0,0,3,2,0,3,2,1,4,0,2,0,4,2,1,1,2,3,3,4,4,4,4,3,0,1,2,2,4,4,3,2,1,3,3,4,0,4,3,1,2,3,1,1,0,4,4,1,3,2,0,4,1,0,2,0,3,2,4,3,1,2,1,4,4,4,3,3,4,0,4,1,2,1,1,4,4,4,4,4,4,4,3,4,4,4,4,4,4,4,4,4,4,4,4,4,4,4,4,4,4,4,4,4,4,4,4,4,4,4,4,4,4,4,4,4,4,4,4,4,4,4,4,4,4,4,4,4,4,4,4,4,4,4,4,4,4,1,0,3,1,0,0,0,1,0,1,1,1,4,3,2,2,0,1,0,1,0,0,1,2,3,3,2,0,4,4,4,4,4,4,4,4,4,4,4,4,4,4,4,4,4,4,4,4,4,2,3,2,0,0,2,1,0,4,1,1,1,4,1,3,3,3,4,0,3,2,3,3,2,3,1,0,4,3,4,0,1,0,4,4,4,4,4,4,4,4,4,4,4,4,4,4,4,4,4,4,4,4,4,4,4,4,4,4,4,4,4,4,4,4,2,0,1,1,3,2,4,4,4,4,4,4,4,4,4,4,4,4,4,4,4,4,4,3,3,3,3,2,0,1,2,1,1,3,2,1,1,1,1,3,3,0,0,4,4,1,1,4,4,4,4,4,4,4,4,4,4,4,4,4,4,4,4,4,4,4,4,4,4,4,4,4,4,4,4,4,4,4,4,4,4,4,4,4,4,4,4,2,2,2,1,0,2,2,1,2,3,3,3,3,3,3,3,CP001127.1/4020964-4021171,0
971,2,3,4,4,4,2,2,1,3,1,0,3,3,1,0,1,1,4,2,0,4,1,3,3,0,3,2,3,1,0,2,1,1,1,1,3,3,1,2,4,4,4,4,4,4,4,4,4,4,2,2,0,1,2,3,4,4,4,4,4,4,4,4,4,4,4,4,4,4,4,4,4,4,4,4,4,4,4,4,4,4,4,4,4,4,2,1,4,3,0,1,0,3,0,0,0,0,3,3,1,4,4,2,0,0,3,2,0,1,2,1,4,4,4,4,4,0,1,0,0,4,4,4,4,4,4,1,0,0,2,2,4,4,3,2,1,1,3,4,2,4,1,1,2,3,1,1,0,4,4,0,1,3,3,4,1,3,2,0,3,0,4,3,1,0,2,1,4,2,3,0,4,4,4,4,2,1,3,4,4,4,4,4,4,4,0,4,4,4,4,4,4,4,4,4,4,4,4,4,4,4,4,4,4,4,4,4,4,4,4,4,4,4,4,4,4,4,4,4,4,4,4,4,4,4,4,4,4,4,4,4,4,4,4,4,4,4,4,4,4,3,0,3,1,0,4,4,0,1,1,0,3,4,1,2,2,2,1,2,0,0,0,1,2,3,1,2,0,4,4,4,4,4,4,4,4,4,4,4,4,4,4,4,4,4,4,4,4,4,2,3,3,0,2,2,1,0,4,1,1,2,4,1,1,3,3,4,4,4,0,3,3,4,4,4,4,4,4,4,4,4,4,4,4,4,4,4,4,4,4,4,4,4,4,4,4,4,4,4,4,4,4,4,4,4,4,4,4,4,4,4,4,4,4,4,4,4,1,1,0,4,4,4,4,4,4,4,4,4,4,4,4,4,4,4,4,4,3,0,0,1,0,0,0,2,1,1,2,2,2,4,4,3,0,0,3,4,4,4,4,3,4,4,4,4,4,4,4,4,4,4,4,4,4,4,4,4,4,4,4,4,4,4,4,4,4,4,4,4,4,4,4,4,4,4,4,4,4,4,4,4,4,4,1,1,1,2,2,1,3,3,3,2,3,3,2,3,ABHO01000004.1/59948-60132,0
972,2,3,4,4,4,2,2,1,3,1,0,3,3,1,0,1,1,4,3,3,4,1,3,3,0,3,2,3,1,0,2,1,1,1,1,3,3,1,2,4,4,4,4,4,4,4,4,4,4,2,2,0,1,2,1,4,4,4,4,4,4,4,4,4,4,4,4,4,4,4,4,4,4,4,4,4,4,4,4,4,4,4,4,4,4,2,1,4,3,0,1,0,3,0,0,0,1,3,3,1,4,4,2,0,0,3,2,0,1,2,1,4,4,4,4,4,0,1,0,0,0,1,4,4,4,4,4,4,0,2,2,4,4,3,2,1,1,3,4,2,4,1,1,2,3,1,1,0,4,4,0,1,3,1,4,1,3,2,0,3,0,4,0,1,0,2,4,4,4,1,1,4,3,4,2,2,1,3,4,4,4,4,4,4,4,3,4,4,4,4,4,4,4,4,4,4,4,4,4,4,4,4,4,4,4,4,4,4,4,4,4,4,4,4,4,4,4,4,4,4,4,4,4,4,4,4,4,4,4,4,4,4,4,4,4,4,4,4,4,4,3,0,3,1,0,4,4,2,0,1,0,3,4,1,2,2,2,1,2,0,0,0,1,2,3,1,2,0,4,4,4,4,4,4,4,4,4,4,4,4,4,4,4,4,4,4,4,4,4,2,3,0,0,2,2,1,0,4,1,1,2,4,1,1,3,1,4,4,0,3,3,1,4,4,4,4,4,4,4,4,4,4,4,4,4,4,4,4,4,4,4,4,4,4,4,4,4,4,4,4,4,4,4,4,4,4,4,4,4,4,4,4,4,4,4,4,4,1,3,2,4,4,4,4,4,4,4,4,4,4,4,4,4,4,4,4,4,4,0,0,1,0,0,0,2,1,1,0,2,2,1,1,3,3,2,4,4,4,4,4,4,4,4,4,4,4,4,4,4,4,4,4,4,4,4,4,4,4,4,4,4,4,4,4,4,4,4,4,4,4,4,4,4,4,4,4,4,4,4,4,4,1,2,1,1,3,2,2,1,3,3,3,2,3,3,2,3,AP006725.1/3967962-3967776,0
973,2,3,0,2,0,3,2,1,3,1,0,3,3,1,1,0,3,4,1,3,4,1,3,3,0,3,2,3,3,1,2,1,1,3,3,0,4,4,4,4,4,4,4,4,4,4,4,4,4,4,4,4,4,2,3,4,4,4,4,4,4,4,4,4,4,4,4,4,4,4,4,4,4,4,4,4,4,4,4,4,4,4,4,4,4,2,1,4,1,3,1,0,3,0,0,0,1,3,1,1,4,2,2,0,0,3,2,0,1,2,1,4,0,2,0,4,2,1,1,2,3,3,4,4,4,4,3,0,1,2,2,4,4,3,2,1,3,3,4,0,4,3,1,2,3,1,1,0,4,4,1,3,2,0,4,1,0,2,0,3,2,4,3,1,2,1,4,4,4,3,3,4,0,4,3,2,1,1,4,4,4,4,4,4,4,3,4,4,4,4,4,4,4,4,4,4,4,4,4,4,4,4,4,4,4,4,4,4,4,4,4,4,4,4,4,4,4,4,4,4,4,4,4,4,4,4,4,4,4,4,4,4,4,4,4,4,4,4,4,4,1,0,3,1,0,2,0,1,0,1,1,0,4,3,2,2,0,1,0,1,0,0,1,2,3,3,2,0,4,4,4,4,4,4,4,4,4,4,4,4,4,4,4,4,4,4,4,4,4,2,3,2,0,0,2,1,0,4,1,1,4,4,1,0,1,3,4,4,3,2,3,3,2,3,1,0,4,3,4,0,1,0,4,4,4,4,4,4,4,4,4,4,4,4,4,4,4,4,4,4,4,4,4,4,4,4,4,4,4,4,4,4,4,4,2,0,1,1,3,2,4,4,4,4,4,4,4,4,4,4,4,4,4,4,4,4,4,4,4,4,4,4,4,4,4,4,4,4,4,4,4,4,4,4,4,4,4,4,4,4,4,4,4,4,4,4,4,4,4,4,4,4,4,4,4,4,4,4,4,4,4,4,4,4,4,4,4,4,4,4,4,4,4,4,4,4,4,4,4,4,4,4,4,4,4,4,4,4,4,4,4,4,3,3,3,3,0,ADTR01000424.1/181-9,0
974,2,1,0,2,3,2,2,1,3,1,0,3,3,1,0,1,1,4,2,0,4,1,3,3,0,3,2,3,1,0,2,1,1,1,1,3,3,1,2,4,4,4,4,4,4,4,4,4,4,2,2,0,1,2,3,4,4,4,4,4,4,4,4,4,4,4,4,4,4,4,4,4,4,4,4,4,4,4,4,4,4,4,4,4,4,2,1,4,3,0,1,0,3,0,0,0,0,3,3,1,4,4,2,0,0,3,2,0,1,2,1,4,0,1,0,4,0,1,4,4,4,4,4,4,4,4,4,0,0,2,2,4,4,3,2,1,1,3,4,2,4,1,1,2,3,1,1,0,4,4,0,1,3,3,4,1,3,2,0,3,0,4,3,1,0,2,1,4,2,3,0,4,4,4,4,2,1,3,4,4,4,4,4,4,4,0,4,4,4,4,4,4,4,4,4,4,4,4,4,4,4,4,4,4,4,4,4,4,4,4,4,4,4,4,4,4,4,4,4,4,4,4,4,4,4,4,4,4,4,4,4,4,4,4,4,4,4,4,4,4,3,0,3,1,0,4,4,0,1,1,0,3,4,1,2,2,2,1,2,0,0,0,1,2,3,1,2,0,4,4,4,4,4,4,4,4,4,4,4,4,4,4,4,4,4,4,4,4,4,2,3,3,0,2,2,1,0,4,1,1,2,4,1,1,3,3,4,4,4,0,3,3,4,4,4,4,4,4,4,4,4,4,4,4,4,4,4,4,4,4,4,4,4,4,4,4,4,4,4,4,4,4,4,4,4,4,4,4,4,4,4,4,4,4,4,4,4,1,1,0,4,4,4,4,4,4,4,4,4,4,4,4,4,4,4,4,4,3,0,0,1,0,0,0,2,1,1,2,2,2,4,4,3,0,0,3,4,4,4,4,3,4,4,4,4,4,4,4,4,4,4,4,4,4,4,4,4,4,4,4,4,4,4,4,4,4,4,4,4,4,4,4,4,4,4,4,4,4,4,4,4,4,4,1,1,1,2,2,1,3,3,3,2,3,3,2,3,AERU01000022.1/458453-458266,0
975,2,1,0,2,3,2,2,1,3,1,0,3,3,1,0,1,1,4,2,0,4,1,3,3,0,3,2,3,1,0,2,1,1,1,1,3,3,1,2,4,4,4,4,4,4,4,4,4,4,2,2,0,1,2,3,4,4,4,4,4,4,4,4,4,4,4,4,4,4,4,4,4,4,4,4,4,4,4,4,4,4,4,4,4,4,2,1,4,3,0,1,0,3,0,0,0,0,3,3,1,4,4,2,0,0,3,2,0,1,2,1,4,0,1,0,4,0,1,4,4,4,4,4,4,4,4,4,0,0,2,2,4,4,3,2,1,1,3,4,2,4,1,1,2,3,1,1,0,4,4,0,1,3,3,4,1,3,2,0,3,0,4,3,1,0,2,1,4,2,3,0,4,4,4,4,2,1,3,4,4,4,4,4,4,4,0,4,4,4,4,4,4,4,4,4,4,4,4,4,4,4,4,4,4,4,4,4,4,4,4,4,4,4,4,4,4,4,4,4,4,4,4,4,4,4,4,4,4,4,4,4,4,4,4,4,4,4,4,4,4,3,0,3,1,0,4,4,0,1,1,0,3,4,1,2,2,2,1,2,0,0,0,1,2,3,1,2,0,4,4,4,4,4,4,4,4,4,4,4,4,4,4,4,4,4,4,4,4,4,2,3,3,0,2,2,1,0,4,1,1,2,4,1,1,3,3,4,4,4,0,3,3,4,4,4,4,4,4,4,4,4,4,4,4,4,4,4,4,4,4,4,4,4,4,4,4,4,4,4,4,4,4,4,4,4,4,4,4,4,4,4,4,4,4,4,4,4,1,1,0,4,4,4,4,4,4,4,4,4,4,4,4,4,4,4,4,4,3,0,0,1,0,0,0,2,1,1,2,2,2,4,4,3,0,0,3,4,4,4,4,3,4,4,4,4,4,4,4,4,4,4,4,4,4,4,4,4,4,4,4,4,4,4,4,4,4,4,4,4,4,4,4,4,4,4,4,4,4,4,4,4,4,4,1,1,1,2,2,1,3,3,3,2,3,3,2,3,ADAZ01000114.1/125307-125120,0
976,2,3,0,2,0,3,2,1,3,1,0,3,3,1,1,0,3,4,1,3,4,1,3,3,0,3,2,3,3,1,2,1,1,3,3,1,4,4,4,4,4,4,4,4,4,4,4,4,4,4,4,4,4,3,2,4,4,4,4,4,4,4,4,4,4,4,4,4,4,4,4,4,4,4,4,4,4,4,4,4,4,4,4,4,4,2,1,4,1,3,1,0,3,0,0,0,1,3,1,0,4,2,2,0,0,3,2,0,3,2,1,4,0,2,0,4,2,1,1,2,3,3,4,4,4,4,3,0,1,2,2,4,4,3,2,1,3,3,4,0,4,3,1,2,3,1,1,0,4,4,1,3,2,0,4,1,0,2,0,3,2,4,3,1,2,1,4,4,4,3,3,4,0,4,1,2,1,1,4,4,4,4,4,4,4,3,4,4,4,4,4,4,4,4,4,4,4,4,4,4,4,4,4,4,4,4,4,4,4,4,4,4,4,4,4,4,4,4,4,4,4,4,4,4,4,4,4,4,4,4,4,4,4,4,4,4,4,4,4,4,1,0,3,1,0,0,0,1,0,1,1,1,4,3,2,2,0,1,0,1,0,0,1,2,3,3,2,0,4,4,4,4,4,4,4,4,4,4,4,4,4,4,4,4,4,4,4,4,4,2,3,2,0,0,2,1,0,4,1,1,1,4,1,3,3,3,4,0,3,2,3,3,2,3,1,0,4,3,4,0,1,0,4,4,4,4,4,4,4,4,4,4,4,4,4,4,4,4,4,4,4,4,4,4,4,4,4,4,4,4,4,4,4,4,2,0,1,1,3,2,4,4,4,4,4,4,4,4,4,4,4,4,4,4,4,4,4,3,3,3,3,2,0,1,2,1,1,3,2,1,1,1,1,3,3,0,0,4,4,1,1,4,4,4,4,4,4,4,4,4,4,4,4,4,4,4,4,4,4,4,4,4,4,4,4,4,4,4,4,4,4,4,4,4,4,4,4,4,4,4,4,2,2,2,1,0,2,2,1,2,3,3,3,3,3,3,3,AETR01000024.1/53205-52998,0
977,2,1,0,2,3,2,2,1,3,1,0,3,3,1,0,1,1,4,2,0,4,1,3,3,0,3,2,3,1,0,2,1,1,1,1,3,3,1,2,4,4,4,4,4,4,4,4,4,4,2,2,0,1,2,3,4,4,4,4,4,4,4,4,4,4,4,4,4,4,4,4,4,4,4,4,4,4,4,4,4,4,4,4,4,4,2,1,4,3,0,1,0,3,0,0,0,0,3,3,1,4,4,2,0,0,3,2,0,1,2,1,4,0,1,0,4,0,1,4,4,4,4,4,4,4,4,4,0,0,2,2,4,4,3,2,1,1,3,4,2,4,1,1,2,3,1,1,0,4,4,0,1,3,3,4,1,3,2,0,3,0,4,3,1,0,2,1,4,2,3,0,4,4,4,4,2,1,3,4,4,4,4,4,4,4,0,4,4,4,4,4,4,4,4,4,4,4,4,4,4,4,4,4,4,4,4,4,4,4,4,4,4,4,4,4,4,4,4,4,4,4,4,4,4,4,4,4,4,4,4,4,4,4,4,4,4,4,4,4,4,3,0,3,1,0,4,4,0,1,1,0,3,4,1,2,2,2,1,2,0,0,0,1,2,3,1,2,0,4,4,4,4,4,4,4,4,4,4,4,4,4,4,4,4,4,4,4,4,4,2,3,3,0,2,2,1,0,4,1,1,2,4,1,1,3,3,4,4,4,0,3,3,4,4,4,4,4,4,4,4,4,4,4,4,4,4,4,4,4,4,4,4,4,4,4,4,4,4,4,4,4,4,4,4,4,4,4,4,4,4,4,4,4,4,4,4,4,1,1,0,4,4,4,4,4,4,4,4,4,4,4,4,4,4,4,4,4,3,0,0,1,0,0,1,2,1,1,2,2,2,4,4,3,0,0,3,4,4,4,4,3,4,4,4,4,4,4,4,4,4,4,4,4,4,4,4,4,4,4,4,4,4,4,4,4,4,4,4,4,4,4,4,4,4,4,4,4,4,4,4,4,4,4,1,1,1,2,2,1,3,3,3,2,3,3,2,3,AP010960.1/3251906-3251719,0
978,2,3,4,4,4,2,2,1,3,1,0,3,3,1,0,1,1,4,3,3,4,1,3,3,0,3,2,3,1,0,2,1,1,1,1,3,3,0,2,4,4,4,4,4,4,4,4,4,4,2,2,0,1,2,1,4,4,4,4,4,4,4,4,4,4,4,4,4,4,4,4,4,4,4,4,4,4,4,4,4,4,4,4,4,4,2,1,4,3,0,1,0,3,0,0,0,1,3,3,1,4,4,2,0,0,3,2,0,1,2,1,4,4,4,4,4,0,1,0,0,4,4,4,4,4,4,1,0,0,2,2,4,4,3,2,1,1,3,4,2,4,1,1,2,3,1,1,0,4,4,0,1,3,3,4,1,3,2,0,3,0,4,0,1,0,2,1,4,2,3,4,4,4,4,0,2,1,3,4,4,4,4,4,4,4,3,4,4,4,4,4,4,4,4,4,4,4,4,4,4,4,4,4,4,4,4,4,4,4,4,4,4,4,4,4,4,4,4,4,4,4,4,4,4,4,4,4,4,4,4,4,4,4,4,4,4,4,4,4,4,3,0,3,1,0,4,4,0,1,1,3,1,4,1,2,2,2,1,2,0,0,0,1,2,3,1,2,0,4,4,4,4,4,4,4,4,4,4,4,4,4,4,4,4,4,4,4,4,4,2,3,3,0,2,2,1,0,4,1,1,2,4,1,1,3,3,4,4,4,0,3,3,4,4,4,4,4,4,4,4,4,4,4,4,4,4,4,4,4,4,4,4,4,4,4,4,4,4,4,4,4,4,4,4,4,4,4,4,4,4,4,4,4,4,4,4,4,1,1,0,4,4,4,4,4,4,4,4,4,4,4,4,4,4,4,4,4,3,0,0,1,0,0,0,2,1,1,2,2,2,3,3,3,4,4,4,4,4,4,4,4,4,4,4,4,4,4,4,4,4,4,4,4,4,4,4,4,4,4,4,4,4,4,4,4,4,4,4,4,4,4,4,4,4,4,4,4,4,4,4,4,0,2,1,1,1,2,2,1,3,3,3,2,3,3,2,3,ABAO01000016.1/36595-36411,0
979,2,3,0,2,0,3,2,1,3,1,0,3,3,1,1,0,3,4,1,3,4,1,3,3,0,3,2,3,3,1,2,1,1,3,3,0,4,4,4,4,4,4,4,4,4,4,4,4,4,4,4,4,4,2,3,4,4,4,4,4,4,4,4,4,4,4,4,4,4,4,4,4,4,4,4,4,4,4,4,4,4,4,4,4,4,2,1,4,1,3,1,0,3,0,0,0,1,3,1,1,4,2,2,0,0,3,2,0,1,2,1,4,0,2,0,4,2,1,1,2,3,3,4,4,4,4,3,0,1,2,2,4,4,3,2,1,3,3,4,0,4,3,1,2,3,1,1,0,4,4,1,3,2,0,4,1,0,2,0,3,2,4,3,1,2,1,4,4,4,3,3,4,0,4,3,2,1,1,4,4,4,4,4,4,4,3,4,4,4,4,4,4,4,4,4,4,4,4,4,4,4,4,4,4,4,4,4,4,4,4,4,4,4,4,4,4,4,4,4,4,4,4,4,4,4,4,4,4,4,4,4,4,4,4,4,4,4,4,4,4,1,0,3,1,0,2,0,1,0,1,1,0,4,3,2,2,0,1,0,1,0,0,1,2,3,3,2,0,4,4,4,4,4,4,4,4,4,4,4,4,4,4,4,4,4,4,4,4,4,2,3,2,0,0,2,1,0,4,1,1,4,4,1,0,1,3,4,4,3,2,3,3,2,3,1,0,4,3,4,0,1,0,4,4,4,4,4,4,4,4,4,4,4,4,4,4,4,4,4,4,4,4,4,4,4,4,4,4,4,4,4,4,4,4,2,0,1,1,3,2,4,4,4,4,4,4,4,4,4,4,4,4,4,4,4,4,4,3,3,3,3,0,0,1,2,1,1,3,2,1,3,1,1,2,3,0,0,4,3,0,0,4,4,4,4,4,4,4,4,4,4,4,4,4,4,4,4,4,4,4,4,4,4,4,4,4,4,4,4,4,4,4,4,4,4,4,4,4,4,4,4,2,0,2,1,0,2,2,1,2,3,3,3,3,3,3,3,AEHS01000060.1/54460-54254,0
980,2,3,0,2,0,3,2,1,3,1,0,3,3,1,1,0,1,4,1,3,4,1,3,3,0,3,2,3,3,3,2,1,3,0,0,3,4,4,4,4,4,4,4,4,4,4,4,4,4,4,4,4,4,4,4,4,4,4,4,4,4,4,4,4,4,4,4,4,4,4,4,4,4,4,4,4,4,4,4,4,4,4,4,4,4,2,1,4,3,0,1,0,3,0,0,0,1,1,3,2,4,2,2,0,0,3,2,0,3,2,1,4,0,2,0,4,2,1,1,1,1,3,4,4,4,4,3,0,1,2,2,4,4,3,0,3,1,1,4,2,4,3,3,2,3,1,1,0,4,4,2,1,1,3,4,2,4,2,1,0,2,4,3,3,0,3,3,4,2,1,2,4,1,4,0,1,2,1,3,4,4,4,4,3,3,0,4,4,4,4,4,4,4,4,4,4,4,4,4,4,4,4,4,4,4,4,4,4,4,4,4,4,4,4,4,4,4,4,4,4,4,4,4,4,4,4,4,4,4,4,4,4,4,4,4,4,4,4,4,4,1,3,2,1,0,2,3,0,0,2,0,0,4,4,2,2,0,1,0,3,3,0,1,2,3,3,2,0,4,4,4,4,4,4,4,4,4,4,4,4,4,4,4,4,4,4,4,4,4,2,3,1,2,2,0,3,0,4,1,1,4,4,4,0,3,1,4,4,0,2,3,3,2,3,1,3,4,2,4,0,0,1,4,4,4,4,4,4,4,4,4,4,4,4,4,4,4,4,4,4,4,4,4,4,4,4,4,4,4,4,4,4,4,4,2,0,1,1,3,2,4,4,4,4,4,4,4,4,4,4,4,4,4,4,4,4,4,0,3,1,3,3,0,1,0,1,1,3,2,1,3,3,0,4,4,4,4,4,4,4,4,4,4,4,4,4,4,4,4,4,4,4,4,4,4,4,4,4,4,4,4,4,4,4,4,4,4,4,4,4,4,4,4,4,4,4,4,4,4,4,4,3,2,2,1,0,2,2,3,2,3,3,3,3,3,3,3,AEWW01029955.1/5385-5584,0
981,2,3,0,2,0,3,2,1,3,1,0,3,3,1,3,0,3,4,1,3,4,1,3,3,0,3,2,3,3,1,2,1,1,3,3,0,4,4,4,4,4,4,4,4,4,4,4,4,4,4,4,4,4,2,3,4,4,4,4,4,4,4,4,4,4,4,4,4,4,4,4,4,4,4,4,4,4,4,4,4,4,4,4,4,4,2,1,4,1,3,1,0,3,0,0,0,1,3,1,1,4,2,2,0,0,3,2,0,1,2,1,4,0,2,0,4,2,1,1,2,3,3,4,4,4,4,3,0,1,2,2,4,4,3,2,1,3,3,4,0,4,3,1,2,3,1,1,0,4,4,1,3,2,0,4,1,0,2,0,3,2,4,3,1,2,1,4,4,4,3,3,4,0,4,3,2,1,1,4,4,4,4,4,4,4,3,4,4,4,4,4,4,4,4,4,4,4,4,4,4,4,4,4,4,4,4,4,4,4,4,4,4,4,4,4,4,4,4,4,4,4,4,4,4,4,4,4,4,4,4,4,4,4,4,4,4,4,4,4,4,1,0,3,1,0,2,0,1,0,1,1,0,4,3,2,2,0,1,0,1,0,0,1,2,3,3,2,0,4,4,4,4,4,4,4,4,4,4,4,4,4,4,4,4,4,4,4,4,4,2,3,2,0,0,2,1,0,4,1,1,4,4,1,0,1,3,4,4,3,2,3,3,2,3,1,0,4,3,4,0,1,0,4,4,4,4,4,4,4,4,4,4,4,4,4,4,4,4,4,4,4,4,4,4,4,4,4,4,4,4,4,4,4,4,2,0,1,1,3,2,4,4,4,4,4,4,4,4,4,4,4,4,4,4,4,4,4,3,3,3,3,0,0,1,2,1,1,3,2,1,3,1,1,2,3,0,0,4,3,0,0,4,4,4,4,4,4,4,4,4,4,4,4,4,4,4,4,4,4,4,4,4,4,4,4,4,4,4,4,4,4,4,4,4,4,4,4,4,4,4,4,2,0,2,1,0,2,2,1,2,3,3,3,3,3,3,3,CP001509.3/3876678-3876884,0
982,2,1,0,2,3,2,2,1,3,1,0,3,3,1,0,1,1,4,2,0,4,1,3,3,0,3,2,3,1,0,2,1,1,1,1,3,3,1,2,4,4,4,4,4,4,4,4,4,4,2,2,0,1,2,3,4,4,4,4,4,4,4,4,4,4,4,4,4,4,4,4,4,4,4,4,4,4,4,4,4,4,4,4,4,4,2,1,4,3,0,1,0,3,0,0,0,0,3,3,1,4,4,2,0,0,3,2,0,1,2,1,4,0,1,0,4,0,1,4,4,4,4,4,4,4,4,4,0,0,2,2,4,4,3,2,1,1,3,4,2,4,1,1,2,3,1,1,0,4,4,0,1,3,3,4,1,3,2,0,3,0,4,3,1,0,2,1,4,2,3,0,4,4,4,4,2,1,3,4,4,4,4,4,4,4,0,4,4,4,4,4,4,4,4,4,4,4,4,4,4,4,4,4,4,4,4,4,4,4,4,4,4,4,4,4,4,4,4,4,4,4,4,4,4,4,4,4,4,4,4,4,4,4,4,4,4,4,4,4,4,3,0,3,1,0,4,4,0,1,1,0,3,4,1,2,2,2,1,2,0,0,0,1,2,3,1,2,0,4,4,4,4,4,4,4,4,4,4,4,4,4,4,4,4,4,4,4,4,4,2,3,3,0,2,2,1,0,4,1,1,2,4,1,1,3,3,4,4,4,0,3,3,4,4,4,4,4,4,4,4,4,4,4,4,4,4,4,4,4,4,4,4,4,4,4,4,4,4,4,4,4,4,4,4,4,4,4,4,4,4,4,4,4,4,4,4,4,1,1,0,4,4,4,4,4,4,4,4,4,4,4,4,4,4,4,4,4,3,0,0,1,0,0,0,2,1,1,2,2,2,4,4,3,0,0,3,4,4,4,4,3,4,4,4,4,4,4,4,4,4,4,4,4,4,4,4,4,4,4,4,4,4,4,4,4,4,4,4,4,4,4,4,4,4,4,4,4,4,4,4,4,4,4,1,1,1,2,2,1,3,3,3,2,3,3,2,3,AEHY01000078.1/6424-6611,0
983,2,3,0,2,0,3,2,1,3,1,0,3,3,1,1,0,3,4,1,3,4,1,3,3,0,3,2,3,3,1,2,1,1,3,3,0,4,4,4,4,4,4,4,4,4,4,4,4,4,4,4,4,4,2,3,4,4,4,4,4,4,4,4,4,4,4,4,4,4,4,4,4,4,4,4,4,4,4,4,4,4,4,4,4,4,2,1,4,1,3,1,0,3,0,0,0,1,3,1,1,4,2,2,0,0,3,2,0,1,2,1,4,0,2,0,4,2,1,1,2,3,3,4,4,4,4,3,0,1,2,2,4,4,3,2,1,3,3,4,0,4,3,1,2,3,1,1,0,4,4,1,3,2,0,4,1,0,2,0,3,2,4,3,1,2,1,4,4,4,3,3,4,0,4,3,2,1,1,4,4,4,4,4,4,4,3,4,4,4,4,4,4,4,4,4,4,4,4,4,4,4,4,4,4,4,4,4,4,4,4,4,4,4,4,4,4,4,4,4,4,4,4,4,4,4,4,4,4,4,4,4,4,4,4,4,4,4,4,4,4,1,0,3,1,0,2,0,1,0,1,1,0,4,3,2,2,0,1,0,1,0,0,1,2,3,3,2,0,4,4,4,4,4,4,4,4,4,4,4,4,4,4,4,4,4,4,4,4,4,2,3,2,0,0,2,1,0,4,1,1,4,4,1,0,1,3,4,4,3,2,3,3,2,3,1,0,4,3,4,0,1,0,4,4,4,4,4,4,4,4,4,4,4,4,4,4,4,4,4,4,4,4,4,4,4,4,4,4,4,4,4,4,4,4,2,0,1,1,3,2,4,4,4,4,4,4,4,4,4,4,4,4,4,4,4,4,4,3,3,3,3,0,0,1,2,1,1,3,2,1,3,1,1,2,3,0,0,4,3,0,0,4,4,4,4,4,4,4,4,4,4,4,4,4,4,4,4,4,4,4,4,4,4,4,4,4,4,4,4,4,4,4,4,4,4,4,4,4,4,4,4,2,0,2,1,0,2,2,1,2,3,3,4,4,4,4,4,ADUE01000103.1/202-1,0
984,2,3,4,4,4,2,2,1,3,1,0,3,3,1,0,1,1,4,3,3,4,1,3,3,0,3,2,3,1,0,2,1,1,1,1,3,3,0,2,4,4,4,4,4,4,4,4,4,4,2,2,0,1,2,1,4,4,4,4,4,4,4,4,4,4,4,4,4,4,4,4,4,4,4,4,4,4,4,4,4,4,4,4,4,4,2,1,4,3,0,1,0,3,0,0,0,1,3,3,1,4,4,2,0,0,3,2,0,1,2,1,4,4,4,4,4,0,1,0,0,4,4,4,4,4,4,1,0,0,2,2,4,4,3,2,1,1,3,4,2,4,1,1,2,3,1,1,0,4,4,0,1,3,3,4,1,3,2,0,3,0,4,0,3,0,2,1,4,2,3,4,4,4,4,0,2,1,3,4,4,4,4,4,4,4,3,4,4,4,4,4,4,4,4,4,4,4,4,4,4,4,4,4,4,4,4,4,4,4,4,4,4,4,4,4,4,4,4,4,4,4,4,4,4,4,4,4,4,4,4,4,4,4,4,4,4,4,4,4,4,3,0,3,1,0,4,4,0,1,1,3,1,4,1,2,2,2,1,2,0,0,0,1,2,3,1,2,0,4,4,4,4,4,4,4,4,4,4,4,4,4,4,4,4,4,4,4,4,4,2,3,3,0,2,2,1,0,4,1,1,2,4,1,1,3,3,4,4,4,0,3,3,4,4,4,4,4,4,4,4,4,4,4,4,4,4,4,4,4,4,4,4,4,4,4,4,4,4,4,4,4,4,4,4,4,4,4,4,4,4,4,4,4,4,4,4,4,1,1,0,4,4,4,4,4,4,4,4,4,4,4,4,4,4,4,4,4,3,0,0,1,0,0,0,2,1,1,2,2,2,3,3,3,4,4,4,4,4,4,4,4,4,4,4,4,4,4,4,4,4,4,4,4,4,4,4,4,4,4,4,4,4,4,4,4,4,4,4,4,4,4,4,4,4,4,4,4,4,4,4,4,0,2,1,1,1,2,2,1,3,3,3,2,3,3,2,3,AETR01000039.1/31399-31215,0
985,2,3,0,2,0,3,2,1,3,1,0,3,3,1,1,0,3,4,1,3,4,1,3,3,0,3,2,3,3,1,2,1,1,3,3,1,4,4,4,4,4,4,4,4,4,4,4,4,4,4,4,4,4,3,2,4,4,4,4,4,4,4,4,4,4,4,4,4,4,4,4,4,4,4,4,4,4,4,4,4,4,4,4,4,4,2,1,4,1,3,1,0,3,0,0,0,1,3,1,0,4,2,2,0,0,3,2,0,3,2,1,4,0,2,0,4,2,1,1,2,3,3,4,4,4,4,3,0,1,2,2,4,4,3,2,1,3,3,4,0,4,3,1,2,3,1,1,0,4,4,1,3,2,0,4,1,0,2,0,3,2,4,3,1,2,1,4,4,4,3,3,4,0,4,1,2,1,1,4,4,4,4,4,4,4,3,4,4,4,4,4,4,4,4,4,4,4,4,4,4,4,4,4,4,4,4,4,4,4,4,4,4,4,4,4,4,4,4,4,4,4,4,4,4,4,4,4,4,4,4,4,4,4,4,4,4,4,4,4,4,1,0,3,1,0,0,0,1,0,1,1,1,4,3,2,2,0,1,0,1,0,0,1,2,3,3,2,0,4,4,4,4,4,4,4,4,4,4,4,4,4,4,4,4,4,4,4,4,4,2,3,2,0,0,2,1,0,4,1,1,1,4,1,3,3,3,4,0,3,2,3,3,2,3,1,0,4,3,4,0,1,0,4,4,4,4,4,4,4,4,4,4,4,4,4,4,4,4,4,4,4,4,4,4,4,4,4,4,4,4,4,4,4,4,2,0,1,1,3,2,4,4,4,4,4,4,4,4,4,4,4,4,4,4,4,4,4,3,3,3,3,2,0,1,2,1,1,3,2,1,1,1,1,3,3,0,0,4,4,1,1,4,4,4,4,4,4,4,4,4,4,4,4,4,4,4,4,4,4,4,4,4,4,4,4,4,4,4,4,4,4,4,4,4,4,4,4,4,4,4,4,2,2,2,1,0,2,2,1,2,3,3,3,3,3,3,3,AETT01000091.1/38676-38883,0
986,2,3,4,4,4,2,2,1,3,1,0,3,3,1,0,1,1,4,2,0,4,1,3,3,0,3,2,3,1,0,2,1,1,1,1,3,3,1,2,4,4,4,4,4,4,4,4,4,4,2,2,0,1,2,3,4,4,4,4,4,4,4,4,4,4,4,4,4,4,4,4,4,4,4,4,4,4,4,4,4,4,4,4,4,4,2,1,4,3,0,1,0,3,0,0,0,0,3,0,1,4,4,2,0,0,3,2,0,1,2,1,4,4,4,4,4,0,1,0,0,4,4,4,4,4,4,1,0,0,2,2,4,4,3,2,1,1,3,4,2,4,1,1,2,3,1,1,0,4,4,0,1,3,3,4,1,3,2,0,3,0,4,3,1,0,2,1,4,2,3,0,4,4,4,4,2,1,3,4,4,4,4,4,4,4,0,4,4,4,4,4,4,4,4,4,4,4,4,4,4,4,4,4,4,4,4,4,4,4,4,4,4,4,4,4,4,4,4,4,4,4,4,4,4,4,4,4,4,4,4,4,4,4,4,4,4,4,4,4,4,3,0,3,1,0,4,4,0,1,1,0,3,4,1,2,2,2,1,2,0,0,0,1,2,3,1,2,0,4,4,4,4,4,4,4,4,4,4,4,4,4,4,4,4,4,4,4,4,4,2,3,3,0,2,2,1,0,4,1,1,2,4,1,1,3,3,4,4,4,0,3,3,4,4,4,4,4,4,4,4,4,4,4,4,4,4,4,4,4,4,4,4,4,4,4,4,4,4,4,4,4,4,4,4,4,4,4,4,4,4,4,4,4,4,4,4,4,1,1,0,4,4,4,4,4,4,4,4,4,4,4,4,4,4,4,4,4,3,0,0,1,0,0,0,2,1,1,2,2,2,4,4,3,0,0,3,4,4,4,4,3,4,4,4,4,4,4,4,4,4,4,4,4,4,4,4,4,4,4,4,4,4,4,4,4,4,4,4,4,4,4,4,4,4,4,4,4,4,4,4,4,4,4,1,1,1,2,2,1,3,3,3,2,3,3,2,3,U36841.1/2583-2399,0
987,2,1,0,2,3,2,2,1,3,1,0,3,3,1,0,1,1,4,2,0,4,1,3,3,0,3,2,3,1,0,2,1,1,1,1,3,3,1,2,4,4,4,4,4,4,4,4,4,4,2,2,0,1,2,3,4,4,4,4,4,4,4,4,4,4,4,4,4,4,4,4,4,4,4,4,4,4,4,4,4,4,4,4,4,4,2,1,4,3,0,1,0,3,0,0,0,0,3,3,1,4,4,2,0,0,3,2,0,1,2,1,4,0,1,0,4,0,1,4,4,4,4,4,4,4,4,4,0,0,2,2,4,4,3,2,1,1,3,4,2,4,1,1,2,3,1,1,0,4,4,0,1,3,3,4,1,3,2,0,3,0,4,3,1,0,2,1,4,2,3,0,4,4,4,4,2,1,3,4,4,4,4,4,4,4,0,4,4,4,4,4,4,4,4,4,4,4,4,4,4,4,4,4,4,4,4,4,4,4,4,4,4,4,4,4,4,4,4,4,4,4,4,4,4,4,4,4,4,4,4,4,4,4,4,4,4,4,4,4,4,3,0,3,1,0,4,4,0,1,1,0,3,4,1,2,2,2,1,2,0,0,0,1,2,3,1,2,0,4,4,4,4,4,4,4,4,4,4,4,4,4,4,4,4,4,4,4,4,4,2,3,3,0,2,2,1,0,4,1,1,2,4,1,1,3,3,4,4,4,0,3,3,4,4,4,4,4,4,4,4,4,4,4,4,4,4,4,4,4,4,4,4,4,4,4,4,4,4,4,4,4,4,4,4,4,4,4,4,4,4,4,4,4,4,4,4,4,1,1,0,4,4,4,4,4,4,4,4,4,4,4,4,4,4,4,4,4,3,0,0,1,0,0,0,2,1,1,2,2,2,4,4,3,0,0,3,4,4,4,4,3,4,4,4,4,4,4,4,4,4,4,4,4,4,4,4,4,4,4,4,4,4,4,4,4,4,4,4,4,4,4,4,4,4,4,4,4,4,4,4,4,4,4,1,1,1,2,2,1,3,3,3,2,3,3,2,3,ADWV01000011.1/36357-36544,0
988,2,3,0,2,0,3,2,1,3,1,0,3,3,1,3,0,3,4,1,3,4,1,3,3,0,3,2,3,3,1,2,1,1,3,3,0,4,4,4,4,4,4,4,4,4,4,4,4,4,4,4,4,4,2,3,4,4,4,4,4,4,4,4,4,4,4,4,4,4,4,4,4,4,4,4,4,4,4,4,4,4,4,4,4,4,2,1,4,1,3,1,0,3,0,0,0,1,3,1,1,4,2,2,0,0,3,2,0,1,2,1,4,0,2,0,4,2,1,1,2,3,3,4,4,4,4,3,0,1,2,2,4,4,3,2,1,3,3,4,0,4,3,1,2,3,1,1,0,4,4,1,3,2,0,4,1,0,2,0,3,2,4,3,1,2,1,4,4,4,3,3,4,0,4,3,2,1,1,4,4,4,4,4,4,4,3,4,4,4,4,4,4,4,4,4,4,4,4,4,4,4,4,4,4,4,4,4,4,4,4,4,4,4,4,4,4,4,4,4,4,4,4,4,4,4,4,4,4,4,4,4,4,4,4,4,4,4,4,4,4,1,0,3,1,0,2,0,1,0,1,1,0,4,3,2,2,0,1,0,1,0,0,1,2,3,3,2,0,4,4,4,4,4,4,4,4,4,4,4,4,4,4,4,4,4,4,4,4,4,2,3,2,0,0,2,1,0,4,1,1,4,4,1,0,1,3,4,4,3,2,3,3,2,3,1,0,4,3,4,0,1,0,4,4,4,4,4,4,4,4,4,4,4,4,4,4,4,4,4,4,4,4,4,4,4,4,4,4,4,4,4,4,4,4,2,0,1,1,3,2,4,4,4,4,4,4,4,4,4,4,4,4,4,4,4,4,4,3,3,3,3,0,0,1,2,1,1,3,2,1,3,1,1,2,1,0,0,4,3,0,0,4,4,4,4,4,4,4,4,4,4,4,4,4,4,4,4,4,4,4,4,4,4,4,4,4,4,4,4,4,4,4,4,4,4,4,4,4,4,4,4,2,0,2,1,0,2,2,1,2,3,3,3,3,3,3,3,ADBT01000794.1/751-957,0
989,2,3,0,2,0,3,2,1,3,1,0,3,3,1,1,0,3,4,1,3,4,1,3,3,0,3,2,3,3,1,2,1,1,3,3,0,4,4,4,4,4,4,4,4,4,4,4,4,4,4,4,4,4,2,3,4,4,4,4,4,4,4,4,4,4,4,4,4,4,4,4,4,4,4,4,4,4,4,4,4,4,4,4,4,4,2,1,4,1,3,1,0,3,0,0,0,1,3,1,1,4,2,2,0,0,3,2,0,1,2,1,4,0,2,0,4,2,1,1,2,3,3,4,4,4,4,3,0,1,2,2,4,4,3,2,1,3,3,4,0,4,3,1,2,3,1,1,0,4,4,1,3,2,0,4,1,0,2,0,3,2,4,3,1,2,1,4,4,4,3,3,4,0,4,3,2,1,1,4,4,4,4,4,4,4,3,4,4,4,4,4,4,4,4,4,4,4,4,4,4,4,4,4,4,4,4,4,4,4,4,4,4,4,4,4,4,4,4,4,4,4,4,4,4,4,4,4,4,4,4,4,4,4,4,4,4,4,4,4,4,1,0,3,1,0,2,0,1,0,1,1,0,4,3,2,2,0,1,0,1,0,0,1,2,3,3,2,0,4,4,4,4,4,4,4,4,4,4,4,4,4,4,4,4,4,4,4,4,4,2,3,2,0,0,2,1,0,4,1,1,4,4,1,0,1,3,4,4,3,2,3,3,2,3,1,0,4,3,4,0,1,0,4,4,4,4,4,4,4,4,4,4,4,4,4,4,4,4,4,4,4,4,4,4,4,4,4,4,4,4,4,4,4,4,2,0,1,1,3,2,4,4,4,4,4,4,4,4,4,4,4,4,4,4,4,4,4,3,3,3,3,0,0,1,2,1,1,3,2,1,3,1,1,2,3,0,0,4,3,0,0,4,4,4,4,4,4,4,4,4,4,4,4,4,4,4,4,4,4,4,4,4,4,4,4,4,4,4,4,4,4,4,4,4,4,4,4,4,4,4,4,2,0,2,1,0,2,2,1,2,3,3,3,3,3,3,3,AFVH01000039.1/41262-41468,0
990,2,3,0,2,0,3,2,1,3,1,0,3,3,1,3,0,3,4,1,3,4,1,3,3,0,3,2,3,3,1,2,1,1,3,3,0,4,4,4,4,4,4,4,4,4,4,4,4,4,4,4,4,4,2,3,4,4,4,4,4,4,4,4,4,4,4,4,4,4,4,4,4,4,4,4,4,4,4,4,4,4,4,4,4,4,2,1,4,1,3,1,0,3,0,0,0,1,3,1,1,4,2,2,0,0,3,2,0,1,2,1,4,0,2,0,4,2,1,1,2,3,3,4,4,4,4,3,0,1,2,2,4,4,3,2,1,3,3,4,0,4,3,1,2,3,1,1,0,4,4,1,3,2,0,4,1,0,2,0,3,2,4,3,1,2,1,4,4,4,3,3,4,0,4,3,2,1,1,4,4,4,4,4,4,4,3,4,4,4,4,4,4,4,4,4,4,4,4,4,4,4,4,4,4,4,4,4,4,4,4,4,4,4,4,4,4,4,4,4,4,4,4,4,4,4,4,4,4,4,4,4,4,4,4,4,4,4,4,4,4,1,0,3,1,0,2,0,1,0,1,1,0,4,3,2,2,0,1,0,1,0,0,1,2,3,3,2,0,4,4,4,4,4,4,4,4,4,4,4,4,4,4,4,4,4,4,4,4,4,2,3,2,0,0,2,1,0,4,1,1,4,4,1,0,1,3,4,4,3,2,3,3,2,3,1,0,4,3,4,0,1,0,4,4,4,4,4,4,4,4,4,4,4,4,4,4,4,4,4,4,4,4,4,4,4,4,4,4,4,4,4,4,4,4,2,0,1,1,3,2,4,4,4,4,4,4,4,4,4,4,4,4,4,4,4,4,4,3,3,3,3,0,0,1,2,1,1,3,2,1,3,1,1,2,3,0,0,4,3,0,0,4,4,4,4,4,4,4,4,4,4,4,4,4,4,4,4,4,4,4,4,4,4,4,4,4,4,4,4,4,4,4,4,4,4,4,4,4,4,4,4,2,0,2,1,0,2,2,1,2,3,3,3,3,3,3,3,CP000819.1/3948238-3948444,0
991,2,3,4,4,4,3,2,1,3,1,0,3,3,1,3,1,1,4,3,2,4,3,1,3,0,3,2,0,3,3,2,1,1,1,1,2,1,0,1,3,2,4,4,4,4,4,4,4,1,2,2,3,3,2,0,4,4,4,4,4,4,4,4,4,4,4,4,4,4,4,4,4,4,4,4,4,4,4,4,4,4,4,4,4,4,2,1,4,4,3,1,0,3,0,0,0,0,3,3,1,4,4,2,0,0,3,2,0,1,2,1,4,0,4,4,4,4,1,1,0,0,0,4,4,4,4,4,4,1,2,2,4,4,0,2,1,1,3,4,2,4,1,1,2,3,1,1,0,4,1,1,1,0,0,4,1,1,2,0,3,0,4,0,3,1,2,1,4,3,3,2,4,1,4,3,3,3,2,1,0,4,4,0,1,2,3,4,4,4,4,4,4,4,4,4,4,4,4,4,4,4,4,4,4,4,4,4,4,4,4,4,4,4,4,4,4,4,4,4,4,4,4,4,4,4,4,4,4,4,4,4,4,4,4,4,4,4,4,4,4,3,0,3,1,0,4,4,0,2,1,0,1,4,1,2,2,0,1,2,1,0,0,1,2,3,3,2,0,4,4,4,4,4,4,4,4,4,4,4,4,4,4,4,4,4,4,4,4,4,2,3,3,0,2,2,1,3,4,1,1,0,4,4,4,4,4,4,4,4,4,4,4,4,4,4,4,4,4,4,4,4,4,4,4,4,4,4,4,4,4,4,4,4,4,4,4,4,4,4,4,4,4,4,4,4,4,4,4,4,4,4,4,4,4,4,4,4,4,4,4,4,4,4,4,4,4,4,4,4,4,4,4,4,4,4,4,4,4,4,4,4,4,4,4,4,4,4,4,4,4,4,4,4,4,4,4,4,4,4,4,4,1,4,4,4,4,4,4,4,4,4,4,4,4,4,4,4,4,4,4,4,4,4,4,4,4,4,4,4,4,4,4,4,4,4,4,4,4,4,1,3,4,4,4,4,4,4,4,4,4,4,4,0,3,3,3,3,AGFS01108914.1/201-41,0
992,2,3,0,2,0,3,2,1,3,1,0,3,3,1,1,0,3,4,1,3,4,1,3,3,0,3,2,3,3,1,2,1,1,3,3,1,4,4,4,4,4,4,4,4,4,4,4,4,4,4,4,4,4,3,2,4,4,4,4,4,4,4,4,4,4,4,4,4,4,4,4,4,4,4,4,4,4,4,4,4,4,4,4,4,4,2,1,4,1,3,1,0,3,0,0,0,1,3,1,0,4,2,2,0,0,3,2,0,3,2,1,4,0,2,0,4,2,1,1,2,3,3,4,4,4,4,3,0,1,2,2,4,4,3,2,1,3,3,4,0,4,3,1,2,3,1,1,0,4,4,1,3,2,0,4,1,0,2,0,3,2,4,3,1,2,1,4,4,4,3,3,4,0,4,1,2,1,1,4,4,4,4,4,4,4,3,4,4,4,4,4,4,4,4,4,4,4,4,4,4,4,4,4,4,4,4,4,4,4,4,4,4,4,4,4,4,4,4,4,4,4,4,4,4,4,4,4,4,4,4,4,4,4,4,4,4,4,4,4,4,1,0,3,1,0,0,0,1,0,1,1,1,4,3,2,2,0,1,0,1,0,0,1,2,3,3,2,0,4,4,4,4,4,4,4,4,4,4,4,4,4,4,4,4,4,4,4,4,4,2,3,2,0,0,2,1,0,4,1,1,1,4,1,3,3,3,4,0,3,2,3,3,2,3,1,0,4,3,4,0,1,0,4,4,4,4,4,4,4,4,4,4,4,4,4,4,4,4,4,4,4,4,4,4,4,4,4,4,4,4,4,4,4,4,2,0,1,1,3,2,4,4,4,4,4,4,4,4,4,4,4,4,4,4,4,4,4,3,3,3,3,2,0,1,2,1,1,3,2,1,1,1,1,3,3,0,0,4,4,1,1,4,4,4,4,4,4,4,4,4,4,4,4,4,4,4,4,4,4,4,4,4,4,4,4,4,4,4,4,4,4,4,4,4,4,4,4,4,4,4,4,2,2,2,1,0,2,2,1,2,3,3,3,3,3,3,3,AETL01000091.1/53206-52999,0
993,2,1,0,2,3,2,2,1,3,1,0,3,3,1,0,1,1,4,3,2,4,0,3,3,0,3,2,3,1,0,2,1,1,1,1,3,3,1,2,4,4,4,4,4,4,4,4,4,4,2,2,0,1,2,1,4,4,4,4,4,4,4,4,4,4,4,4,4,4,4,4,4,4,4,4,4,4,4,4,4,4,4,4,4,4,2,1,4,3,0,1,0,3,0,0,0,0,3,3,1,4,4,2,0,0,3,2,0,1,2,1,0,1,0,0,4,0,1,4,4,4,4,4,4,4,4,4,4,0,2,2,4,4,3,2,1,1,3,4,2,4,1,1,2,3,1,1,0,4,2,1,0,3,3,4,1,3,2,0,3,0,4,3,1,0,2,4,4,4,1,0,4,3,4,0,2,1,3,4,4,4,4,4,4,4,0,4,4,4,4,4,4,4,4,4,4,4,4,4,4,4,4,4,4,4,4,4,4,4,4,4,4,4,4,4,4,4,4,4,4,4,4,4,4,4,4,4,4,4,4,4,4,4,4,4,4,4,4,4,4,3,0,3,1,0,4,4,0,0,1,3,3,4,1,2,2,2,1,2,0,0,0,1,2,3,3,2,0,4,4,4,4,4,4,4,4,4,4,4,4,4,4,4,4,4,4,4,4,4,2,3,3,0,2,2,1,0,4,1,1,2,4,1,1,3,3,4,4,4,0,3,3,4,4,4,4,4,4,4,4,4,4,4,4,4,4,4,4,4,4,4,4,4,4,4,4,4,4,4,4,4,4,4,4,4,4,4,4,4,4,4,4,4,4,4,4,4,1,1,4,4,4,4,4,4,4,4,4,4,4,4,4,4,4,4,4,4,0,3,1,0,1,0,0,0,2,1,1,2,2,2,3,3,3,3,3,4,4,4,4,4,4,4,4,4,4,4,4,4,4,4,4,4,4,4,4,4,4,4,4,4,4,4,4,4,4,4,4,4,4,4,4,4,4,4,4,4,4,4,4,4,0,1,1,1,2,2,1,3,3,3,2,3,3,2,3,0,CP002272.1/1239524-1239714,0
994,2,3,0,2,0,3,2,1,3,1,0,3,3,1,1,0,3,4,1,3,4,1,3,3,0,3,2,3,3,1,2,1,1,3,3,1,4,4,4,4,4,4,4,4,4,4,4,4,4,4,4,4,4,3,2,4,4,4,4,4,4,4,4,4,4,4,4,4,4,4,4,4,4,4,4,4,4,4,4,4,4,4,4,4,4,2,1,4,1,3,1,0,3,0,0,0,1,3,1,0,4,2,2,0,0,3,2,0,3,2,1,4,0,2,0,4,2,1,1,2,3,3,4,4,4,4,3,0,1,2,2,4,4,3,2,1,3,3,4,0,4,3,1,2,3,1,1,0,4,4,1,3,2,0,4,1,0,2,0,3,2,4,3,1,2,1,4,4,4,3,3,4,0,4,1,2,1,1,4,4,4,4,4,4,4,3,4,4,4,4,4,4,4,4,4,4,4,4,4,4,4,4,4,4,4,4,4,4,4,4,4,4,4,4,4,4,4,4,4,4,4,4,4,4,4,4,4,4,4,4,4,4,4,4,4,4,4,4,4,4,1,0,3,1,0,0,0,1,0,1,1,1,4,3,2,2,0,1,0,1,0,0,1,2,3,3,2,0,4,4,4,4,4,4,4,4,4,4,4,4,4,4,4,4,4,4,4,4,4,2,3,2,0,0,2,1,0,4,1,1,1,4,1,3,3,3,4,0,3,2,3,3,2,3,1,0,4,3,4,0,1,0,4,4,4,4,4,4,4,4,4,4,4,4,4,4,4,4,4,4,4,4,4,4,4,4,4,4,4,4,4,4,4,4,2,0,1,1,3,2,4,4,4,4,4,4,4,4,4,4,4,4,4,4,4,4,4,3,3,3,3,2,0,1,2,1,1,3,2,1,1,1,1,3,3,0,0,4,4,1,1,4,4,4,4,4,4,4,4,4,4,4,4,4,4,4,4,4,4,4,4,4,4,4,4,4,4,4,4,4,4,4,4,4,4,4,4,4,4,4,4,2,2,2,1,0,2,2,1,2,3,3,3,3,3,3,3,AFCL01001736.1/292-499,0
995,2,3,0,2,0,3,2,1,3,1,0,3,3,1,1,0,3,4,1,3,4,1,3,3,0,3,2,3,3,1,2,1,1,3,3,0,4,4,4,4,4,4,4,4,4,4,4,4,4,4,4,4,4,2,3,4,4,4,4,4,4,4,4,4,4,4,4,4,4,4,4,4,4,4,4,4,4,4,4,4,4,4,4,4,4,2,1,4,1,3,1,0,3,0,0,0,1,3,1,1,4,2,2,0,0,3,2,0,1,2,1,4,0,2,0,4,2,1,1,2,3,3,4,4,4,4,3,0,1,2,2,4,4,3,2,1,3,3,4,0,4,3,1,2,3,1,1,0,4,4,1,3,2,0,4,1,0,2,0,3,2,4,3,1,2,1,4,4,4,3,3,4,0,4,3,2,1,1,4,4,4,4,4,4,4,3,4,4,4,4,4,4,4,4,4,4,4,4,4,4,4,4,4,4,4,4,4,4,4,4,4,4,4,4,4,4,4,4,4,4,4,4,4,4,4,4,4,4,4,4,4,4,4,4,4,4,4,4,4,4,1,0,3,1,0,2,0,1,0,1,1,0,4,3,2,2,0,1,0,1,0,0,1,2,3,3,2,0,4,4,4,4,4,4,4,4,4,4,4,4,4,4,4,4,4,4,4,4,4,2,3,2,0,0,2,1,0,4,1,1,4,4,1,0,1,3,4,4,3,2,3,3,2,3,1,0,4,3,4,0,1,0,4,4,4,4,4,4,4,4,4,4,4,4,4,4,4,4,4,4,4,4,4,4,4,4,4,4,4,4,4,4,4,4,2,0,1,1,3,2,4,4,4,4,4,4,4,4,4,4,4,4,4,4,4,4,4,3,3,3,3,0,0,1,2,1,1,3,2,3,3,1,1,2,3,0,0,4,3,0,0,4,4,4,4,4,4,4,4,4,4,4,4,4,4,4,4,4,4,4,4,4,4,4,4,4,4,4,4,4,4,4,4,4,4,4,4,4,4,4,4,2,0,2,1,0,2,2,1,2,3,3,3,3,3,3,3,ADTM01000121.1/629-835,0
996,2,3,4,4,4,2,2,1,3,1,0,3,3,1,0,1,1,4,3,3,4,1,3,3,0,3,2,3,1,0,2,1,1,1,1,3,3,0,2,4,4,4,4,4,4,4,4,4,4,2,2,0,1,2,1,4,4,4,4,4,4,4,4,4,4,4,4,4,4,4,4,4,4,4,4,4,4,4,4,4,4,4,4,4,4,2,1,4,3,0,1,0,3,0,0,0,1,3,3,1,4,4,2,0,0,3,2,0,1,2,1,4,4,4,4,4,0,1,0,0,4,4,4,4,4,4,1,0,0,2,2,4,4,3,2,1,1,3,4,2,4,1,1,2,3,1,3,0,4,4,0,1,3,3,4,1,3,2,0,3,0,4,0,3,0,2,1,4,2,3,4,4,4,4,0,2,1,3,4,4,4,4,4,4,4,3,4,4,4,4,4,4,4,4,4,4,4,4,4,4,4,4,4,4,4,4,4,4,4,4,4,4,4,4,4,4,4,4,4,4,4,4,4,4,4,4,4,4,4,4,4,4,4,4,4,4,4,4,4,4,3,0,3,1,0,4,4,0,1,1,3,1,4,1,2,2,2,1,2,0,0,0,1,2,3,1,2,0,4,4,4,4,4,4,4,4,4,4,4,4,4,4,4,4,4,4,4,4,4,2,3,3,0,2,2,1,0,4,1,1,2,4,1,1,3,3,4,4,4,0,3,3,4,4,4,4,4,4,4,4,4,4,4,4,4,4,4,4,4,4,4,4,4,4,4,4,4,4,4,4,4,4,4,4,4,4,4,4,4,4,4,4,4,4,4,4,4,1,1,0,4,4,4,4,4,4,4,4,4,4,4,4,4,4,4,4,4,3,0,0,1,0,0,0,2,1,1,2,2,2,3,3,3,4,4,4,4,4,4,4,4,4,4,4,4,4,4,4,4,4,4,4,4,4,4,4,4,4,4,4,4,4,4,4,4,4,4,4,4,4,4,4,4,4,4,4,4,4,4,4,4,0,2,1,1,1,2,2,1,3,3,3,2,3,3,2,3,CAAQ01005660.1/1527-1711,0
997,2,1,0,2,3,2,2,1,3,1,0,3,3,1,0,1,1,4,2,0,4,1,3,3,0,3,2,3,1,0,2,1,1,1,1,3,3,1,2,4,4,4,4,4,4,4,4,4,4,2,2,0,1,2,3,4,4,4,4,4,4,4,4,4,4,4,4,4,4,4,4,4,4,4,4,4,4,4,4,4,4,4,4,4,4,2,1,4,3,0,1,0,3,0,0,0,0,3,3,1,4,4,2,0,0,3,2,0,1,2,1,4,0,1,0,4,0,1,4,4,4,4,4,4,4,4,4,0,0,2,2,4,4,3,2,1,1,3,4,2,4,1,1,2,3,1,1,0,4,4,0,1,3,3,4,1,3,2,0,3,0,4,3,1,0,2,1,4,2,3,0,4,4,4,4,2,1,3,4,4,4,4,4,4,4,0,4,4,4,4,4,4,4,4,4,4,4,4,4,4,4,4,4,4,4,4,4,4,4,4,4,4,4,4,4,4,4,4,4,4,4,4,4,4,4,4,4,4,4,4,4,4,4,4,4,4,4,4,4,4,3,0,3,1,0,4,4,0,1,1,0,3,4,1,2,2,2,1,2,0,0,0,1,2,3,1,2,0,4,4,4,4,4,4,4,4,4,4,4,4,4,4,4,4,4,4,4,4,4,2,3,3,0,2,2,1,0,4,1,1,2,4,1,1,3,3,4,4,4,0,3,3,4,4,4,4,4,4,4,4,4,4,4,4,4,4,4,4,4,4,4,4,4,4,4,4,4,4,4,4,4,4,4,4,4,4,4,4,4,4,4,4,4,4,4,4,4,1,1,0,4,4,4,4,4,4,4,4,4,4,4,4,4,4,4,4,4,3,0,0,1,0,0,0,2,1,1,2,2,2,4,4,3,0,0,3,4,4,4,4,3,4,4,4,4,4,4,4,4,4,4,4,4,4,4,4,4,4,4,4,4,4,4,4,4,4,4,4,4,4,4,4,4,4,4,4,4,4,4,4,4,4,4,1,1,1,2,2,1,3,3,3,2,3,3,2,3,AFGV01000058.1/38557-38370,0
998,2,3,0,2,0,3,2,1,3,1,0,3,3,1,1,0,3,4,1,3,4,1,3,3,0,3,2,3,3,1,2,1,1,3,3,0,4,4,4,4,4,4,4,4,4,4,4,4,4,4,4,4,4,2,3,4,4,4,4,4,4,4,4,4,4,4,4,4,4,4,4,4,4,4,4,4,4,4,4,4,4,4,4,4,4,2,1,4,1,3,1,0,3,0,0,0,1,3,1,1,4,2,2,0,0,3,2,0,1,2,1,4,0,2,0,4,2,1,1,2,3,3,4,4,4,4,3,0,1,2,2,4,4,3,2,1,3,3,4,0,4,3,1,2,3,1,1,0,4,4,1,3,2,0,4,1,0,2,0,3,2,4,3,1,2,1,4,4,4,3,3,4,0,4,3,2,1,1,4,4,4,4,4,4,4,3,4,4,4,4,4,4,4,4,4,4,4,4,4,4,4,4,4,4,4,4,4,4,4,4,4,4,4,4,4,4,4,4,4,4,4,4,4,4,4,4,4,4,4,4,4,4,4,4,4,4,4,4,4,4,1,0,3,1,0,2,0,1,0,1,1,0,4,3,2,2,0,1,0,1,0,0,1,2,3,3,2,0,4,4,4,4,4,4,4,4,4,4,4,4,4,4,4,4,4,4,4,4,4,2,3,2,0,0,2,1,0,4,1,1,4,4,1,0,1,3,4,4,3,2,3,3,2,3,1,0,4,3,4,0,1,0,4,4,4,4,4,4,4,4,4,4,4,4,4,4,4,4,4,4,4,4,4,4,4,4,4,4,4,4,4,4,4,4,2,0,1,1,3,2,4,4,4,4,4,4,4,4,4,4,4,4,4,4,4,4,4,3,3,3,3,0,0,1,2,1,1,3,2,1,3,1,1,2,3,0,0,4,3,0,0,4,4,4,4,4,4,4,4,4,4,4,4,4,4,4,4,4,4,4,4,4,4,4,4,4,4,4,4,4,4,4,4,4,4,4,4,4,4,4,4,2,0,2,1,0,2,2,1,2,3,3,3,3,3,3,3,BABF01000581.1/2199-1993,0
999,2,3,4,4,4,2,2,1,3,1,0,3,3,1,0,1,1,4,3,3,4,1,3,3,0,3,2,3,1,0,2,1,1,1,1,3,3,0,2,4,4,4,4,4,4,4,4,4,4,2,2,0,1,2,1,4,4,4,4,4,4,4,4,4,4,4,4,4,4,4,4,4,4,4,4,4,4,4,4,4,4,4,4,4,4,2,1,4,3,0,1,0,3,0,0,0,1,3,3,1,4,4,2,0,0,3,2,0,1,2,1,4,4,4,4,4,0,1,0,0,4,4,4,4,4,4,1,0,0,2,2,4,4,3,2,1,1,3,4,2,4,1,1,2,3,1,3,0,4,4,0,1,3,3,4,1,3,2,0,3,0,4,0,3,0,2,1,4,2,3,4,4,4,4,0,2,1,3,4,4,4,4,4,4,4,3,4,4,4,4,4,4,4,4,4,4,4,4,4,4,4,4,4,4,4,4,4,4,4,4,4,4,4,4,4,4,4,4,4,4,4,4,4,4,4,4,4,4,4,4,4,4,4,4,4,4,4,4,4,4,3,0,3,1,0,4,4,0,1,1,3,1,4,1,2,2,2,1,2,0,0,0,1,2,3,1,2,0,4,4,4,4,4,4,4,4,4,4,4,4,4,4,4,4,4,4,4,4,4,2,3,3,0,2,2,1,0,4,1,1,2,4,1,1,3,3,4,4,4,0,3,3,4,4,4,4,4,4,4,4,4,4,4,4,4,4,4,4,4,4,4,4,4,4,4,4,4,4,4,4,4,4,4,4,4,4,4,4,4,4,4,4,4,4,4,4,4,1,1,0,4,4,4,4,4,4,4,4,4,4,4,4,4,4,4,4,4,3,0,0,1,0,0,0,2,1,1,2,2,2,3,3,3,4,4,4,4,4,4,4,4,4,4,4,4,4,4,4,4,4,4,4,4,4,4,4,4,4,4,4,4,4,4,4,4,4,4,4,4,4,4,4,4,4,4,4,4,4,4,4,4,0,2,1,1,1,2,2,1,3,3,3,2,3,3,2,3,CAAT01000053.1/37189-37373,0
1000,2,3,0,2,0,3,2,1,3,1,0,3,1,1,1,0,1,4,3,3,4,0,3,3,0,3,2,0,3,0,2,1,1,3,2,2,3,3,3,3,3,0,3,4,4,0,2,1,1,0,0,3,3,3,0,4,4,4,4,4,4,4,4,4,4,4,4,4,4,4,4,4,4,4,4,4,4,4,4,4,4,4,4,4,4,2,1,4,3,3,1,0,3,0,0,0,1,1,1,0,4,2,2,2,0,3,2,0,1,2,1,4,0,2,0,4,2,1,1,2,0,3,4,4,3,3,3,0,2,2,2,4,4,3,2,1,1,3,4,0,4,3,3,2,3,1,1,0,4,3,2,3,0,0,4,0,1,2,0,3,2,4,3,3,2,0,0,4,3,0,3,4,1,4,3,3,4,4,4,4,4,4,4,4,4,4,4,4,4,4,4,4,4,4,4,4,4,4,4,4,4,4,4,4,4,4,4,4,4,4,4,4,4,4,4,4,4,4,4,4,4,4,4,4,4,4,4,4,4,4,4,4,4,4,4,4,4,4,4,4,1,0,3,1,0,4,4,1,0,3,0,1,4,1,2,2,2,1,0,3,0,0,1,2,3,3,2,0,4,4,4,4,4,4,4,4,4,4,4,4,4,4,4,4,4,4,4,4,4,2,3,2,0,2,2,1,0,4,1,1,2,4,0,1,0,3,4,4,3,2,3,3,2,3,1,3,4,2,4,3,4,0,4,4,4,4,4,4,4,4,4,4,4,4,4,4,4,4,4,4,4,4,4,4,4,4,4,4,4,4,4,4,4,4,2,0,1,1,3,2,0,0,4,4,4,4,4,4,4,4,4,4,4,4,0,0,3,3,3,1,0,2,0,1,2,1,3,3,2,1,1,1,3,3,0,3,4,4,4,4,4,4,4,4,4,4,4,4,4,4,4,4,4,4,4,4,4,4,4,4,4,4,4,4,4,4,4,4,4,4,4,4,4,4,4,4,4,4,4,4,4,1,2,2,1,0,0,2,1,2,3,3,3,3,3,3,3,CACY01000032.1/342-120,0
1001,2,3,0,2,0,3,2,1,3,1,0,3,3,1,1,0,3,4,1,3,4,1,3,3,0,3,2,3,3,1,2,1,1,3,3,0,4,4,4,4,4,4,4,4,4,4,4,4,4,4,4,4,4,2,3,4,4,4,4,4,4,4,4,4,4,4,4,4,4,4,4,4,4,4,4,4,4,4,4,4,4,4,4,4,4,2,1,4,1,3,1,0,3,0,0,0,1,3,1,1,4,2,2,0,0,3,2,0,1,2,1,4,0,2,0,4,2,1,1,2,3,3,4,4,4,4,3,0,1,2,2,4,4,3,2,1,3,3,4,0,4,3,1,2,3,1,1,0,4,4,1,3,2,0,4,1,0,2,0,3,2,4,3,1,2,1,4,4,4,3,3,4,0,4,3,2,1,1,4,4,4,4,4,4,4,3,4,4,4,4,4,4,4,4,4,4,4,4,4,4,4,4,4,4,4,4,4,4,4,4,4,4,4,4,4,4,4,4,4,4,4,4,4,4,4,4,4,4,4,4,4,4,4,4,4,4,4,4,4,4,1,0,3,1,0,2,0,1,0,1,1,0,4,3,2,2,0,1,0,1,0,0,1,2,3,3,2,0,4,4,4,4,4,4,4,4,4,4,4,4,4,4,4,4,4,4,4,4,4,2,3,2,0,0,2,1,0,4,1,1,4,4,1,0,1,3,4,4,3,2,3,3,2,3,1,0,4,3,4,0,1,0,4,4,4,4,4,4,4,4,4,4,4,4,4,4,4,4,4,4,4,4,4,4,4,4,4,4,4,4,4,4,4,4,2,0,1,1,3,2,4,4,4,4,4,4,4,4,4,4,4,4,4,4,4,4,4,3,3,3,3,0,0,1,2,1,1,3,2,1,3,1,1,2,3,0,0,4,3,0,0,4,4,4,4,4,4,4,4,4,4,4,4,4,4,4,4,4,4,4,4,4,4,4,4,4,4,4,4,4,4,4,4,4,4,4,4,4,4,4,4,2,0,2,1,0,2,2,1,2,3,3,3,3,3,3,3,CP001969.1/4359323-4359529,0
1002,2,3,0,2,0,3,2,1,3,1,0,3,3,1,1,0,3,4,1,3,4,1,3,3,0,3,2,3,3,1,2,1,1,3,3,0,4,4,4,4,4,4,4,4,4,4,4,4,4,4,4,4,4,2,3,4,4,4,4,4,4,4,4,4,4,4,4,4,4,4,4,4,4,4,4,4,4,4,4,4,4,4,4,4,4,2,1,4,1,3,1,0,3,0,0,0,1,3,1,1,4,2,2,0,0,3,2,0,1,2,1,4,0,2,0,4,2,1,1,2,3,3,4,4,4,4,3,0,1,2,2,4,4,3,2,1,3,3,4,0,4,3,1,2,3,1,1,0,4,4,1,3,2,0,4,1,0,2,0,3,2,4,3,1,2,1,4,4,4,3,3,4,0,4,3,2,1,1,4,4,4,4,4,4,4,3,4,4,4,4,4,4,4,4,4,4,4,4,4,4,4,4,4,4,4,4,4,4,4,4,4,4,4,4,4,4,4,4,4,4,4,4,4,4,4,4,4,4,4,4,4,4,4,4,4,4,4,4,4,4,1,0,3,1,0,2,0,1,0,1,1,0,4,3,2,2,0,1,0,1,0,0,1,2,3,3,2,0,4,4,4,4,4,4,4,4,4,4,4,4,4,4,4,4,4,4,4,4,4,2,3,2,0,0,2,1,0,4,1,1,4,4,1,0,1,3,4,4,3,2,3,3,2,3,1,0,4,3,4,0,1,0,4,4,4,4,4,4,4,4,4,4,4,4,4,4,4,4,4,4,4,4,4,4,4,4,4,4,4,4,4,4,4,4,2,0,1,1,3,2,4,4,4,4,4,4,4,4,4,4,4,4,4,4,4,4,4,3,3,3,3,0,0,1,2,1,1,3,2,1,3,1,1,2,3,0,0,4,3,0,0,4,4,4,4,4,4,4,4,4,4,4,4,4,4,4,4,4,4,4,4,4,4,4,4,4,4,4,4,4,4,4,4,4,4,4,4,4,4,4,4,2,0,2,1,0,2,2,1,2,3,3,3,3,3,3,3,ABHU01000005.1/112626-112832,0
1003,2,1,0,2,3,2,2,1,3,1,0,3,3,1,2,1,1,4,2,0,4,1,3,3,0,3,2,3,1,0,2,1,1,1,1,3,3,1,2,4,4,4,4,4,4,4,4,4,4,2,2,0,1,2,3,4,4,4,4,4,4,4,4,4,4,4,4,4,4,4,4,4,4,4,4,4,4,4,4,4,4,4,4,4,4,2,1,4,3,0,1,0,3,0,0,0,0,3,4,3,4,1,2,0,0,3,2,0,1,2,1,4,0,1,0,4,0,1,4,4,4,4,4,4,4,4,4,0,0,2,2,4,4,3,2,1,1,3,4,2,4,1,1,2,3,1,1,0,4,4,0,1,3,3,4,1,3,2,0,3,0,4,3,1,0,2,1,4,2,3,0,4,4,4,4,2,1,3,4,4,4,4,4,4,4,0,4,4,4,4,4,4,4,4,4,4,4,4,4,4,4,4,4,4,4,4,4,4,4,4,4,4,4,4,4,4,4,4,4,4,4,4,4,4,4,4,4,4,4,4,4,4,4,4,4,4,4,4,4,4,3,0,3,1,0,4,4,0,1,1,0,3,4,1,2,2,2,1,2,0,0,0,1,2,3,1,2,0,4,4,4,4,4,4,4,4,4,4,4,4,4,4,4,4,4,4,4,4,4,2,3,3,0,2,2,1,0,4,1,1,2,4,1,1,3,3,4,4,4,0,3,3,4,4,4,4,4,4,4,4,4,4,4,4,4,4,4,4,4,4,4,4,4,4,4,4,4,4,4,4,4,4,4,4,4,4,4,4,4,4,4,4,4,4,4,4,4,1,1,0,4,4,4,4,4,4,4,4,4,4,4,4,4,4,4,4,4,3,0,0,1,0,0,0,2,1,1,2,2,2,4,4,3,0,0,3,4,4,4,4,3,4,4,4,4,4,4,4,4,4,4,4,4,4,4,4,4,4,4,4,4,4,4,4,4,4,4,4,4,4,4,4,4,4,4,4,4,4,4,4,4,4,4,1,1,1,2,2,1,3,3,3,2,3,3,2,3,ADUC01000034.1/12978-13165,0
1004,2,3,0,2,0,3,2,1,3,1,0,3,3,1,1,0,3,4,1,3,4,1,3,3,0,3,2,3,3,1,2,1,1,3,3,1,4,4,4,4,4,4,4,4,4,4,4,4,4,4,4,4,4,3,2,4,4,4,4,4,4,4,4,4,4,4,4,4,4,4,4,4,4,4,4,4,4,4,4,4,4,4,4,4,4,2,1,4,1,3,1,0,3,0,0,0,1,3,1,0,4,2,2,0,0,3,2,0,3,2,1,4,0,2,0,4,2,1,1,2,3,3,4,4,4,4,3,0,1,2,2,4,4,3,2,1,3,3,4,0,4,3,1,2,3,1,1,0,4,4,1,3,2,0,4,1,0,2,0,3,2,4,3,1,2,1,4,4,4,3,3,4,0,4,1,2,1,1,4,4,4,4,4,4,4,3,4,4,4,4,4,4,4,4,4,4,4,4,4,4,4,4,4,4,4,4,4,4,4,4,4,4,4,4,4,4,4,4,4,4,4,4,4,4,4,4,4,4,4,4,4,4,4,4,4,4,4,4,4,4,1,0,3,1,0,0,0,1,0,1,1,1,4,3,2,2,0,1,0,1,0,0,1,2,3,3,2,0,4,4,4,4,4,4,4,4,4,4,4,4,4,4,4,4,4,4,4,4,4,2,3,2,0,0,2,1,0,4,1,1,1,4,1,3,3,3,4,0,3,2,3,3,2,3,1,0,4,3,4,0,1,0,4,4,4,4,4,4,4,4,4,4,4,4,4,4,4,4,4,4,4,4,4,4,4,4,4,4,4,4,4,4,4,4,2,0,1,1,3,2,4,4,4,4,4,4,4,4,4,4,4,4,4,4,4,4,4,3,3,3,3,2,0,1,2,1,1,3,2,1,1,1,1,3,3,0,0,4,4,1,1,4,4,4,4,4,4,4,4,4,4,4,4,4,4,4,4,4,4,4,4,4,4,4,4,4,4,4,4,4,4,4,4,4,4,4,4,4,4,4,4,2,2,2,1,0,2,2,1,2,3,3,3,3,3,3,3,AFCX01001870.1/288-495,0
1005,3,1,0,2,3,3,2,1,3,1,0,3,3,1,0,1,1,4,3,1,4,3,3,3,0,3,2,0,3,0,2,3,1,1,1,2,4,4,4,4,4,4,4,4,4,4,4,4,4,4,4,4,4,4,4,1,1,2,3,0,3,0,2,1,4,4,4,4,4,4,4,4,4,4,4,4,2,2,0,0,3,0,3,2,1,0,1,4,3,3,1,0,3,0,0,2,1,1,0,1,4,1,2,0,0,3,2,0,3,2,1,4,1,3,0,0,2,0,1,4,4,4,4,4,4,4,4,4,3,2,2,4,4,3,2,1,1,3,4,0,4,3,1,2,3,1,1,0,1,1,1,0,0,0,4,1,1,2,0,3,0,4,3,3,2,3,2,4,3,2,0,4,0,4,3,2,1,0,1,4,4,4,4,4,0,3,4,4,4,4,4,4,4,4,4,4,4,4,4,4,4,4,4,4,4,4,4,4,4,4,4,4,4,4,4,4,4,4,4,4,4,4,4,4,4,4,4,4,4,4,4,4,4,4,4,4,4,4,4,4,3,0,3,1,0,4,4,0,0,1,0,3,4,1,2,2,0,1,2,0,1,0,1,2,3,3,2,0,4,4,4,4,4,4,4,4,4,4,4,4,4,4,4,4,4,4,4,4,4,2,3,2,0,2,2,3,2,4,1,1,2,4,1,1,3,0,4,4,3,2,3,1,4,4,4,4,4,4,4,4,4,4,4,4,4,4,4,4,4,4,4,4,4,4,4,4,4,4,4,4,4,4,4,4,4,4,4,4,4,4,4,4,4,4,4,4,4,1,3,2,4,4,4,4,4,4,4,4,4,4,4,4,4,4,4,4,4,1,3,2,3,2,0,3,2,0,4,4,4,4,4,4,2,3,0,2,4,4,4,4,3,4,4,4,4,4,4,4,4,4,4,4,4,4,4,4,4,4,4,4,4,4,4,4,4,4,4,4,4,4,4,4,4,4,4,4,4,4,4,4,4,4,4,4,4,4,4,3,1,0,3,1,0,0,3,0,3,FR718537.1/3664-3467,0
1006,2,3,0,2,0,3,2,1,3,1,0,3,1,1,3,0,3,4,3,3,4,1,3,3,0,3,2,0,1,0,2,3,0,3,0,2,4,4,4,4,4,4,4,4,4,4,4,4,4,4,4,4,4,4,4,4,4,4,4,4,4,4,4,4,4,4,4,4,4,4,4,4,4,4,4,4,4,4,4,4,4,4,4,4,4,2,1,4,3,3,1,0,3,0,0,0,1,1,1,0,4,2,2,2,0,3,2,0,3,2,1,4,0,2,0,4,2,1,1,2,0,3,4,4,4,3,0,3,1,2,2,4,4,3,2,1,1,3,4,0,4,3,3,2,3,1,1,0,4,3,2,3,1,0,4,1,0,2,0,3,2,4,0,0,3,0,0,4,2,0,3,4,2,4,3,0,2,3,3,0,3,1,3,3,3,3,4,4,4,4,4,4,4,4,4,4,4,4,4,4,4,4,4,4,4,4,4,4,4,4,4,4,4,4,4,4,4,4,4,4,4,4,4,4,4,4,4,4,4,4,4,4,4,4,4,4,4,4,4,4,1,0,3,1,0,4,4,1,1,2,0,3,4,1,2,2,0,1,3,1,0,0,1,2,3,3,2,0,4,4,4,4,4,4,4,4,4,4,4,4,4,4,4,4,4,4,4,4,4,2,3,2,0,2,2,1,0,4,1,3,4,4,0,3,1,1,4,4,4,4,4,4,2,3,1,3,4,2,4,3,4,0,4,4,4,4,4,4,4,4,4,4,4,4,4,4,4,4,4,4,4,4,4,4,4,4,4,4,4,4,4,4,4,4,2,0,1,1,3,2,0,3,3,4,4,4,4,4,4,4,4,4,4,4,2,3,0,3,3,3,0,3,0,1,0,1,1,3,0,3,1,3,3,3,1,3,4,4,4,4,0,4,4,4,4,4,4,4,4,4,4,4,4,4,4,4,4,4,4,4,4,4,4,4,4,4,4,4,4,4,4,4,4,4,4,4,4,4,4,4,4,0,2,2,3,0,2,2,3,2,3,3,3,3,3,3,3,FM162591.1/4795120-4794909,0
1007,2,3,0,2,0,3,2,1,3,1,0,3,3,1,1,0,3,4,1,3,4,1,3,3,0,3,2,3,3,1,2,1,1,3,3,1,4,4,4,4,4,4,4,4,4,4,4,4,4,4,4,4,4,3,2,4,4,4,4,4,4,4,4,4,4,4,4,4,4,4,4,4,4,4,4,4,4,4,4,4,4,4,4,4,4,2,1,4,1,3,1,0,3,0,0,0,1,3,1,0,4,2,2,0,0,3,2,0,3,2,1,4,0,2,0,4,2,1,1,2,3,3,4,4,4,4,3,0,1,2,2,4,4,3,2,1,3,3,4,0,4,3,1,2,3,1,1,0,4,4,1,3,2,0,4,1,0,2,0,3,2,4,3,1,2,1,4,4,4,3,3,4,0,4,1,2,1,1,4,4,4,4,4,4,4,3,4,4,4,4,4,4,4,4,4,4,4,4,4,4,4,4,4,4,4,4,4,4,4,4,4,4,4,4,4,4,4,4,4,4,4,4,4,4,4,4,4,4,4,4,4,4,4,4,4,4,4,4,4,4,1,0,3,1,0,0,0,1,0,1,1,1,4,3,2,2,0,1,0,1,0,0,1,2,3,3,2,0,4,4,4,4,4,4,4,4,4,4,4,4,4,4,4,4,4,4,4,4,4,2,3,2,0,0,2,1,0,4,1,1,1,4,1,3,3,3,4,0,3,2,3,3,2,3,1,0,4,3,4,0,1,0,4,4,4,4,4,4,4,4,4,4,4,4,4,4,4,4,4,4,4,4,4,4,4,4,4,4,4,4,4,4,4,4,2,0,1,1,3,2,4,4,4,4,4,4,4,4,4,4,4,4,4,4,4,4,4,3,3,3,3,2,0,1,2,1,1,3,2,1,1,1,1,3,3,0,0,4,4,1,1,4,4,4,4,4,4,4,4,4,4,4,4,4,4,4,4,4,4,4,4,4,4,4,4,4,4,4,4,4,4,4,4,4,4,4,4,4,4,4,4,2,2,2,1,0,2,2,1,2,3,3,3,3,3,3,3,CP001120.1/4151577-4151784,0
1008,2,3,4,4,4,2,2,1,3,1,0,3,3,1,0,1,1,4,2,0,4,1,3,3,0,3,2,3,1,0,2,1,1,1,1,3,3,1,2,4,4,4,4,4,4,4,4,4,4,2,2,0,1,2,3,4,4,4,4,4,4,4,4,4,4,4,4,4,4,4,4,4,4,4,4,4,4,4,4,4,4,4,4,4,4,2,1,4,3,0,1,0,3,0,0,0,0,3,3,1,4,4,2,0,0,3,2,0,1,2,1,4,4,4,4,4,0,1,0,0,4,4,4,4,4,4,1,0,0,2,2,4,4,3,2,1,1,3,4,2,4,1,1,2,3,1,1,0,4,4,0,1,3,3,4,1,3,2,0,3,0,4,3,1,0,2,1,4,2,3,0,4,4,4,4,2,1,3,4,4,4,4,4,4,4,0,4,4,4,4,4,4,4,4,4,4,4,4,4,4,4,4,4,4,4,4,4,4,4,4,4,4,4,4,4,4,4,4,4,4,4,4,4,4,4,4,4,4,4,4,4,4,4,4,4,4,4,4,4,4,3,0,3,1,0,4,4,0,1,1,0,3,4,1,2,2,2,1,2,0,0,0,1,2,3,1,2,0,4,4,4,4,4,4,4,4,4,4,4,4,4,4,4,4,4,4,4,4,4,2,3,3,0,2,2,1,0,4,1,1,2,4,1,1,3,3,4,4,4,0,3,3,4,4,4,4,4,4,4,4,4,4,4,4,4,4,4,4,4,4,4,4,4,4,4,4,4,4,4,4,4,4,4,4,4,4,4,4,4,4,4,4,4,4,4,4,4,1,1,0,4,4,4,4,4,4,4,4,4,4,4,4,4,4,4,4,4,3,0,0,1,0,0,0,2,1,1,2,2,2,4,4,3,0,0,3,4,4,4,4,3,4,4,4,4,4,4,4,4,4,4,4,4,4,4,4,4,4,4,4,4,4,4,4,4,4,4,4,4,4,4,4,4,4,4,4,4,4,4,4,4,4,4,1,1,1,2,2,1,3,3,3,2,3,3,2,3,AETX01000059.1/68788-68604,0
1009,2,3,4,4,4,2,2,1,3,1,0,3,3,1,0,1,1,4,2,0,4,1,3,3,0,3,2,3,1,0,2,1,1,1,1,3,3,1,2,4,4,4,4,4,4,4,4,4,4,2,2,0,1,2,3,4,4,4,4,4,4,4,4,4,4,4,4,4,4,4,4,4,4,4,4,4,4,4,4,4,4,4,4,4,4,2,1,4,3,0,1,0,3,0,0,0,0,3,3,1,4,4,2,0,0,3,2,0,1,2,1,4,4,4,4,4,0,1,0,0,4,4,4,4,4,4,1,0,0,2,2,4,4,3,2,1,1,3,4,2,4,1,1,2,3,1,1,0,4,4,0,1,3,3,4,1,3,2,0,3,0,4,3,1,0,2,1,4,2,3,0,4,4,4,4,2,1,3,4,4,4,4,4,4,4,0,4,4,4,4,4,4,4,4,4,4,4,4,4,4,4,4,4,4,4,4,4,4,4,4,4,4,4,4,4,4,4,4,4,4,4,4,4,4,4,4,4,4,4,4,4,4,4,4,4,4,4,4,4,4,3,0,3,1,0,4,4,0,1,1,0,3,4,1,2,2,2,1,2,0,0,0,1,2,3,1,2,0,4,4,4,4,4,4,4,4,4,4,4,4,4,4,4,4,4,4,4,4,4,2,3,3,0,2,2,1,0,4,1,1,2,4,1,1,3,3,4,4,4,0,3,3,4,4,4,4,4,4,4,4,4,4,4,4,4,4,4,4,4,4,4,4,4,4,4,4,4,4,4,4,4,4,4,4,4,4,4,4,4,4,4,4,4,4,4,4,4,1,1,0,4,4,4,4,4,4,4,4,4,4,4,4,4,4,4,4,4,3,0,0,1,0,0,0,2,1,1,2,2,2,4,4,3,0,0,3,4,4,4,4,3,4,4,4,4,4,4,4,4,4,4,4,4,4,4,4,4,4,4,4,4,4,4,4,4,4,4,4,4,4,4,4,4,4,4,4,4,4,4,4,4,4,4,1,1,1,2,2,1,3,3,3,2,3,3,2,3,ABKY02000002.1/750597-750781,0
1010,2,3,4,4,4,2,2,1,3,1,0,3,3,1,0,1,1,4,3,3,4,1,3,3,0,3,2,3,1,0,2,1,1,1,1,3,3,0,2,4,4,4,4,4,4,4,4,4,4,2,2,0,1,2,1,4,4,4,4,4,4,4,4,4,4,4,4,4,4,4,4,4,4,4,4,4,4,4,4,4,4,4,4,4,4,2,1,4,3,0,1,0,3,0,0,0,1,3,3,1,4,4,2,0,0,3,2,0,1,2,1,4,4,4,4,4,0,1,0,0,4,4,4,4,4,4,1,0,0,2,2,4,4,3,2,1,1,3,4,2,4,1,1,2,3,1,1,0,4,4,0,1,3,3,4,1,3,2,0,3,0,4,0,3,0,2,1,4,2,3,4,4,4,4,0,2,1,3,4,4,4,4,4,4,4,3,4,4,4,4,4,4,4,4,4,4,4,4,4,4,4,4,4,4,4,4,4,4,4,4,4,4,4,4,4,4,4,4,4,4,4,4,4,4,4,4,4,4,4,4,4,4,4,4,4,4,4,4,4,4,3,0,3,1,0,4,4,0,1,1,3,1,4,1,2,2,2,1,2,0,0,0,1,2,3,1,2,0,4,4,4,4,4,4,4,4,4,4,4,4,4,4,4,4,4,4,4,4,4,2,3,3,0,2,2,1,0,4,1,1,2,4,1,1,3,3,4,4,4,0,3,3,4,4,4,4,4,4,4,4,4,4,4,4,4,4,4,4,4,4,4,4,4,4,4,4,4,4,4,4,4,4,4,4,4,4,4,4,4,4,4,4,4,4,4,4,4,1,1,0,4,4,4,4,4,4,4,4,4,4,4,4,4,4,4,4,4,3,0,0,1,0,0,0,2,1,1,2,2,2,3,3,3,4,4,4,4,4,4,4,4,4,4,4,4,4,4,4,4,4,4,4,4,4,4,4,4,4,4,4,4,4,4,4,4,4,4,4,4,4,4,4,4,4,4,4,4,4,4,4,4,0,2,1,1,1,2,2,1,3,3,3,2,3,3,2,3,AETF01000082.1/40319-40503,0
1011,2,3,0,2,0,3,2,1,3,1,0,3,3,1,1,0,3,4,1,3,4,1,3,3,0,3,2,3,3,1,2,1,1,3,3,0,4,4,4,4,4,4,4,4,4,4,4,4,4,4,4,4,4,2,3,4,4,4,4,4,4,4,4,4,4,4,4,4,4,4,4,4,4,4,4,4,4,4,4,4,4,4,4,4,4,2,1,4,1,3,1,0,3,0,0,0,1,3,1,1,4,2,2,0,0,3,2,0,1,2,1,4,0,2,0,4,2,1,1,2,3,3,4,4,4,4,3,0,1,2,2,4,4,3,2,1,3,3,4,0,4,3,1,2,3,1,1,0,4,4,1,3,2,0,4,1,0,2,0,3,2,4,3,1,2,1,4,4,4,3,3,4,0,4,3,2,1,1,4,4,4,4,4,4,4,3,4,4,4,4,4,4,4,4,4,4,4,4,4,4,4,4,4,4,4,4,4,4,4,4,4,4,4,4,4,4,4,4,4,4,4,4,4,4,4,4,4,4,4,4,4,4,4,4,4,4,4,4,4,4,1,0,3,1,0,2,0,1,0,1,1,0,4,3,2,2,0,1,0,1,0,0,1,2,3,3,2,0,4,4,4,4,4,4,4,4,4,4,4,4,4,4,4,4,4,4,4,4,4,2,3,2,0,0,2,1,0,4,1,1,4,4,1,0,1,3,4,4,3,2,3,3,2,3,1,0,4,3,4,0,1,0,4,4,4,4,4,4,4,4,4,4,4,4,4,4,4,4,4,4,4,4,4,4,4,4,4,4,4,4,4,4,4,4,2,0,1,1,3,2,4,4,4,4,4,4,4,4,4,4,4,4,4,4,4,4,4,3,3,3,3,0,0,1,2,1,1,3,2,1,3,1,1,2,3,0,0,4,3,0,0,4,4,4,4,4,4,4,4,4,4,4,4,4,4,4,4,4,4,4,4,4,4,4,4,4,4,4,4,4,4,4,4,4,4,4,4,4,4,4,4,2,0,2,1,0,2,2,1,2,3,3,3,3,3,3,3,ABKY02000001.1/1979569-1979363,0
1012,2,1,0,2,3,2,2,1,3,1,0,3,3,1,0,1,1,4,2,0,4,1,3,3,0,3,2,3,1,0,2,1,1,1,1,3,3,1,2,4,4,4,4,4,4,4,4,4,4,2,2,0,1,2,3,4,4,4,4,4,4,4,4,4,4,4,4,4,4,4,4,4,4,4,4,4,4,4,4,4,4,4,4,4,4,2,1,4,3,0,1,0,3,0,0,0,0,3,3,1,4,4,2,0,0,3,2,0,1,2,1,4,0,1,0,4,0,1,4,4,4,4,4,4,4,4,4,0,0,2,2,4,4,3,2,1,1,3,4,2,4,1,1,2,3,1,1,0,4,4,0,1,3,3,4,1,3,2,0,3,0,4,3,1,0,2,1,4,2,3,0,4,4,4,4,2,1,3,4,4,4,4,4,4,4,0,4,4,4,4,4,4,4,4,4,4,4,4,4,4,4,4,4,4,4,4,4,4,4,4,4,4,4,4,4,4,4,4,4,4,4,4,4,4,4,4,4,4,4,4,4,4,4,4,4,4,4,4,4,4,3,0,3,1,0,4,4,0,1,1,0,3,4,1,2,2,2,1,2,0,0,0,1,2,3,1,2,0,4,4,4,4,4,4,4,4,4,4,4,4,4,4,4,4,4,4,4,4,4,2,3,3,0,2,2,1,0,4,1,1,2,4,1,1,3,3,4,4,4,0,3,3,4,4,4,4,4,4,4,4,4,4,4,4,4,4,4,4,4,4,4,4,4,4,4,4,4,4,4,4,4,4,4,4,4,4,4,4,4,4,4,4,4,4,4,4,4,1,1,0,4,4,4,4,4,4,4,4,4,4,4,4,4,4,4,4,4,3,0,0,1,0,0,0,2,1,1,2,2,2,4,4,3,0,0,3,4,4,4,4,3,4,4,4,4,4,4,4,4,4,4,4,4,4,4,4,4,4,4,4,4,4,4,4,4,4,4,4,4,4,4,4,4,4,4,4,4,4,4,4,4,4,4,1,1,1,2,2,1,3,3,3,2,3,3,2,3,AEHV01000091.1/29676-29489,0
1013,2,3,4,4,4,2,2,1,3,1,0,3,3,1,0,1,1,4,3,3,4,1,3,3,0,3,2,3,1,0,2,1,1,1,1,3,3,0,2,4,4,4,4,4,4,4,4,4,4,2,2,0,1,2,1,4,4,4,4,4,4,4,4,4,4,4,4,4,4,4,4,4,4,4,4,4,4,4,4,4,4,4,4,4,4,2,1,4,3,0,1,0,3,0,0,0,1,3,3,1,4,4,2,0,0,3,2,0,1,2,1,4,4,4,4,4,0,1,0,0,4,4,4,4,4,4,1,0,0,2,2,4,4,3,2,1,1,3,4,2,4,1,1,2,3,1,3,0,4,4,0,1,3,3,4,1,3,2,0,3,0,4,0,3,0,2,1,4,2,3,4,4,4,4,0,2,1,3,4,4,4,4,4,4,4,3,4,4,4,4,4,4,4,4,4,4,4,4,4,4,4,4,4,4,4,4,4,4,4,4,4,4,4,4,4,4,4,4,4,4,4,4,4,4,4,4,4,4,4,4,4,4,4,4,4,4,4,4,4,4,3,0,3,1,0,4,4,0,1,1,3,1,4,1,2,2,2,1,2,0,0,0,1,2,3,1,2,0,4,4,4,4,4,4,4,4,4,4,4,4,4,4,4,4,4,4,4,4,4,2,3,3,0,2,2,1,0,4,1,1,2,4,1,1,3,3,4,4,4,0,3,3,4,4,4,4,4,4,4,4,4,4,4,4,4,4,4,4,4,4,4,4,4,4,4,4,4,4,4,4,4,4,4,4,4,4,4,4,4,4,4,4,4,4,4,4,4,1,1,0,4,4,4,4,4,4,4,4,4,4,4,4,4,4,4,4,4,3,0,0,1,0,0,0,2,1,1,2,2,2,3,3,3,4,4,4,4,4,4,4,4,4,4,4,4,4,4,4,4,4,4,4,4,4,4,4,4,4,4,4,4,4,4,4,4,4,4,4,4,4,4,4,4,4,4,4,4,4,4,4,4,0,2,1,1,1,2,2,1,3,3,3,2,3,3,2,3,CAAX01002226.1/365-181,0
1014,2,3,0,2,0,3,2,1,3,1,0,3,1,1,1,0,1,4,3,3,4,0,3,3,0,3,2,0,3,0,2,1,1,3,2,2,3,3,3,3,3,0,3,4,4,0,2,1,1,0,0,3,3,3,0,4,4,4,4,4,4,4,4,4,4,4,4,4,4,4,4,4,4,4,4,4,4,4,4,4,4,4,4,4,4,2,1,4,3,3,1,0,3,0,0,0,1,1,1,0,4,2,2,2,0,3,2,0,1,2,1,4,0,2,0,4,2,1,1,2,0,3,4,4,3,3,3,0,2,2,2,4,4,3,2,1,1,3,4,0,4,3,3,2,3,1,1,0,4,3,2,3,0,0,4,0,1,2,0,3,2,4,3,3,2,0,0,4,3,0,3,4,1,4,3,3,4,4,4,4,4,4,4,4,4,4,4,4,4,4,4,4,4,4,4,4,4,4,4,4,4,4,4,4,4,4,4,4,4,4,4,4,4,4,4,4,4,4,4,4,4,4,4,4,4,4,4,4,4,4,4,4,4,4,4,4,4,4,4,4,1,0,3,1,0,4,4,1,0,3,0,1,4,1,2,2,2,1,0,3,0,0,1,2,3,3,2,0,4,4,4,4,4,4,4,4,4,4,4,4,4,4,4,4,4,4,4,4,4,2,3,2,0,2,2,1,0,4,1,1,2,4,0,1,0,3,4,4,3,2,3,3,2,3,1,3,4,2,4,3,4,0,4,4,4,4,4,4,4,4,4,4,4,4,4,4,4,4,4,4,4,4,4,4,4,4,4,4,4,4,4,4,4,4,2,0,1,1,3,2,0,0,4,4,4,4,4,4,4,4,4,4,4,4,0,0,3,3,3,1,0,2,0,1,2,1,3,3,2,1,1,1,3,3,0,3,4,4,4,4,4,4,4,4,4,4,4,4,4,4,4,4,4,4,4,4,4,4,4,4,4,4,4,4,4,4,4,4,4,4,4,4,4,4,4,4,4,4,4,4,4,1,2,2,1,0,0,2,1,2,3,3,3,3,3,3,3,FR718736.1/16298-16520,0
1015,1,2,0,0,3,4,4,4,4,4,4,4,4,4,4,4,4,4,4,4,4,4,4,4,4,4,4,4,4,4,4,4,4,4,4,4,4,4,4,4,4,4,4,4,4,4,4,4,4,4,4,4,4,4,4,4,4,4,4,4,4,4,4,4,4,4,4,4,4,4,4,4,4,4,4,4,4,4,4,4,4,4,4,4,4,4,4,4,4,4,4,4,4,4,4,4,4,4,4,4,4,4,4,4,4,4,4,4,4,4,4,4,4,2,0,4,1,2,1,0,1,0,4,4,4,0,0,1,0,2,2,4,4,3,2,1,1,3,4,2,4,1,1,2,3,1,1,0,4,4,0,1,3,3,4,1,3,2,0,3,0,4,3,1,0,2,4,4,4,1,3,4,3,4,0,2,1,3,4,4,4,4,4,4,4,0,4,4,4,4,4,4,4,4,4,4,4,4,4,4,4,4,4,4,4,4,4,4,4,4,4,4,4,4,4,4,4,4,4,4,4,4,4,4,4,4,4,4,4,4,4,4,4,4,4,4,4,4,4,4,3,0,3,1,0,4,4,0,1,1,0,1,4,1,2,2,2,1,2,0,0,0,1,2,3,3,2,0,4,4,4,4,4,4,4,4,4,4,4,4,4,4,4,4,4,4,4,4,4,2,3,3,0,2,2,1,0,4,1,1,2,4,1,1,3,3,4,4,4,3,3,3,4,4,4,4,4,4,4,4,4,4,4,4,4,4,4,4,4,4,4,4,4,4,4,4,4,4,4,4,4,4,4,4,4,4,4,4,4,4,4,4,4,4,4,4,4,1,1,0,4,4,4,4,4,4,4,4,4,4,4,4,4,4,4,4,4,3,2,0,1,0,0,1,2,1,1,2,2,2,3,3,1,3,4,4,4,4,4,4,4,4,4,4,4,4,4,4,4,4,4,4,4,4,4,4,4,4,4,4,4,4,4,4,4,4,4,4,4,4,4,4,4,4,4,4,4,4,4,4,4,2,0,1,1,1,2,2,1,2,3,3,2,3,3,2,3,AGFT01101218.1/464-332,0
1016,0,1,0,2,3,3,2,1,3,1,0,3,3,1,0,1,1,4,3,3,4,3,3,3,0,3,2,0,3,0,2,1,1,1,1,2,4,4,4,4,4,4,4,4,4,4,4,4,4,4,4,4,4,4,4,1,0,0,3,3,0,0,2,1,4,4,4,4,4,4,4,4,4,4,4,4,2,2,0,3,2,0,3,2,1,2,1,4,3,3,1,0,3,0,0,2,1,1,3,1,4,1,2,0,0,3,2,0,3,2,1,4,1,3,0,4,4,4,0,2,0,1,4,4,4,4,4,4,3,2,2,4,4,3,2,1,1,3,4,0,4,3,1,2,3,1,1,0,1,1,3,0,0,0,4,1,1,2,0,1,0,4,3,3,2,3,2,4,3,2,0,4,0,4,0,2,1,0,1,4,4,4,4,4,0,3,4,4,4,4,4,4,4,4,4,4,4,4,4,4,4,4,4,4,4,4,4,4,4,4,4,4,4,4,4,4,4,4,4,4,4,4,4,4,4,4,4,4,4,4,4,4,4,4,4,4,4,4,4,4,3,0,3,1,0,4,4,0,0,1,0,3,4,1,2,2,0,1,2,0,1,0,1,2,3,3,2,0,4,4,4,4,4,4,4,4,4,4,4,4,4,4,4,4,4,4,4,4,4,2,3,2,0,2,2,1,0,4,1,1,2,4,1,1,3,0,4,4,3,2,3,1,4,4,4,4,4,4,4,4,4,4,4,4,4,4,4,4,4,4,4,4,4,4,4,4,4,4,4,4,4,4,4,4,4,4,4,4,4,4,4,4,4,4,4,4,4,1,3,2,4,4,4,4,4,4,4,4,4,4,4,4,4,4,4,4,4,1,3,2,3,2,0,3,2,0,0,3,4,4,4,4,4,4,4,4,4,4,4,4,4,4,4,4,4,4,4,4,4,4,4,4,4,4,4,4,4,4,4,4,4,4,4,4,4,4,4,4,4,4,4,4,4,4,4,4,4,4,4,4,3,4,4,4,4,0,3,3,1,0,3,1,0,0,3,3,3,ACNS01000001.1/708067-707870,0
1017,2,3,0,2,0,3,2,1,3,1,0,3,3,1,1,0,3,4,1,3,4,1,3,3,0,3,2,3,3,1,2,1,1,3,3,0,4,4,4,4,4,4,4,4,4,4,4,4,4,4,4,4,4,2,3,4,4,4,4,4,4,4,4,4,4,4,4,4,4,4,4,4,4,4,4,4,4,4,4,4,4,4,4,4,4,2,1,4,1,3,1,0,3,0,0,0,1,3,1,0,4,2,2,0,0,3,2,0,1,2,1,4,0,2,0,4,2,1,1,2,3,3,4,4,4,4,3,0,1,2,2,4,4,3,2,1,3,3,4,0,4,3,1,2,3,1,1,0,4,4,1,3,2,0,4,1,0,2,0,3,2,4,3,1,2,1,4,4,4,3,3,4,0,4,3,2,1,1,4,4,4,4,4,4,4,3,4,4,4,4,4,4,4,4,4,4,4,4,4,4,4,4,4,4,4,4,4,4,4,4,4,4,4,4,4,4,4,4,4,4,4,4,4,4,4,4,4,4,4,4,4,4,4,4,4,4,4,4,4,4,1,0,3,1,0,0,0,1,0,1,1,0,4,3,2,2,0,1,0,3,0,0,1,2,3,3,2,0,4,4,4,4,4,4,4,4,4,4,4,4,4,4,4,4,4,4,4,4,4,2,3,2,0,0,2,1,0,4,1,1,4,4,1,0,0,3,4,4,3,2,3,3,2,3,1,0,4,0,4,0,1,0,4,4,4,4,4,4,4,4,4,4,4,4,4,4,4,4,4,4,4,4,4,4,4,4,4,4,4,4,4,4,4,4,2,0,1,1,3,2,4,4,4,4,4,4,4,4,4,4,4,4,4,4,4,4,4,3,3,3,3,0,0,1,2,1,1,3,2,1,3,1,1,2,3,0,0,4,3,0,0,4,4,4,4,4,4,4,4,4,4,4,4,4,4,4,4,4,4,4,4,4,4,4,4,4,4,4,4,4,4,4,4,4,4,4,4,4,4,4,4,2,0,2,1,0,2,2,1,2,3,3,3,3,3,3,3,AEVY01000045.1/59959-59753,0
1018,2,3,4,4,4,2,2,1,3,1,0,3,3,1,0,1,1,4,3,3,4,1,3,3,0,3,2,3,1,0,2,1,1,1,1,3,3,0,2,4,4,4,4,4,4,4,4,4,4,2,2,0,1,2,1,4,4,4,4,4,4,4,4,4,4,4,4,4,4,4,4,4,4,4,4,4,4,4,4,4,4,4,4,4,4,2,1,4,3,0,1,0,3,0,0,0,1,3,3,1,4,4,2,0,0,3,2,0,1,2,1,4,4,4,4,4,0,1,0,0,4,4,4,4,4,4,1,0,0,2,2,4,4,3,2,1,1,3,4,2,4,1,1,2,3,1,1,0,4,4,0,1,3,3,4,1,3,2,0,3,0,4,0,1,0,2,1,4,2,3,4,4,4,4,0,2,1,3,4,4,4,4,4,4,4,3,4,4,4,4,4,4,4,4,4,4,4,4,4,4,4,4,4,4,4,4,4,4,4,4,4,4,4,4,4,4,4,4,4,4,4,4,4,4,4,4,4,4,4,4,4,4,4,4,4,4,4,4,4,4,3,0,3,1,0,4,4,0,1,1,3,1,4,1,2,2,2,1,2,0,0,0,1,2,3,1,2,0,4,4,4,4,4,4,4,4,4,4,4,4,4,4,4,4,4,4,4,4,4,2,3,3,0,2,2,1,0,4,1,1,2,4,1,1,3,3,4,4,4,0,3,3,4,4,4,4,4,4,4,4,4,4,4,4,4,4,4,4,4,4,4,4,4,4,4,4,4,4,4,4,4,4,4,4,4,4,4,4,4,4,4,4,4,4,4,4,4,1,1,0,4,4,4,4,4,4,4,4,4,4,4,4,4,4,4,4,4,3,0,0,1,0,0,0,2,1,1,2,2,2,3,3,3,4,4,4,4,4,4,4,4,4,4,4,4,4,4,4,4,4,4,4,4,4,4,4,4,4,4,4,4,4,4,4,4,4,4,4,4,4,4,4,4,4,4,4,4,4,4,4,4,0,2,1,1,1,2,2,1,3,3,3,2,3,3,2,3,FN424405.1/2732226-2732042,0
1019,2,3,0,2,0,3,2,1,3,1,0,3,3,1,1,0,3,4,1,3,4,1,3,3,0,3,2,3,3,1,2,1,1,3,3,0,4,4,4,4,4,4,4,4,4,4,4,4,4,4,4,4,4,2,3,4,4,4,4,4,4,4,4,4,4,4,4,4,4,4,4,4,4,4,4,4,4,4,4,4,4,4,4,4,4,2,1,4,1,3,1,0,3,0,0,0,1,3,1,1,4,2,2,0,0,3,2,0,1,2,1,4,0,2,0,4,2,1,1,2,3,3,4,4,4,4,3,0,1,2,2,4,4,3,2,1,3,3,4,0,4,3,1,2,3,1,1,0,4,4,1,3,2,0,4,1,0,2,0,3,2,4,3,1,2,1,4,4,4,3,3,4,0,4,3,2,1,1,4,4,4,4,4,4,4,3,4,4,4,4,4,4,4,4,4,4,4,4,4,4,4,4,4,4,4,4,4,4,4,4,4,4,4,4,4,4,4,4,4,4,4,4,4,4,4,4,4,4,4,4,4,4,4,4,4,4,4,4,4,4,1,0,3,1,0,2,0,1,0,1,1,0,4,3,2,2,0,1,0,1,0,0,1,2,3,3,2,0,4,4,4,4,4,4,4,4,4,4,4,4,4,4,4,4,4,4,4,4,4,2,3,2,0,0,2,1,0,4,1,1,4,4,1,0,1,3,4,4,3,2,3,3,2,3,1,0,4,3,4,0,1,0,4,4,4,4,4,4,4,4,4,4,4,4,4,4,4,4,4,4,4,4,4,4,4,4,4,4,4,4,4,4,4,4,2,0,1,1,3,2,4,4,4,4,4,4,4,4,4,4,4,4,4,4,4,4,4,3,3,3,3,0,0,1,2,1,1,3,2,1,3,1,1,2,3,0,0,4,3,0,0,4,4,4,4,4,4,4,4,4,4,4,4,4,4,4,4,4,4,4,4,4,4,4,4,4,4,4,4,4,4,4,4,4,4,4,4,4,4,4,4,2,0,2,1,0,2,2,1,2,3,3,3,3,3,3,3,AEUC01000083.1/39915-40121,0
1020,2,3,0,2,0,3,2,1,3,1,0,3,3,1,1,0,3,4,1,3,4,1,3,3,0,3,2,3,3,1,2,1,1,3,3,1,4,4,4,4,4,4,4,4,4,4,4,4,4,4,4,4,4,3,2,4,4,4,4,4,4,4,4,4,4,4,4,4,4,4,4,4,4,4,4,4,4,4,4,4,4,4,4,4,4,2,1,4,1,3,1,0,3,0,0,0,1,3,1,0,4,2,2,0,0,3,2,0,3,2,1,4,0,2,0,4,2,1,1,2,3,3,4,4,4,4,3,0,1,2,2,4,4,3,2,1,3,3,4,0,4,3,1,2,3,1,1,0,4,4,1,3,2,0,4,1,0,2,0,3,2,4,3,1,2,1,4,4,4,3,3,4,0,4,1,2,1,1,4,4,4,4,4,4,4,3,4,4,4,4,4,4,4,4,4,4,4,4,4,4,4,4,4,4,4,4,4,4,4,4,4,4,4,4,4,4,4,4,4,4,4,4,4,4,4,4,4,4,4,4,4,4,4,4,4,4,4,4,4,4,1,0,3,1,0,0,0,1,0,1,1,1,4,3,2,2,0,1,0,1,0,0,1,2,3,3,2,0,4,4,4,4,4,4,4,4,4,4,4,4,4,4,4,4,4,4,4,4,4,2,3,2,0,0,2,1,0,4,1,1,1,4,1,3,3,3,4,0,3,2,3,3,2,3,1,0,4,3,4,0,1,0,4,4,4,4,4,4,4,4,4,4,4,4,4,4,4,4,4,4,4,4,4,4,4,4,4,4,4,4,4,4,4,4,2,0,1,1,3,2,4,4,4,4,4,4,4,4,4,4,4,4,4,4,4,4,4,3,3,3,3,2,0,1,2,1,1,3,2,1,1,1,1,3,3,0,0,4,4,1,1,4,4,4,4,4,4,4,4,4,4,4,4,4,4,4,4,4,4,4,4,4,4,4,4,4,4,4,4,4,4,4,4,4,4,4,4,4,4,4,4,2,2,2,1,0,2,2,1,2,3,3,3,3,3,3,3,AETH01000045.1/39574-39781,0
1021,2,3,0,2,0,3,2,1,3,1,0,3,3,1,1,0,3,4,1,3,4,1,3,3,0,3,2,3,3,1,2,1,1,3,3,0,4,4,4,4,4,4,4,4,4,4,4,4,4,4,4,4,4,2,3,4,4,4,4,4,4,4,4,4,4,4,4,4,4,4,4,4,4,4,4,4,4,4,4,4,4,4,4,4,4,2,1,4,1,3,1,0,3,0,0,0,1,3,1,1,4,2,2,0,0,3,2,0,1,2,1,4,0,2,0,4,2,1,1,2,3,3,4,4,4,4,3,0,1,2,2,4,4,3,2,1,3,3,4,0,4,3,1,2,3,1,1,0,4,4,1,3,2,0,4,1,0,2,0,3,2,4,3,1,2,1,4,4,4,3,3,4,0,4,3,2,1,1,4,4,4,4,4,4,4,3,4,4,4,4,4,4,4,4,4,4,4,4,4,4,4,4,4,4,4,4,4,4,4,4,4,4,4,4,4,4,4,4,4,4,4,4,4,4,4,4,4,4,4,4,4,4,4,4,4,4,4,4,4,4,1,0,3,1,0,2,0,1,0,1,1,0,4,3,2,2,0,1,0,1,0,0,1,2,3,3,2,0,4,4,4,4,4,4,4,4,4,4,4,4,4,4,4,4,4,4,4,4,4,2,3,2,0,0,2,1,0,4,1,1,4,4,1,0,1,3,4,4,3,2,3,3,2,3,1,0,4,3,4,0,1,0,4,4,4,4,4,4,4,4,4,4,4,4,4,4,4,4,4,4,4,4,4,4,4,4,4,4,4,4,4,4,4,4,2,0,1,1,3,2,4,4,4,4,4,4,4,4,4,4,4,4,4,4,4,4,4,3,3,3,3,0,0,1,2,1,1,3,2,1,3,1,1,2,3,0,0,4,3,0,0,4,4,4,4,4,4,4,4,4,4,4,4,4,4,4,4,4,4,4,4,4,4,4,4,4,4,4,4,4,4,4,4,4,4,4,4,4,4,4,4,2,0,2,1,0,2,2,1,2,3,3,3,3,3,3,3,CP001063.1/3983155-3983361,0
1022,2,1,0,2,3,2,2,1,3,1,0,3,3,1,0,1,1,4,2,0,4,1,3,3,0,3,2,3,1,0,2,1,1,1,1,3,3,1,2,4,4,4,4,4,4,4,4,4,4,2,2,0,1,2,3,4,4,4,4,4,4,4,4,4,4,4,4,4,4,4,4,4,4,4,4,4,4,4,4,4,4,4,4,4,4,2,1,4,3,0,1,0,3,0,0,0,0,3,3,1,4,4,2,0,0,3,2,0,1,2,1,4,0,1,0,4,0,1,4,4,4,4,4,4,4,4,4,0,0,2,2,4,4,3,2,1,1,3,4,2,4,1,1,2,3,1,1,0,4,4,0,1,3,3,4,1,3,2,0,3,0,4,3,1,0,2,1,4,2,3,0,4,4,4,4,2,1,3,4,4,4,4,4,4,4,0,4,4,4,4,4,4,4,4,4,4,4,4,4,4,4,4,4,4,4,4,4,4,4,4,4,4,4,4,4,4,4,4,4,4,4,4,4,4,4,4,4,4,4,4,4,4,4,4,4,4,4,4,4,4,3,0,3,1,0,4,4,0,1,1,0,3,4,1,2,2,2,1,2,0,0,0,1,2,3,1,2,0,4,4,4,4,4,4,4,4,4,4,4,4,4,4,4,4,4,4,4,4,4,2,3,3,0,2,2,1,0,4,1,1,2,4,1,1,3,3,4,4,4,0,3,3,4,4,4,4,4,4,4,4,4,4,4,4,4,4,4,4,4,4,4,4,4,4,4,4,4,4,4,4,4,4,4,4,4,4,4,4,4,4,4,4,4,4,4,4,4,1,1,0,4,4,4,4,4,4,4,4,4,4,4,4,4,4,4,4,4,3,0,0,1,0,0,0,2,1,1,2,2,2,4,4,3,0,0,3,4,4,4,4,3,4,4,4,4,4,4,4,4,4,4,4,4,4,4,4,4,4,4,4,4,4,4,4,4,4,4,4,4,4,4,4,4,4,4,4,4,4,4,4,4,4,4,1,1,1,2,2,1,3,3,3,2,3,3,2,3,AFPS01000084.1/213424-213237,0
1023,2,3,0,2,0,3,2,1,3,1,0,3,1,1,1,0,1,4,3,3,4,0,3,3,0,3,2,0,1,0,2,1,3,3,2,2,1,1,0,3,3,0,0,4,4,2,2,1,3,0,0,3,3,3,0,4,4,4,4,4,4,4,4,4,4,4,4,4,4,4,4,4,4,4,4,4,4,4,4,4,4,4,4,4,4,2,1,4,3,3,1,0,3,0,0,0,1,1,1,0,4,2,2,2,0,3,2,0,1,2,1,4,0,2,0,4,2,1,1,2,0,3,4,4,3,3,3,0,2,0,2,4,4,3,2,1,1,3,4,0,4,3,3,2,3,1,1,0,4,3,2,3,0,0,4,1,1,2,0,3,2,4,3,3,2,0,2,4,3,0,0,4,3,4,2,3,4,4,4,4,4,4,4,4,4,4,4,4,4,4,4,4,4,4,4,4,4,4,4,4,4,4,4,4,4,4,4,4,4,4,4,4,4,4,4,4,4,4,4,4,4,4,4,4,4,4,4,4,4,4,4,4,4,4,4,4,4,4,4,4,1,0,3,1,0,4,4,1,0,3,0,1,4,1,2,2,2,1,0,3,0,0,1,2,3,3,2,0,4,4,4,4,4,4,4,4,4,4,4,4,4,4,4,4,4,4,4,4,4,2,3,2,0,2,2,1,0,4,1,3,2,4,0,3,0,3,4,4,3,2,3,3,2,3,1,3,4,0,4,3,1,4,4,4,4,4,4,4,4,4,4,4,4,4,4,4,4,4,4,4,4,4,4,4,4,4,4,4,4,4,4,4,4,4,2,0,1,1,3,2,0,0,4,4,4,4,4,4,4,4,4,4,4,4,0,0,3,3,3,3,0,2,0,1,0,1,3,3,2,1,1,1,3,3,3,3,4,4,4,4,4,4,4,4,4,4,4,4,4,4,4,4,4,4,4,4,4,4,4,4,4,4,4,4,4,4,4,4,4,4,4,4,4,4,4,4,4,4,4,4,4,1,2,2,1,0,0,2,3,2,3,3,3,3,3,3,3,AE017042.1/3564826-3565048,0
1024,2,3,4,4,4,2,2,1,3,1,0,3,4,3,1,0,1,1,3,3,4,1,3,3,0,3,2,3,1,0,2,1,1,1,2,3,3,1,2,4,4,4,4,4,4,4,4,4,4,2,2,0,1,2,1,4,4,4,4,4,4,4,4,4,4,4,4,4,4,4,4,4,4,4,4,4,4,4,4,4,4,4,4,4,4,2,1,4,3,0,1,0,3,0,0,0,1,3,3,1,4,2,0,1,0,1,2,0,1,2,1,4,4,4,4,4,0,1,0,0,0,1,4,4,4,4,4,4,0,2,2,4,4,3,2,1,1,3,4,2,4,1,1,2,3,1,1,0,4,4,0,1,3,1,4,1,3,2,0,3,0,4,3,0,1,0,4,4,2,1,1,4,3,4,2,2,1,3,4,4,4,4,4,4,4,3,4,4,4,4,4,4,4,4,4,4,4,4,4,4,4,4,4,4,4,4,4,4,4,4,4,4,4,4,4,4,4,4,4,4,4,4,4,4,4,4,4,4,4,4,4,4,4,4,4,4,4,4,4,4,3,0,3,1,0,4,4,2,0,1,0,3,4,1,2,2,2,1,2,0,0,0,1,2,3,1,2,0,4,4,4,4,4,4,4,4,4,4,4,4,4,4,4,4,4,4,4,4,4,2,3,0,0,2,2,1,0,4,1,1,2,4,1,1,3,1,4,4,0,3,3,1,4,4,4,4,4,4,4,4,4,4,4,4,4,4,4,4,4,4,4,4,4,4,4,4,4,4,4,4,4,4,4,4,4,4,4,4,4,4,4,4,4,4,4,4,4,1,3,2,4,4,4,4,4,4,4,4,4,4,4,4,4,4,4,4,4,4,0,0,1,0,0,0,2,1,1,0,2,2,1,1,3,3,2,4,4,4,4,4,4,4,4,4,4,4,4,4,4,4,4,4,4,4,4,4,4,4,4,4,4,4,4,4,4,4,4,4,4,4,4,4,4,4,4,4,4,4,4,4,4,1,2,1,1,3,2,2,1,3,3,3,2,3,3,2,3,BABF01008987.1/244-56,0
1025,2,3,4,4,4,2,2,1,3,1,0,3,3,1,0,1,1,4,2,0,4,1,3,3,0,3,2,3,1,0,2,1,1,1,1,3,3,1,2,4,4,4,4,4,4,4,4,4,4,2,2,0,1,2,3,4,4,4,4,4,4,4,4,4,4,4,4,4,4,4,4,4,4,4,4,4,4,4,4,4,4,4,4,4,4,2,1,4,3,0,1,0,3,0,0,0,0,3,3,1,4,4,2,0,0,3,2,0,1,2,1,4,4,4,4,4,0,1,0,0,4,4,4,4,4,4,1,0,0,2,2,4,4,3,2,1,1,3,4,2,4,1,1,2,3,1,1,0,4,4,0,1,3,3,4,1,3,2,0,3,0,4,3,1,0,2,1,4,2,3,0,4,4,4,4,2,1,3,4,4,4,4,4,4,4,0,4,4,4,4,4,4,4,4,4,4,4,4,4,4,4,4,4,4,4,4,4,4,4,4,4,4,4,4,4,4,4,4,4,4,4,4,4,4,4,4,4,4,4,4,4,4,4,4,4,4,4,4,4,4,3,0,3,1,0,4,4,0,1,1,0,3,4,1,2,2,2,1,2,0,0,0,1,2,3,1,2,0,4,4,4,4,4,4,4,4,4,4,4,4,4,4,4,4,4,4,4,4,4,2,3,3,0,2,2,1,0,4,1,1,2,4,1,1,3,3,4,4,4,0,3,3,4,4,4,4,4,4,4,4,4,4,4,4,4,4,4,4,4,4,4,4,4,4,4,4,4,4,4,4,4,4,4,4,4,4,4,4,4,4,4,4,4,4,4,4,4,1,1,0,4,4,4,4,4,4,4,4,4,4,4,4,4,4,4,4,4,3,0,0,1,0,0,0,2,1,1,2,2,2,4,4,3,0,0,3,4,4,4,4,3,4,4,4,4,4,4,4,4,4,4,4,4,4,4,4,4,4,4,4,4,4,4,4,4,4,4,4,4,4,4,4,4,4,4,4,4,4,4,4,4,4,4,1,1,1,2,2,1,3,3,3,2,3,3,2,3,ACXF01000048.1/38059-37875,0
1026,2,3,4,4,4,2,2,1,3,1,0,3,3,1,0,3,1,4,1,2,4,1,3,3,0,3,2,3,1,0,2,1,1,1,1,3,3,1,2,4,4,4,4,4,4,4,4,4,4,2,2,0,1,2,3,4,4,4,4,4,4,4,4,4,4,4,4,4,4,4,4,4,4,4,4,4,4,4,4,4,4,4,4,4,4,2,1,4,3,0,1,0,3,0,0,0,0,3,3,0,4,4,2,0,0,3,2,0,1,2,1,4,4,4,4,4,0,1,0,0,4,4,4,4,4,4,1,0,0,2,2,4,4,3,2,1,1,3,4,2,4,1,1,2,3,1,1,0,4,4,0,1,3,3,4,1,3,2,0,3,0,4,3,1,0,2,4,4,4,1,3,4,3,4,0,2,1,3,4,4,4,4,4,4,4,0,4,4,4,4,4,4,4,4,4,4,4,4,4,4,4,4,4,4,4,4,4,4,4,4,4,4,4,4,4,4,4,4,4,4,4,4,4,4,4,4,4,4,4,4,4,4,4,4,4,4,4,4,4,4,3,0,3,1,0,4,4,0,1,1,0,3,4,1,2,2,2,1,2,0,0,0,1,2,3,1,2,0,4,4,4,4,4,4,4,4,4,4,4,4,4,4,4,4,4,4,4,4,4,2,3,3,0,2,2,1,0,4,1,1,2,4,1,1,3,3,4,4,4,0,3,3,4,4,4,4,4,4,4,4,4,4,4,4,4,4,4,4,4,4,4,4,4,4,4,4,4,4,4,4,4,4,4,4,4,4,4,4,4,4,4,4,4,4,4,4,4,1,1,0,4,4,4,4,4,4,4,4,4,4,4,4,4,4,4,4,4,1,0,0,1,0,0,0,2,1,1,2,2,2,4,4,3,0,0,3,4,4,4,4,3,4,4,4,4,4,4,4,4,4,4,4,4,4,4,4,4,4,4,4,4,4,4,4,4,4,4,4,4,4,4,4,4,4,4,4,4,4,4,4,4,4,4,1,1,1,2,2,1,3,3,3,2,3,3,2,3,AEMF01000001.1/35836-35652,0
1027,2,1,0,2,3,2,2,1,3,1,0,3,3,1,0,1,1,4,2,0,4,1,3,3,0,3,2,3,1,0,2,1,1,1,1,3,3,1,2,4,4,4,4,4,4,4,4,4,4,2,2,0,1,2,3,4,4,4,4,4,4,4,4,4,4,4,4,4,4,4,4,4,4,4,4,4,4,4,4,4,4,4,4,4,4,2,1,4,3,0,1,0,3,0,0,0,0,3,3,1,4,4,2,0,0,3,2,0,1,2,1,4,0,1,0,4,0,1,4,4,4,4,4,4,4,4,4,0,0,2,2,4,4,3,2,1,1,3,4,2,4,1,1,2,3,1,1,0,4,4,0,1,3,3,4,1,3,2,0,3,0,4,3,1,0,2,1,4,2,3,0,4,4,4,4,2,1,3,4,4,4,4,4,4,4,0,4,4,4,4,4,4,4,4,4,4,4,4,4,4,4,4,4,4,4,4,4,4,4,4,4,4,4,4,4,4,4,4,4,4,4,4,4,4,4,4,4,4,4,4,4,4,4,4,4,4,4,4,4,4,3,0,3,1,0,4,4,0,1,1,0,3,4,1,2,2,2,1,2,0,0,0,1,2,3,1,2,0,4,4,4,4,4,4,4,4,4,4,4,4,4,4,4,4,4,4,4,4,4,2,3,3,0,2,2,1,0,4,1,1,2,4,1,1,3,3,4,4,4,0,3,3,4,4,4,4,4,4,4,4,4,4,4,4,4,4,4,4,4,4,4,4,4,4,4,4,4,4,4,4,4,4,4,4,4,4,4,4,4,4,4,4,4,4,4,4,4,1,1,0,4,4,4,4,4,4,4,4,4,4,4,4,4,4,4,4,4,3,0,0,1,0,0,0,2,1,1,2,2,2,4,4,3,0,0,3,4,4,4,4,3,4,4,4,4,4,4,4,4,4,4,4,4,4,4,4,4,4,4,4,4,4,4,4,4,4,4,4,4,4,4,4,4,4,4,4,4,4,4,4,4,4,4,1,1,1,2,2,1,3,3,3,2,3,3,2,3,ADUU01000012.1/18688-18501,0
1028,2,1,0,2,3,2,2,1,3,1,0,3,3,1,0,1,1,4,2,0,4,1,3,3,0,3,2,3,1,0,2,1,1,1,1,3,3,1,2,4,4,4,4,4,4,4,4,4,4,2,2,0,1,2,3,4,4,4,4,4,4,4,4,4,4,4,4,4,4,4,4,4,4,4,4,4,4,4,4,4,4,4,4,4,4,2,1,4,3,0,1,0,3,0,0,0,0,3,3,1,4,4,2,0,0,3,2,0,1,2,1,4,0,1,0,4,0,1,4,4,4,4,4,4,4,4,4,0,0,2,2,4,4,3,2,1,1,3,4,2,4,1,1,2,3,1,1,0,4,4,0,1,3,3,4,1,3,2,0,3,0,4,3,1,0,2,1,4,2,3,0,4,4,4,4,2,1,3,4,4,4,4,4,4,4,0,4,4,4,4,4,4,4,4,4,4,4,4,4,4,4,4,4,4,4,4,4,4,4,4,4,4,4,4,4,4,4,4,4,4,4,4,4,4,4,4,4,4,4,4,4,4,4,4,4,4,4,4,4,4,3,0,3,1,0,4,4,0,1,1,0,3,4,1,2,2,2,1,2,0,0,0,1,2,3,1,2,0,4,4,4,4,4,4,4,4,4,4,4,4,4,4,4,4,4,4,4,4,4,2,3,3,0,2,2,1,0,4,1,1,2,4,1,1,3,3,4,4,4,0,3,3,4,4,4,4,4,4,4,4,4,4,4,4,4,4,4,4,4,4,4,4,4,4,4,4,4,4,4,4,4,4,4,4,4,4,4,4,4,4,4,4,4,4,4,4,4,1,1,0,4,4,4,4,4,4,4,4,4,4,4,4,4,4,4,4,4,3,0,0,1,0,0,1,2,1,1,2,2,2,4,4,3,0,0,3,4,4,4,4,3,4,4,4,4,4,4,4,4,4,4,4,4,4,4,4,4,4,4,4,4,4,4,4,4,4,4,4,4,4,4,4,4,4,4,4,4,4,4,4,4,4,4,1,1,1,2,2,1,3,3,3,2,3,3,2,3,AEZU01000069.1/75373-75560,0
1029,2,3,0,2,0,3,2,1,3,1,0,3,3,1,1,0,3,4,1,3,4,1,3,3,0,3,2,3,3,1,2,1,1,3,3,1,4,4,4,4,4,4,4,4,4,4,4,4,4,4,4,4,4,3,2,4,4,4,4,4,4,4,4,4,4,4,4,4,4,4,4,4,4,4,4,4,4,4,4,4,4,4,4,4,4,2,1,4,1,3,1,0,3,0,0,0,1,3,1,0,4,2,2,0,0,3,2,0,3,2,1,4,0,2,0,4,2,1,1,2,3,3,4,4,4,4,3,0,1,2,2,4,4,3,2,1,3,3,4,0,4,3,1,2,3,1,1,0,4,4,1,3,2,0,4,1,0,2,0,3,2,4,3,1,2,1,4,4,4,3,3,4,0,4,1,2,1,1,4,4,4,4,4,4,4,3,4,4,4,4,4,4,4,4,4,4,4,4,4,4,4,4,4,4,4,4,4,4,4,4,4,4,4,4,4,4,4,4,4,4,4,4,4,4,4,4,4,4,4,4,4,4,4,4,4,4,4,4,4,4,1,0,3,1,0,0,0,1,0,1,1,1,4,3,2,2,0,1,0,1,0,0,1,2,3,3,2,0,4,4,4,4,4,4,4,4,4,4,4,4,4,4,4,4,4,4,4,4,4,2,3,2,0,0,2,1,0,4,1,1,1,4,1,3,3,3,4,0,3,2,3,3,2,3,1,0,4,3,4,0,1,0,4,4,4,4,4,4,4,4,4,4,4,4,4,4,4,4,4,4,4,4,4,4,4,4,4,4,4,4,4,4,4,4,2,0,1,1,3,2,4,4,4,4,4,4,4,4,4,4,4,4,4,4,4,4,4,3,3,3,3,2,0,1,2,1,1,3,2,1,1,1,1,3,3,0,0,4,4,1,1,4,4,4,4,4,4,4,4,4,4,4,4,4,4,4,4,4,4,4,4,4,4,4,4,4,4,4,4,4,4,4,4,4,4,4,4,4,4,4,4,2,2,2,1,0,2,2,1,2,3,3,3,3,3,3,3,AE017220.1/4077443-4077650,0
1030,2,3,0,2,0,3,2,1,3,1,0,3,3,1,1,0,3,4,1,3,4,1,3,3,0,3,2,3,3,1,2,1,1,3,3,0,4,4,4,4,4,4,4,4,4,4,4,4,4,4,4,4,4,2,3,4,4,4,4,4,4,4,4,4,4,4,4,4,4,4,4,4,4,4,4,4,4,4,4,4,4,4,4,4,4,2,1,4,1,3,1,0,3,0,0,0,1,3,1,1,4,2,2,0,0,3,2,0,1,2,1,4,0,2,0,4,2,1,1,2,3,3,4,4,4,4,3,0,1,2,2,4,4,3,2,1,3,3,4,0,4,3,1,2,3,1,1,0,4,4,1,3,2,0,4,1,0,2,0,3,2,4,3,1,2,1,4,4,4,3,3,4,0,4,3,2,1,1,4,4,4,4,4,4,4,3,4,4,4,4,4,4,4,4,4,4,4,4,4,4,4,4,4,4,4,4,4,4,4,4,4,4,4,4,4,4,4,4,4,4,4,4,4,4,4,4,4,4,4,4,4,4,4,4,4,4,4,4,4,4,1,0,3,1,0,2,0,1,0,1,1,0,4,3,2,2,0,1,0,1,0,0,1,2,3,3,2,0,4,4,4,4,4,4,4,4,4,4,4,4,4,4,4,4,4,4,4,4,4,2,3,2,0,0,2,1,0,4,1,1,4,4,1,0,1,3,4,4,3,2,3,3,2,3,1,0,4,3,4,0,1,0,4,4,4,4,4,4,4,4,4,4,4,4,4,4,4,4,4,4,4,4,4,4,4,4,4,4,4,4,4,4,4,4,2,0,1,1,3,2,4,4,4,4,4,4,4,4,4,4,4,4,4,4,4,4,4,3,3,3,3,0,0,1,2,1,1,3,2,1,3,1,1,2,3,0,0,4,3,0,0,4,4,4,4,4,4,4,4,4,4,4,4,4,4,4,4,4,4,4,4,4,4,4,4,4,4,4,4,4,4,4,4,4,4,4,4,4,4,4,4,2,0,2,1,0,2,2,1,2,3,3,3,3,3,3,3,ADUK01000024.1/187177-186971,0
1031,2,3,4,4,4,2,2,1,3,1,0,3,3,1,0,1,1,4,3,3,4,1,3,3,0,3,2,3,1,0,2,1,1,1,1,3,3,0,2,4,4,4,4,4,4,4,4,4,4,2,2,0,1,2,1,4,4,4,4,4,4,4,4,4,4,4,4,4,4,4,4,4,4,4,4,4,4,4,4,4,4,4,4,4,4,2,1,4,3,0,1,0,3,0,0,0,1,3,3,1,4,4,2,0,0,3,2,0,1,2,1,4,4,4,4,4,0,1,0,0,4,4,4,4,4,4,1,0,0,2,2,4,4,3,2,1,1,3,4,2,4,1,1,2,3,1,1,0,4,4,0,1,3,3,4,1,3,2,0,3,0,4,0,3,0,2,1,4,2,3,4,4,4,4,0,2,1,3,4,4,4,4,4,4,4,3,4,4,4,4,4,4,4,4,4,4,4,4,4,4,4,4,4,4,4,4,4,4,4,4,4,4,4,4,4,4,4,4,4,4,4,4,4,4,4,4,4,4,4,4,4,4,4,4,4,4,4,4,4,4,3,0,3,1,0,4,4,0,1,1,3,1,4,1,2,2,2,1,2,0,0,0,1,2,3,1,2,0,4,4,4,4,4,4,4,4,4,4,4,4,4,4,4,4,4,4,4,4,4,2,3,3,0,2,2,1,0,4,1,1,2,4,1,1,3,3,4,4,4,0,3,3,4,4,4,4,4,4,4,4,4,4,4,4,4,4,4,4,4,4,4,4,4,4,4,4,4,4,4,4,4,4,4,4,4,4,4,4,4,4,4,4,4,4,4,4,4,1,1,0,4,4,4,4,4,4,4,4,4,4,4,4,4,4,4,4,4,3,0,0,1,0,0,0,2,1,1,2,2,2,3,3,3,0,4,4,4,4,4,4,4,2,1,1,1,0,0,0,3,1,2,2,2,1,1,2,0,0,0,1,0,0,1,0,3,0,2,0,1,1,2,1,2,1,1,2,2,2,3,3,3,0,2,1,1,1,2,2,1,3,3,3,2,3,3,2,3,AFCK01001103.1/2054-1829,0
1032,2,3,0,2,0,3,2,1,3,1,0,3,3,1,1,0,3,4,1,3,4,1,3,3,0,3,2,3,3,1,2,1,1,3,3,0,4,4,4,4,4,4,4,4,4,4,4,4,4,4,4,4,4,2,3,4,4,4,4,4,4,4,4,4,4,4,4,4,4,4,4,4,4,4,4,4,4,4,4,4,4,4,4,4,4,2,1,4,1,3,1,0,3,0,0,0,1,3,1,1,4,2,2,0,0,3,2,0,1,2,1,4,0,2,0,4,2,1,1,2,3,3,4,4,4,4,3,0,1,2,2,4,4,3,2,1,3,3,4,0,4,3,1,2,3,1,1,0,4,4,1,3,2,0,4,1,0,2,0,3,2,4,3,1,2,1,4,4,4,3,3,4,0,4,3,2,1,1,4,4,4,4,4,4,4,3,4,4,4,4,4,4,4,4,4,4,4,4,4,4,4,4,4,4,4,4,4,4,4,4,4,4,4,4,4,4,4,4,4,4,4,4,4,4,4,4,4,4,4,4,4,4,4,4,4,4,4,4,4,4,1,0,3,1,0,2,0,1,0,1,1,0,4,3,2,2,0,1,0,1,0,0,1,2,3,3,2,0,4,4,4,4,4,4,4,4,4,4,4,4,4,4,4,4,4,4,4,4,4,2,3,2,0,0,2,1,0,4,1,1,4,4,1,0,1,3,4,4,3,2,3,3,2,3,1,0,4,3,4,0,1,0,4,4,4,4,4,4,4,4,4,4,4,4,4,4,4,4,4,4,4,4,4,4,4,4,4,4,4,4,4,4,4,4,2,0,1,1,3,2,4,4,4,4,4,4,4,4,4,4,4,4,4,4,4,4,4,3,3,3,3,0,0,1,2,1,1,3,2,1,3,1,1,2,3,0,0,4,3,0,0,4,4,4,4,4,4,4,4,4,4,4,4,4,4,4,4,4,4,4,4,4,4,4,4,4,4,4,4,4,4,4,4,4,4,4,4,4,4,4,4,2,0,2,1,0,2,2,1,2,3,3,3,3,3,3,3,ABHS01000007.1/61519-61725,0
1033,2,3,0,2,0,3,2,1,3,1,0,3,3,1,1,0,3,4,1,3,4,1,3,3,0,3,2,3,3,1,2,1,1,3,3,0,4,4,4,4,4,4,4,4,4,4,4,4,4,4,4,4,4,2,3,4,4,4,4,4,4,4,4,4,4,4,4,4,4,4,4,4,4,4,4,4,4,4,4,4,4,4,4,4,4,2,1,4,1,3,1,0,3,0,0,0,1,3,1,1,4,2,2,0,0,3,2,0,1,2,1,4,0,2,0,4,2,1,1,2,3,3,4,4,4,4,3,0,1,2,2,4,4,3,2,1,3,3,4,0,4,3,1,2,3,1,1,0,4,4,1,3,2,0,4,1,0,2,0,3,2,4,3,1,2,1,4,4,4,3,3,4,1,4,3,2,1,1,4,4,4,4,4,4,4,3,4,4,4,4,4,4,4,4,4,4,4,4,4,4,4,4,4,4,4,4,4,4,4,4,4,4,4,4,4,4,4,4,4,4,4,4,4,4,4,4,4,4,4,4,4,4,4,4,4,4,4,4,4,4,1,0,3,1,0,2,0,1,0,1,1,0,4,3,2,2,0,1,0,1,0,0,1,2,3,3,2,0,4,4,4,4,4,4,4,4,4,4,4,4,4,4,4,4,4,4,4,4,4,2,3,2,0,0,2,1,0,4,1,1,4,4,1,0,1,3,4,4,3,2,3,3,2,3,1,0,4,3,4,0,1,0,4,4,4,4,4,4,4,4,4,4,4,4,4,4,4,4,4,4,4,4,4,4,4,4,4,4,4,4,4,4,4,4,2,0,1,1,3,2,4,4,4,4,4,4,4,4,4,4,4,4,4,4,4,4,4,3,3,3,3,0,0,1,2,1,1,3,2,1,3,1,1,2,3,0,0,4,3,0,0,4,4,4,4,4,4,4,4,4,4,4,4,4,4,4,4,4,4,4,4,4,4,4,4,4,4,4,4,4,4,4,4,4,4,4,4,4,4,4,4,2,0,2,1,0,2,2,1,2,3,3,3,3,3,3,3,AP009378.1/3946452-3946658,0
1034,2,3,0,2,0,3,2,1,3,1,0,3,3,3,1,0,3,4,1,3,4,1,3,3,0,3,2,3,3,1,2,1,1,3,3,0,4,4,4,4,4,4,4,4,4,4,4,4,4,4,4,4,4,2,3,4,4,4,4,4,4,4,4,4,4,4,4,4,4,4,4,4,4,4,4,4,4,4,4,4,4,4,4,4,4,2,1,4,1,3,1,0,3,0,0,0,1,3,1,1,4,2,2,0,0,3,2,0,1,2,1,4,0,2,0,4,2,1,1,2,3,3,4,4,4,4,3,0,1,2,2,4,4,3,2,1,3,3,4,0,4,3,1,2,3,1,1,0,4,4,1,3,2,0,4,1,0,2,0,3,2,4,3,1,2,1,4,4,4,3,3,4,0,4,3,2,1,1,4,4,4,4,4,4,4,3,4,4,4,4,4,4,4,4,4,4,4,4,4,4,4,4,4,4,4,4,4,4,4,4,4,4,4,4,4,4,4,4,4,4,4,4,4,4,4,4,4,4,4,4,4,4,4,4,4,4,4,4,4,4,1,0,3,1,0,2,0,1,0,1,1,0,4,3,2,2,0,1,0,1,0,0,1,2,3,3,2,0,4,4,4,4,4,4,4,4,4,4,4,4,4,4,4,4,4,4,4,4,4,2,3,2,0,0,2,1,0,4,1,1,4,4,1,0,1,3,4,4,3,2,3,3,2,3,1,0,4,3,4,0,1,0,4,4,4,4,4,4,4,4,4,4,4,4,4,4,4,4,4,4,4,4,4,4,4,4,4,4,4,4,4,4,4,4,2,0,1,1,3,2,4,4,4,4,4,4,4,4,4,4,4,4,4,4,4,4,4,3,3,3,3,0,0,1,2,1,1,3,2,1,3,1,1,2,3,0,0,4,3,0,0,4,4,4,4,4,4,4,4,4,4,4,4,4,4,4,4,4,4,4,4,4,4,4,4,4,4,4,4,4,4,4,4,4,4,4,4,4,4,4,4,2,0,2,1,0,2,2,1,2,3,3,3,3,3,3,3,FN649414.1/4408619-4408825,0
1035,2,3,4,4,4,2,2,1,3,1,0,3,3,1,0,1,1,4,3,3,4,1,3,3,0,3,2,3,1,0,2,1,1,1,1,3,3,0,2,4,4,4,4,4,4,4,4,4,4,2,2,0,1,2,1,4,4,4,4,4,4,4,4,4,4,4,4,4,4,4,4,4,4,4,4,4,4,4,4,4,4,4,4,4,4,2,1,4,3,0,1,0,3,0,0,0,1,3,3,1,4,4,2,0,0,3,2,0,1,2,1,4,4,4,4,4,0,1,0,0,4,4,4,4,4,4,1,0,0,2,2,4,4,3,2,1,1,3,4,2,4,1,1,2,3,1,1,0,4,4,0,1,3,3,4,1,3,2,0,3,0,4,0,3,0,2,1,4,2,3,4,4,4,4,0,2,1,3,4,4,4,4,4,4,4,3,4,4,4,4,4,4,4,4,4,4,4,4,4,4,4,4,4,4,4,4,4,4,4,4,4,4,4,4,4,4,4,4,4,4,4,4,4,4,4,4,4,4,4,4,4,4,4,4,4,4,4,4,4,4,3,0,3,1,0,4,4,0,1,1,3,1,4,1,2,2,2,1,2,0,0,0,1,2,3,1,2,0,4,4,4,4,4,4,4,4,4,4,4,4,4,4,4,4,4,4,4,4,4,2,3,3,0,2,2,1,0,4,1,1,2,4,1,1,3,3,4,4,0,3,3,1,4,1,0,3,4,0,4,0,1,0,4,4,4,4,4,4,4,4,4,4,4,4,4,4,4,4,4,4,4,4,4,4,4,4,4,4,4,4,4,4,4,4,0,0,2,1,1,2,4,4,4,4,4,4,4,4,4,4,4,4,4,4,4,4,2,2,3,3,3,0,2,1,1,1,2,2,2,1,3,0,0,0,4,4,4,4,4,4,4,3,3,0,2,2,2,3,2,2,3,2,1,2,4,4,4,4,4,4,4,4,4,4,4,4,4,0,2,3,3,1,3,0,1,1,2,2,2,3,3,3,0,2,1,1,1,2,4,2,1,3,3,3,2,3,3,AFCO01001307.1/366-143,0
1036,2,3,0,2,0,3,2,1,3,1,0,3,3,1,1,0,3,4,1,3,4,1,3,3,0,3,2,3,3,1,2,1,1,3,3,0,4,4,4,4,4,4,4,4,4,4,4,4,4,4,4,4,4,2,3,4,4,4,4,4,4,4,4,4,4,4,4,4,4,4,4,4,4,4,4,4,4,4,4,4,4,4,4,4,4,2,1,4,1,3,1,0,3,0,0,0,1,3,1,1,4,2,2,0,0,3,2,0,1,2,1,4,0,2,0,4,2,1,1,2,3,3,4,4,4,4,3,0,1,2,2,4,4,3,2,1,3,3,4,0,4,3,1,2,3,1,1,0,4,4,1,3,2,0,4,1,0,2,0,3,2,4,3,1,2,1,4,4,4,3,3,4,0,4,3,2,1,1,4,4,4,4,4,4,4,3,4,4,4,4,4,4,4,4,4,4,4,4,4,4,4,4,4,4,4,4,4,4,4,4,4,4,4,4,4,4,4,4,4,4,4,4,4,4,4,4,4,4,4,4,4,4,4,4,4,4,4,4,4,4,1,0,3,1,0,2,0,1,0,1,1,0,4,3,2,2,0,1,0,1,0,0,1,2,3,3,2,0,4,4,4,4,4,4,4,4,4,4,4,4,4,4,4,4,4,4,4,4,4,2,3,2,0,0,2,1,0,4,1,1,4,4,1,0,1,3,4,4,3,2,3,3,2,3,1,0,4,3,4,0,1,0,4,4,4,4,4,4,4,4,4,4,4,4,4,4,4,4,4,4,4,4,4,4,4,4,4,4,4,4,4,4,4,4,2,0,1,1,3,2,4,4,4,4,4,4,4,4,4,4,4,4,4,4,4,4,4,3,3,3,3,0,0,1,2,1,1,3,2,1,3,1,1,2,3,0,0,4,3,0,0,4,4,4,4,4,4,4,4,4,4,4,4,4,4,4,4,4,4,4,4,4,4,4,4,4,4,4,4,4,4,4,4,4,4,4,4,4,4,4,4,2,0,2,1,0,2,2,1,2,3,3,3,3,3,3,3,AE014073.1/3778530-3778324,0
1037,2,3,4,4,4,2,2,1,3,1,0,3,3,1,0,1,1,4,3,3,4,1,3,3,0,3,2,3,1,0,2,1,1,1,1,3,3,1,2,4,4,4,4,4,4,4,4,4,4,2,2,0,1,2,3,4,4,4,4,4,4,4,4,4,4,4,4,4,4,4,4,4,4,4,4,4,4,4,4,4,4,4,4,4,4,2,1,4,3,0,1,0,3,0,0,0,1,3,3,1,4,4,2,0,0,3,2,0,1,2,1,4,4,4,4,4,0,1,0,0,0,0,4,4,4,4,4,4,0,2,2,4,4,3,2,1,1,3,4,2,4,1,1,2,3,1,1,0,4,4,0,1,3,0,4,1,3,2,0,3,3,4,0,3,3,2,4,4,4,1,0,4,0,4,3,2,1,3,4,4,4,4,4,4,4,3,4,4,4,4,4,4,4,4,4,4,4,4,4,4,4,4,4,4,4,4,4,4,4,4,4,4,4,4,4,4,4,4,4,4,4,4,4,4,4,4,4,4,4,4,4,4,4,4,4,4,4,4,4,4,3,0,3,1,0,2,2,1,4,4,4,1,4,0,2,2,2,1,2,0,0,0,1,2,3,1,2,0,4,4,4,4,4,4,4,4,4,4,4,4,4,4,4,4,4,4,4,4,4,2,3,3,0,2,2,1,0,4,1,1,2,4,1,1,3,3,4,4,4,0,3,3,4,4,4,4,4,4,4,4,4,4,4,4,4,4,4,4,4,4,4,4,4,4,4,4,4,4,4,4,4,4,4,4,4,4,4,4,4,4,4,4,4,4,4,4,4,1,1,4,4,4,4,4,4,4,4,4,4,4,4,4,4,4,4,4,4,0,3,2,0,1,0,0,0,2,1,1,2,2,2,3,3,3,3,3,4,4,4,4,4,4,4,4,4,4,4,4,4,4,4,4,4,4,4,4,4,4,4,4,4,4,4,4,4,4,4,4,4,4,4,4,4,4,4,4,4,4,4,4,4,0,1,1,1,2,2,1,3,3,3,2,3,3,2,3,0,AGFS01105782.1/765-950,0
1038,2,1,0,2,3,2,2,1,3,1,0,3,3,1,0,1,1,4,2,0,4,1,3,3,0,3,2,3,1,0,2,1,1,1,1,3,3,1,2,4,4,4,4,4,4,4,4,4,4,2,2,0,1,2,3,4,4,4,4,4,4,4,4,4,4,4,4,4,4,4,4,4,4,4,4,4,4,4,4,4,4,4,4,4,4,2,1,4,3,0,1,0,3,0,0,0,0,3,3,1,4,4,2,0,0,3,2,0,1,2,1,4,0,1,0,4,0,1,4,4,4,4,4,4,4,4,4,0,0,2,2,4,4,3,2,1,1,3,4,2,4,1,1,2,3,1,1,0,4,4,0,1,3,3,4,1,3,2,0,3,0,4,3,1,0,2,1,4,2,3,0,4,4,4,4,2,1,3,4,4,4,4,4,4,4,0,4,4,4,4,4,4,4,4,4,4,4,4,4,4,4,4,4,4,4,4,4,4,4,4,4,4,4,4,4,4,4,4,4,4,4,4,4,4,4,4,4,4,4,4,4,4,4,4,4,4,4,4,4,4,3,0,3,1,0,4,4,0,1,1,0,3,4,1,2,2,2,1,2,0,0,0,1,2,3,1,2,0,4,4,4,4,4,4,4,4,4,4,4,4,4,4,4,4,4,4,4,4,4,2,3,3,0,2,2,1,0,4,1,1,2,4,1,1,3,3,4,4,4,0,3,3,4,4,4,4,4,4,4,4,4,4,4,4,4,4,4,4,4,4,4,4,4,4,4,4,4,4,4,4,4,4,4,4,4,4,4,4,4,4,4,4,4,4,4,4,4,1,1,0,4,4,4,4,4,4,4,4,4,4,4,4,4,4,4,4,4,3,0,0,1,0,0,0,2,1,1,2,2,2,4,4,3,0,0,3,4,4,4,4,3,4,4,4,4,4,4,4,4,4,4,4,4,4,4,4,4,4,4,4,4,4,4,4,4,4,4,4,4,4,4,4,4,4,4,4,4,4,4,4,4,4,4,1,1,1,2,2,1,3,3,3,2,3,3,2,3,ADTX01000257.1/12985-13172,0
1039,2,1,4,4,4,3,2,1,3,1,0,3,3,1,0,1,3,4,3,2,4,3,3,3,0,3,2,0,0,3,2,1,1,0,1,1,2,1,2,1,3,2,4,4,4,4,4,1,2,2,3,1,0,2,0,4,4,4,4,4,4,4,4,4,4,4,4,4,4,4,4,4,4,4,4,4,4,4,4,4,4,4,4,4,4,2,1,4,4,3,1,0,3,0,0,0,2,1,1,1,4,4,2,0,0,3,2,0,1,2,1,4,0,4,4,4,4,1,1,0,0,0,4,4,4,4,4,4,1,2,2,4,4,0,2,1,1,3,4,2,4,1,1,2,3,1,1,0,4,1,1,0,1,0,4,1,1,2,0,3,0,4,0,3,1,2,3,4,0,3,2,4,1,4,0,3,3,2,1,0,4,4,3,1,2,3,4,4,4,4,4,4,4,4,4,4,4,4,4,4,4,4,4,4,4,4,4,4,4,4,4,4,4,4,4,4,4,4,4,4,4,4,4,4,4,4,4,4,4,4,4,4,4,4,4,4,4,4,4,4,3,0,3,1,0,0,2,4,4,1,0,3,4,1,2,2,0,1,2,3,0,0,1,2,3,3,2,0,4,4,4,4,4,4,4,4,4,4,4,4,4,4,4,4,4,4,4,4,4,2,3,3,0,2,2,1,3,4,1,1,0,4,1,1,1,0,4,4,3,3,1,3,4,4,4,4,4,4,4,4,4,4,1,0,1,2,1,2,1,4,4,4,4,4,4,4,4,4,4,4,4,4,4,4,2,2,1,3,0,0,2,4,4,4,4,4,4,4,4,4,2,1,2,4,4,4,4,4,4,4,4,4,4,4,2,1,2,1,2,3,1,3,2,1,2,2,1,0,2,2,1,1,0,2,0,3,4,4,4,4,4,4,4,4,4,4,4,4,4,4,4,4,4,4,4,4,4,4,4,4,4,4,4,4,4,4,4,4,4,4,4,4,4,4,4,4,4,4,4,4,4,2,2,3,1,3,2,1,1,2,3,3,3,3,1,3,3,ADWX01091043.1/255-38,0
1040,2,1,0,2,3,2,2,1,3,1,0,3,3,1,0,1,1,4,2,0,4,1,3,3,0,3,2,3,1,0,2,1,1,1,1,3,3,1,2,4,4,4,4,4,4,4,4,4,4,2,2,0,1,2,3,4,4,4,4,4,4,4,4,4,4,4,4,4,4,4,4,4,4,4,4,4,4,4,4,4,4,4,4,4,4,2,1,4,3,0,1,0,3,0,0,0,0,3,3,1,4,4,2,0,0,3,2,0,1,2,1,4,0,1,0,4,0,1,4,4,4,4,4,4,4,4,4,0,0,2,2,4,4,3,2,1,1,3,4,2,4,1,1,2,3,1,1,0,4,4,0,1,3,3,4,1,3,2,0,3,0,4,3,1,0,2,1,4,2,3,0,4,4,4,4,2,1,3,4,4,4,4,4,4,4,0,4,4,4,4,4,4,4,4,4,4,4,4,4,4,4,4,4,4,4,4,4,4,4,4,4,4,4,4,4,4,4,4,4,4,4,4,4,4,4,4,4,4,4,4,4,4,4,4,4,4,4,4,4,4,3,0,3,1,0,4,4,0,1,1,0,3,4,1,2,2,2,1,2,0,0,0,1,2,3,1,2,0,4,4,4,4,4,4,4,4,4,4,4,4,4,4,4,4,4,4,4,4,4,2,3,3,0,2,2,1,0,4,1,1,2,4,1,1,3,3,4,4,4,0,3,3,4,4,4,4,4,4,4,4,4,4,4,4,4,4,4,4,4,4,4,4,4,4,4,4,4,4,4,4,4,4,4,4,4,4,4,4,4,4,4,4,4,4,4,4,4,1,1,0,4,4,4,4,4,4,4,4,4,4,4,4,4,4,4,4,4,3,0,0,1,0,0,0,2,1,1,2,2,2,4,4,3,0,0,3,4,4,4,4,3,4,4,4,4,4,4,4,4,4,4,4,4,4,4,4,4,4,4,4,4,4,4,4,4,4,4,4,4,4,4,4,4,4,4,4,4,4,4,4,4,4,4,1,1,1,2,2,1,3,3,3,2,3,3,2,3,ADWR01000039.1/19144-18957,0
1041,2,3,0,2,0,3,2,1,3,1,0,3,3,1,1,0,3,4,1,3,4,1,3,3,0,3,2,3,3,1,2,1,1,3,3,0,4,4,4,4,4,4,4,4,4,4,4,4,4,4,4,4,4,2,3,4,4,4,4,4,4,4,4,4,4,4,4,4,4,4,4,4,4,4,4,4,4,4,4,4,4,4,4,4,4,2,1,4,1,3,1,0,3,0,0,0,1,3,1,1,4,2,2,0,0,3,2,0,1,2,1,4,0,2,0,4,2,1,1,2,3,3,4,4,4,4,3,0,1,2,2,4,4,3,2,1,3,3,4,0,4,3,1,2,3,1,1,0,4,4,1,3,2,0,4,1,0,2,0,3,2,4,3,1,2,1,4,4,4,3,3,4,0,4,3,2,1,1,4,4,4,4,4,4,4,3,4,4,4,4,4,4,4,4,4,4,4,4,4,4,4,4,4,4,4,4,4,4,4,4,4,4,4,4,4,4,4,4,4,4,4,4,4,4,4,4,4,4,4,4,4,4,4,4,4,4,4,4,4,4,1,0,3,1,0,2,0,1,0,1,1,0,4,3,2,2,0,1,0,1,0,0,1,2,3,3,2,0,4,4,4,4,4,4,4,4,4,4,4,4,4,4,4,4,4,4,4,4,4,2,3,2,0,0,2,1,0,4,1,1,4,4,1,0,1,3,4,4,3,2,3,3,2,3,1,0,4,3,4,0,1,0,4,4,4,4,4,4,4,4,4,4,4,4,4,4,4,4,4,4,4,4,4,4,4,4,4,4,4,4,4,4,4,4,2,0,1,1,3,2,4,4,4,4,4,4,4,4,4,4,4,4,4,4,4,4,4,3,3,3,3,0,0,1,2,1,1,3,2,1,3,1,1,2,3,0,0,4,3,0,0,4,4,4,4,4,4,4,4,4,4,4,4,4,4,4,4,4,4,4,4,4,4,4,4,4,4,4,4,4,4,4,4,4,4,4,4,4,4,4,4,2,0,2,1,0,2,2,1,2,3,3,3,3,3,3,3,AEZX01000031.1/53831-53625,0
1042,2,3,4,4,4,2,2,1,3,1,0,3,3,1,0,1,1,4,3,2,4,2,3,3,0,1,2,0,1,0,2,1,1,1,3,2,1,2,0,0,0,2,4,4,4,4,1,2,2,3,1,0,0,2,1,4,4,4,4,4,4,4,4,4,4,4,4,4,4,4,4,4,4,4,4,4,4,4,4,4,4,4,4,4,4,2,1,4,3,3,1,0,3,0,0,1,0,0,1,1,4,1,2,0,0,3,2,0,1,2,1,4,4,4,4,4,0,1,0,0,4,4,4,4,4,4,3,0,1,2,2,4,4,3,2,1,1,3,4,2,4,1,1,2,3,1,1,0,4,1,1,0,0,0,4,1,1,2,0,3,0,4,1,0,2,3,1,4,1,0,1,4,3,4,3,3,2,3,2,2,4,4,4,1,3,1,4,4,4,4,4,4,4,4,4,4,4,4,4,4,4,4,4,4,4,4,4,4,4,4,4,4,4,4,4,4,4,4,4,4,4,4,4,4,4,4,4,4,4,4,4,4,4,4,4,4,4,4,4,4,3,0,3,1,0,4,4,0,2,1,3,3,4,1,2,2,0,1,2,1,0,0,1,2,3,3,2,0,4,4,4,4,4,4,4,4,4,4,4,4,4,4,4,4,4,4,4,4,4,2,3,3,0,2,2,1,0,4,1,1,0,4,1,1,3,0,4,4,0,3,3,3,4,3,1,3,4,2,4,3,2,0,4,4,4,4,4,4,4,4,4,4,4,4,4,4,4,4,4,4,4,4,4,4,4,4,4,4,4,4,4,4,4,4,3,2,0,1,2,2,0,3,2,3,1,1,4,4,4,4,4,3,1,0,1,0,2,1,2,3,2,0,0,3,2,2,1,0,2,0,3,3,1,3,3,3,4,4,4,4,2,4,4,4,4,4,4,4,4,4,4,4,4,4,4,4,4,4,4,4,4,4,4,4,4,4,4,4,4,4,4,4,4,4,4,4,4,4,4,4,4,0,0,3,1,3,2,1,1,0,3,3,3,3,3,1,2,FP236843.1/3780068-3779843,0
1043,2,3,0,2,0,3,2,1,3,1,0,3,3,1,1,0,3,4,1,3,4,1,3,3,0,3,2,3,3,1,2,1,1,3,3,0,4,4,4,4,4,4,4,4,4,4,4,4,4,4,4,4,4,2,3,4,4,4,4,4,4,4,4,4,4,4,4,4,4,4,4,4,4,4,4,4,4,4,4,4,4,4,4,4,4,2,1,4,1,3,1,0,3,0,0,0,1,3,1,1,4,2,2,0,0,3,2,0,1,2,1,4,0,2,0,4,2,1,4,4,4,4,4,4,4,4,4,4,4,4,4,4,4,4,4,4,4,4,4,4,4,4,4,4,4,4,4,4,4,4,4,4,4,4,4,4,4,4,4,4,4,4,4,4,4,4,4,4,4,4,4,4,4,4,4,4,4,4,4,4,4,4,4,4,4,4,4,4,4,4,4,4,4,4,4,4,4,4,4,4,4,4,4,4,4,4,4,4,4,4,4,4,4,4,4,4,4,4,4,4,4,4,4,4,4,4,4,4,4,4,4,4,4,4,4,4,4,4,4,4,4,4,4,4,4,4,4,4,4,4,4,4,4,4,4,4,4,4,4,4,4,4,4,4,4,4,4,4,4,4,4,4,4,4,4,4,4,4,4,4,4,4,4,4,4,4,4,4,4,4,4,4,4,4,4,4,4,4,4,4,4,4,4,4,4,4,4,4,4,4,4,4,4,4,4,4,4,4,4,4,4,4,4,4,4,4,4,4,4,4,4,4,4,4,4,4,4,4,4,4,4,4,4,4,4,4,4,4,4,4,4,4,4,4,4,4,4,4,4,4,4,4,4,4,4,4,4,4,4,4,4,4,4,4,4,4,4,4,4,4,4,4,4,4,4,4,4,4,4,4,4,4,4,4,4,4,4,4,4,4,4,4,4,4,4,4,4,4,4,4,4,4,4,4,4,4,4,4,4,4,4,4,4,4,4,4,4,4,4,4,4,4,4,4,4,4,4,4,4,4,4,4,4,4,4,4,4,4,4,4,4,4,4,4,4,4,4,ADUF01000106.1/29880-29944,0
1044,2,3,4,4,4,2,2,1,3,1,0,3,3,1,0,1,1,4,2,0,4,1,3,3,0,3,2,3,1,0,2,1,1,1,1,3,3,1,2,4,4,4,4,4,4,4,4,4,4,2,2,0,1,2,3,4,4,4,4,4,4,4,4,4,4,4,4,4,4,4,4,4,4,4,4,4,4,4,4,4,4,4,4,4,4,2,1,4,3,0,1,0,3,0,0,0,0,3,0,1,4,4,2,0,0,3,2,0,1,2,1,4,4,4,4,4,0,1,0,0,4,4,4,4,4,4,1,0,0,2,2,4,4,3,2,1,1,3,4,2,4,1,1,2,3,1,1,0,4,4,0,1,3,3,4,1,3,2,0,3,0,4,3,1,0,2,1,4,2,3,0,4,4,4,4,2,1,3,4,4,4,4,4,4,4,0,4,4,4,4,4,4,4,4,4,4,4,4,4,4,4,4,4,4,4,4,4,4,4,4,4,4,4,4,4,4,4,4,4,4,4,4,4,4,4,4,4,4,4,4,4,4,4,4,4,4,4,4,4,4,3,0,3,1,0,4,4,0,1,1,0,3,4,1,2,2,2,1,2,0,0,0,1,2,3,1,2,0,4,4,4,4,4,4,4,4,4,4,4,4,4,4,4,4,4,4,4,4,4,2,3,3,0,2,2,1,0,4,1,1,2,4,1,1,3,3,4,4,4,0,3,3,4,4,4,4,4,4,4,4,4,4,4,4,4,4,4,4,4,4,4,4,4,4,4,4,4,4,4,4,4,4,4,4,4,4,4,4,4,4,4,4,4,4,4,4,4,1,1,0,4,4,4,4,4,4,4,4,4,4,4,4,4,4,4,4,4,3,0,0,1,0,0,0,2,1,1,2,2,2,4,4,3,0,0,3,4,4,4,4,3,4,4,4,4,4,4,4,4,4,4,4,4,4,4,4,4,4,4,4,4,4,4,4,4,4,4,4,4,4,4,4,4,4,4,4,4,4,4,4,4,4,4,1,1,1,2,2,1,3,3,3,2,3,3,2,3,AFVX01000002.1/34750-34934,0
1045,2,3,0,2,0,3,2,1,3,1,0,3,3,1,1,0,3,4,1,3,4,1,3,3,0,3,2,3,3,1,2,1,1,3,3,0,4,4,4,4,4,4,4,4,4,4,4,4,4,4,4,4,4,2,3,4,4,4,4,4,4,4,4,4,4,4,4,4,4,4,4,4,4,4,4,4,4,4,4,4,4,4,4,4,4,2,1,4,1,3,1,0,3,0,0,0,1,3,1,1,4,2,2,0,0,3,2,0,1,2,1,4,0,2,0,4,2,1,1,2,3,3,4,4,4,4,3,0,1,2,2,4,4,3,2,1,3,3,4,0,4,3,1,2,3,1,1,0,4,4,1,3,2,0,4,1,0,2,0,3,2,4,3,1,2,1,4,4,4,3,3,4,0,4,3,2,1,1,4,4,4,4,4,4,4,3,4,4,4,4,4,4,4,4,4,4,4,4,4,4,4,4,4,4,4,4,4,4,4,4,4,4,4,4,4,4,4,4,4,4,4,4,4,4,4,4,4,4,4,4,4,4,4,4,4,4,4,4,4,4,1,0,3,1,0,2,0,1,0,1,1,0,4,3,2,2,0,1,0,1,0,0,1,2,3,3,2,0,4,4,4,4,4,4,4,4,4,4,4,4,4,4,4,4,4,4,4,4,4,2,3,2,0,0,2,1,0,4,1,1,4,4,1,0,1,3,4,4,3,2,3,3,2,3,1,0,4,3,4,0,1,0,4,4,4,4,4,4,4,4,4,4,4,4,4,4,4,4,4,4,4,4,4,4,4,4,4,4,4,4,4,4,4,4,2,0,1,1,3,2,4,4,4,4,4,4,4,4,4,4,4,4,4,4,4,4,4,3,3,3,3,0,0,1,2,1,1,3,2,1,3,1,1,2,3,0,0,4,3,0,0,4,4,4,4,4,4,4,4,4,4,4,4,4,4,4,4,4,4,4,4,4,4,4,4,4,4,4,4,4,4,4,4,4,4,4,4,4,4,4,4,2,0,2,1,0,2,2,1,2,3,3,3,3,3,3,3,AFDS01000072.1/248601-248807,0
1046,2,3,0,2,0,3,2,1,3,1,0,3,3,1,1,0,3,4,1,3,4,1,3,3,0,3,2,3,3,1,2,1,1,3,3,1,4,4,4,4,4,4,4,4,4,4,4,4,4,4,4,4,4,3,2,4,4,4,4,4,4,4,4,4,4,4,4,4,4,4,4,4,4,4,4,4,4,4,4,4,4,4,4,4,4,2,1,4,1,3,1,0,3,0,0,0,1,3,1,0,4,2,2,0,0,3,2,0,3,2,1,4,0,2,0,4,2,1,1,2,3,3,4,4,4,4,3,0,1,2,2,4,4,3,2,1,3,3,4,0,4,3,1,2,3,1,1,0,4,4,1,3,2,0,4,1,0,2,0,3,2,4,3,1,2,1,4,4,4,3,3,4,0,4,1,2,1,1,4,4,4,4,4,4,4,3,4,4,4,4,4,4,4,4,4,4,4,4,4,4,4,4,4,4,4,4,4,4,4,4,4,4,4,4,4,4,4,4,4,4,4,4,4,4,4,4,4,4,4,4,4,4,4,4,4,4,4,4,4,4,1,0,3,1,0,0,0,1,0,1,1,1,4,3,2,2,0,1,0,1,0,0,1,2,3,3,2,0,4,4,4,4,4,4,4,4,4,4,4,4,4,4,4,4,4,4,4,4,4,2,3,2,0,0,2,1,0,4,1,1,1,4,1,3,3,3,4,0,3,2,3,3,2,3,1,0,4,3,4,0,1,0,4,4,4,4,4,4,4,4,4,4,4,4,4,4,4,4,4,4,4,4,4,4,4,4,4,4,4,4,4,4,4,4,2,0,1,1,3,2,4,4,4,4,4,4,4,4,4,4,4,4,4,4,4,4,4,3,3,3,3,2,0,1,2,1,1,3,2,1,1,1,1,3,3,0,0,4,4,1,1,4,4,4,4,4,4,4,4,4,4,4,4,4,4,4,4,4,4,4,4,4,4,4,4,4,4,4,4,4,4,4,4,4,4,4,4,4,4,4,4,2,2,2,1,0,2,2,1,2,3,3,3,3,3,3,3,CP000857.1/4116804-4117011,0
1047,2,3,0,2,0,3,2,1,3,1,0,3,3,1,1,0,3,4,1,3,4,1,3,3,0,3,2,3,3,1,2,1,1,3,3,0,4,4,4,4,4,4,4,4,4,4,4,4,4,4,4,4,4,2,3,4,4,4,4,4,4,4,4,4,4,4,4,4,4,4,4,4,4,4,4,4,4,4,4,4,4,4,4,4,4,2,1,4,1,3,1,0,3,0,0,0,1,3,1,1,4,2,2,0,0,3,2,0,1,2,1,4,0,2,0,4,2,1,1,2,3,3,4,4,4,4,3,0,1,2,2,4,4,3,2,1,3,3,4,0,4,3,1,2,3,1,1,0,4,4,1,3,2,0,4,1,0,2,0,3,2,4,3,1,2,1,4,4,4,3,3,4,0,4,3,2,1,1,4,4,4,4,4,4,4,3,4,4,4,4,4,4,4,4,4,4,4,4,4,4,4,4,4,4,4,4,4,4,4,4,4,4,4,4,4,4,4,4,4,4,4,4,4,4,4,4,4,4,4,4,4,4,4,4,4,4,4,4,4,4,1,0,3,1,0,2,0,1,0,1,1,0,4,3,2,2,0,1,0,1,0,0,1,2,3,3,2,0,4,4,4,4,4,4,4,4,4,4,4,4,4,4,4,4,4,4,4,4,4,2,3,2,0,0,2,1,0,4,1,1,4,4,1,0,1,3,4,4,3,2,3,3,2,3,1,0,4,3,4,0,1,0,4,4,4,4,4,4,4,4,4,4,4,4,4,4,4,4,4,4,4,4,4,4,4,4,4,4,4,4,4,4,4,4,2,0,1,1,3,2,4,4,4,4,4,4,4,4,4,4,4,4,4,4,4,4,4,3,3,3,3,0,0,1,2,1,1,3,2,1,3,1,1,2,3,0,0,4,3,0,0,4,4,4,4,4,4,4,4,4,4,4,4,4,4,4,4,4,4,4,4,4,4,4,4,4,4,4,4,4,4,4,4,4,4,4,4,4,4,4,4,2,0,2,1,0,2,2,1,2,3,3,3,3,3,3,3,AP010958.1/4478196-4477990,0
1048,2,3,4,4,4,2,2,1,3,1,0,3,3,1,0,1,1,4,3,3,4,1,3,3,0,3,2,3,1,0,2,1,1,1,1,3,3,0,2,4,4,4,4,4,4,4,4,4,4,2,2,0,1,2,1,4,4,4,4,4,4,4,4,4,4,4,4,4,4,4,4,4,4,4,4,4,4,4,4,4,4,4,4,4,4,2,1,4,3,0,1,0,3,0,0,0,1,3,3,1,4,4,2,0,0,3,2,0,1,2,1,4,4,4,4,4,0,1,0,0,4,4,4,4,4,4,1,0,0,2,2,4,4,3,2,1,1,3,4,2,4,1,1,2,3,1,1,0,4,4,0,1,3,3,4,1,3,2,0,3,0,4,0,3,0,2,1,4,2,3,4,4,4,4,0,2,1,3,4,4,4,4,4,4,4,3,4,4,4,4,4,4,4,4,4,4,4,4,4,4,4,4,4,4,4,4,4,4,4,4,4,4,4,4,4,4,4,4,4,4,4,4,4,4,4,4,4,4,4,4,4,4,4,4,4,4,4,4,4,4,3,0,3,1,0,4,4,0,1,1,3,1,4,1,2,2,2,1,2,0,0,0,1,2,3,1,2,0,4,4,4,4,4,4,4,4,4,4,4,4,4,4,4,4,4,4,4,4,4,2,3,3,0,2,2,1,0,4,1,1,2,4,1,1,3,3,4,4,4,0,3,3,4,4,4,4,4,4,4,4,4,4,4,4,4,4,4,4,4,4,4,4,4,4,4,4,4,4,4,4,4,4,4,4,4,4,4,4,4,4,4,4,4,4,4,4,4,1,1,0,4,4,4,4,4,4,4,4,4,4,4,4,4,4,4,4,4,3,0,0,1,0,0,0,2,1,1,2,2,2,3,3,3,4,4,4,4,4,4,4,4,4,4,4,4,4,4,4,4,4,4,4,4,4,4,4,4,4,4,4,4,4,4,4,4,4,4,4,4,4,4,4,4,4,4,4,4,4,4,4,4,0,2,1,1,1,2,2,1,3,3,3,2,3,3,2,3,AESK01000010.1/40322-40506,0
1049,2,3,0,2,0,3,2,1,3,1,0,3,3,1,1,0,3,4,1,3,4,1,3,3,0,3,2,3,3,1,2,1,1,3,3,0,4,4,4,4,4,4,4,4,4,4,4,4,4,4,4,4,4,2,3,4,4,4,4,4,4,4,4,4,4,4,4,4,4,4,4,4,4,4,4,4,4,4,4,4,4,4,4,4,4,2,1,4,1,3,1,0,3,0,0,0,1,3,1,1,4,2,2,0,0,3,2,0,1,2,1,4,0,2,0,4,2,1,1,2,3,3,4,4,4,4,3,0,1,2,2,4,4,3,2,1,3,3,4,0,4,3,1,2,3,1,1,0,4,4,1,3,2,0,4,1,0,2,0,3,2,4,3,1,2,1,4,4,4,3,3,4,0,4,3,2,1,1,4,4,4,4,4,4,4,3,4,4,4,4,4,4,4,4,4,4,4,4,4,4,4,4,4,4,4,4,4,4,4,4,4,4,4,4,4,4,4,4,4,4,4,4,4,4,4,4,4,4,4,4,4,4,4,4,4,4,4,4,4,4,1,0,3,1,0,2,0,1,0,1,1,0,4,3,2,2,0,1,0,1,0,0,1,2,3,3,2,0,4,4,4,4,4,4,4,4,4,4,4,4,4,4,4,4,4,4,4,4,4,2,3,2,0,0,2,1,0,4,1,1,4,4,1,0,1,3,4,4,3,2,3,3,2,3,1,0,4,3,4,0,1,0,4,4,4,4,4,4,4,4,4,4,4,4,4,4,4,4,4,4,4,4,4,4,4,4,4,4,4,4,4,4,4,4,2,0,1,1,3,2,4,4,4,4,4,4,4,4,4,4,4,4,4,4,4,4,4,3,3,3,3,0,0,1,2,1,1,3,2,1,3,1,1,2,3,0,0,4,3,0,0,4,4,4,4,4,4,4,4,4,4,4,4,4,4,4,4,4,4,4,4,4,4,4,4,4,4,4,4,4,4,4,4,4,4,4,4,4,4,4,4,2,0,2,1,0,2,2,1,2,3,3,3,3,3,3,3,AAKB02000001.1/1987264-1987058,0
1050,2,3,0,2,0,3,2,1,3,1,0,3,3,1,1,0,3,4,1,3,4,1,3,3,0,3,2,3,3,1,2,1,1,3,3,1,4,4,4,4,4,4,4,4,4,4,4,4,4,4,4,4,4,3,2,4,4,4,4,4,4,4,4,4,4,4,4,4,4,4,4,4,4,4,4,4,4,4,4,4,4,4,4,4,4,2,1,4,1,3,1,0,3,0,0,0,1,3,1,0,4,2,2,0,0,3,2,0,1,2,1,4,0,2,0,4,2,1,1,2,3,3,4,4,4,4,3,0,1,2,2,4,4,3,2,1,3,3,4,0,4,3,1,2,3,1,1,0,4,4,1,0,2,0,4,1,0,2,0,3,2,4,3,1,2,1,4,4,4,3,1,4,0,4,2,2,1,1,4,4,4,4,4,4,4,3,4,4,4,4,4,4,4,4,4,4,4,4,4,4,4,4,4,4,4,4,4,4,4,4,4,4,4,4,4,4,4,4,4,4,4,4,4,4,4,4,4,4,4,4,4,4,4,4,4,4,4,4,4,4,1,0,3,1,0,2,0,1,0,1,1,0,4,3,2,2,0,1,0,3,0,0,1,2,3,3,2,0,4,4,4,4,4,4,4,4,4,4,4,4,4,4,4,4,4,4,4,4,4,2,3,2,0,0,2,1,0,4,1,1,4,4,4,3,3,0,4,4,3,0,3,3,2,3,1,2,4,0,4,0,1,0,4,4,4,4,4,4,4,4,4,4,4,4,4,4,4,4,4,4,4,4,4,4,4,4,4,4,4,4,4,4,4,4,2,0,1,1,4,4,4,4,4,4,4,4,4,4,4,4,4,4,4,4,4,4,4,4,4,4,4,4,4,4,4,4,4,4,4,4,4,4,4,4,4,4,4,4,4,4,4,4,4,4,4,4,4,4,4,4,4,4,4,4,4,4,4,4,4,4,4,4,4,4,4,4,4,4,4,4,4,4,4,4,4,4,4,4,4,4,4,4,4,4,4,4,4,4,4,4,4,4,4,4,4,3,2,AGFT01010576.1/77-243,0
1051,2,3,0,2,0,3,2,1,3,1,0,3,3,1,1,0,1,4,1,3,4,1,3,3,0,3,2,3,3,1,2,1,1,3,3,0,4,4,4,4,4,4,4,4,4,4,4,4,4,4,4,4,4,4,2,4,4,4,4,4,4,4,4,4,4,4,4,4,4,4,4,4,4,4,4,4,4,4,4,4,4,4,4,4,4,2,1,4,3,3,1,0,3,0,0,0,1,1,1,3,2,2,2,0,0,3,2,0,3,2,1,4,0,2,0,4,2,1,1,2,0,3,4,4,4,3,3,0,2,2,2,4,4,3,2,1,1,3,4,0,4,3,3,2,3,1,1,0,4,1,1,0,2,0,4,0,1,2,0,3,2,4,0,1,0,2,1,4,2,3,3,4,2,4,1,3,4,4,4,4,4,4,4,4,4,4,3,2,1,0,0,1,4,4,4,4,4,4,4,4,4,4,4,4,4,4,4,4,4,4,4,4,4,4,4,4,4,4,4,4,4,4,4,4,4,4,4,4,4,4,4,4,4,4,3,2,1,3,2,0,1,0,3,1,0,4,4,1,0,1,3,1,4,1,2,2,2,1,0,3,0,0,1,2,3,3,2,0,4,4,4,4,4,4,4,4,4,4,4,4,4,4,4,4,4,4,4,4,4,2,3,2,0,2,2,1,0,4,1,1,2,4,1,1,1,1,4,4,3,2,3,3,2,3,1,1,4,3,4,0,4,4,4,4,4,4,4,4,4,4,4,4,4,4,4,4,4,4,4,4,4,4,4,4,4,4,4,4,4,4,4,4,4,4,2,0,1,1,3,2,0,3,3,2,4,4,4,4,4,4,4,4,4,1,3,3,3,3,3,3,0,3,0,1,0,1,3,3,2,1,1,0,1,3,2,4,4,4,4,4,4,4,4,4,4,4,4,4,4,4,4,4,4,4,4,4,4,4,4,4,4,4,4,4,4,4,4,4,4,4,4,4,4,4,4,4,4,4,4,4,4,1,2,2,1,0,0,2,3,2,3,3,3,3,3,3,3,CP002773.1/160646-160865,0
1052,2,3,0,2,0,3,2,1,3,1,0,3,3,1,1,0,3,4,1,3,4,1,3,3,0,3,2,3,3,1,2,1,1,3,3,1,4,4,4,4,4,4,4,4,4,4,4,4,4,4,4,4,4,3,2,4,4,4,4,4,4,4,4,4,4,4,4,4,4,4,4,4,4,4,4,4,4,4,4,4,4,4,4,4,4,2,1,4,1,3,1,0,3,0,0,0,1,3,1,0,4,2,2,0,0,3,2,0,3,2,1,4,0,2,0,4,2,1,1,2,3,3,4,4,4,4,3,0,1,2,2,4,4,3,2,1,3,3,4,0,4,3,1,2,3,1,1,0,4,4,1,3,2,0,4,1,0,2,0,3,3,4,3,1,2,1,4,4,4,3,3,4,0,4,1,2,1,1,4,4,4,4,4,4,4,3,4,4,4,4,4,4,4,4,4,4,4,4,4,4,4,4,4,4,4,4,4,4,4,4,4,4,4,4,4,4,4,4,4,4,4,4,4,4,4,4,4,4,4,4,4,4,4,4,4,4,4,4,4,4,1,0,3,1,0,0,0,1,0,1,1,1,4,3,2,2,0,1,0,1,0,0,1,2,3,3,2,0,4,4,4,4,4,4,4,4,4,4,4,4,4,4,4,4,4,4,4,4,4,2,3,2,0,0,2,1,0,4,1,1,1,4,1,3,3,3,4,0,3,2,3,3,2,3,1,0,4,3,4,0,1,0,4,4,4,4,4,4,4,4,4,4,4,4,4,4,4,4,4,4,4,4,4,4,4,4,4,4,4,4,4,4,4,4,2,0,1,1,3,2,4,4,4,4,4,4,4,4,4,4,4,4,4,4,4,4,4,3,3,3,3,2,0,1,2,1,1,3,2,1,1,1,1,3,3,0,0,4,4,1,1,4,4,4,4,4,4,4,4,4,4,4,4,4,4,4,4,4,4,4,4,4,4,4,4,4,4,4,4,4,4,4,4,4,4,4,4,4,4,4,4,2,2,2,1,0,2,2,1,2,3,3,3,3,3,3,3,AEUL01000003.1/137859-137652,0
1053,2,1,0,2,3,2,2,1,3,1,0,3,3,1,0,1,1,4,2,0,4,1,3,3,0,3,2,3,1,0,2,1,1,1,1,3,3,1,2,4,4,4,4,4,4,4,4,4,4,2,2,0,1,2,3,4,4,4,4,4,4,4,4,4,4,4,4,4,4,4,4,4,4,4,4,4,4,4,4,4,4,4,4,4,4,2,1,4,3,0,1,0,3,0,0,0,0,3,3,1,4,4,2,0,0,3,2,0,1,2,1,4,0,1,0,4,0,1,4,4,4,4,4,4,4,4,4,0,0,2,2,4,4,3,2,1,1,3,4,2,4,1,1,2,3,1,1,0,4,4,0,1,3,3,4,1,3,2,0,3,0,4,3,1,0,2,1,4,2,3,0,4,4,4,4,2,1,3,4,4,4,4,4,4,4,0,4,4,4,4,4,4,4,4,4,4,4,4,4,4,4,4,4,4,4,4,4,4,4,4,4,4,4,4,4,4,4,4,4,4,4,4,4,4,4,4,4,4,4,4,4,4,4,4,4,4,4,4,4,4,3,0,3,1,0,4,4,0,1,1,0,3,4,1,2,2,2,1,2,0,0,0,1,2,3,1,2,0,4,4,4,4,4,4,4,4,4,4,4,4,4,4,4,4,4,4,4,4,4,2,3,3,0,2,2,1,0,4,1,1,2,4,1,1,3,3,4,4,4,0,3,3,4,4,4,4,4,4,4,4,4,4,4,4,4,4,4,4,4,4,4,4,4,4,4,4,4,4,4,4,4,4,4,4,4,4,4,4,4,4,4,4,4,4,4,4,4,1,1,0,4,4,4,4,4,4,4,4,4,4,4,4,4,4,4,4,4,3,0,0,1,0,0,0,2,1,1,2,2,2,4,4,3,0,0,3,4,4,4,4,3,4,4,4,4,4,4,4,4,4,4,4,4,4,4,4,4,4,4,4,4,4,4,4,4,4,4,4,4,4,4,4,4,4,4,4,4,4,4,4,4,4,4,1,1,1,2,2,1,3,3,3,2,3,3,2,3,AAJT02000073.1/1591-1778,0
1054,2,3,0,2,0,3,2,1,3,1,0,3,3,1,1,0,3,4,1,3,4,1,3,3,0,3,2,3,3,1,2,1,1,3,3,1,4,4,4,4,4,4,4,4,4,4,4,4,4,4,4,4,4,3,2,4,4,4,4,4,4,4,4,4,4,4,4,4,4,4,4,4,4,4,4,4,4,4,4,4,4,4,4,4,4,2,1,4,1,3,1,0,3,0,0,0,1,3,1,0,4,2,2,0,0,3,2,0,3,2,1,4,0,2,0,4,2,1,1,2,3,3,4,4,4,4,3,0,1,2,2,4,4,3,2,1,3,3,4,0,4,3,1,2,3,1,1,0,4,4,1,3,2,0,4,1,0,2,0,3,2,4,3,1,2,1,4,4,4,3,3,4,0,4,1,2,1,1,4,4,4,4,4,4,4,3,4,4,4,4,4,4,4,4,4,4,4,4,4,4,4,4,4,4,4,4,4,4,4,4,4,4,4,4,4,4,4,4,4,4,4,4,4,4,4,4,4,4,4,4,4,4,4,4,4,4,4,4,4,4,1,0,3,1,0,0,0,1,0,1,1,1,4,3,2,2,0,1,0,1,0,0,1,2,3,3,2,0,4,4,4,4,4,4,4,4,4,4,4,4,4,4,4,4,4,4,4,4,4,2,3,2,0,0,2,1,0,4,1,1,1,4,1,3,3,3,4,0,3,2,3,3,2,3,1,0,4,3,4,0,1,0,4,4,4,4,4,4,4,4,4,4,4,4,4,4,4,4,4,4,4,4,4,4,4,4,4,4,4,4,4,4,4,4,2,0,1,1,3,2,4,4,4,4,4,4,4,4,4,4,4,4,4,4,4,4,4,3,3,3,3,2,0,1,2,1,1,3,2,1,1,1,1,3,3,0,0,4,4,1,1,4,4,4,4,4,4,4,4,4,4,4,4,4,4,4,4,4,4,4,4,4,4,4,4,4,4,4,4,4,4,4,4,4,4,4,4,4,4,4,4,2,2,2,1,0,2,2,1,2,3,3,3,3,3,3,3,AESV01000050.1/39707-39914,0
1055,2,1,0,2,3,2,2,1,3,1,0,3,3,1,0,1,1,4,2,0,4,1,3,3,0,3,2,3,1,0,2,1,1,1,1,3,3,1,2,4,4,4,4,4,4,4,4,4,4,2,2,0,1,2,3,4,4,4,4,4,4,4,4,4,4,4,4,4,4,4,4,4,4,4,4,4,4,4,4,4,4,4,4,4,4,2,1,4,3,0,1,0,3,0,0,0,0,3,3,1,4,4,2,0,0,3,2,0,1,2,1,4,0,1,0,4,0,1,4,4,4,4,4,4,4,4,4,0,0,2,2,4,4,3,2,1,1,3,4,2,4,1,1,2,3,1,1,0,4,4,0,1,3,3,4,1,3,2,0,3,0,4,3,1,0,2,1,4,2,3,0,4,4,4,4,2,1,3,4,4,4,4,4,4,4,0,4,4,4,4,4,4,4,4,4,4,4,4,4,4,4,4,4,4,4,4,4,4,4,4,4,4,4,4,4,4,4,4,4,4,4,4,4,4,4,4,4,4,4,4,4,4,4,4,4,4,4,4,4,4,3,0,3,1,0,4,4,0,1,1,0,3,4,1,2,2,2,1,2,0,0,0,1,2,3,1,2,0,4,4,4,4,4,4,4,4,4,4,4,4,4,4,4,4,4,4,4,4,4,2,3,3,0,2,2,1,0,4,1,1,2,4,1,1,3,3,4,4,4,0,3,3,4,4,4,4,4,4,4,4,4,4,4,4,4,4,4,4,4,4,4,4,4,4,4,4,4,4,4,4,4,4,4,4,4,4,4,4,4,4,4,4,4,4,4,4,4,1,1,0,4,4,4,4,4,4,4,4,4,4,4,4,4,4,4,4,4,3,0,0,1,0,0,0,2,1,1,2,2,2,4,4,3,0,0,3,4,4,4,4,3,4,4,4,4,4,4,4,4,4,4,4,4,4,4,4,4,4,4,4,4,4,4,4,4,4,4,4,4,4,4,4,4,4,4,4,4,4,4,4,4,4,4,1,1,1,2,2,1,3,3,3,2,3,3,2,3,AFVF01000010.1/162276-162089,0
1056,2,3,0,2,0,3,2,1,3,1,0,3,3,1,1,0,3,4,1,3,4,1,3,3,0,3,2,3,3,1,2,1,1,3,3,0,4,4,4,4,4,4,4,4,4,4,4,4,4,4,4,4,4,2,3,4,4,4,4,4,4,4,4,4,4,4,4,4,4,4,4,4,4,4,4,4,4,4,4,4,4,4,4,4,4,2,1,4,1,3,1,0,3,0,0,0,1,3,1,1,4,2,2,0,0,3,2,0,1,2,1,4,0,2,0,4,2,1,1,2,3,3,4,4,4,4,3,0,1,2,2,4,4,3,2,1,3,3,4,0,4,3,1,2,3,1,1,0,4,4,1,3,2,0,4,1,0,2,0,3,2,4,3,1,2,1,4,4,4,3,3,4,0,4,3,2,1,1,4,4,4,4,4,4,4,3,4,4,4,4,4,4,4,4,4,4,4,4,4,4,4,4,4,4,4,4,4,4,4,4,4,4,4,4,4,4,4,4,4,4,4,4,4,4,4,4,4,4,4,4,4,4,4,4,4,4,4,4,4,4,1,0,3,1,0,2,0,1,0,1,1,0,4,3,2,2,0,1,0,1,0,0,1,2,3,3,2,0,4,4,4,4,4,4,4,4,4,4,4,4,4,4,4,4,4,4,4,4,4,2,3,2,0,0,2,1,0,4,1,1,4,4,1,0,1,3,4,4,3,2,3,3,2,3,1,0,4,3,4,0,1,0,4,4,4,4,4,4,4,4,4,4,4,4,4,4,4,4,4,4,4,4,4,4,4,4,4,4,4,4,4,4,4,4,2,0,1,1,3,2,4,4,4,4,4,4,4,4,4,4,4,4,4,4,4,4,4,3,3,3,3,0,0,1,2,1,1,3,2,1,3,1,1,2,3,0,0,4,3,0,0,4,4,4,4,4,4,4,4,4,4,4,4,4,4,4,4,4,4,4,4,4,4,4,4,4,4,4,4,4,4,4,4,4,4,4,4,4,4,4,4,2,0,2,1,0,2,2,1,2,3,3,3,3,3,3,0,AERM01000076.1/39558-39764,0
1057,2,3,4,4,4,2,2,1,3,1,0,3,3,1,0,1,1,4,3,3,4,1,3,3,0,3,2,3,1,0,2,1,1,1,1,3,3,0,2,4,4,4,4,4,4,4,4,4,4,2,2,0,1,2,1,4,4,4,4,4,4,4,4,4,4,4,4,4,4,4,4,4,4,4,4,4,4,4,4,4,4,4,4,4,4,2,1,4,3,0,1,0,3,0,0,0,1,3,3,1,4,4,2,0,0,3,2,0,1,2,1,4,4,4,4,4,0,1,0,0,4,4,4,4,4,4,1,0,0,2,2,4,4,3,2,1,1,3,4,2,4,1,1,2,3,1,3,0,4,4,0,1,3,3,4,1,3,2,0,3,0,4,0,3,0,2,1,4,2,3,4,4,4,4,0,2,1,3,4,4,4,4,4,4,4,3,4,4,4,4,4,4,4,4,4,4,4,4,4,4,4,4,4,4,4,4,4,4,4,4,4,4,4,4,4,4,4,4,4,4,4,4,4,4,4,4,4,4,4,4,4,4,4,4,4,4,4,4,4,4,3,0,3,1,0,4,4,0,1,1,3,1,4,1,2,2,2,1,2,0,0,0,1,2,3,1,2,0,4,4,4,4,4,4,4,4,4,4,4,4,4,4,4,4,4,4,4,4,4,2,3,3,0,2,2,1,0,4,1,1,2,4,1,1,3,3,4,4,4,0,3,3,4,4,4,4,4,4,4,4,4,4,4,4,4,4,4,4,4,4,4,4,4,4,4,4,4,4,4,4,4,4,4,4,4,4,4,4,4,4,4,4,4,4,4,4,4,1,1,0,4,4,4,4,4,4,4,4,4,4,4,4,4,4,4,4,4,3,0,0,1,0,0,0,2,1,1,2,2,2,3,3,3,4,4,4,4,4,4,4,4,4,4,4,4,4,4,4,4,4,4,4,4,4,4,4,4,4,4,4,4,4,4,4,4,4,4,4,4,4,4,4,4,4,4,4,4,4,4,4,4,0,2,1,1,1,2,2,1,3,3,3,2,3,3,2,3,CAAR01000245.1/4151-4335,0
1058,2,3,0,2,0,3,2,1,3,1,0,3,3,1,1,0,1,4,1,3,4,1,3,3,0,3,2,3,3,1,2,1,1,3,3,0,4,4,4,4,4,4,4,4,4,4,4,4,4,4,4,4,4,4,2,4,4,4,4,4,4,4,4,4,4,4,4,4,4,4,4,4,4,4,4,4,4,4,4,4,4,4,4,4,4,2,1,4,3,3,1,0,3,0,0,0,1,1,1,3,2,2,2,0,0,3,2,0,1,2,1,4,0,2,0,4,2,1,4,4,4,4,4,4,4,4,4,4,4,4,4,4,4,4,4,4,4,4,4,4,4,4,4,4,4,4,4,4,4,4,4,4,4,4,4,4,4,4,4,4,4,4,4,4,4,4,4,4,4,4,4,4,4,4,4,4,4,4,4,4,4,4,4,4,4,4,4,4,4,4,4,4,4,4,4,4,4,4,4,4,4,4,4,4,4,4,4,4,4,4,4,4,4,4,4,4,4,4,4,4,4,4,4,4,4,4,4,4,4,4,4,4,4,4,4,4,4,4,4,4,4,4,4,4,4,4,4,4,4,4,4,4,4,4,4,4,4,4,4,4,4,4,4,4,4,4,4,4,4,4,4,4,4,4,4,4,4,4,4,4,4,4,4,4,4,4,4,4,4,4,4,4,4,4,4,4,4,4,4,4,4,4,4,4,4,4,4,4,4,4,4,4,4,4,4,4,4,4,4,4,4,4,4,4,4,4,4,4,4,4,4,4,4,4,4,4,4,4,4,4,4,4,4,4,4,4,4,4,4,4,4,4,4,4,4,4,4,4,4,4,4,4,4,4,4,4,4,4,4,4,4,4,4,4,4,4,4,4,4,4,4,4,4,4,4,4,4,4,4,4,4,4,4,4,4,4,4,4,4,4,4,4,4,4,4,4,4,4,4,4,4,4,4,4,4,4,4,4,4,4,4,4,4,4,4,4,4,4,4,4,4,4,4,4,4,4,4,4,4,4,4,4,4,4,4,4,4,4,4,4,4,4,4,4,4,4,4,ABNA01055838.1/76-12,0
1059,2,3,4,4,4,2,2,1,3,1,0,3,3,1,0,1,1,4,2,0,4,1,3,3,0,3,2,3,1,0,2,1,1,1,1,3,3,1,2,4,4,4,4,4,4,4,4,4,4,2,2,0,1,2,3,4,4,4,4,4,4,4,4,4,4,4,4,4,4,4,4,4,4,4,4,4,4,4,4,4,4,4,4,4,4,2,1,4,3,0,1,0,3,0,0,0,0,3,3,1,4,4,2,0,0,3,2,0,1,2,1,4,4,4,4,4,0,1,0,0,4,4,4,4,4,4,1,0,0,2,2,4,4,3,2,1,1,3,4,2,4,1,1,2,3,1,1,0,4,4,0,1,3,3,4,1,3,2,0,3,0,4,3,1,0,2,1,4,2,3,0,4,4,4,4,2,1,3,4,4,4,4,4,4,4,0,4,4,4,4,4,4,4,4,4,4,4,4,4,4,4,4,4,4,4,4,4,4,4,4,4,4,4,4,4,4,4,4,4,4,4,4,4,4,4,4,4,4,4,4,4,4,4,4,4,4,4,4,4,4,3,0,3,1,0,4,4,0,1,1,0,3,4,1,2,2,2,1,2,0,0,0,1,2,3,1,2,0,4,4,4,4,4,4,4,4,4,4,4,4,4,4,4,4,4,4,4,4,4,2,3,3,0,2,2,1,0,4,1,1,2,4,1,1,3,3,4,4,4,0,3,3,4,4,4,4,4,4,4,4,4,4,4,4,4,4,4,4,4,4,4,4,4,4,4,4,4,4,4,4,4,4,4,4,4,4,4,4,4,4,4,4,4,4,4,4,4,1,1,0,4,4,4,4,4,4,4,4,4,4,4,4,4,4,4,4,4,3,0,0,1,0,0,0,2,1,1,2,2,2,4,4,3,0,0,3,4,4,4,4,3,4,4,4,4,4,4,4,4,4,4,4,4,4,4,4,4,4,4,4,4,4,4,4,4,4,4,4,4,4,4,4,4,4,4,4,4,4,4,4,4,4,4,1,1,1,2,2,1,3,3,3,2,3,3,2,3,ADUY01000103.1/2668-2484,0
1060,2,3,4,4,4,2,2,1,3,1,0,3,3,1,0,1,1,4,3,3,4,1,3,3,0,3,2,3,1,0,2,1,1,1,1,3,3,0,2,4,4,4,4,4,4,4,4,4,4,2,2,0,1,2,1,4,4,4,4,4,4,4,4,4,4,4,4,4,4,4,4,4,4,4,4,4,4,4,4,4,4,4,4,4,4,2,1,4,3,0,1,0,3,0,0,0,1,3,3,1,4,4,2,0,0,3,2,0,1,2,1,4,4,4,4,4,0,1,0,0,4,4,4,4,4,4,1,0,0,2,2,4,4,3,2,1,1,3,4,2,4,1,1,2,3,1,1,0,4,4,0,1,3,3,4,1,3,2,0,3,0,4,0,1,0,2,1,4,2,3,4,4,4,4,0,2,1,3,4,4,4,4,4,4,4,3,4,4,4,4,4,4,4,4,4,4,4,4,4,4,4,4,4,4,4,4,4,4,4,4,4,4,4,4,4,4,4,4,4,4,4,4,4,4,4,4,4,4,4,4,4,4,4,4,4,4,4,4,4,4,3,0,3,1,0,4,4,0,1,1,3,1,4,1,2,2,2,1,2,0,0,0,1,2,3,1,2,0,4,4,4,4,4,4,4,4,4,4,4,4,4,4,4,4,4,4,4,4,4,2,3,3,0,2,2,1,0,4,1,1,2,4,1,1,3,3,4,4,4,0,3,3,4,4,4,4,4,4,4,4,4,4,4,4,4,4,4,4,4,4,4,4,4,4,4,4,4,4,4,4,4,4,4,4,4,4,4,4,4,4,4,4,4,4,4,4,4,1,1,0,4,4,4,4,4,4,4,4,4,4,4,4,4,4,4,4,4,3,0,0,1,0,0,0,2,1,1,2,2,2,3,3,3,4,4,4,4,4,4,4,4,4,4,4,4,4,4,4,4,4,4,4,4,4,4,4,4,4,4,4,4,4,4,4,4,4,4,4,4,4,4,4,4,4,4,4,4,4,4,4,4,0,2,1,1,1,2,2,1,3,3,3,2,3,3,2,3,CP002487.1/2705563-2705379,0
1061,2,3,0,2,0,3,2,1,3,1,0,3,1,1,1,0,1,4,3,3,4,0,3,3,0,3,2,0,3,0,2,1,1,3,2,2,3,3,3,3,3,0,3,4,4,0,2,1,1,0,0,3,3,3,0,4,4,4,4,4,4,4,4,4,4,4,4,4,4,4,4,4,4,4,4,4,4,4,4,4,4,4,4,4,4,2,1,4,3,3,1,0,3,0,0,0,1,1,1,0,4,2,2,2,0,3,2,0,1,2,1,4,0,2,0,4,2,1,1,2,0,3,4,4,3,3,3,0,2,2,2,4,4,3,2,1,1,3,4,0,4,3,3,2,3,1,1,0,4,3,2,3,0,0,4,0,1,2,0,3,2,4,3,3,2,0,0,4,3,0,3,4,1,4,3,3,4,4,4,4,4,4,4,4,4,4,4,4,4,4,4,4,4,4,4,4,4,4,4,4,4,4,4,4,4,4,4,4,4,4,4,4,4,4,4,4,4,4,4,4,4,4,4,4,4,4,4,4,4,4,4,4,4,4,4,4,4,4,4,4,1,0,3,1,0,4,4,1,0,3,0,1,4,1,2,2,2,1,0,3,0,0,1,2,3,3,2,0,4,4,4,4,4,4,4,4,4,4,4,4,4,4,4,4,4,4,4,4,4,2,3,2,0,2,2,1,0,4,1,1,2,4,0,1,0,3,4,4,3,2,3,3,2,3,1,3,4,2,4,3,4,0,4,4,4,4,4,4,4,4,4,4,4,4,4,4,4,4,4,4,4,4,4,4,4,4,4,4,4,4,4,4,4,4,2,0,1,1,3,2,0,0,4,4,4,4,4,4,4,4,4,4,4,4,0,0,3,3,3,1,0,2,0,1,2,1,3,3,2,1,1,1,3,3,0,3,4,4,4,4,4,4,4,4,4,4,4,4,4,4,4,4,4,4,4,4,4,4,4,4,4,4,4,4,4,4,4,4,4,4,4,4,4,4,4,4,4,4,4,4,4,1,2,2,1,0,0,2,1,2,3,3,3,3,3,3,3,CACV01000011.1/100231-100009,0
1062,0,1,0,2,3,3,2,1,3,1,0,3,3,1,0,1,1,4,3,3,4,3,3,3,0,3,2,0,3,0,2,1,1,1,1,2,4,4,4,4,4,4,4,4,4,4,4,4,4,4,4,4,4,4,4,1,0,0,3,3,0,0,2,1,4,4,4,4,4,4,4,4,4,4,4,4,2,2,0,3,2,0,3,2,1,2,1,4,3,3,1,0,3,0,0,2,1,1,3,1,4,1,2,0,0,3,2,0,3,2,1,4,1,3,0,4,4,4,0,2,0,1,4,4,4,4,4,4,3,2,2,4,4,3,2,1,1,3,4,0,4,3,1,2,3,1,1,0,1,1,3,0,0,0,4,1,1,2,0,1,0,4,3,3,2,3,2,4,3,2,0,4,0,4,0,2,1,0,1,4,4,4,4,4,0,3,4,4,4,4,4,4,4,4,4,4,4,4,4,4,4,4,4,4,4,4,4,4,4,4,4,4,4,4,4,4,4,4,4,4,4,4,4,4,4,4,4,4,4,4,4,4,4,4,4,4,4,4,4,4,3,0,3,1,0,4,4,0,0,1,0,3,4,1,2,2,0,1,2,0,1,0,1,2,3,3,2,0,4,4,4,4,4,4,4,4,4,4,4,4,4,4,4,4,4,4,4,4,4,2,3,2,0,2,2,1,0,4,1,1,2,4,1,1,3,0,4,4,3,2,3,1,4,4,4,4,4,4,4,4,4,4,4,4,4,4,4,4,4,4,4,4,4,4,4,4,4,4,4,4,4,4,4,4,4,4,4,4,4,4,4,4,4,4,4,4,4,1,3,2,4,4,4,4,4,4,4,4,4,4,4,4,4,4,4,4,4,1,3,2,3,2,0,3,2,0,0,3,4,4,4,4,4,4,4,4,4,4,4,4,4,4,4,4,4,4,4,4,4,4,4,4,4,4,4,4,4,4,4,4,4,4,4,4,4,4,4,4,4,4,4,4,4,4,4,4,4,4,4,4,3,4,4,4,4,0,3,3,1,0,3,1,0,0,3,3,3,CP000950.1/1384235-1384432,0
1063,2,3,0,2,0,3,2,1,3,1,0,3,3,1,1,0,1,4,1,3,4,1,3,3,0,3,2,3,3,3,2,1,3,2,0,3,4,4,4,4,4,4,4,4,4,4,4,4,4,4,4,4,4,4,4,4,4,4,4,4,4,4,4,4,4,4,4,4,4,4,4,4,4,4,4,4,4,4,4,4,4,4,4,4,4,2,1,4,3,0,1,0,3,0,0,0,1,1,3,2,4,2,2,0,0,3,2,0,3,2,1,4,0,2,0,4,2,1,1,0,0,3,4,4,4,3,3,3,0,2,2,4,4,3,0,1,1,3,4,2,4,3,3,2,3,1,3,2,4,4,1,1,3,2,4,1,1,3,2,3,0,4,3,1,2,1,4,4,4,2,0,4,0,4,0,2,1,1,4,4,4,4,4,4,4,3,4,4,4,4,4,4,4,4,4,4,4,4,4,4,4,4,4,4,4,4,4,4,4,4,4,4,4,4,4,4,4,4,4,4,4,4,4,4,4,4,4,4,4,4,4,4,4,4,4,4,4,4,4,4,3,0,1,0,2,2,4,2,3,3,0,0,4,1,0,2,0,1,0,1,1,0,1,2,3,3,2,0,4,4,4,4,4,4,4,4,4,4,4,4,4,4,4,4,4,4,4,4,4,2,3,1,0,2,2,3,0,4,1,1,4,4,3,1,1,1,4,4,2,2,3,3,2,3,1,3,4,3,4,0,1,1,4,4,4,4,4,4,4,4,4,4,4,4,4,4,4,4,4,4,4,4,4,4,4,4,4,4,4,4,4,4,4,4,2,0,1,1,3,2,4,4,4,4,4,4,4,4,4,4,4,4,4,4,4,4,4,0,3,1,3,3,0,1,0,1,1,3,2,1,1,0,1,4,4,4,4,4,4,4,4,4,4,4,4,4,4,4,4,4,4,4,4,4,4,4,4,4,4,4,4,4,4,4,4,4,4,4,4,4,4,4,4,4,4,4,4,4,4,4,4,3,2,2,1,0,2,2,3,2,3,3,3,3,3,3,3,CP002206.1/3602611-3602808,0
1064,2,3,0,2,0,3,2,1,3,1,0,3,3,1,1,0,3,4,1,3,4,1,3,3,0,3,2,3,3,1,2,1,1,3,3,0,4,4,4,4,4,4,4,4,4,4,4,4,4,4,4,4,4,2,3,4,4,4,4,4,4,4,4,4,4,4,4,4,4,4,4,4,4,4,4,4,4,4,4,4,4,4,4,4,4,2,1,4,1,3,1,0,3,0,0,0,1,3,1,1,4,2,2,0,0,3,2,0,1,2,1,4,0,2,0,4,2,1,1,2,3,3,4,4,4,4,3,0,1,2,2,4,4,3,2,1,3,3,4,0,4,3,1,2,3,1,1,0,4,4,1,3,2,0,4,1,0,2,0,3,2,4,3,1,2,1,4,4,4,3,3,4,0,4,3,2,1,1,4,4,4,4,4,4,4,3,4,4,4,4,4,4,4,4,4,4,4,4,4,4,4,4,4,4,4,4,4,4,4,4,4,4,4,4,4,4,4,4,4,4,4,4,4,4,4,4,4,4,4,4,4,4,4,4,4,4,4,4,4,4,1,0,3,1,0,2,0,1,0,1,1,0,4,3,2,2,0,1,0,1,0,0,1,2,3,3,2,0,4,4,4,4,4,4,4,4,4,4,4,4,4,4,4,4,4,4,4,4,4,2,3,2,0,0,2,1,0,4,1,1,4,4,1,0,1,3,4,4,3,2,3,3,2,3,1,0,4,3,4,0,1,0,4,4,4,4,4,4,4,4,4,4,4,4,4,4,4,4,4,4,4,4,4,4,4,4,4,4,4,4,4,4,4,4,2,0,1,1,3,2,4,4,4,4,4,4,4,4,4,4,4,4,4,4,4,4,4,3,3,3,3,0,0,1,2,1,1,3,2,1,3,1,1,2,3,0,0,4,3,0,0,4,4,4,4,4,4,4,4,4,4,4,4,4,4,4,4,4,4,4,4,4,4,4,4,4,4,4,4,4,4,4,4,4,4,4,4,4,4,4,4,2,0,2,1,0,2,2,1,2,3,3,3,3,3,3,3,AFEA01000020.1/43591-43797,0
1065,2,3,4,4,4,2,2,1,3,1,0,3,3,1,0,1,1,4,3,3,4,1,3,3,0,3,2,3,1,0,2,1,1,1,1,3,3,1,2,4,4,4,4,4,4,4,4,4,4,2,2,0,1,2,3,4,4,4,4,4,4,4,4,4,4,4,4,4,4,4,4,4,4,4,4,4,4,4,4,4,4,4,4,4,4,2,1,4,3,0,1,0,3,0,0,0,1,3,3,1,4,4,2,0,0,3,2,0,1,2,1,4,4,4,4,4,0,1,0,0,0,0,4,4,4,4,4,4,0,2,2,4,4,3,2,1,1,3,4,2,4,1,1,2,3,1,1,0,4,4,0,1,3,0,4,1,3,2,0,3,1,4,0,3,0,2,4,4,4,1,2,4,3,4,3,2,1,3,4,4,4,4,4,4,4,3,4,4,4,4,4,4,4,4,4,4,4,4,4,4,4,4,4,4,4,4,4,4,4,4,4,4,4,4,4,4,4,4,4,4,4,4,4,4,4,4,4,4,4,4,4,4,4,4,4,4,4,4,4,4,3,0,3,1,0,4,4,4,2,2,0,1,4,0,2,2,2,1,2,0,0,0,1,2,3,1,2,0,4,4,4,4,4,4,4,4,4,4,4,4,4,4,4,4,4,4,4,4,4,2,3,3,0,2,2,1,0,4,1,1,2,4,1,1,3,1,4,4,4,0,4,4,4,4,4,3,4,3,4,1,1,0,4,4,4,4,4,4,4,4,4,4,4,4,4,4,4,4,4,4,4,4,4,4,4,4,4,4,4,4,4,4,4,4,4,4,4,4,4,4,4,4,4,4,4,4,4,4,4,4,4,4,4,4,4,4,4,3,2,0,1,0,0,0,2,1,1,2,2,2,3,3,3,3,4,4,4,4,4,4,4,4,4,4,4,4,4,4,4,4,4,4,4,4,4,4,4,4,4,4,4,4,4,4,4,4,4,4,4,4,4,4,4,4,4,4,4,4,4,4,4,3,0,1,1,1,2,2,1,3,3,3,2,3,3,2,3,AGSY01000150.1/2856-2672,0
1066,2,3,4,4,4,2,2,1,3,1,0,3,3,1,0,1,1,4,2,0,4,1,3,3,0,3,2,3,1,0,2,1,1,1,1,3,3,1,2,4,4,4,4,4,4,4,4,4,4,2,2,0,1,2,3,4,4,4,4,4,4,4,4,4,4,4,4,4,4,4,4,4,4,4,4,4,4,4,4,4,4,4,4,4,4,2,1,4,3,0,1,0,3,0,0,0,0,3,3,1,4,4,2,0,0,3,2,0,1,2,1,4,4,4,4,4,0,1,0,0,4,4,4,4,4,4,1,0,0,2,2,4,4,3,2,1,1,3,4,2,4,1,1,2,3,1,1,0,4,4,0,1,3,3,4,1,3,2,0,3,0,4,3,1,0,2,1,4,2,3,0,4,4,4,4,2,1,3,4,4,4,4,4,4,4,0,4,4,4,4,4,4,4,4,4,4,4,4,4,4,4,4,4,4,4,4,4,4,4,4,4,4,4,4,4,4,4,4,4,4,4,4,4,4,4,4,4,4,4,4,4,4,4,4,4,4,4,4,4,4,3,0,3,1,0,4,4,0,1,1,0,3,4,1,2,2,2,1,2,0,0,0,1,2,3,1,2,0,4,4,4,4,4,4,4,4,4,4,4,4,4,4,4,4,4,4,4,4,4,2,3,3,0,2,2,1,0,4,1,1,2,4,1,1,3,3,4,4,4,0,3,3,4,4,4,4,4,4,4,4,4,4,4,4,4,4,4,4,4,4,4,4,4,4,4,4,4,4,4,4,4,4,4,4,4,4,4,4,4,4,4,4,4,4,4,4,4,1,1,0,4,4,4,4,4,4,4,4,4,4,4,4,4,4,4,4,4,3,0,0,1,0,0,0,2,1,1,2,2,2,4,4,3,0,0,3,4,4,4,4,3,4,4,4,4,4,4,4,4,4,4,4,4,4,4,4,4,4,4,4,4,4,4,4,4,4,4,4,4,4,4,4,4,4,4,4,4,4,4,4,4,4,4,1,1,1,2,2,1,3,3,3,2,3,3,2,3,AE005174.2/3481543-3481359,0
1067,2,3,4,4,4,2,2,1,3,1,0,3,3,1,0,1,1,4,2,0,4,1,3,3,0,3,2,3,1,0,2,1,1,1,1,3,3,1,2,4,4,4,4,4,4,4,4,4,4,2,2,0,1,2,3,4,4,4,4,4,4,4,4,4,4,4,4,4,4,4,4,4,4,4,4,4,4,4,4,4,4,4,4,4,4,2,1,4,3,0,1,0,3,0,0,0,0,3,3,1,4,4,2,0,0,3,2,0,1,2,1,4,4,4,4,4,0,1,0,0,4,4,4,4,4,4,1,0,0,2,2,4,4,3,2,1,1,3,4,2,4,1,1,2,3,1,1,0,4,4,0,1,3,3,4,1,3,2,0,3,0,4,3,1,0,2,1,4,2,3,0,4,4,4,4,2,1,3,4,4,4,4,4,4,4,0,4,4,4,4,4,4,4,4,4,4,4,4,4,4,4,4,4,4,4,4,4,4,4,4,4,4,4,4,4,4,4,4,4,4,4,4,4,4,4,4,4,4,4,4,4,4,4,4,4,4,4,4,4,4,3,0,3,1,0,4,4,0,1,1,0,3,4,1,2,2,2,1,2,0,0,0,1,2,3,1,2,0,4,4,4,4,4,4,4,4,4,4,4,4,4,4,4,4,4,4,4,4,4,2,3,3,0,2,2,1,0,4,1,1,2,4,1,1,3,3,4,4,4,0,3,3,4,4,4,4,4,4,4,4,4,4,4,4,4,4,4,4,4,4,4,4,4,4,4,4,4,4,4,4,4,4,4,4,4,4,4,4,4,4,4,4,4,4,4,4,4,1,1,0,4,4,4,4,4,4,4,4,4,4,4,4,4,4,4,4,4,3,0,0,1,0,0,0,2,1,1,2,2,2,4,4,3,0,0,3,4,4,4,4,3,4,4,4,4,4,4,4,4,4,4,4,4,4,4,4,4,4,4,4,4,4,4,4,4,4,4,4,4,4,4,4,4,4,4,4,4,4,4,4,4,4,4,1,1,1,2,2,1,3,3,3,2,3,3,2,3,AFDZ01000019.1/426080-425896,0
1068,2,3,0,2,0,3,2,1,3,1,0,3,1,1,1,0,1,4,3,3,4,0,3,3,0,3,2,0,1,0,2,1,3,3,2,2,1,1,0,3,3,0,0,4,4,2,2,1,3,0,0,3,3,3,0,4,4,4,4,4,4,4,4,4,4,4,4,4,4,4,4,4,4,4,4,4,4,4,4,4,4,4,4,4,4,2,1,4,3,3,1,0,3,0,0,0,1,1,1,0,4,2,2,2,0,3,2,0,1,2,1,4,0,2,0,4,2,1,1,2,0,3,4,4,3,3,3,0,2,0,2,4,4,3,2,1,1,3,4,0,4,3,3,2,3,1,1,0,4,3,2,3,0,0,4,1,1,2,0,3,2,4,3,3,2,0,2,4,3,0,0,4,3,4,2,3,4,4,4,4,4,4,4,4,4,4,4,4,4,4,4,4,4,4,4,4,4,4,4,4,4,4,4,4,4,4,4,4,4,4,4,4,4,4,4,4,4,4,4,4,4,4,4,4,4,4,4,4,4,4,4,4,4,4,4,4,4,4,4,4,1,0,3,1,0,4,4,1,0,3,0,1,4,1,2,2,2,1,0,3,0,0,1,2,3,3,2,0,4,4,4,4,4,4,4,4,4,4,4,4,4,4,4,4,4,4,4,4,4,2,3,2,0,2,2,1,0,4,1,3,2,4,0,3,0,3,4,4,3,2,3,3,2,3,1,3,4,0,4,3,1,4,4,4,4,4,4,4,4,4,4,4,4,4,4,4,4,4,4,4,4,4,4,4,4,4,4,4,4,4,4,4,4,4,2,0,1,1,3,2,0,0,4,4,4,4,4,4,4,4,4,4,4,4,0,0,3,3,3,3,0,2,0,1,0,1,3,3,2,1,1,1,3,3,3,3,4,4,4,4,4,4,4,4,4,4,4,4,4,4,4,4,4,4,4,4,4,4,4,4,4,4,4,4,4,4,4,4,4,4,4,4,4,4,4,4,4,4,4,4,4,1,2,2,1,0,0,2,3,2,3,3,3,3,3,3,3,CP001608.1/354404-354626,0
1069,2,3,0,2,0,3,2,1,3,1,0,3,3,1,1,0,3,4,1,3,4,1,3,3,0,3,2,3,3,1,2,1,1,3,3,0,4,4,4,4,4,4,4,4,4,4,4,4,4,4,4,4,4,2,3,4,4,4,4,4,4,4,4,4,4,4,4,4,4,4,4,4,4,4,4,4,4,4,4,4,4,4,4,4,4,2,1,4,1,3,1,0,3,0,0,0,1,3,1,1,4,2,2,0,0,3,2,0,1,2,1,4,0,2,0,4,2,1,1,2,3,3,4,4,4,4,3,0,1,2,2,4,4,3,2,1,3,3,4,0,4,3,1,2,3,1,1,0,4,4,1,3,2,0,4,1,0,2,0,3,2,4,3,1,2,1,4,4,4,3,3,4,0,4,3,2,1,1,4,4,4,4,4,4,4,3,4,4,4,4,4,4,4,4,4,4,4,4,4,4,4,4,4,4,4,4,4,4,4,4,4,4,4,4,4,4,4,4,4,4,4,4,4,4,4,4,4,4,4,4,4,4,4,4,4,4,4,4,4,4,1,0,3,1,0,2,0,1,0,1,1,0,4,3,2,2,0,1,0,1,0,0,1,2,3,3,2,0,4,4,4,4,4,4,4,4,4,4,4,4,4,4,4,4,4,4,4,4,4,2,3,2,0,0,2,1,0,4,1,1,4,4,1,0,1,3,4,4,3,2,3,3,2,3,1,0,4,3,4,0,1,0,4,4,4,4,4,4,4,4,4,4,4,4,4,4,4,4,4,4,4,4,4,4,4,4,4,4,4,4,4,4,4,4,2,0,1,1,3,2,4,4,4,4,4,4,4,4,4,4,4,4,4,4,4,4,4,3,3,3,3,0,0,1,2,1,1,3,2,1,3,1,1,2,3,0,0,4,3,0,0,4,4,4,4,4,4,4,4,4,4,4,4,4,4,4,4,4,4,4,4,4,4,4,4,4,4,4,4,4,4,4,4,4,4,4,4,4,4,4,4,2,0,2,1,0,2,2,1,2,3,3,3,3,3,3,3,AELC01000010.1/113899-114105,0
1070,2,3,0,2,0,3,2,1,3,1,0,3,3,1,1,0,3,4,1,3,4,1,3,3,0,3,2,3,3,1,2,1,1,3,3,0,4,4,4,4,4,4,4,4,4,4,4,4,4,4,4,4,4,2,3,4,4,4,4,4,4,4,4,4,4,4,4,4,4,4,4,4,4,4,4,4,4,4,4,4,4,4,4,4,4,2,1,4,1,3,1,0,3,0,0,0,1,3,1,1,4,2,2,0,0,3,2,0,1,2,1,4,0,2,0,4,2,1,1,2,3,3,4,4,4,4,3,0,1,2,2,4,4,3,2,1,3,3,4,0,4,3,1,2,3,1,1,0,4,4,1,3,2,0,4,1,0,2,0,3,2,4,3,1,2,1,4,4,4,3,3,4,0,4,3,2,1,1,4,4,4,4,4,4,4,3,4,4,4,4,4,4,4,4,4,4,4,4,4,4,4,4,4,4,4,4,4,4,4,4,4,4,4,4,4,4,4,4,4,4,4,4,4,4,4,4,4,4,4,4,4,4,4,4,4,4,4,4,4,4,1,0,3,1,0,2,0,1,0,1,1,0,4,3,2,2,0,1,0,1,0,0,1,2,3,3,2,0,4,4,4,4,4,4,4,4,4,4,4,4,4,4,4,4,4,4,4,4,4,2,3,2,0,0,2,1,0,4,1,1,4,4,1,0,1,3,4,4,3,2,3,3,2,3,1,0,4,3,4,0,1,0,4,4,4,4,4,4,4,4,4,4,4,4,4,4,4,4,4,4,4,4,4,4,4,4,4,4,4,4,4,4,4,4,2,0,1,1,3,2,4,4,4,4,4,4,4,4,4,4,4,4,4,4,4,4,4,3,3,3,3,0,0,1,2,1,1,3,2,1,3,1,1,2,3,0,0,4,3,0,0,4,4,4,4,4,4,4,4,4,4,4,4,4,4,4,4,4,4,4,4,4,4,4,4,4,4,4,4,4,4,4,4,4,4,4,4,4,4,4,4,2,0,2,1,0,2,2,1,2,3,3,3,3,3,3,3,AEKA01000223.1/13230-13024,0
1071,2,1,0,2,3,2,2,1,3,1,0,3,3,1,0,1,1,4,2,0,4,1,3,3,0,3,2,3,1,0,2,1,1,1,1,3,3,1,2,4,4,4,4,4,4,4,4,4,4,2,2,0,1,2,3,4,4,4,4,4,4,4,4,4,4,4,4,4,4,4,4,4,4,4,4,4,4,4,4,4,4,4,4,4,4,2,1,4,3,0,1,0,3,0,0,0,0,3,3,1,4,4,2,0,0,3,2,0,1,2,1,4,0,1,0,4,0,1,4,4,4,4,4,4,4,4,4,0,0,2,2,4,4,3,2,1,1,3,4,2,4,1,1,2,3,1,1,0,4,4,0,1,3,3,4,1,3,2,0,3,0,4,3,1,0,2,1,4,2,3,0,4,4,4,4,2,1,3,4,4,4,4,4,4,4,0,4,4,4,4,4,4,4,4,4,4,4,4,4,4,4,4,4,4,4,4,4,4,4,4,4,4,4,4,4,4,4,4,4,4,4,4,4,4,4,4,4,4,4,4,4,4,4,4,4,4,4,4,4,4,3,0,3,1,0,4,4,0,1,1,0,3,4,1,2,2,2,1,2,0,0,0,1,2,3,1,2,0,4,4,4,4,4,4,4,4,4,4,4,4,4,4,4,4,4,4,4,4,4,2,3,3,0,2,2,1,0,4,1,1,2,4,1,1,3,3,4,4,4,0,3,3,4,4,4,4,4,4,4,4,4,4,4,4,4,4,4,4,4,4,4,4,4,4,4,4,4,4,4,4,4,4,4,4,4,4,4,4,4,4,4,4,4,4,4,4,4,1,1,0,4,4,4,4,4,4,4,4,4,4,4,4,4,4,4,4,4,3,0,0,1,0,0,0,2,1,1,2,2,2,4,4,3,0,0,3,4,4,4,4,3,4,4,4,4,4,4,4,4,4,4,4,4,4,4,4,4,4,4,4,4,4,4,4,4,4,4,4,4,4,4,4,4,4,4,4,4,4,4,4,4,4,4,1,1,1,2,2,1,3,3,3,2,3,3,2,3,AE014075.1/2954191-2954004,0
1072,2,3,0,2,0,3,2,1,3,1,0,3,3,1,1,0,3,4,1,3,4,1,3,3,0,3,2,3,2,2,2,1,2,1,0,0,4,4,4,4,4,4,4,4,4,4,4,4,4,4,4,4,4,4,4,4,4,4,4,4,4,4,4,4,4,4,4,4,4,4,4,4,4,4,4,4,4,4,4,4,4,4,4,4,4,2,1,4,2,2,1,0,3,0,0,0,1,1,2,2,4,2,2,0,0,3,2,0,1,2,1,4,0,2,0,4,2,1,1,0,3,3,4,4,4,4,4,0,1,2,2,4,4,3,0,1,1,3,4,2,4,3,3,2,3,1,1,0,4,4,0,1,1,0,4,2,1,1,0,0,3,4,0,3,2,2,3,4,3,1,0,4,1,4,2,1,1,3,4,4,4,4,4,4,4,3,4,4,4,4,4,4,4,4,4,4,4,4,4,4,4,4,4,4,4,4,4,4,4,4,4,4,4,4,4,4,4,4,4,4,4,4,4,4,4,4,4,4,4,4,4,4,4,4,4,4,4,4,4,4,0,3,3,2,2,4,4,0,3,3,0,3,4,1,2,2,0,1,0,0,0,0,1,2,3,3,2,0,4,4,4,4,4,4,4,4,4,4,4,4,4,4,4,4,4,4,4,4,4,2,3,1,2,2,2,3,0,4,1,1,1,4,0,3,4,1,4,4,2,2,3,3,2,3,1,3,3,2,4,0,1,1,4,4,4,4,4,4,4,4,4,4,4,4,4,4,4,4,4,4,4,4,4,4,4,4,4,4,4,4,4,4,4,4,2,0,1,1,3,2,4,4,4,4,4,4,4,4,4,4,4,4,4,4,4,4,0,3,0,3,3,2,0,1,0,1,1,3,2,1,1,0,0,1,4,4,4,4,4,4,4,4,4,4,4,4,4,4,4,4,4,4,4,4,4,4,4,4,4,4,4,4,4,4,4,4,4,4,4,4,4,4,4,4,4,4,4,4,4,4,4,1,2,2,1,0,2,2,3,3,3,3,3,3,3,3,1,FN666575.1/218840-219039,0
1073,2,1,0,2,3,2,2,1,3,1,0,3,3,1,0,1,1,4,2,0,4,1,3,3,0,3,2,3,1,0,2,1,1,1,1,3,3,1,2,4,4,4,4,4,4,4,4,4,4,2,2,0,1,2,3,4,4,4,4,4,4,4,4,4,4,4,4,4,4,4,4,4,4,4,4,4,4,4,4,4,4,4,4,4,4,2,1,4,3,0,1,0,3,0,0,0,0,3,3,1,4,4,2,0,0,3,2,0,1,2,1,4,0,1,0,4,0,1,4,4,4,4,4,4,4,4,4,0,0,2,2,4,4,3,2,1,1,3,4,2,4,1,1,2,3,1,1,0,4,4,0,1,3,3,4,1,3,2,0,3,0,4,3,1,0,2,1,4,2,3,0,4,4,4,4,2,1,3,4,4,4,4,4,4,4,0,4,4,4,4,4,4,4,4,4,4,4,4,4,4,4,4,4,4,4,4,4,4,4,4,4,4,4,4,4,4,4,4,4,4,4,4,4,4,4,4,4,4,4,4,4,4,4,4,4,4,4,4,4,4,3,0,3,1,0,4,4,0,1,1,0,3,4,1,2,2,2,1,2,0,0,0,1,2,3,1,2,0,4,4,4,4,4,4,4,4,4,4,4,4,4,4,4,4,4,4,4,4,4,2,3,3,0,2,2,1,0,4,1,1,2,4,1,1,3,3,4,4,4,0,3,3,4,4,4,4,4,4,4,4,4,4,4,4,4,4,4,4,4,4,4,4,4,4,4,4,4,4,4,4,4,4,4,4,4,4,4,4,4,4,4,4,4,4,4,4,4,1,1,0,4,4,4,4,4,4,4,4,4,4,4,4,4,4,4,4,4,3,0,0,1,0,0,0,2,1,1,2,2,2,4,4,3,0,0,3,4,4,4,4,3,4,4,4,4,4,4,4,4,4,4,4,4,4,4,4,4,4,4,4,4,4,4,4,4,4,4,4,4,4,4,4,4,4,4,4,4,4,4,4,4,4,4,1,1,1,2,2,1,3,3,3,2,3,3,2,3,AELB01000019.1/84842-84655,0
1074,2,3,4,4,4,2,2,1,3,1,0,3,3,1,0,1,1,4,3,3,4,1,3,3,0,3,2,3,1,0,2,1,1,1,1,0,3,3,2,4,4,4,4,4,4,4,4,4,4,4,1,2,0,2,1,4,4,4,4,4,4,4,4,4,4,4,4,4,4,4,4,4,4,4,4,4,4,4,4,4,4,4,4,4,4,2,1,4,3,0,1,0,3,0,0,0,1,3,3,1,4,4,2,0,0,3,2,0,1,2,1,4,4,4,4,4,0,1,3,3,4,4,4,4,4,4,0,0,0,2,2,4,4,3,2,1,1,3,4,2,4,1,1,2,3,1,1,0,4,4,0,1,3,2,4,1,3,2,0,4,4,4,3,1,0,3,0,4,2,1,2,4,1,4,3,2,1,3,4,4,4,4,4,4,4,0,4,4,4,4,4,4,4,4,4,4,4,4,4,4,4,4,4,4,4,4,4,4,4,4,4,4,4,4,4,4,4,4,4,4,4,4,4,4,4,4,4,4,4,4,4,4,4,4,4,4,4,4,4,4,3,3,3,1,0,4,4,2,0,0,1,1,4,1,2,2,2,1,2,0,1,0,1,2,3,3,2,0,4,4,4,4,4,4,4,4,4,4,4,4,4,4,4,4,4,4,4,4,4,2,3,0,0,2,2,1,0,4,1,1,2,4,1,1,3,2,4,4,4,0,3,3,4,4,4,4,4,4,4,4,4,4,4,4,4,4,4,4,4,4,4,4,4,4,4,4,4,4,4,4,4,4,4,4,4,4,4,4,4,4,4,4,4,4,4,4,4,1,1,0,4,4,4,4,4,4,4,4,4,4,4,4,4,4,4,4,4,3,1,0,1,0,0,0,2,2,1,0,2,2,2,3,3,0,0,3,4,4,4,4,4,4,4,4,4,4,4,4,4,4,4,4,4,4,4,4,4,4,4,4,4,4,4,4,4,4,4,4,4,4,4,4,4,4,4,4,4,4,4,4,4,1,1,1,1,3,2,1,1,3,3,3,2,3,3,2,3,CP000783.1/672565-672751,0
1075,2,3,0,2,0,3,2,1,3,1,0,3,1,1,1,0,1,4,3,3,4,0,3,3,0,3,2,0,1,0,2,1,3,3,2,2,1,1,0,3,3,0,0,4,4,2,2,1,3,0,0,3,3,3,0,4,4,4,4,4,4,4,4,4,4,4,4,4,4,4,4,4,4,4,4,4,4,4,4,4,4,4,4,4,4,2,1,4,3,3,1,0,3,0,0,0,1,1,1,0,4,2,2,2,0,3,2,0,1,2,1,4,0,2,0,4,2,1,1,2,0,3,4,4,3,3,3,0,2,0,2,4,4,3,2,1,1,3,4,0,4,3,3,2,3,1,1,0,4,3,2,3,0,0,4,1,1,2,0,3,2,4,3,3,2,0,2,4,3,0,0,4,3,4,2,3,4,4,4,4,4,4,4,4,4,4,4,4,4,4,4,4,4,4,4,4,4,4,4,4,4,4,4,4,4,4,4,4,4,4,4,4,4,4,4,4,4,4,4,4,4,4,4,4,4,4,4,4,4,4,4,4,4,4,4,4,4,4,4,4,1,0,3,1,0,4,4,1,0,3,0,1,4,1,2,2,2,1,0,3,0,0,1,2,3,3,2,0,4,4,4,4,4,4,4,4,4,4,4,4,4,4,4,4,4,4,4,4,4,2,3,2,0,2,2,1,0,4,1,3,2,4,0,3,0,3,4,4,3,2,3,3,2,3,1,3,4,0,4,3,1,4,4,4,4,4,4,4,4,4,4,4,4,4,4,4,4,4,4,4,4,4,4,4,4,4,4,4,4,4,4,4,4,4,2,0,1,1,3,2,0,0,4,4,4,4,4,4,4,4,4,4,4,4,0,0,3,3,3,3,0,2,0,1,0,1,3,3,2,1,1,1,3,3,3,3,4,4,4,4,4,4,4,4,4,4,4,4,4,4,4,4,4,4,4,4,4,4,4,4,4,4,4,4,4,4,4,4,4,4,4,4,4,4,4,4,4,4,4,4,4,1,2,2,1,0,0,2,3,2,3,3,3,3,3,3,3,AAYU01000009.1/102266-102044,0
1076,2,3,4,4,4,3,2,1,3,1,0,3,3,1,0,3,1,4,3,2,4,3,3,3,0,3,2,0,3,3,2,1,1,0,1,1,1,1,0,1,0,2,4,4,4,4,4,1,2,2,2,1,0,2,0,4,4,4,4,4,4,4,4,4,4,4,4,4,4,4,4,4,4,4,4,4,4,4,4,4,4,4,4,4,4,2,1,4,4,3,1,0,3,0,0,0,0,3,1,1,4,4,2,0,0,3,2,0,1,2,1,4,0,4,4,4,4,1,1,0,0,0,4,4,4,4,4,4,1,2,2,4,4,0,2,1,1,3,4,2,4,3,1,2,3,1,1,0,4,1,1,1,0,0,4,1,1,2,0,3,0,4,0,3,1,2,3,4,0,3,2,4,3,4,3,1,3,4,2,1,0,4,3,1,2,3,4,4,4,4,4,4,4,4,4,4,4,4,4,4,4,4,4,4,4,4,4,4,4,4,4,4,4,4,4,4,4,4,4,4,4,4,4,4,4,4,4,4,4,4,4,4,4,4,4,4,4,4,4,4,3,0,3,1,0,0,2,4,4,1,0,3,4,1,2,2,0,1,2,1,0,0,1,2,3,3,2,0,4,4,4,4,4,4,4,4,4,4,4,4,4,4,4,4,4,4,4,4,4,2,3,3,0,2,2,1,3,4,1,1,0,4,1,1,1,0,4,4,3,3,1,3,1,2,1,2,4,3,4,0,1,3,4,4,4,4,4,4,4,4,4,4,4,4,4,4,4,4,4,4,4,4,4,4,4,4,4,4,4,4,4,4,4,4,2,1,3,0,3,2,2,1,2,4,4,4,4,4,4,4,4,4,4,4,2,3,2,1,2,3,1,0,0,1,2,2,1,0,2,2,1,1,0,3,1,2,4,4,4,4,4,4,4,4,4,4,4,4,4,4,4,4,4,4,4,4,4,4,4,4,4,4,4,4,4,4,4,4,4,4,4,4,4,4,4,4,4,4,4,4,4,1,2,1,1,3,2,1,1,2,3,3,3,3,1,3,3,CP003085.1/1223522-1223739,0
1077,2,3,0,2,0,3,2,1,3,1,0,3,3,1,1,0,3,4,1,3,4,1,3,3,0,3,2,3,3,1,2,1,1,3,3,0,4,4,4,4,4,4,4,4,4,4,4,4,4,4,4,4,4,2,3,4,4,4,4,4,4,4,4,4,4,4,4,4,4,4,4,4,4,4,4,4,4,4,4,4,4,4,4,4,4,2,1,4,1,3,1,0,3,0,0,0,1,3,1,1,4,2,2,0,0,3,2,0,1,2,1,4,0,2,0,4,2,1,1,2,3,3,4,4,4,4,3,0,1,2,2,4,4,3,2,1,3,3,4,0,4,3,1,2,3,1,1,0,4,4,1,3,2,0,4,1,0,2,0,3,2,4,3,1,2,1,4,4,4,3,3,4,0,4,3,2,1,1,4,4,4,4,4,4,4,3,4,4,4,4,4,4,4,4,4,4,4,4,4,4,4,4,4,4,4,4,4,4,4,4,4,4,4,4,4,4,4,4,4,4,4,4,4,4,4,4,4,4,4,4,4,4,4,4,4,4,4,4,4,4,1,0,3,1,0,2,0,1,0,1,1,0,4,3,2,2,0,1,0,1,0,0,1,2,3,3,2,0,4,4,4,4,4,4,4,4,4,4,4,4,4,4,4,4,4,4,4,4,4,2,3,2,0,0,2,1,0,4,1,1,4,4,1,0,1,3,4,4,3,2,3,3,2,3,1,0,4,3,4,0,1,0,4,4,4,4,4,4,4,4,4,4,4,4,4,4,4,4,4,4,4,4,4,4,4,4,4,4,4,4,4,4,4,4,2,0,1,1,3,2,4,4,4,4,4,4,4,4,4,4,4,4,4,4,4,4,4,3,3,3,3,0,0,1,2,1,1,3,2,1,3,1,1,2,3,0,0,4,3,0,0,4,4,4,4,4,4,4,4,4,4,4,4,4,4,4,4,4,4,4,4,4,4,4,4,4,4,4,4,4,4,4,4,4,4,4,4,4,4,4,4,2,0,2,1,0,2,2,1,2,3,3,3,3,3,3,3,CP000800.1/4306704-4306910,0
1078,2,3,0,2,0,3,2,1,3,1,0,3,3,1,1,0,3,4,1,3,4,1,3,3,0,3,2,3,3,1,2,1,1,3,3,1,4,4,4,4,4,4,4,4,4,4,4,4,4,4,4,4,4,3,2,4,4,4,4,4,4,4,4,4,4,4,4,4,4,4,4,4,4,4,4,4,4,4,4,4,4,4,4,4,4,2,1,4,1,3,1,0,3,0,0,0,1,3,1,0,4,2,2,0,0,3,2,0,3,2,1,4,0,2,0,4,2,1,1,2,3,3,4,4,4,4,3,0,1,2,2,4,4,3,2,1,3,3,4,0,4,3,1,2,3,1,1,0,4,4,1,3,2,0,4,1,0,2,0,3,2,4,3,1,2,1,4,4,4,3,3,4,0,4,1,2,1,1,4,4,4,4,4,4,4,3,4,4,4,4,4,4,4,4,4,4,4,4,4,4,4,4,4,4,4,4,4,4,4,4,4,4,4,4,4,4,4,4,4,4,4,4,4,4,4,4,4,4,4,4,4,4,4,4,4,4,4,4,4,4,1,0,3,1,0,0,0,1,0,1,1,1,4,3,2,2,0,1,0,1,0,0,1,2,3,3,2,0,4,4,4,4,4,4,4,4,4,4,4,4,4,4,4,4,4,4,4,4,4,2,3,2,0,0,2,1,0,4,1,1,1,4,1,3,3,3,4,0,3,2,3,3,2,3,1,0,4,3,4,0,1,0,4,4,4,4,4,4,4,4,4,4,4,4,4,4,4,4,4,4,4,4,4,4,4,4,4,4,4,4,4,4,4,4,2,0,1,1,3,2,4,4,4,4,4,4,4,4,4,4,4,4,4,4,4,4,4,3,3,3,3,2,0,1,2,1,1,3,2,1,1,1,1,3,3,0,0,4,4,1,1,4,4,4,4,4,4,4,4,4,4,4,4,4,4,4,4,4,4,4,4,4,4,4,4,4,4,4,4,4,4,4,4,4,4,4,4,4,4,4,4,2,2,2,1,0,2,2,1,2,3,3,3,3,3,3,3,ABEJ01000018.1/39288-39495,0
1079,2,3,0,2,0,3,2,1,3,1,0,3,3,1,1,0,3,4,1,3,4,1,3,3,0,3,2,3,3,1,2,1,1,3,3,0,4,4,4,4,4,4,4,4,4,4,4,4,4,4,4,4,4,2,3,4,4,4,4,4,4,4,4,4,4,4,4,4,4,4,4,4,4,4,4,4,4,4,4,4,4,4,4,4,4,2,1,4,1,3,1,0,3,0,0,0,1,3,1,1,4,2,2,0,0,3,2,0,1,2,1,4,0,2,0,4,2,1,1,2,3,3,4,4,4,4,3,0,1,2,2,4,4,3,2,1,3,3,4,0,4,3,1,2,3,1,1,0,4,4,1,3,2,0,4,1,0,2,0,3,2,4,3,1,2,1,4,4,4,3,3,4,0,4,3,2,1,1,4,4,4,4,4,4,4,3,4,4,4,4,4,4,4,4,4,4,4,4,4,4,4,4,4,4,4,4,4,4,4,4,4,4,4,4,4,4,4,4,4,4,4,4,4,4,4,4,4,4,4,4,4,4,4,4,4,4,4,4,4,4,1,0,3,1,0,2,0,1,0,1,1,0,4,3,2,2,0,1,0,1,0,0,1,2,3,3,2,0,4,4,4,4,4,4,4,4,4,4,4,4,4,4,4,4,4,4,4,4,4,2,3,2,0,0,2,1,0,4,1,1,4,4,1,0,1,3,4,4,3,2,3,3,2,3,1,0,4,3,4,0,1,0,4,4,4,4,4,4,4,4,4,4,4,4,4,4,4,4,4,4,4,4,4,4,4,4,4,4,4,4,4,4,4,4,2,0,1,1,3,2,4,4,4,4,4,4,4,4,4,4,4,4,4,4,4,4,4,3,3,3,3,0,0,1,2,4,4,4,4,4,4,4,4,4,4,4,4,4,4,4,4,1,1,3,4,4,4,4,4,4,4,4,4,4,4,4,4,4,4,4,4,4,4,4,4,4,4,4,4,4,4,4,4,4,4,4,4,2,1,3,1,4,4,4,4,4,4,4,1,2,3,0,0,3,0,0,2,ADTJ01000451.1/197-6,0
1080,2,3,4,4,4,2,2,1,3,1,0,3,3,1,0,1,1,4,3,3,4,1,3,3,0,3,2,3,1,0,2,1,1,1,1,3,3,0,2,4,4,4,4,4,4,4,4,4,4,2,2,0,1,2,1,4,4,4,4,4,4,4,4,4,4,4,4,4,4,4,4,4,4,4,4,4,4,4,4,4,4,4,4,4,4,2,1,4,3,0,1,0,3,0,0,0,1,3,3,1,4,4,2,0,0,3,2,0,1,2,1,4,4,4,4,4,0,1,0,0,4,4,4,4,4,4,1,0,0,2,2,4,4,3,2,1,1,3,4,2,4,1,1,2,3,1,1,0,4,4,0,1,3,3,4,1,3,2,0,3,0,4,0,3,0,2,1,4,2,3,4,4,4,4,0,2,1,3,4,4,4,4,4,4,4,3,4,4,4,4,4,4,4,4,4,4,4,4,4,4,4,4,4,4,4,4,4,4,4,4,4,4,4,4,4,4,4,4,4,4,4,4,4,4,4,4,4,4,4,4,4,4,4,4,4,4,4,4,4,4,3,0,3,1,0,4,4,0,1,1,3,1,4,1,2,2,2,1,2,0,0,0,1,2,3,1,2,0,4,4,4,4,4,4,4,4,4,4,4,4,4,4,4,4,4,4,4,4,4,2,3,3,0,2,2,1,0,4,1,1,2,4,1,1,3,3,4,4,4,0,3,3,4,4,4,4,4,4,4,4,4,4,4,4,4,4,4,4,4,4,4,4,4,4,4,4,4,4,4,4,4,4,4,4,4,4,4,4,4,4,4,4,4,4,4,4,4,1,1,0,4,4,4,4,4,4,4,4,4,4,4,4,4,4,4,4,4,3,0,0,1,0,0,0,2,1,1,2,2,2,3,3,3,4,4,4,4,4,4,4,4,4,4,4,4,4,4,4,4,4,4,4,4,4,4,4,4,4,4,4,4,4,4,4,4,4,4,4,4,4,4,4,4,4,4,4,4,4,4,4,4,0,2,1,1,1,2,2,1,3,3,3,2,3,3,2,3,AESQ01000036.1/43947-43763,0
1081,2,3,0,2,0,3,2,1,3,1,0,3,3,1,1,0,3,4,1,3,4,1,3,3,0,3,2,3,3,1,2,1,1,3,3,0,4,4,4,4,4,4,4,4,4,4,4,4,4,4,4,4,4,2,3,4,4,4,4,4,4,4,4,4,4,4,4,4,4,4,4,4,4,4,4,4,4,4,4,4,4,4,4,4,4,2,1,4,1,3,1,0,3,0,0,0,1,3,1,1,4,2,2,0,0,3,2,0,1,2,1,4,0,2,0,4,2,1,1,2,3,3,4,4,4,4,3,0,1,2,2,4,4,3,2,1,3,3,4,0,4,3,1,2,3,1,1,0,4,4,1,3,2,0,4,1,0,2,0,3,2,4,3,1,2,1,4,4,4,3,3,4,0,4,3,2,1,1,4,4,4,4,4,4,4,3,4,4,4,4,4,4,4,4,4,4,4,4,4,4,4,4,4,4,4,4,4,4,4,4,4,4,4,4,4,4,4,4,4,4,4,4,4,4,4,4,4,4,4,4,4,4,4,4,4,4,4,4,4,4,1,0,3,1,0,2,0,1,0,1,1,0,4,3,2,2,0,1,0,1,0,0,1,2,3,3,2,0,4,4,4,4,4,4,4,4,4,4,4,4,4,4,4,4,4,4,4,4,4,2,3,2,0,0,2,1,0,4,1,1,4,4,1,0,1,3,4,4,3,2,3,3,2,3,1,0,4,3,4,0,1,0,4,4,4,4,4,4,4,4,4,4,4,4,4,4,4,4,4,4,4,4,4,4,4,4,4,4,4,4,4,4,4,4,2,0,1,1,3,2,4,4,4,4,4,4,4,4,4,4,4,4,4,4,4,4,4,3,3,3,3,0,0,1,2,1,1,3,2,1,3,1,1,2,3,0,0,4,3,0,0,4,4,4,4,4,4,4,4,4,4,4,4,4,4,4,4,4,4,4,4,4,4,4,4,4,4,4,4,4,4,4,4,4,4,4,4,4,4,4,4,2,0,2,1,0,2,2,1,2,3,3,3,3,3,3,3,AELE01000026.1/16364-16158,0
1082,2,3,0,2,0,3,2,1,3,1,0,3,3,1,1,0,3,4,1,3,4,1,3,3,0,3,2,3,3,1,2,1,1,3,3,1,4,4,4,4,4,4,4,4,4,4,4,4,4,4,4,4,4,3,2,4,4,4,4,4,4,4,4,4,4,4,4,4,4,4,4,4,4,4,4,4,4,4,4,4,4,4,4,4,4,2,1,4,1,3,1,0,3,0,0,0,1,3,1,0,4,2,2,0,0,3,2,0,3,2,1,4,0,2,0,4,2,1,1,2,3,3,4,4,4,4,3,0,1,2,2,4,4,3,2,1,3,3,4,0,4,3,1,2,3,1,1,0,4,4,1,3,2,0,4,1,0,2,0,3,2,4,3,1,2,1,4,4,4,3,3,4,0,4,1,2,1,1,4,4,4,4,4,4,4,3,4,4,4,4,4,4,4,4,4,4,4,4,4,4,4,4,4,4,4,4,4,4,4,4,4,4,4,4,4,4,4,4,4,4,4,4,4,4,4,4,4,4,4,4,4,4,4,4,4,4,4,4,4,4,1,0,3,1,0,0,0,1,0,1,1,1,4,3,2,2,0,1,0,1,0,0,1,2,3,3,2,0,4,4,4,4,4,4,4,4,4,4,4,4,4,4,4,4,4,4,4,4,4,2,3,2,0,0,2,1,0,4,1,1,1,4,1,3,3,3,4,0,3,2,3,3,2,3,1,0,4,3,4,0,1,0,4,4,4,4,4,4,4,4,4,4,4,4,4,4,4,4,4,4,4,4,4,4,4,4,4,4,4,4,4,4,4,4,2,0,1,1,3,2,4,4,4,4,4,4,4,4,4,4,4,4,4,4,4,4,4,3,3,3,3,2,0,1,2,1,1,3,2,1,1,1,1,3,3,0,0,4,4,1,1,4,4,4,4,4,4,4,4,4,4,4,4,4,4,4,4,4,4,4,4,4,4,4,4,4,4,4,4,4,4,4,4,4,4,4,4,4,4,4,4,2,2,2,1,0,2,2,1,2,3,3,3,3,3,3,3,AETD01000016.1/39707-39914,0
1083,2,3,0,2,0,3,2,1,3,1,0,3,3,1,1,0,3,4,1,3,4,1,3,3,0,3,2,3,3,1,2,1,1,3,3,0,4,4,4,4,4,4,4,4,4,4,4,4,4,4,4,4,4,2,3,4,4,4,4,4,4,4,4,4,4,4,4,4,4,4,4,4,4,4,4,4,4,4,4,4,4,4,4,4,4,2,1,4,1,3,1,0,3,0,0,0,1,3,1,1,4,2,2,0,0,3,2,0,1,2,1,4,0,2,0,4,2,1,1,2,3,3,4,4,4,4,3,0,1,2,2,4,4,3,2,1,3,3,4,0,4,3,1,2,3,1,1,0,4,4,1,3,2,0,4,1,0,2,0,3,2,4,3,1,2,1,4,4,4,3,3,4,0,4,3,2,1,1,4,4,4,4,4,4,4,3,4,4,4,4,4,4,4,4,4,4,4,4,4,4,4,4,4,4,4,4,4,4,4,4,4,4,4,4,4,4,4,4,4,4,4,4,4,4,4,4,4,4,4,4,4,4,4,4,4,4,4,4,4,4,1,0,3,1,0,2,0,1,0,1,1,0,4,3,2,2,0,1,0,1,0,0,1,2,3,3,2,0,4,4,4,4,4,4,4,4,4,4,4,4,4,4,4,4,4,4,4,4,4,2,3,2,0,0,2,1,0,4,1,1,4,4,1,0,1,3,4,4,3,2,3,3,2,3,1,0,4,3,4,0,1,0,4,4,4,4,4,4,4,4,4,4,4,4,4,4,4,4,4,4,4,4,4,4,4,4,4,4,4,4,4,4,4,4,2,0,1,1,3,2,4,4,4,4,4,4,4,4,4,4,4,4,4,4,4,4,4,3,3,3,3,0,0,1,2,1,1,3,2,1,3,1,1,2,3,0,0,4,3,0,0,4,4,4,4,4,4,4,4,4,4,4,4,4,4,4,4,4,4,4,4,4,4,4,4,4,4,4,4,4,4,4,4,4,4,4,4,4,4,4,4,2,0,2,1,0,2,2,1,2,3,3,3,3,3,3,3,AFHA01000078.1/58744-58538,0
1084,2,3,0,2,0,3,2,1,3,1,0,3,3,1,1,0,3,4,1,3,4,1,3,3,0,3,2,3,3,1,2,1,1,3,3,0,4,4,4,4,4,4,4,4,4,4,4,4,4,4,4,4,4,2,3,4,4,4,4,4,4,4,4,4,4,4,4,4,4,4,4,4,4,4,4,4,4,4,4,4,4,4,4,4,4,2,1,4,1,3,1,0,3,0,0,0,1,3,1,1,4,2,2,0,0,3,2,0,1,2,1,4,0,2,0,4,2,1,1,2,3,3,4,4,4,4,3,0,1,2,2,4,4,3,2,1,3,3,4,0,4,3,1,2,3,1,1,0,4,4,1,3,2,0,4,1,0,2,0,3,2,4,3,1,2,1,4,4,4,3,3,4,0,4,3,2,1,1,4,4,4,4,4,4,4,3,4,4,4,4,4,4,4,4,4,4,4,4,4,4,4,4,4,4,4,4,4,4,4,4,4,4,4,4,4,4,4,4,4,4,4,4,4,4,4,4,4,4,4,4,4,4,4,4,4,4,4,4,4,4,1,0,3,1,0,2,0,1,0,1,1,0,4,3,2,2,0,1,0,1,0,0,1,2,3,3,2,0,4,4,4,4,4,4,4,4,4,4,4,4,4,4,4,4,4,4,4,4,4,2,3,2,0,0,2,1,0,4,1,1,4,4,1,0,1,3,4,4,3,2,3,3,2,3,1,0,4,3,4,0,1,0,4,4,4,4,4,4,4,4,4,4,4,4,4,4,4,4,4,4,4,4,4,4,4,4,4,4,4,4,4,4,4,4,2,0,1,1,3,2,4,4,4,4,4,4,4,4,4,4,4,4,4,4,4,4,4,3,3,3,3,0,0,1,2,1,1,3,2,1,3,1,1,2,3,0,0,4,3,0,0,4,4,4,4,4,4,4,4,4,4,4,4,4,4,4,4,4,4,4,4,4,4,4,4,4,4,4,4,4,4,4,4,4,4,4,4,4,4,4,4,2,0,2,1,0,2,2,1,2,3,3,3,3,3,3,3,ACXF01000082.1/26305-26511,0
1085,2,1,0,2,3,2,2,1,3,1,0,3,3,1,0,1,1,4,2,0,4,1,3,3,0,3,2,3,1,0,2,1,1,1,1,3,3,1,2,4,4,4,4,4,4,4,4,4,4,2,2,0,1,2,3,4,4,4,4,4,4,4,4,4,4,4,4,4,4,4,4,4,4,4,4,4,4,4,4,4,4,4,4,4,4,2,1,4,3,0,1,0,3,0,0,0,0,3,3,1,4,4,2,0,0,3,2,0,1,2,1,4,0,1,0,4,0,1,4,4,4,4,4,4,4,4,4,0,0,2,2,4,4,3,2,1,1,3,4,2,4,1,1,2,3,1,1,0,4,4,0,1,3,3,4,1,3,2,0,3,0,4,3,1,0,2,1,4,2,3,0,4,4,4,4,2,1,3,4,4,4,4,4,4,4,0,4,4,4,4,4,4,4,4,4,4,4,4,4,4,4,4,4,4,4,4,4,4,4,4,4,4,4,4,4,4,4,4,4,4,4,4,4,4,4,4,4,4,4,4,4,4,4,4,4,4,4,4,4,4,3,0,3,1,0,4,4,0,1,1,0,3,4,1,2,2,2,1,2,0,0,0,1,2,3,1,2,0,4,4,4,4,4,4,4,4,4,4,4,4,4,4,4,4,4,4,4,4,4,2,3,3,0,2,2,1,0,4,1,1,2,4,1,1,3,3,4,4,4,0,3,3,4,4,4,4,4,4,4,4,4,4,4,4,4,4,4,4,4,4,4,4,4,4,4,4,4,4,4,4,4,4,4,4,4,4,4,4,4,4,4,4,4,4,4,4,4,1,1,0,4,4,4,4,4,4,4,4,4,4,4,4,4,4,4,4,4,3,0,0,1,0,0,0,2,1,1,2,2,2,4,4,3,0,0,3,4,4,4,4,3,4,4,4,4,4,4,4,4,4,4,4,4,4,4,4,4,4,4,4,4,4,4,4,4,4,4,4,4,4,4,4,4,4,4,4,4,4,4,4,4,4,4,1,1,1,2,2,1,3,3,3,2,3,3,2,3,AFVA01000048.1/162376-162189,0
1086,2,3,0,2,0,3,2,1,3,1,0,3,1,1,1,0,1,4,3,3,4,0,3,3,0,3,2,0,1,0,2,1,1,3,0,4,4,4,4,4,4,4,4,4,4,4,4,4,4,4,4,4,4,4,4,4,4,4,4,4,4,4,4,4,4,4,4,4,4,4,4,4,4,4,4,4,4,4,4,4,4,4,4,4,4,2,1,4,3,3,1,0,3,0,0,0,1,1,0,0,4,2,2,2,0,3,2,0,1,2,1,4,0,0,0,4,2,1,1,2,0,3,4,4,3,0,3,0,1,2,2,4,4,3,2,1,1,3,4,0,4,3,3,2,3,1,1,0,4,4,0,3,3,4,4,3,0,2,0,3,2,4,0,3,1,0,0,4,2,0,2,4,1,4,3,0,0,3,1,1,3,1,3,3,0,1,4,4,4,4,4,4,4,4,4,4,4,4,4,4,4,4,4,4,4,4,4,4,4,4,4,4,4,4,4,4,4,4,4,4,4,4,4,4,4,4,4,4,4,4,4,4,4,4,4,4,4,4,4,4,1,0,3,1,0,4,4,2,1,2,0,0,4,1,2,2,2,1,2,0,0,0,1,2,3,3,2,0,4,4,4,4,4,4,4,4,4,4,4,4,4,4,4,4,4,4,4,4,4,2,3,2,0,2,2,1,0,4,1,1,4,4,0,3,1,1,4,4,4,4,4,4,2,3,1,3,4,2,4,3,4,0,4,4,4,4,4,4,4,4,4,4,4,4,4,4,4,4,4,4,4,4,4,4,4,4,4,4,4,4,4,4,4,4,2,0,1,1,3,2,0,3,3,4,4,4,4,4,4,4,4,4,4,4,2,3,0,3,0,3,3,3,0,1,0,1,1,3,2,1,3,3,4,4,4,4,4,4,4,4,4,4,4,4,4,4,4,4,4,4,4,4,4,4,4,4,4,4,4,4,4,4,4,4,4,4,4,4,4,4,4,4,4,4,4,4,4,4,4,4,4,1,2,2,1,0,2,2,3,2,3,3,3,3,3,3,3,ABXV02000023.1/273503-273299,0
1087,2,3,0,2,0,3,2,1,3,1,0,3,1,1,1,0,1,4,3,3,4,0,3,3,0,3,2,0,1,0,2,1,3,3,2,2,1,1,0,3,3,0,0,4,4,2,2,1,3,0,0,3,3,3,0,4,4,4,4,4,4,4,4,4,4,4,4,4,4,4,4,4,4,4,4,4,4,4,4,4,4,4,4,4,4,2,1,4,3,3,1,0,3,0,0,0,1,1,1,0,4,2,2,2,0,3,2,0,1,2,1,4,0,2,0,4,2,1,1,2,0,3,4,4,3,3,3,0,2,0,2,4,4,3,2,1,1,3,4,0,4,3,3,2,3,1,1,0,4,3,2,3,0,0,4,1,1,2,0,3,2,4,3,3,2,0,2,4,3,0,0,4,3,4,2,3,4,4,4,4,4,4,4,4,4,4,4,4,4,4,4,4,4,4,4,4,4,4,4,4,4,4,4,4,4,4,4,4,4,4,4,4,4,4,4,4,4,4,4,4,4,4,4,4,4,4,4,4,4,4,4,4,4,4,4,4,4,4,4,4,1,0,3,1,0,4,4,1,0,3,0,1,4,1,2,2,2,1,0,3,0,0,1,2,3,3,2,0,4,4,4,4,4,4,4,4,4,4,4,4,4,4,4,4,4,4,4,4,4,2,3,2,0,2,2,1,0,4,1,3,2,4,0,3,0,3,4,4,3,2,3,3,2,3,1,3,4,0,4,3,1,4,4,4,4,4,4,4,4,4,4,4,4,4,4,4,4,4,4,4,4,4,4,4,4,4,4,4,4,4,4,4,4,4,2,0,1,1,3,2,0,0,4,4,4,4,4,4,4,4,4,4,4,4,0,0,3,3,3,3,0,2,0,1,0,1,3,3,2,1,1,1,3,3,3,3,4,4,4,4,4,4,4,4,4,4,4,4,4,4,4,4,4,4,4,4,4,4,4,4,4,4,4,4,4,4,4,4,4,4,4,4,4,4,4,4,4,4,4,4,4,1,2,2,1,0,0,2,3,2,3,3,3,3,3,3,2,ABAT01000008.1/60360-60582,0
1088,2,3,4,4,4,2,2,1,3,1,0,3,3,1,0,1,1,4,2,0,4,1,3,3,0,3,2,3,1,0,2,1,1,1,1,3,3,1,2,4,4,4,4,4,4,4,4,4,4,2,2,0,1,2,3,4,4,4,4,4,4,4,4,4,4,4,4,4,4,4,4,4,4,4,4,4,4,4,4,4,4,4,4,4,4,2,1,4,3,0,1,0,3,0,0,0,0,3,3,1,4,4,2,0,0,3,2,0,1,2,1,4,4,4,4,4,0,1,0,0,4,4,4,4,4,4,1,0,0,2,2,4,4,3,2,1,1,3,4,2,4,1,1,2,3,1,1,0,4,4,0,1,3,3,4,1,3,2,0,3,0,4,3,1,0,2,1,4,2,3,0,4,4,4,4,2,1,3,4,4,4,4,4,4,4,0,4,4,4,4,4,4,4,4,4,4,4,4,4,4,4,4,4,4,4,4,4,4,4,4,4,4,4,4,4,4,4,4,4,4,4,4,4,4,4,4,4,4,4,4,4,4,4,4,4,4,4,4,4,4,3,0,3,1,0,4,4,0,1,1,0,3,4,1,2,2,2,1,2,0,0,0,1,2,3,1,2,0,4,4,4,4,4,4,4,4,4,4,4,4,4,4,4,4,4,4,4,4,4,2,3,3,0,2,2,1,0,4,1,1,2,4,1,1,3,3,4,4,4,0,3,3,4,4,4,4,4,4,4,4,4,4,4,4,4,4,4,4,4,4,4,4,4,4,4,4,4,4,4,4,4,4,4,4,4,4,4,4,4,4,4,4,4,4,4,4,4,1,1,0,4,4,4,4,4,4,4,4,4,4,4,4,4,4,4,4,4,3,0,0,1,0,0,0,2,1,1,2,2,2,4,4,3,0,0,3,4,4,4,4,3,4,4,4,4,4,4,4,4,4,4,4,4,4,4,4,4,4,4,4,4,4,4,4,4,4,4,4,4,4,4,4,4,4,4,4,4,4,4,4,4,4,4,1,1,1,2,2,1,3,3,3,2,3,3,2,3,ABHM02000001.1/1778206-1778022,0
1089,3,1,0,2,3,3,2,1,3,1,0,3,3,1,0,1,1,4,3,0,4,3,3,3,0,3,2,0,3,0,2,3,1,1,1,2,4,4,4,4,4,4,4,4,4,4,4,4,4,4,4,4,4,4,4,1,1,2,3,0,0,0,2,1,4,4,4,4,4,4,4,4,4,4,4,4,2,2,0,0,3,0,3,2,1,0,1,4,3,3,1,0,3,0,0,2,1,1,0,1,4,1,2,0,0,3,2,0,3,2,1,1,0,0,0,4,2,0,1,4,4,4,4,4,4,4,4,4,3,2,2,4,4,3,2,1,1,3,4,0,4,3,1,2,3,1,1,0,3,1,3,0,0,0,4,1,1,2,0,3,0,4,3,3,2,3,2,4,3,2,0,4,0,4,3,2,1,0,4,4,4,4,4,4,1,0,4,4,4,4,4,4,4,4,4,4,4,4,4,4,4,4,4,4,4,4,4,4,4,4,4,4,4,4,4,4,4,4,4,4,4,4,4,4,4,4,4,4,4,4,4,4,4,4,4,4,4,4,4,4,3,0,3,1,0,4,4,0,0,1,0,3,4,1,2,2,0,1,2,0,1,0,1,2,3,3,2,0,4,4,4,4,4,4,4,4,4,4,4,4,4,4,4,4,4,4,4,4,4,2,3,2,0,2,2,1,2,4,1,1,2,4,1,1,3,0,4,4,3,2,3,1,4,4,4,4,4,4,4,4,4,4,4,4,4,4,4,4,4,4,4,4,4,4,4,4,4,4,4,4,4,4,4,4,4,4,4,4,4,4,4,4,4,4,4,4,4,4,4,4,4,4,4,4,4,4,4,4,4,4,4,4,4,4,4,4,4,4,4,4,4,4,4,4,4,4,4,4,4,4,4,4,4,4,4,4,4,4,4,4,4,1,3,0,1,3,2,3,2,0,3,2,4,4,4,4,4,4,4,4,4,4,4,4,4,4,4,4,4,0,2,3,0,2,3,3,1,0,3,1,0,4,4,4,4,4,4,4,4,4,4,4,0,3,0,3,3,ACCA01000009.1/161769-161966,0
1090,4,4,4,4,4,4,4,4,4,4,4,4,4,4,4,4,4,4,4,4,4,4,4,4,4,4,4,4,4,4,4,4,4,4,4,4,4,4,4,4,4,4,4,4,4,4,4,4,4,4,4,4,4,4,4,4,4,4,4,4,4,4,4,4,4,4,4,4,4,4,4,4,4,4,4,4,4,4,4,4,4,4,4,4,4,4,4,4,4,4,4,4,4,4,4,4,4,4,4,4,4,4,4,4,4,4,4,4,4,4,4,4,4,4,4,4,4,4,4,4,4,4,4,4,4,4,4,4,4,4,4,4,4,4,4,4,1,3,4,0,4,3,3,2,3,1,1,0,4,3,2,3,0,0,4,1,1,2,0,3,2,4,3,3,2,0,2,4,3,0,0,4,3,4,2,3,4,4,4,4,4,4,4,4,4,4,4,4,4,4,4,4,4,4,4,4,4,4,4,4,4,4,4,4,4,4,4,4,4,4,4,4,4,4,4,4,4,4,4,4,4,4,4,4,4,4,4,4,4,4,4,4,4,4,4,4,4,4,4,4,1,0,3,1,0,4,4,1,0,3,0,1,4,1,2,2,2,1,0,3,0,0,1,2,3,3,2,0,4,4,4,4,4,4,4,4,4,4,4,4,4,4,4,4,4,4,4,4,4,2,3,2,0,2,4,4,4,4,4,4,4,4,4,4,4,4,4,4,4,4,4,4,4,4,4,4,4,4,4,4,4,4,4,4,4,4,4,4,4,4,4,4,4,4,4,4,4,4,4,4,4,4,4,4,4,4,4,4,4,4,4,4,4,4,4,4,4,4,4,4,4,4,4,4,4,4,4,4,4,4,4,4,4,4,4,4,4,4,4,4,4,4,4,4,4,4,4,4,4,4,4,4,4,4,4,4,4,4,4,4,4,4,4,4,4,4,4,4,4,4,4,4,4,4,4,4,4,4,4,4,4,4,4,4,4,4,4,4,4,4,4,4,4,4,4,4,4,4,4,4,4,4,4,4,4,4,4,4,4,4,4,4,4,4,4,4,4,AAOS02000020.1/1-62,0
1091,2,3,0,2,0,3,2,1,3,1,0,3,3,1,1,0,3,4,1,3,4,1,3,3,0,3,2,3,3,1,2,1,1,3,3,3,4,4,4,4,4,4,4,4,4,4,4,4,4,4,4,4,4,2,3,4,4,4,4,4,4,4,4,4,4,4,4,4,4,4,4,4,4,4,4,4,4,4,4,4,4,4,4,4,4,2,1,4,1,3,1,0,3,0,0,0,1,3,1,0,4,2,2,0,0,3,2,0,3,2,1,4,0,2,0,4,2,1,1,2,3,0,4,4,1,3,3,0,1,2,2,4,4,3,2,1,3,3,4,0,4,3,1,2,3,1,1,0,4,4,1,3,2,0,4,3,0,2,0,3,2,4,3,1,2,1,0,4,3,3,3,4,1,4,0,3,0,3,2,4,4,4,4,3,1,3,4,4,4,4,4,4,4,4,4,4,4,4,4,4,4,4,4,4,4,4,4,4,4,4,4,4,4,4,4,4,4,4,4,4,4,4,4,4,4,4,4,4,4,4,4,4,4,4,4,4,4,4,4,4,1,0,3,1,0,0,0,1,0,1,1,0,4,3,2,2,0,1,0,3,0,0,1,2,3,3,2,0,4,4,4,4,4,4,4,4,4,4,4,4,4,4,4,4,4,4,4,4,4,2,3,2,0,0,2,1,0,4,1,1,1,4,0,0,3,3,4,4,3,2,3,3,2,3,1,0,4,0,4,0,1,0,4,4,4,4,4,4,4,4,4,4,4,4,4,4,4,4,4,4,4,4,4,4,4,4,4,4,4,4,4,4,4,4,2,0,1,1,3,2,4,4,4,4,4,4,4,4,4,4,4,4,4,4,4,4,4,3,3,3,3,0,0,1,2,1,1,3,2,1,1,1,3,2,0,3,3,4,3,1,0,4,4,4,4,4,4,4,4,4,4,4,4,4,4,4,4,4,4,4,4,4,4,4,4,4,4,4,4,4,4,4,4,4,4,4,4,4,4,4,4,2,1,2,1,0,2,2,1,2,3,3,3,3,3,3,3,AGFS01005919.1/484-698,0
1092,4,4,4,4,4,4,4,4,4,4,4,4,4,4,4,4,4,4,4,4,4,4,4,4,4,4,4,4,4,4,4,4,4,4,4,4,4,4,4,4,4,4,4,4,4,4,4,4,4,4,4,4,4,4,4,4,4,4,4,4,4,4,4,4,4,4,4,4,4,4,4,4,4,4,4,4,4,4,4,4,4,4,4,4,4,4,4,4,4,4,4,4,4,4,4,4,4,4,4,4,4,4,4,4,4,4,4,4,4,4,4,4,4,4,4,4,4,4,4,4,4,4,4,4,4,4,4,4,4,4,4,4,4,3,2,1,3,3,4,0,4,3,1,2,3,1,1,2,4,4,0,3,2,0,4,1,0,2,0,3,2,4,3,1,2,1,4,4,4,3,1,4,0,4,2,2,1,1,4,4,4,4,4,4,4,3,4,4,4,4,4,4,4,4,4,4,4,4,4,4,4,4,4,4,4,4,4,4,4,4,4,4,4,4,4,4,4,4,4,4,4,4,4,4,4,4,4,4,4,4,4,4,4,4,4,4,4,4,4,4,1,0,3,1,0,2,0,1,0,1,1,0,4,3,2,2,0,1,0,3,0,0,1,2,3,3,2,0,4,4,4,4,4,4,4,4,4,4,4,4,4,4,4,4,4,4,4,4,4,2,3,2,0,0,2,1,0,4,4,4,4,4,4,4,4,4,4,4,4,4,4,4,4,4,4,4,4,4,4,4,4,4,4,4,4,4,4,4,4,4,4,4,4,4,4,4,4,4,4,4,4,4,4,4,4,4,4,4,4,4,4,4,4,4,4,4,4,4,4,4,4,4,4,4,4,4,4,4,4,4,4,4,4,4,4,4,4,4,4,4,4,4,4,4,4,4,4,4,4,4,4,4,4,4,4,4,4,4,4,4,4,4,4,4,4,4,4,4,4,4,4,4,4,4,4,4,4,4,4,4,4,4,4,4,4,4,4,4,4,4,4,4,4,4,4,4,4,4,4,4,4,4,4,4,4,4,4,4,4,4,4,4,4,4,4,4,4,AGFT01002342.1/70-1,0
1093,2,3,0,2,0,3,2,1,3,1,0,3,3,1,1,0,3,4,1,3,4,1,3,3,0,3,2,3,3,1,2,1,1,3,3,0,4,4,4,4,4,4,4,4,4,4,4,4,4,4,4,4,4,2,3,4,4,4,4,4,4,4,4,4,4,4,4,4,4,4,4,4,4,4,4,4,4,4,4,4,4,4,4,4,4,2,1,4,1,3,1,0,3,0,0,0,1,3,1,1,4,2,2,0,0,3,2,0,1,2,1,4,0,2,0,4,2,1,1,2,3,3,4,4,4,4,3,0,1,2,2,4,4,3,2,1,3,3,4,0,4,3,1,2,3,1,1,0,4,4,1,3,2,0,4,1,0,2,0,3,2,4,3,1,2,1,4,4,4,3,3,4,0,4,3,2,1,1,4,4,4,4,4,4,4,3,4,4,4,4,4,4,4,4,4,4,4,4,4,4,4,4,4,4,4,4,4,4,4,4,4,4,4,4,4,4,4,4,4,4,4,4,4,4,4,4,4,4,4,4,4,4,4,4,4,4,4,4,4,4,1,0,3,1,0,2,0,1,0,1,1,0,4,3,2,2,0,1,0,1,0,0,1,2,3,3,2,0,4,4,4,4,4,4,4,4,4,4,4,4,4,4,4,4,4,4,4,4,4,2,3,2,0,0,2,1,0,4,1,1,4,4,1,0,1,3,4,4,3,2,3,3,2,3,1,0,4,3,4,0,1,0,4,4,4,4,4,4,4,4,4,4,4,4,4,4,4,4,4,4,4,4,4,4,4,4,4,4,4,4,4,4,4,4,2,0,1,1,3,2,4,4,4,4,4,4,4,4,4,4,4,4,4,4,4,4,4,3,3,3,3,0,0,1,2,1,1,3,2,1,3,1,1,2,3,0,0,4,3,0,0,4,4,4,4,4,4,4,4,4,4,4,4,4,4,4,4,4,4,4,4,4,4,4,4,4,4,4,4,4,4,4,4,4,4,4,4,4,4,4,4,2,0,2,1,0,2,2,1,2,3,3,3,3,3,3,3,ABHT01000039.1/2040-1834,0
1094,2,3,0,2,0,3,2,1,3,1,0,3,3,1,1,0,3,4,1,3,4,1,3,3,0,3,2,3,3,1,2,1,1,3,3,0,4,4,4,4,4,4,4,4,4,4,4,4,4,4,4,4,4,2,3,4,4,4,4,4,4,4,4,4,4,4,4,4,4,4,4,4,4,4,4,4,4,4,4,4,4,4,4,4,4,2,1,4,1,3,1,0,3,0,0,0,1,3,1,1,4,2,2,0,0,3,2,0,1,2,1,4,0,2,0,4,2,1,1,2,3,3,4,4,4,4,3,0,1,2,2,4,4,3,2,1,3,3,4,0,4,3,1,2,3,1,1,0,4,4,1,3,2,0,4,1,0,2,0,3,2,4,3,1,2,1,4,4,4,3,3,4,0,4,3,2,1,1,4,4,4,4,4,4,4,3,4,4,4,4,4,4,4,4,4,4,4,4,4,4,4,4,4,4,4,4,4,4,4,4,4,4,4,4,4,4,4,4,4,4,4,4,4,4,4,4,4,4,4,4,4,4,4,4,4,4,4,4,4,4,1,0,3,1,0,2,0,1,0,1,1,0,4,3,2,2,0,1,0,1,0,0,1,2,3,3,2,0,4,4,4,4,4,4,4,4,4,4,4,4,4,4,4,4,4,4,4,4,4,2,3,2,0,0,2,1,0,4,1,1,4,4,1,0,1,3,4,4,3,2,3,3,2,3,1,0,4,3,4,0,1,0,4,4,4,4,4,4,4,4,4,4,4,4,4,4,4,4,4,4,4,4,4,4,4,4,4,4,4,4,4,4,4,4,2,0,1,1,3,2,4,4,4,4,4,4,4,4,4,4,4,4,4,4,4,4,4,3,3,3,3,0,0,1,2,1,1,3,2,1,3,1,1,2,3,0,0,4,3,0,0,4,4,4,4,4,4,4,4,4,4,4,4,4,4,4,4,4,4,4,4,4,4,4,4,4,4,4,4,4,4,4,4,4,4,4,4,4,4,4,4,2,0,2,1,0,2,2,1,2,3,3,3,3,3,3,3,ACXI01000112.1/39028-39234,0
1095,0,2,0,3,2,1,3,1,0,3,3,1,4,1,0,3,4,1,3,4,1,3,3,0,3,2,3,3,4,1,2,1,1,3,4,4,4,4,4,4,4,4,4,4,4,4,4,4,4,4,4,4,4,4,4,4,3,0,4,4,4,4,4,4,4,4,4,4,4,4,4,4,4,4,4,4,4,4,4,2,3,2,1,1,3,1,0,3,0,0,0,1,3,1,1,4,2,2,0,4,0,3,2,0,1,2,1,0,4,4,4,4,2,0,2,1,1,2,4,4,3,3,3,0,1,2,2,3,2,1,3,3,0,3,1,2,3,1,1,4,0,1,3,2,0,4,1,0,2,0,3,2,3,1,4,4,4,4,4,4,4,4,4,2,1,3,3,0,3,4,4,4,2,1,1,4,4,4,4,4,4,4,4,4,4,4,4,4,4,4,4,4,4,4,4,4,4,4,4,4,4,4,4,4,4,4,4,4,3,4,4,1,0,3,1,0,4,2,0,1,0,1,4,4,1,0,4,3,2,2,0,1,0,1,0,0,1,2,3,3,2,0,4,4,4,4,4,2,3,2,0,0,2,1,0,1,1,1,0,1,3,3,4,4,4,4,4,4,4,4,4,4,4,4,4,4,4,4,4,4,4,4,4,4,4,4,4,4,4,4,4,4,4,4,4,4,4,4,4,4,4,4,4,4,4,4,4,4,4,4,4,4,4,4,4,4,4,4,4,4,4,4,4,4,4,4,4,4,4,4,4,4,4,4,4,4,4,4,4,4,4,4,4,4,4,4,4,4,4,4,4,4,4,4,4,4,4,4,4,4,4,4,4,4,4,4,4,4,4,4,4,4,4,4,4,4,4,4,4,4,4,4,4,4,4,4,4,4,4,4,4,4,4,4,4,4,4,4,4,4,4,4,4,4,4,4,4,4,4,4,4,4,4,4,4,4,4,4,4,4,4,4,4,4,4,4,4,4,4,4,4,4,4,4,4,4,4,4,4,4,4,4,4,4,4,4,4,4,4,4,4,4,4,4,4,4,4,AFVR01000019.1/38275-38423,1
1096,0,2,0,3,2,1,3,1,0,3,3,1,4,1,0,3,4,1,3,4,1,3,3,0,3,2,3,3,4,1,2,1,1,3,4,4,4,4,4,4,4,4,4,4,4,4,4,4,4,4,4,4,4,4,4,4,3,0,4,4,4,4,4,4,4,4,4,4,4,4,4,4,4,4,4,4,4,4,4,2,3,2,1,1,3,1,0,3,0,0,0,1,3,1,1,4,2,2,0,4,0,3,2,0,1,2,1,0,4,4,4,4,2,0,2,1,1,2,4,4,3,3,3,0,1,2,2,3,2,1,3,3,0,3,1,2,3,1,1,4,0,1,3,2,0,4,1,0,2,0,3,2,3,1,4,4,4,4,4,4,4,4,4,2,1,3,3,0,3,4,4,4,2,1,1,4,4,4,4,4,4,4,4,4,4,4,4,4,4,4,4,4,4,4,4,4,4,4,4,4,4,4,4,4,4,4,4,4,3,4,4,1,0,3,1,0,4,2,0,1,0,1,4,4,1,0,4,3,2,2,0,1,0,1,0,0,1,2,3,3,2,0,4,4,4,4,4,2,3,2,0,0,2,1,0,1,1,1,0,1,3,3,4,4,4,4,4,4,4,4,4,4,4,4,4,4,4,4,4,4,4,4,4,4,4,4,4,4,4,4,4,4,4,4,4,4,4,4,4,4,4,4,4,4,4,4,4,4,4,4,4,4,4,4,4,4,4,4,4,4,4,4,4,4,4,4,4,4,4,4,4,4,4,4,4,4,4,4,4,4,4,4,4,4,4,4,4,4,4,4,4,4,4,4,4,4,4,4,4,4,4,4,4,4,4,4,4,4,4,4,4,4,4,4,4,4,4,4,4,4,4,4,4,4,4,4,4,4,4,4,4,4,4,4,4,4,4,4,4,4,4,4,4,4,4,4,4,4,4,4,4,4,4,4,4,4,4,4,4,4,4,4,4,4,4,4,4,4,4,4,4,4,4,4,4,4,4,4,4,4,4,4,4,4,4,4,4,4,4,4,4,4,4,4,4,4,4,CP001368.1/4839213-4839361,1
1097,0,2,3,2,2,1,3,1,0,3,3,1,4,0,1,1,4,2,0,4,1,3,3,0,3,2,3,1,4,0,2,1,4,4,4,4,1,1,1,3,3,4,1,2,2,4,4,4,4,4,4,2,0,1,2,3,4,4,4,4,4,4,4,4,4,4,4,4,4,4,4,4,4,4,4,4,4,4,4,4,4,2,1,3,0,1,0,3,0,0,0,0,3,4,0,4,1,2,0,4,0,3,2,0,1,2,1,0,4,4,4,4,1,0,0,4,4,4,4,4,4,4,1,0,0,2,2,3,2,1,1,3,2,1,1,2,3,1,1,0,0,1,3,3,4,4,1,3,2,0,3,0,3,1,0,4,4,4,4,4,4,4,4,2,1,2,3,0,4,4,4,4,2,1,3,4,4,4,4,4,4,4,4,4,4,4,4,4,4,4,4,4,4,4,4,4,4,4,4,4,4,4,4,4,4,4,4,4,0,4,4,3,0,3,1,0,4,0,1,1,0,3,4,4,1,4,4,4,2,2,2,1,2,0,0,0,1,2,3,1,2,0,4,4,4,4,4,2,3,3,0,2,2,1,0,1,1,2,1,1,3,3,4,4,4,4,4,4,4,4,4,4,4,4,4,4,4,4,4,4,4,4,4,4,4,4,4,4,4,4,4,4,4,4,4,4,4,4,4,4,4,4,4,4,4,4,4,4,4,4,4,4,4,4,4,4,4,4,4,4,4,4,4,4,4,4,4,4,4,4,4,4,4,4,4,4,4,4,4,4,4,4,4,4,4,4,4,4,4,4,4,4,4,4,4,4,4,4,4,4,4,4,4,4,4,4,4,4,4,4,4,4,4,4,4,4,4,4,4,4,4,4,4,4,4,4,4,4,4,4,4,4,4,4,4,4,4,4,4,4,4,4,4,4,4,4,4,4,4,4,4,4,4,4,4,4,4,4,4,4,4,4,4,4,4,4,4,4,4,4,4,4,4,4,4,4,4,4,4,4,4,4,4,4,4,4,4,4,4,4,4,4,4,4,4,4,4,ADUD01000175.1/12968-13115,1
1098,0,2,3,2,2,1,3,1,0,3,3,1,4,0,1,1,4,2,0,4,1,3,3,0,3,2,3,1,4,0,2,1,4,4,4,4,1,1,1,3,3,4,1,2,2,4,4,4,4,4,4,2,0,1,2,3,4,4,4,4,4,4,4,4,4,4,4,4,4,4,4,4,4,4,4,4,4,4,4,4,4,2,1,3,0,1,0,3,0,0,0,0,3,4,0,4,1,2,0,4,0,3,2,0,1,2,1,0,4,4,4,4,1,0,0,4,4,4,4,4,4,4,1,0,0,2,2,3,2,1,1,3,2,1,1,2,3,1,1,0,0,1,3,3,4,4,1,3,2,0,3,0,3,1,0,4,4,4,4,4,4,4,4,2,1,2,3,0,4,4,4,4,2,1,3,4,4,4,4,4,4,4,4,4,4,4,4,4,4,4,4,4,4,4,4,4,4,4,4,4,4,4,4,4,4,4,4,4,0,4,4,3,0,3,1,0,4,0,1,1,0,3,4,4,1,4,4,4,2,2,2,1,2,0,0,0,1,2,3,1,2,0,4,4,4,4,4,2,3,3,0,2,2,1,0,1,1,2,1,1,3,3,4,4,4,4,4,4,4,4,4,4,4,4,4,4,4,4,4,4,4,4,4,4,4,4,4,4,4,4,4,4,4,4,4,4,4,4,4,4,4,4,4,4,4,4,4,4,4,4,4,4,4,4,4,4,4,4,4,4,4,4,4,4,4,4,4,4,4,4,4,4,4,4,4,4,4,4,4,4,4,4,4,4,4,4,4,4,4,4,4,4,4,4,4,4,4,4,4,4,4,4,4,4,4,4,4,4,4,4,4,4,4,4,4,4,4,4,4,4,4,4,4,4,4,4,4,4,4,4,4,4,4,4,4,4,4,4,4,4,4,4,4,4,4,4,4,4,4,4,4,4,4,4,4,4,4,4,4,4,4,4,4,4,4,4,4,4,4,4,4,4,4,4,4,4,4,4,4,4,4,4,4,4,4,4,4,4,4,4,4,4,4,4,4,4,4,AFAD01000027.1/1132230-1132083,1
1099,0,2,0,3,2,1,3,1,0,3,3,1,4,1,0,3,4,1,3,4,1,3,3,0,3,2,3,3,4,1,2,1,1,3,4,4,4,4,4,4,4,4,4,4,4,4,4,4,4,4,4,4,4,4,4,4,3,0,4,4,4,4,4,4,4,4,4,4,4,4,4,4,4,4,4,4,4,4,4,2,3,2,1,1,3,1,0,3,0,0,0,1,3,1,1,4,2,2,0,4,0,3,2,0,1,2,1,0,4,4,4,4,2,0,2,1,1,2,4,4,3,3,3,0,1,2,2,3,2,1,3,3,0,3,1,2,3,1,1,4,0,1,3,2,0,4,1,0,2,0,3,2,3,1,4,4,4,4,4,4,4,4,4,2,1,3,3,0,3,4,4,4,2,1,1,4,4,4,4,4,4,4,4,4,4,4,4,4,4,4,4,4,4,4,4,4,4,4,4,4,4,4,4,4,4,4,4,4,3,4,4,1,0,3,1,0,4,2,0,1,0,1,4,4,1,0,4,3,2,2,0,1,0,1,0,0,1,2,3,3,2,0,4,4,4,4,4,2,3,2,0,0,2,1,0,1,1,1,0,1,3,3,4,4,4,4,4,4,4,4,4,4,4,4,4,4,4,4,4,4,4,4,4,4,4,4,4,4,4,4,4,4,4,4,4,4,4,4,4,4,4,4,4,4,4,4,4,4,4,4,4,4,4,4,4,4,4,4,4,4,4,4,4,4,4,4,4,4,4,4,4,4,4,4,4,4,4,4,4,4,4,4,4,4,4,4,4,4,4,4,4,4,4,4,4,4,4,4,4,4,4,4,4,4,4,4,4,4,4,4,4,4,4,4,4,4,4,4,4,4,4,4,4,4,4,4,4,4,4,4,4,4,4,4,4,4,4,4,4,4,4,4,4,4,4,4,4,4,4,4,4,4,4,4,4,4,4,4,4,4,4,4,4,4,4,4,4,4,4,4,4,4,4,4,4,4,4,4,4,4,4,4,4,4,4,4,4,4,4,4,4,4,4,4,4,4,4,AEFA01000019.1/74835-74687,1
1100,0,2,0,3,2,1,3,1,0,3,3,1,4,1,0,3,4,1,3,4,1,3,3,0,3,2,3,3,4,1,2,1,1,3,4,4,4,4,4,4,4,4,4,4,4,4,4,4,4,4,4,4,4,4,4,4,3,0,4,4,4,4,4,4,4,4,4,4,4,4,4,4,4,4,4,4,4,4,4,2,3,2,1,1,3,1,0,3,0,0,0,1,3,1,1,4,2,2,0,4,0,3,2,0,1,2,1,0,4,4,4,4,2,0,2,1,1,2,4,4,3,3,3,0,1,2,2,3,2,1,3,3,0,3,1,2,3,1,1,4,0,1,3,2,0,4,1,0,2,0,3,2,3,1,4,4,4,4,4,4,4,4,4,2,1,3,3,0,3,4,4,4,2,1,1,4,4,4,4,4,4,4,4,4,4,4,4,4,4,4,4,4,4,4,4,4,4,4,4,4,4,4,4,4,4,4,4,4,3,4,4,1,0,3,1,0,4,2,0,1,0,1,4,4,1,0,4,3,2,2,0,1,0,1,0,0,1,2,3,3,2,0,4,4,4,4,4,2,3,2,0,0,2,1,0,1,1,1,0,1,3,3,4,4,4,4,4,4,4,4,4,4,4,4,4,4,4,4,4,4,4,4,4,4,4,4,4,4,4,4,4,4,4,4,4,4,4,4,4,4,4,4,4,4,4,4,4,4,4,4,4,4,4,4,4,4,4,4,4,4,4,4,4,4,4,4,4,4,4,4,4,4,4,4,4,4,4,4,4,4,4,4,4,4,4,4,4,4,4,4,4,4,4,4,4,4,4,4,4,4,4,4,4,4,4,4,4,4,4,4,4,4,4,4,4,4,4,4,4,4,4,4,4,4,4,4,4,4,4,4,4,4,4,4,4,4,4,4,4,4,4,4,4,4,4,4,4,4,4,4,4,4,4,4,4,4,4,4,4,4,4,4,4,4,4,4,4,4,4,4,4,4,4,4,4,4,4,4,4,4,4,4,4,4,4,4,4,4,4,4,4,4,4,4,4,4,4,AFYG01000021.1/25095-25243,1
1101,0,2,3,2,2,1,3,1,0,3,3,1,4,0,1,1,4,2,0,4,1,3,3,0,3,2,3,1,4,0,2,1,4,4,4,4,1,1,1,3,3,4,1,2,2,4,4,4,4,4,4,2,0,1,2,3,4,4,4,4,4,4,4,4,4,4,4,4,4,4,4,4,4,4,4,4,4,4,4,4,4,2,1,3,0,1,0,3,0,0,0,0,3,4,3,4,1,2,0,4,0,3,2,0,1,2,1,0,4,4,4,4,1,0,0,4,4,4,4,4,4,4,1,0,0,2,2,3,2,1,1,3,2,1,1,2,3,1,1,0,0,1,3,3,4,4,1,3,2,0,3,0,3,1,0,4,4,4,4,4,4,4,4,2,1,2,3,0,4,4,4,4,2,1,3,4,4,4,4,4,4,4,4,4,4,4,4,4,4,4,4,4,4,4,4,4,4,4,4,4,4,4,4,4,4,4,4,4,0,4,4,3,0,3,1,0,4,0,1,1,0,3,4,4,1,4,4,4,2,2,2,1,2,0,0,0,1,2,3,1,2,0,4,4,4,4,4,2,3,3,0,2,2,1,0,1,1,2,1,1,3,3,4,4,4,4,4,4,4,4,4,4,4,4,4,4,4,4,4,4,4,4,4,4,4,4,4,4,4,4,4,4,4,4,4,4,4,4,4,4,4,4,4,4,4,4,4,4,4,4,4,4,4,4,4,4,4,4,4,4,4,4,4,4,4,4,4,4,4,4,4,4,4,4,4,4,4,4,4,4,4,4,4,4,4,4,4,4,4,4,4,4,4,4,4,4,4,4,4,4,4,4,4,4,4,4,4,4,4,4,4,4,4,4,4,4,4,4,4,4,4,4,4,4,4,4,4,4,4,4,4,4,4,4,4,4,4,4,4,4,4,4,4,4,4,4,4,4,4,4,4,4,4,4,4,4,4,4,4,4,4,4,4,4,4,4,4,4,4,4,4,4,4,4,4,4,4,4,4,4,4,4,4,4,4,4,4,4,4,4,4,4,4,4,4,4,4,AFGY01000042.1/186013-185866,1
1102,0,2,3,2,2,1,3,1,0,3,3,1,4,0,1,1,4,2,0,4,1,3,3,0,3,2,3,1,4,0,2,1,4,4,4,4,1,1,1,3,3,4,1,2,2,4,4,4,4,4,4,2,0,1,2,3,4,4,4,4,4,4,4,4,4,4,4,4,4,4,4,4,4,4,4,4,4,4,4,4,4,2,1,3,0,1,0,3,0,0,0,0,3,4,3,4,1,2,0,4,0,3,2,0,1,2,1,0,4,4,4,4,1,0,0,4,4,4,4,4,4,4,1,0,0,2,2,3,2,1,1,3,2,1,1,2,3,1,1,0,0,1,3,3,4,4,1,3,2,0,3,0,3,1,0,4,4,4,4,4,4,4,4,2,1,2,3,0,4,4,4,4,2,1,3,4,4,4,4,4,4,4,4,4,4,4,4,4,4,4,4,4,4,4,4,4,4,4,4,4,4,4,4,4,4,4,4,4,0,4,4,3,0,3,1,0,4,0,1,1,0,3,4,4,1,4,4,4,2,2,2,1,2,0,0,0,1,2,3,1,2,0,4,4,4,4,4,2,3,3,0,2,2,1,0,1,1,2,1,1,3,3,4,4,4,4,4,4,4,4,4,4,4,4,4,4,4,4,4,4,4,4,4,4,4,4,4,4,4,4,4,4,4,4,4,4,4,4,4,4,4,4,4,4,4,4,4,4,4,4,4,4,4,4,4,4,4,4,4,4,4,4,4,4,4,4,4,4,4,4,4,4,4,4,4,4,4,4,4,4,4,4,4,4,4,4,4,4,4,4,4,4,4,4,4,4,4,4,4,4,4,4,4,4,4,4,4,4,4,4,4,4,4,4,4,4,4,4,4,4,4,4,4,4,4,4,4,4,4,4,4,4,4,4,4,4,4,4,4,4,4,4,4,4,4,4,4,4,4,4,4,4,4,4,4,4,4,4,4,4,4,4,4,4,4,4,4,4,4,4,4,4,4,4,4,4,4,4,4,4,4,4,4,4,4,4,4,4,4,4,4,4,4,4,4,4,4,AFDY01000033.1/638595-638448,1
1103,0,2,3,2,2,1,3,1,0,3,3,1,4,0,1,1,4,2,0,4,1,3,3,0,3,2,3,1,4,0,2,1,4,4,4,4,1,1,1,3,3,4,1,2,2,4,4,4,4,4,4,2,0,1,2,3,4,4,4,4,4,4,4,4,4,4,4,4,4,4,4,4,4,4,4,4,4,4,4,4,4,2,1,3,0,1,0,3,0,0,0,0,3,4,0,4,1,2,0,4,0,3,2,0,1,2,1,0,4,4,4,4,1,0,0,4,4,4,4,4,4,4,1,0,0,2,2,3,2,1,1,3,2,1,1,2,3,1,1,0,0,1,3,3,4,4,1,3,2,0,3,0,3,1,0,4,4,4,4,4,4,4,4,2,1,2,3,0,4,4,4,4,2,1,3,4,4,4,4,4,4,4,4,4,4,4,4,4,4,4,4,4,4,4,4,4,4,4,4,4,4,4,4,4,4,4,4,4,0,4,4,3,0,3,1,0,4,0,1,1,0,3,4,4,1,4,4,4,2,2,2,1,2,0,0,0,1,2,3,1,2,0,4,4,4,4,4,2,3,3,0,2,2,1,0,1,1,2,1,1,3,3,4,4,4,4,4,4,4,4,4,4,4,4,4,4,4,4,4,4,4,4,4,4,4,4,4,4,4,4,4,4,4,4,4,4,4,4,4,4,4,4,4,4,4,4,4,4,4,4,4,4,4,4,4,4,4,4,4,4,4,4,4,4,4,4,4,4,4,4,4,4,4,4,4,4,4,4,4,4,4,4,4,4,4,4,4,4,4,4,4,4,4,4,4,4,4,4,4,4,4,4,4,4,4,4,4,4,4,4,4,4,4,4,4,4,4,4,4,4,4,4,4,4,4,4,4,4,4,4,4,4,4,4,4,4,4,4,4,4,4,4,4,4,4,4,4,4,4,4,4,4,4,4,4,4,4,4,4,4,4,4,4,4,4,4,4,4,4,4,4,4,4,4,4,4,4,4,4,4,4,4,4,4,4,4,4,4,4,4,4,4,4,4,4,4,4,AEHT01000046.1/28971-28824,1
1104,0,2,3,3,2,1,3,1,0,3,3,1,4,0,0,1,4,3,3,4,3,3,3,0,3,2,3,1,4,2,2,3,1,1,0,4,1,0,0,3,0,0,3,2,2,2,3,2,2,2,4,0,0,1,0,3,4,4,4,4,4,4,4,4,4,4,4,4,4,4,4,4,4,4,4,4,4,4,4,4,4,0,1,1,0,1,0,3,0,0,2,1,1,4,0,4,2,2,0,4,0,3,2,0,1,2,1,1,4,4,4,4,0,2,0,2,4,4,4,4,4,4,3,0,0,2,2,3,2,1,1,3,0,1,1,2,3,1,1,0,0,1,0,3,1,4,0,3,2,0,3,0,1,3,1,2,3,1,4,4,4,4,4,3,3,1,2,2,4,4,4,4,0,1,1,4,4,4,4,4,4,4,4,4,4,4,4,4,4,4,4,4,4,4,4,4,4,4,4,4,4,4,4,4,4,4,4,4,3,4,4,3,0,3,1,0,4,0,0,1,0,1,4,4,0,4,4,4,2,2,2,1,2,0,1,0,1,2,3,2,2,0,4,4,4,4,4,2,3,2,0,2,2,1,0,1,1,0,1,1,3,3,4,4,4,4,4,4,4,4,4,4,4,4,4,4,4,4,4,4,4,4,4,4,4,4,4,4,4,4,4,4,4,4,4,4,4,4,4,4,4,4,4,4,4,4,4,4,4,4,4,4,4,4,4,4,4,4,4,4,4,4,4,4,4,4,4,4,4,4,4,4,4,4,4,4,4,4,4,4,4,4,4,4,4,4,4,4,4,4,4,4,4,4,4,4,4,4,4,4,4,4,4,4,4,4,4,4,4,4,4,4,4,4,4,4,4,4,4,4,4,4,4,4,4,4,4,4,4,4,4,4,4,4,4,4,4,4,4,4,4,4,4,4,4,4,4,4,4,4,4,4,4,4,4,4,4,4,4,4,4,4,4,4,4,4,4,4,4,4,4,4,4,4,4,4,4,4,4,4,4,4,4,4,4,4,4,4,4,4,4,4,4,4,4,4,4,ABVP01000023.1/268817-268656,1
1105,0,2,0,3,2,1,3,1,0,3,3,1,4,1,0,3,4,1,3,4,1,3,3,0,3,2,3,3,4,1,2,1,1,3,4,4,4,4,4,4,4,4,4,4,4,4,4,4,4,4,4,4,4,4,4,4,3,0,4,4,4,4,4,4,4,4,4,4,4,4,4,4,4,4,4,4,4,4,4,2,3,2,1,1,3,1,0,3,0,0,0,1,3,1,1,4,2,2,0,4,0,3,2,0,1,2,1,0,4,4,4,4,2,0,2,1,1,2,4,4,3,3,3,0,1,2,2,3,2,1,3,3,0,3,1,2,3,1,1,4,0,1,3,2,0,4,1,0,2,0,3,2,3,1,4,4,4,4,4,4,4,4,4,2,1,3,3,0,3,4,4,4,2,1,1,4,4,4,4,4,4,4,4,4,4,4,4,4,4,4,4,4,4,4,4,4,4,4,4,4,4,4,4,4,4,4,4,4,3,4,4,1,0,3,1,0,4,2,0,1,0,1,4,4,1,0,4,3,2,2,0,1,0,1,0,0,1,2,3,3,2,0,4,4,4,4,4,2,3,2,0,0,2,1,0,1,1,1,0,1,3,3,4,4,4,4,4,4,4,4,4,4,4,4,4,4,4,4,4,4,4,4,4,4,4,4,4,4,4,4,4,4,4,4,4,4,4,4,4,4,4,4,4,4,4,4,4,4,4,4,4,4,4,4,4,4,4,4,4,4,4,4,4,4,4,4,4,4,4,4,4,4,4,4,4,4,4,4,4,4,4,4,4,4,4,4,4,4,4,4,4,4,4,4,4,4,4,4,4,4,4,4,4,4,4,4,4,4,4,4,4,4,4,4,4,4,4,4,4,4,4,4,4,4,4,4,4,4,4,4,4,4,4,4,4,4,4,4,4,4,4,4,4,4,4,4,4,4,4,4,4,4,4,4,4,4,4,4,4,4,4,4,4,4,4,4,4,4,4,4,4,4,4,4,4,4,4,4,4,4,4,4,4,4,4,4,4,4,4,4,4,4,4,4,4,4,4,AERO01000097.1/43450-43598,1
1106,0,2,3,2,2,1,3,1,0,3,3,1,4,0,1,1,4,2,0,4,1,3,3,0,3,2,3,1,4,0,2,1,4,4,4,4,1,1,1,3,3,4,1,2,2,4,4,4,4,4,4,2,0,1,2,3,4,4,4,4,4,4,4,4,4,4,4,4,4,4,4,4,4,4,4,4,4,4,4,4,4,2,1,3,0,1,0,3,0,0,0,0,3,4,3,4,1,2,0,4,0,3,2,0,1,2,1,0,4,4,4,4,1,0,0,4,4,4,4,4,4,4,1,0,0,2,2,3,2,1,1,3,2,1,1,2,3,1,1,0,0,1,3,3,4,4,1,3,2,0,3,0,3,1,0,4,4,4,4,4,4,4,4,2,1,2,3,0,4,4,4,4,2,1,3,4,4,4,4,4,4,4,4,4,4,4,4,4,4,4,4,4,4,4,4,4,4,4,4,4,4,4,4,4,4,4,4,4,0,4,4,3,0,3,1,0,4,0,1,1,0,3,4,4,1,4,4,4,2,2,2,1,2,0,0,0,1,2,3,1,2,0,4,4,4,4,4,2,3,3,0,2,2,1,0,1,1,2,1,1,3,3,4,4,4,4,4,4,4,4,4,4,4,4,4,4,4,4,4,4,4,4,4,4,4,4,4,4,4,4,4,4,4,4,4,4,4,4,4,4,4,4,4,4,4,4,4,4,4,4,4,4,4,4,4,4,4,4,4,4,4,4,4,4,4,4,4,4,4,4,4,4,4,4,4,4,4,4,4,4,4,4,4,4,4,4,4,4,4,4,4,4,4,4,4,4,4,4,4,4,4,4,4,4,4,4,4,4,4,4,4,4,4,4,4,4,4,4,4,4,4,4,4,4,4,4,4,4,4,4,4,4,4,4,4,4,4,4,4,4,4,4,4,4,4,4,4,4,4,4,4,4,4,4,4,4,4,4,4,4,4,4,4,4,4,4,4,4,4,4,4,4,4,4,4,4,4,4,4,4,4,4,4,4,4,4,4,4,4,4,4,4,4,4,4,4,4,ACXI01000078.1/37516-37369,1
1107,0,2,3,2,2,1,3,1,0,3,3,1,4,0,1,1,4,2,0,4,1,3,3,0,3,2,3,1,4,0,2,1,4,4,4,4,1,1,1,3,3,4,1,2,2,4,4,4,4,4,4,2,0,1,2,3,4,4,4,4,4,4,4,4,4,4,4,4,4,4,4,4,4,4,4,4,4,4,4,4,4,2,1,3,0,1,0,3,0,0,0,0,3,4,3,4,1,2,0,4,0,3,2,0,1,2,1,0,4,4,4,4,1,0,0,4,4,4,4,4,4,4,1,0,0,2,2,3,2,1,1,3,2,1,1,2,3,1,1,0,0,1,3,3,4,4,1,3,2,0,3,0,3,1,0,4,4,4,4,4,4,4,4,2,1,2,3,0,4,4,4,4,2,1,3,4,4,4,4,4,4,4,4,4,4,4,4,4,4,4,4,4,4,4,4,4,4,4,4,4,4,4,4,4,4,4,4,4,0,4,4,3,0,3,1,0,4,0,1,1,0,3,4,4,1,4,4,4,2,2,2,1,2,0,0,0,1,2,3,1,2,0,4,4,4,4,4,2,3,3,0,2,2,1,0,1,1,2,1,1,3,3,4,4,4,4,4,4,4,4,4,4,4,4,4,4,4,4,4,4,4,4,4,4,4,4,4,4,4,4,4,4,4,4,4,4,4,4,4,4,4,4,4,4,4,4,4,4,4,4,4,4,4,4,4,4,4,4,4,4,4,4,4,4,4,4,4,4,4,4,4,4,4,4,4,4,4,4,4,4,4,4,4,4,4,4,4,4,4,4,4,4,4,4,4,4,4,4,4,4,4,4,4,4,4,4,4,4,4,4,4,4,4,4,4,4,4,4,4,4,4,4,4,4,4,4,4,4,4,4,4,4,4,4,4,4,4,4,4,4,4,4,4,4,4,4,4,4,4,4,4,4,4,4,4,4,4,4,4,4,4,4,4,4,4,4,4,4,4,4,4,4,4,4,4,4,4,4,4,4,4,4,4,4,4,4,4,4,4,4,4,4,4,4,4,4,4,ADWT01000008.1/109771-109624,1
1108,0,2,0,3,2,1,3,1,0,3,3,1,4,1,0,3,4,1,3,4,1,3,3,0,3,2,3,3,4,1,2,1,1,3,4,4,4,4,4,4,4,4,4,4,4,4,4,4,4,4,4,4,4,4,4,4,3,0,4,4,4,4,4,4,4,4,4,4,4,4,4,4,4,4,4,4,4,4,4,2,3,2,1,1,3,1,0,3,0,0,0,1,3,1,1,4,2,2,0,4,0,3,2,0,1,2,1,0,4,4,4,4,2,0,2,1,1,2,4,4,3,3,3,0,1,2,2,3,2,1,3,3,0,3,1,2,3,1,1,4,0,1,3,2,0,4,1,0,2,0,3,2,3,1,4,4,4,4,4,4,4,4,4,2,1,3,3,0,3,4,4,4,2,1,1,4,4,4,4,4,4,4,4,4,4,4,4,4,4,4,4,4,4,4,4,4,4,4,4,4,4,4,4,4,4,4,4,4,3,4,4,1,0,3,1,0,4,2,0,1,0,1,4,4,1,0,4,3,2,2,0,1,0,1,0,0,1,2,3,3,2,0,4,4,4,4,4,2,3,2,0,0,2,1,0,1,1,1,0,1,3,3,4,4,4,4,4,4,4,4,4,4,4,4,4,4,4,4,4,4,4,4,4,4,4,4,4,4,4,4,4,4,4,4,4,4,4,4,4,4,4,4,4,4,4,4,4,4,4,4,4,4,4,4,4,4,4,4,4,4,4,4,4,4,4,4,4,4,4,4,4,4,4,4,4,4,4,4,4,4,4,4,4,4,4,4,4,4,4,4,4,4,4,4,4,4,4,4,4,4,4,4,4,4,4,4,4,4,4,4,4,4,4,4,4,4,4,4,4,4,4,4,4,4,4,4,4,4,4,4,4,4,4,4,4,4,4,4,4,4,4,4,4,4,4,4,4,4,4,4,4,4,4,4,4,4,4,4,4,4,4,4,4,4,4,4,4,4,4,4,4,4,4,4,4,4,4,4,4,4,4,4,4,4,4,4,4,4,4,4,4,4,4,4,4,4,4,ADTM01000121.1/631-779,1
1109,0,2,0,3,2,1,3,1,0,3,3,1,4,1,0,3,4,1,3,4,1,3,3,0,3,2,3,3,4,1,2,1,1,3,4,4,4,4,4,4,4,4,4,4,4,4,4,4,4,4,4,4,4,4,4,4,3,0,4,4,4,4,4,4,4,4,4,4,4,4,4,4,4,4,4,4,4,4,4,2,3,2,1,1,3,1,0,3,0,0,0,1,3,1,1,4,2,2,0,4,0,3,2,0,1,2,1,0,4,4,4,4,2,0,2,1,1,2,4,4,3,3,3,0,1,2,2,3,2,1,3,3,0,3,1,2,3,1,1,4,0,1,3,2,0,4,1,0,2,0,3,2,3,1,4,4,4,4,4,4,4,4,4,2,1,3,3,0,3,4,4,4,2,1,1,4,4,4,4,4,4,4,4,4,4,4,4,4,4,4,4,4,4,4,4,4,4,4,4,4,4,4,4,4,4,4,4,4,3,4,4,1,0,3,1,0,4,2,0,1,0,1,4,4,1,0,4,3,2,2,0,1,0,1,0,0,1,2,3,3,2,0,4,4,4,4,4,2,3,2,0,0,2,1,0,1,1,1,0,1,3,3,4,4,4,4,4,4,4,4,4,4,4,4,4,4,4,4,4,4,4,4,4,4,4,4,4,4,4,4,4,4,4,4,4,4,4,4,4,4,4,4,4,4,4,4,4,4,4,4,4,4,4,4,4,4,4,4,4,4,4,4,4,4,4,4,4,4,4,4,4,4,4,4,4,4,4,4,4,4,4,4,4,4,4,4,4,4,4,4,4,4,4,4,4,4,4,4,4,4,4,4,4,4,4,4,4,4,4,4,4,4,4,4,4,4,4,4,4,4,4,4,4,4,4,4,4,4,4,4,4,4,4,4,4,4,4,4,4,4,4,4,4,4,4,4,4,4,4,4,4,4,4,4,4,4,4,4,4,4,4,4,4,4,4,4,4,4,4,4,4,4,4,4,4,4,4,4,4,4,4,4,4,4,4,4,4,4,4,4,4,4,4,4,4,4,4,AP010953.1/4798637-4798489,1
1110,0,2,0,3,2,1,3,1,0,3,3,1,4,1,0,3,4,1,3,4,1,3,3,0,3,2,3,3,4,1,2,1,1,3,4,4,4,4,4,4,4,4,4,4,4,4,4,4,4,4,4,4,4,4,4,4,3,0,4,4,4,4,4,4,4,4,4,4,4,4,4,4,4,4,4,4,4,4,4,2,3,2,1,1,3,1,0,3,0,0,0,1,3,1,1,4,2,2,0,4,0,3,2,0,1,2,1,0,4,4,4,4,2,0,2,1,1,2,4,4,3,3,3,0,1,2,2,3,2,1,3,3,0,3,1,2,3,1,1,4,0,1,3,2,0,4,1,0,2,0,3,2,3,1,4,4,4,4,4,4,4,4,4,2,1,3,3,0,3,4,4,4,2,1,1,4,4,4,4,4,4,4,4,4,4,4,4,4,4,4,4,4,4,4,4,4,4,4,4,4,4,4,4,4,4,4,4,4,3,4,4,1,0,3,1,0,4,2,0,1,0,1,4,4,1,0,4,3,2,2,0,1,0,1,0,0,1,2,3,3,2,0,4,4,4,4,4,2,3,2,0,0,2,1,0,1,1,1,0,1,3,3,4,4,4,4,4,4,4,4,4,4,4,4,4,4,4,4,4,4,4,4,4,4,4,4,4,4,4,4,4,4,4,4,4,4,4,4,4,4,4,4,4,4,4,4,4,4,4,4,4,4,4,4,4,4,4,4,4,4,4,4,4,4,4,4,4,4,4,4,4,4,4,4,4,4,4,4,4,4,4,4,4,4,4,4,4,4,4,4,4,4,4,4,4,4,4,4,4,4,4,4,4,4,4,4,4,4,4,4,4,4,4,4,4,4,4,4,4,4,4,4,4,4,4,4,4,4,4,4,4,4,4,4,4,4,4,4,4,4,4,4,4,4,4,4,4,4,4,4,4,4,4,4,4,4,4,4,4,4,4,4,4,4,4,4,4,4,4,4,4,4,4,4,4,4,4,4,4,4,4,4,4,4,4,4,4,4,4,4,4,4,4,4,4,4,4,AE005174.2/4848836-4848984,1
1111,0,2,3,3,2,1,3,1,0,3,3,1,4,0,1,1,4,3,3,4,3,3,3,0,3,2,0,3,4,0,2,1,1,1,1,2,1,0,0,3,3,4,0,0,2,1,2,2,0,3,4,2,0,3,2,1,4,4,4,4,4,4,4,4,4,4,4,4,4,4,4,4,4,4,4,4,4,4,4,4,4,2,1,3,3,1,0,3,0,0,2,1,1,3,1,4,1,2,0,4,0,3,2,0,3,2,1,1,4,4,4,4,3,0,0,2,4,4,4,4,4,4,0,1,3,2,2,3,2,1,1,3,0,3,1,2,3,1,1,0,1,1,3,0,0,0,1,1,2,0,1,0,3,3,2,3,2,3,4,4,4,4,4,2,0,0,0,2,1,4,4,4,0,1,0,4,4,4,4,4,4,4,4,4,4,4,4,4,4,4,4,4,4,4,4,4,4,4,4,4,4,4,4,4,4,4,4,4,3,4,4,3,0,3,1,0,4,0,0,1,0,3,4,4,1,4,4,4,2,2,0,1,2,0,1,0,1,2,3,3,2,0,4,4,4,4,4,2,3,2,0,2,2,1,0,1,1,2,1,1,3,0,4,4,4,4,4,4,4,4,4,4,4,4,4,4,4,4,4,4,4,4,4,4,4,4,4,4,4,4,4,4,4,4,4,4,4,4,4,4,4,4,4,4,4,4,4,4,4,4,4,4,4,4,4,4,4,4,4,4,4,4,4,4,4,4,4,4,4,4,4,4,4,4,4,4,4,4,4,4,4,4,4,4,4,4,4,4,4,4,4,4,4,4,4,4,4,4,4,4,4,4,4,4,4,4,4,4,4,4,4,4,4,4,4,4,4,4,4,4,4,4,4,4,4,4,4,4,4,4,4,4,4,4,4,4,4,4,4,4,4,4,4,4,4,4,4,4,4,4,4,4,4,4,4,4,4,4,4,4,4,4,4,4,4,4,4,4,4,4,4,4,4,4,4,4,4,4,4,4,4,4,4,4,4,4,4,4,4,4,4,4,4,4,4,4,4,CP000950.1/1384237-1384401,1
1112,0,2,3,3,2,1,3,1,0,3,3,1,4,0,1,1,4,3,3,4,3,3,3,0,3,2,0,3,4,0,2,1,1,1,1,2,1,0,0,3,3,4,0,0,2,1,2,2,0,3,4,2,0,3,2,1,4,4,4,4,4,4,4,4,4,4,4,4,4,4,4,4,4,4,4,4,4,4,4,4,4,2,1,3,3,1,0,3,0,0,2,1,1,3,1,4,1,2,0,4,0,3,2,0,3,2,1,1,4,4,4,4,3,0,0,2,4,4,4,4,4,4,0,1,3,2,2,3,2,1,1,3,0,3,1,2,3,1,1,0,1,1,3,0,0,0,1,1,2,0,1,0,3,3,2,3,2,3,4,4,4,4,4,2,0,0,0,2,1,4,4,4,0,1,0,4,4,4,4,4,4,4,4,4,4,4,4,4,4,4,4,4,4,4,4,4,4,4,4,4,4,4,4,4,4,4,4,4,3,4,4,3,0,3,1,0,4,0,0,1,0,3,4,4,1,4,4,4,2,2,0,1,2,0,1,0,1,2,3,3,2,0,4,4,4,4,4,2,3,2,0,2,2,1,0,1,1,2,1,1,3,0,4,4,4,4,4,4,4,4,4,4,4,4,4,4,4,4,4,4,4,4,4,4,4,4,4,4,4,4,4,4,4,4,4,4,4,4,4,4,4,4,4,4,4,4,4,4,4,4,4,4,4,4,4,4,4,4,4,4,4,4,4,4,4,4,4,4,4,4,4,4,4,4,4,4,4,4,4,4,4,4,4,4,4,4,4,4,4,4,4,4,4,4,4,4,4,4,4,4,4,4,4,4,4,4,4,4,4,4,4,4,4,4,4,4,4,4,4,4,4,4,4,4,4,4,4,4,4,4,4,4,4,4,4,4,4,4,4,4,4,4,4,4,4,4,4,4,4,4,4,4,4,4,4,4,4,4,4,4,4,4,4,4,4,4,4,4,4,4,4,4,4,4,4,4,4,4,4,4,4,4,4,4,4,4,4,4,4,4,4,4,4,4,4,4,4,CP001608.1/3011219-3011055,1
1113,0,2,3,2,2,1,3,1,0,3,3,1,4,0,1,1,4,2,0,4,1,3,3,0,3,2,3,1,4,0,2,1,4,4,4,4,1,1,1,3,3,4,1,2,2,4,4,4,4,4,4,2,0,1,2,3,4,4,4,4,4,4,4,4,4,4,4,4,4,4,4,4,4,4,4,4,4,4,4,4,4,2,1,3,0,1,0,3,0,0,0,0,3,4,3,4,1,2,0,4,0,3,2,0,1,2,1,0,4,4,4,4,1,0,0,4,4,4,4,4,4,4,1,0,0,2,2,3,2,1,1,3,2,1,1,2,3,1,1,0,0,1,3,3,4,4,1,3,2,0,3,0,3,1,0,4,4,4,4,4,4,4,4,2,1,2,3,0,4,4,4,4,2,1,3,4,4,4,4,4,4,4,4,4,4,4,4,4,4,4,4,4,4,4,4,4,4,4,4,4,4,4,4,4,4,4,4,4,0,4,4,3,0,3,1,0,4,0,3,1,0,3,4,4,1,4,4,4,2,2,2,1,2,0,0,0,1,2,3,1,2,0,4,4,4,4,4,2,3,3,0,2,2,1,0,1,1,2,1,1,3,3,4,4,4,4,4,4,4,4,4,4,4,4,4,4,4,4,4,4,4,4,4,4,4,4,4,4,4,4,4,4,4,4,4,4,4,4,4,4,4,4,4,4,4,4,4,4,4,4,4,4,4,4,4,4,4,4,4,4,4,4,4,4,4,4,4,4,4,4,4,4,4,4,4,4,4,4,4,4,4,4,4,4,4,4,4,4,4,4,4,4,4,4,4,4,4,4,4,4,4,4,4,4,4,4,4,4,4,4,4,4,4,4,4,4,4,4,4,4,4,4,4,4,4,4,4,4,4,4,4,4,4,4,4,4,4,4,4,4,4,4,4,4,4,4,4,4,4,4,4,4,4,4,4,4,4,4,4,4,4,4,4,4,4,4,4,4,4,4,4,4,4,4,4,4,4,4,4,4,4,4,4,4,4,4,4,4,4,4,4,4,4,4,4,4,4,AEZR01000022.1/38583-38730,1
1114,0,2,3,2,2,1,3,1,0,3,3,1,4,0,1,1,4,2,0,4,1,3,3,0,3,2,3,1,4,0,2,1,4,4,4,4,1,1,1,3,3,4,1,2,2,4,4,4,4,4,4,2,0,1,2,3,4,4,4,4,4,4,4,4,4,4,4,4,4,4,4,4,4,4,4,4,4,4,4,4,4,2,1,3,0,1,0,3,0,0,0,0,3,4,3,4,1,2,0,4,0,3,2,0,1,2,1,0,4,4,4,4,1,0,0,4,4,4,4,4,4,4,1,0,0,2,2,3,2,1,1,3,2,1,1,2,3,1,1,0,0,1,3,3,4,4,1,3,2,0,3,0,3,1,0,4,4,4,4,4,4,4,4,2,1,2,3,0,4,4,4,4,2,1,3,4,4,4,4,4,4,4,4,4,4,4,4,4,4,4,4,4,4,4,4,4,4,4,4,4,4,4,4,4,4,4,4,4,0,4,4,3,0,3,1,0,4,0,1,1,0,3,4,4,1,4,4,4,2,2,2,1,2,0,0,0,1,2,3,1,2,0,4,4,4,4,4,2,3,3,0,2,2,1,0,1,1,2,1,1,3,3,4,4,4,4,4,4,4,4,4,4,4,4,4,4,4,4,4,4,4,4,4,4,4,4,4,4,4,4,4,4,4,4,4,4,4,4,4,4,4,4,4,4,4,4,4,4,4,4,4,4,4,4,4,4,4,4,4,4,4,4,4,4,4,4,4,4,4,4,4,4,4,4,4,4,4,4,4,4,4,4,4,4,4,4,4,4,4,4,4,4,4,4,4,4,4,4,4,4,4,4,4,4,4,4,4,4,4,4,4,4,4,4,4,4,4,4,4,4,4,4,4,4,4,4,4,4,4,4,4,4,4,4,4,4,4,4,4,4,4,4,4,4,4,4,4,4,4,4,4,4,4,4,4,4,4,4,4,4,4,4,4,4,4,4,4,4,4,4,4,4,4,4,4,4,4,4,4,4,4,4,4,4,4,4,4,4,4,4,4,4,4,4,4,4,4,AM946981.2/2557139-2556992,1
1115,0,2,3,2,2,1,3,1,0,3,3,1,4,0,1,1,4,3,3,4,1,3,3,0,3,2,3,1,4,0,2,1,4,4,4,4,1,1,1,3,3,4,0,2,2,4,4,4,4,4,4,2,0,1,2,1,4,4,4,4,4,4,4,4,4,4,4,4,4,4,4,4,4,4,4,4,4,4,4,4,4,2,1,3,0,1,0,3,0,0,0,1,3,4,3,4,1,2,0,4,0,3,2,0,1,2,1,0,4,4,4,4,1,0,0,4,4,4,4,4,4,4,1,0,0,2,2,3,2,1,1,3,2,1,1,2,3,1,1,0,0,1,3,3,4,4,1,3,2,0,3,0,0,3,0,4,4,4,4,4,4,4,4,2,1,2,3,0,4,4,4,4,2,1,3,4,4,4,4,4,4,4,4,4,4,4,4,4,4,4,4,4,4,4,4,4,4,4,4,4,4,4,4,4,4,4,4,4,3,4,4,3,0,3,1,0,4,0,1,1,3,1,4,4,1,4,4,4,2,2,2,1,2,0,0,0,1,2,3,1,2,0,4,4,4,4,4,2,3,3,0,2,2,1,0,1,1,2,1,1,3,3,4,4,4,4,4,4,4,4,4,4,4,4,4,4,4,4,4,4,4,4,4,4,4,4,4,4,4,4,4,4,4,4,4,4,4,4,4,4,4,4,4,4,4,4,4,4,4,4,4,4,4,4,4,4,4,4,4,4,4,4,4,4,4,4,4,4,4,4,4,4,4,4,4,4,4,4,4,4,4,4,4,4,4,4,4,4,4,4,4,4,4,4,4,4,4,4,4,4,4,4,4,4,4,4,4,4,4,4,4,4,4,4,4,4,4,4,4,4,4,4,4,4,4,4,4,4,4,4,4,4,4,4,4,4,4,4,4,4,4,4,4,4,4,4,4,4,4,4,4,4,4,4,4,4,4,4,4,4,4,4,4,4,4,4,4,4,4,4,4,4,4,4,4,4,4,4,4,4,4,4,4,4,4,4,4,4,4,4,4,4,4,4,4,4,4,AETF01000082.1/40318-40465,1
1116,0,2,0,3,2,1,3,1,0,3,3,1,4,1,0,3,4,1,3,4,1,3,3,0,3,2,3,3,4,1,2,1,1,3,4,4,4,4,4,4,4,4,4,4,4,4,4,4,4,4,4,4,4,4,4,4,3,0,4,4,4,4,4,4,4,4,4,4,4,4,4,4,4,4,4,4,4,4,4,2,3,2,1,1,3,1,0,3,0,0,0,1,3,1,1,4,2,2,0,4,0,3,2,0,1,2,1,0,4,4,4,4,2,0,2,1,1,2,4,4,3,3,3,0,1,2,2,3,2,1,3,3,0,3,1,2,3,1,1,4,0,1,3,2,0,4,1,0,2,0,3,2,3,1,4,4,4,4,4,4,4,4,4,2,1,3,3,0,3,4,4,4,2,1,1,4,4,4,4,4,4,4,4,4,4,4,4,4,4,4,4,4,4,4,4,4,4,4,4,4,4,4,4,4,4,4,4,4,3,4,4,1,0,3,1,0,4,2,0,1,0,1,4,4,1,0,4,3,2,2,0,1,0,1,0,0,1,2,3,3,2,0,4,4,4,4,4,2,3,2,0,0,2,1,0,1,1,1,0,1,3,3,4,4,4,4,4,4,4,4,4,4,4,4,4,4,4,4,4,4,4,4,4,4,4,4,4,4,4,4,4,4,4,4,4,4,4,4,4,4,4,4,4,4,4,4,4,4,4,4,4,4,4,4,4,4,4,4,4,4,4,4,4,4,4,4,4,4,4,4,4,4,4,4,4,4,4,4,4,4,4,4,4,4,4,4,4,4,4,4,4,4,4,4,4,4,4,4,4,4,4,4,4,4,4,4,4,4,4,4,4,4,4,4,4,4,4,4,4,4,4,4,4,4,4,4,4,4,4,4,4,4,4,4,4,4,4,4,4,4,4,4,4,4,4,4,4,4,4,4,4,4,4,4,4,4,4,4,4,4,4,4,4,4,4,4,4,4,4,4,4,4,4,4,4,4,4,4,4,4,4,4,4,4,4,4,4,4,4,4,4,4,4,4,4,4,4,ADWT01000015.1/37740-37888,1
1117,0,2,3,2,2,1,3,1,0,3,3,1,4,0,1,1,4,2,0,4,1,3,3,0,3,2,3,1,4,0,2,1,4,4,4,4,1,1,1,3,3,4,1,2,2,4,4,4,4,4,4,2,0,1,2,3,4,4,4,4,4,4,4,4,4,4,4,4,4,4,4,4,4,4,4,4,4,4,4,4,4,2,1,3,0,1,0,3,0,0,0,0,3,4,3,4,1,2,0,4,0,3,2,0,1,2,1,0,4,4,4,4,1,0,0,4,4,4,4,4,4,4,1,0,0,2,2,3,2,1,1,3,2,1,1,2,3,1,1,0,0,1,3,3,4,4,1,3,2,0,3,0,3,1,0,4,4,4,4,4,4,4,4,2,1,2,3,0,4,4,4,4,2,1,3,4,4,4,4,4,4,4,4,4,4,4,4,4,4,4,4,4,4,4,4,4,4,4,4,4,4,4,4,4,4,4,4,4,0,4,4,3,0,3,1,0,4,0,1,1,0,3,4,4,1,4,4,4,2,2,2,1,2,0,0,0,1,2,3,1,2,0,4,4,4,4,4,2,3,3,0,2,2,1,0,1,1,2,1,1,3,3,4,4,4,4,4,4,4,4,4,4,4,4,4,4,4,4,4,4,4,4,4,4,4,4,4,4,4,4,4,4,4,4,4,4,4,4,4,4,4,4,4,4,4,4,4,4,4,4,4,4,4,4,4,4,4,4,4,4,4,4,4,4,4,4,4,4,4,4,4,4,4,4,4,4,4,4,4,4,4,4,4,4,4,4,4,4,4,4,4,4,4,4,4,4,4,4,4,4,4,4,4,4,4,4,4,4,4,4,4,4,4,4,4,4,4,4,4,4,4,4,4,4,4,4,4,4,4,4,4,4,4,4,4,4,4,4,4,4,4,4,4,4,4,4,4,4,4,4,4,4,4,4,4,4,4,4,4,4,4,4,4,4,4,4,4,4,4,4,4,4,4,4,4,4,4,4,4,4,4,4,4,4,4,4,4,4,4,4,4,4,4,4,4,4,4,ABHK02000001.1/790055-789908,1
1118,0,2,0,3,2,1,3,1,0,3,3,1,4,1,0,1,4,3,1,4,1,3,3,0,3,2,0,1,4,0,2,4,4,4,4,4,4,4,4,4,4,4,4,4,4,4,4,4,4,4,4,4,4,4,4,4,1,0,3,4,4,4,4,4,4,4,4,4,4,4,4,4,4,4,4,4,4,0,3,2,0,4,1,3,3,1,0,3,0,0,0,1,1,3,0,4,2,2,0,4,0,3,2,0,3,2,1,0,4,4,4,4,2,0,2,1,1,2,0,3,3,0,3,3,1,2,2,3,2,1,1,3,0,4,1,2,3,1,1,0,1,2,3,3,0,4,0,1,2,0,3,2,0,0,1,4,4,4,4,4,4,4,4,4,4,4,4,0,3,4,4,4,1,0,3,4,4,4,4,4,4,4,4,4,4,4,4,4,4,4,4,4,4,4,4,4,4,4,4,4,4,4,4,4,4,4,4,4,3,4,4,1,0,3,1,0,4,3,1,0,0,1,4,4,0,4,4,4,2,2,0,1,2,0,0,0,1,2,3,3,2,0,4,4,4,4,4,2,3,2,0,2,2,1,0,1,1,0,3,1,1,2,4,4,4,4,4,4,4,4,4,4,4,4,4,4,4,4,4,4,4,4,4,4,4,4,4,4,4,4,4,4,4,4,4,4,4,4,4,4,4,4,4,4,4,4,4,4,4,4,4,4,4,4,4,4,4,4,4,4,4,4,4,4,4,4,4,4,4,4,4,4,4,4,4,4,4,4,4,4,4,4,4,4,4,4,4,4,4,4,4,4,4,4,4,4,4,4,4,4,4,4,4,4,4,4,4,4,4,4,4,4,4,4,4,4,4,4,4,4,4,4,4,4,4,4,4,4,4,4,4,4,4,4,4,4,4,4,4,4,4,4,4,4,4,4,4,4,4,4,4,4,4,4,4,4,4,4,4,4,4,4,4,4,4,4,4,4,4,4,4,4,4,4,4,4,4,4,4,4,4,4,4,4,4,4,4,4,4,4,4,4,4,4,4,4,4,ABVP01000019.1/54052-53908,1
1119,0,2,3,2,2,1,3,1,0,3,3,1,4,0,1,1,4,2,0,4,1,3,3,0,3,2,3,1,4,0,2,1,4,4,4,4,1,1,1,3,3,4,1,2,2,4,4,4,4,4,4,2,0,1,2,3,4,4,4,4,4,4,4,4,4,4,4,4,4,4,4,4,4,4,4,4,4,4,4,4,4,2,1,3,0,1,0,3,0,0,0,0,3,4,3,4,1,2,0,4,0,3,2,0,1,2,1,0,4,4,4,4,1,0,0,4,4,4,4,4,4,4,1,0,0,2,2,3,2,1,1,3,2,1,1,2,3,1,1,0,0,1,3,3,4,4,1,3,2,0,3,0,3,1,0,4,4,4,4,4,4,4,4,2,1,2,3,0,4,4,4,4,2,1,3,4,4,4,4,4,4,4,4,4,4,4,4,4,4,4,4,4,4,4,4,4,4,4,4,4,4,4,4,4,4,4,4,4,0,4,4,3,0,3,1,0,4,0,1,1,0,3,4,4,1,4,4,4,2,2,2,1,2,0,0,0,1,2,3,1,2,0,4,4,4,4,4,2,3,3,0,2,2,1,0,1,1,2,1,1,3,3,4,4,4,4,4,4,4,4,4,4,4,4,4,4,4,4,4,4,4,4,4,4,4,4,4,4,4,4,4,4,4,4,4,4,4,4,4,4,4,4,4,4,4,4,4,4,4,4,4,4,4,4,4,4,4,4,4,4,4,4,4,4,4,4,4,4,4,4,4,4,4,4,4,4,4,4,4,4,4,4,4,4,4,4,4,4,4,4,4,4,4,4,4,4,4,4,4,4,4,4,4,4,4,4,4,4,4,4,4,4,4,4,4,4,4,4,4,4,4,4,4,4,4,4,4,4,4,4,4,4,4,4,4,4,4,4,4,4,4,4,4,4,4,4,4,4,4,4,4,4,4,4,4,4,4,4,4,4,4,4,4,4,4,4,4,4,4,4,4,4,4,4,4,4,4,4,4,4,4,4,4,4,4,4,4,4,4,4,4,4,4,4,4,4,4,ADUR01000045.1/72622-72769,1
1120,0,2,3,2,2,1,3,1,0,3,3,1,4,0,1,1,4,2,0,4,1,3,3,0,3,2,3,1,4,0,2,1,4,4,4,4,1,1,1,3,3,4,1,2,2,4,4,4,4,4,4,2,0,1,2,3,4,4,4,4,4,4,4,4,4,4,4,4,4,4,4,4,4,4,4,4,4,4,4,4,4,2,1,3,0,1,0,3,0,0,0,0,3,4,0,4,1,2,0,4,0,3,2,0,1,2,1,0,4,4,4,4,1,0,0,4,4,4,4,4,4,4,1,0,0,2,2,3,2,1,1,3,2,1,1,2,3,1,1,0,0,1,3,3,4,4,1,3,2,0,3,0,3,1,0,4,4,4,4,4,4,4,4,2,1,2,3,0,4,4,4,4,2,1,3,4,4,4,4,4,4,4,4,4,4,4,4,4,4,4,4,4,4,4,4,4,4,4,4,4,4,4,4,4,4,4,4,4,0,4,4,3,0,3,1,0,4,0,1,1,0,3,4,4,1,4,4,4,2,2,2,1,2,0,0,0,1,2,3,1,2,0,4,4,4,4,4,2,3,3,0,2,2,1,0,1,1,2,1,1,3,3,4,4,4,4,4,4,4,4,4,4,4,4,4,4,4,4,4,4,4,4,4,4,4,4,4,4,4,4,4,4,4,4,4,4,4,4,4,4,4,4,4,4,4,4,4,4,4,4,4,4,4,4,4,4,4,4,4,4,4,4,4,4,4,4,4,4,4,4,4,4,4,4,4,4,4,4,4,4,4,4,4,4,4,4,4,4,4,4,4,4,4,4,4,4,4,4,4,4,4,4,4,4,4,4,4,4,4,4,4,4,4,4,4,4,4,4,4,4,4,4,4,4,4,4,4,4,4,4,4,4,4,4,4,4,4,4,4,4,4,4,4,4,4,4,4,4,4,4,4,4,4,4,4,4,4,4,4,4,4,4,4,4,4,4,4,4,4,4,4,4,4,4,4,4,4,4,4,4,4,4,4,4,4,4,4,4,4,4,4,4,4,4,4,4,4,AELD01000014.1/36017-36164,1
1121,0,2,3,2,2,1,3,1,0,3,3,1,4,0,1,1,4,2,0,4,1,3,3,0,3,2,3,1,4,0,2,1,4,4,4,4,1,1,1,3,3,4,1,2,2,4,4,4,4,4,4,2,0,1,2,3,4,4,4,4,4,4,4,4,4,4,4,4,4,4,4,4,4,4,4,4,4,4,4,4,4,2,1,3,0,1,0,3,0,0,0,0,3,4,3,4,1,2,0,4,0,3,2,0,1,2,1,0,4,4,4,4,1,0,0,4,4,4,4,4,4,4,1,0,0,2,2,3,2,1,1,3,2,1,1,2,3,1,1,0,0,1,3,3,4,4,1,3,2,0,3,0,3,1,0,4,4,4,4,4,4,4,4,2,1,2,3,0,4,4,4,4,2,1,3,4,4,4,4,4,4,4,4,4,4,4,4,4,4,4,4,4,4,4,4,4,4,4,4,4,4,4,4,4,4,4,4,4,0,4,4,3,0,3,1,0,4,0,1,1,0,3,4,4,1,4,4,4,2,2,2,1,2,0,0,0,1,2,3,1,2,0,4,4,4,4,4,2,3,3,0,2,2,1,0,1,1,2,1,1,3,3,4,4,4,4,4,4,4,4,4,4,4,4,4,4,4,4,4,4,4,4,4,4,4,4,4,4,4,4,4,4,4,4,4,4,4,4,4,4,4,4,4,4,4,4,4,4,4,4,4,4,4,4,4,4,4,4,4,4,4,4,4,4,4,4,4,4,4,4,4,4,4,4,4,4,4,4,4,4,4,4,4,4,4,4,4,4,4,4,4,4,4,4,4,4,4,4,4,4,4,4,4,4,4,4,4,4,4,4,4,4,4,4,4,4,4,4,4,4,4,4,4,4,4,4,4,4,4,4,4,4,4,4,4,4,4,4,4,4,4,4,4,4,4,4,4,4,4,4,4,4,4,4,4,4,4,4,4,4,4,4,4,4,4,4,4,4,4,4,4,4,4,4,4,4,4,4,4,4,4,4,4,4,4,4,4,4,4,4,4,4,4,4,4,4,4,AFVD01000021.1/214171-214024,1
1122,0,2,3,2,2,1,3,1,0,3,3,1,4,0,1,1,4,2,0,4,1,3,3,0,3,2,3,1,4,0,2,1,4,4,4,4,1,1,1,3,3,4,1,2,2,4,4,4,4,4,4,2,0,1,2,3,4,4,4,4,4,4,4,4,4,4,4,4,4,4,4,4,4,4,4,4,4,4,4,4,4,2,1,3,0,1,0,3,0,0,0,0,3,4,3,4,1,2,0,4,0,3,2,0,1,2,1,0,4,4,4,4,1,0,0,4,4,4,4,4,4,4,1,0,0,2,2,3,2,1,1,3,2,1,1,2,3,1,1,0,0,1,3,3,4,4,1,3,2,0,3,0,3,1,0,4,4,4,4,4,4,4,4,2,1,2,3,0,4,4,4,4,2,1,3,4,4,4,4,4,4,4,4,4,4,4,4,4,4,4,4,4,4,4,4,4,4,4,4,4,4,4,4,4,4,4,4,4,0,4,4,3,0,3,1,0,4,0,1,1,0,3,4,4,1,4,4,4,2,2,2,1,2,0,0,0,1,2,3,1,2,0,4,4,4,4,4,2,3,3,0,2,2,1,0,1,1,2,1,1,3,3,4,4,4,4,4,4,4,4,4,4,4,4,4,4,4,4,4,4,4,4,4,4,4,4,4,4,4,4,4,4,4,4,4,4,4,4,4,4,4,4,4,4,4,4,4,4,4,4,4,4,4,4,4,4,4,4,4,4,4,4,4,4,4,4,4,4,4,4,4,4,4,4,4,4,4,4,4,4,4,4,4,4,4,4,4,4,4,4,4,4,4,4,4,4,4,4,4,4,4,4,4,4,4,4,4,4,4,4,4,4,4,4,4,4,4,4,4,4,4,4,4,4,4,4,4,4,4,4,4,4,4,4,4,4,4,4,4,4,4,4,4,4,4,4,4,4,4,4,4,4,4,4,4,4,4,4,4,4,4,4,4,4,4,4,4,4,4,4,4,4,4,4,4,4,4,4,4,4,4,4,4,4,4,4,4,4,4,4,4,4,4,4,4,4,4,CP002516.1/1243436-1243583,1
1123,0,2,3,3,2,1,3,1,0,3,3,1,4,0,0,1,4,3,0,4,3,3,3,0,3,2,0,1,4,2,2,1,1,1,1,4,2,3,0,3,3,4,3,0,2,0,1,2,2,0,0,3,3,2,3,3,4,4,4,4,4,4,4,4,4,4,4,4,4,4,4,4,4,4,4,4,4,4,4,4,4,2,1,1,3,1,0,3,0,0,2,1,1,3,1,4,1,2,0,4,0,3,2,0,3,2,1,1,4,4,4,4,0,0,0,2,4,4,4,4,4,0,0,0,3,2,2,3,2,1,1,3,0,3,1,2,3,1,1,0,0,1,1,0,0,0,1,1,2,0,3,0,0,1,0,2,0,1,2,4,4,4,1,2,1,0,0,2,1,4,4,4,2,1,3,4,4,4,4,4,4,4,4,4,4,4,4,4,4,4,4,4,4,4,4,4,4,4,4,4,4,4,4,4,4,4,4,4,3,4,4,3,0,3,1,0,4,0,2,1,0,3,4,4,1,4,4,4,2,2,2,1,2,0,1,0,1,2,3,2,2,0,4,4,4,4,4,2,3,2,0,2,2,1,0,1,1,2,1,1,3,2,4,4,4,4,4,4,4,4,4,4,4,4,4,4,4,4,4,4,4,4,4,4,4,4,4,4,4,4,4,4,4,4,4,4,4,4,4,4,4,4,4,4,4,4,4,4,4,4,4,4,4,4,4,4,4,4,4,4,4,4,4,4,4,4,4,4,4,4,4,4,4,4,4,4,4,4,4,4,4,4,4,4,4,4,4,4,4,4,4,4,4,4,4,4,4,4,4,4,4,4,4,4,4,4,4,4,4,4,4,4,4,4,4,4,4,4,4,4,4,4,4,4,4,4,4,4,4,4,4,4,4,4,4,4,4,4,4,4,4,4,4,4,4,4,4,4,4,4,4,4,4,4,4,4,4,4,4,4,4,4,4,4,4,4,4,4,4,4,4,4,4,4,4,4,4,4,4,4,4,4,4,4,4,4,4,4,4,4,4,4,4,4,4,4,4,CP000826.1/4043314-4043147,1
1124,0,2,0,3,2,1,3,1,0,3,3,1,4,1,0,3,4,1,3,4,1,3,3,0,3,2,3,3,4,1,2,1,1,3,3,4,1,4,4,4,4,4,4,4,4,4,4,4,4,4,4,4,4,4,4,4,3,4,4,4,4,4,4,4,4,4,4,4,4,4,4,4,4,4,4,4,4,4,4,4,2,2,1,1,3,1,0,3,0,0,0,1,3,1,0,4,2,2,0,4,0,3,2,0,3,2,1,0,4,4,4,4,2,0,2,1,1,2,4,4,3,3,3,0,1,2,2,3,2,1,3,3,0,3,1,2,3,1,1,4,0,1,3,2,0,4,1,0,2,0,3,2,3,1,4,4,4,4,4,4,4,4,4,2,1,3,3,0,1,4,4,4,2,1,1,4,4,4,4,4,4,4,4,4,4,4,4,4,4,4,4,4,4,4,4,4,4,4,4,4,4,4,4,4,4,4,4,4,3,4,4,1,0,3,1,0,4,0,0,1,0,1,4,4,1,1,4,3,2,2,0,1,0,1,0,0,1,2,3,3,2,0,4,4,4,4,4,2,3,2,0,0,2,1,0,1,1,1,1,3,3,3,4,4,4,4,4,4,4,4,4,4,4,4,4,4,4,4,4,4,4,4,4,4,4,4,4,4,4,4,4,4,4,4,4,4,4,4,4,4,4,4,4,4,4,4,4,4,4,4,4,4,4,4,4,4,4,4,4,4,4,4,4,4,4,4,4,4,4,4,4,4,4,4,4,4,4,4,4,4,4,4,4,4,4,4,4,4,4,4,4,4,4,4,4,4,4,4,4,4,4,4,4,4,4,4,4,4,4,4,4,4,4,4,4,4,4,4,4,4,4,4,4,4,4,4,4,4,4,4,4,4,4,4,4,4,4,4,4,4,4,4,4,4,4,4,4,4,4,4,4,4,4,4,4,4,4,4,4,4,4,4,4,4,4,4,4,4,4,4,4,4,4,4,4,4,4,4,4,4,4,4,4,4,4,4,4,4,4,4,4,4,4,4,4,4,4,ABEH02000008.1/43033-43181,1
1125,0,2,3,2,2,1,3,1,0,3,3,1,4,0,1,1,4,1,2,4,2,3,3,0,3,2,0,1,4,0,2,1,1,4,4,4,1,3,2,1,3,4,1,0,0,2,1,2,2,0,4,1,0,0,2,3,4,4,4,4,4,4,4,4,4,4,4,4,4,4,4,4,4,4,4,4,4,4,4,4,4,2,1,4,1,1,0,3,0,0,1,0,3,4,3,4,1,2,0,4,0,3,2,0,1,2,1,0,4,4,4,4,1,0,0,4,4,4,4,4,4,4,3,0,1,2,2,3,2,1,1,3,2,3,1,2,3,1,1,0,1,1,1,1,2,4,1,1,2,0,3,0,0,3,1,2,3,3,1,4,4,0,1,4,4,4,3,3,3,2,3,2,2,1,2,4,4,4,4,4,4,4,4,4,4,4,4,4,4,4,4,4,4,4,4,4,4,4,4,4,4,4,4,4,4,4,4,4,3,4,4,3,0,3,1,0,4,2,0,1,0,3,4,4,1,4,4,4,2,2,0,1,2,1,3,0,1,2,3,3,2,0,4,4,4,4,4,2,3,1,0,2,2,3,0,1,1,0,3,1,3,0,4,4,4,4,4,4,4,4,4,4,4,4,4,4,4,4,4,4,4,4,4,4,4,4,4,4,4,4,4,4,4,4,4,4,4,4,4,4,4,4,4,4,4,4,4,4,4,4,4,4,4,4,4,4,4,4,4,4,4,4,4,4,4,4,4,4,4,4,4,4,4,4,4,4,4,4,4,4,4,4,4,4,4,4,4,4,4,4,4,4,4,4,4,4,4,4,4,4,4,4,4,4,4,4,4,4,4,4,4,4,4,4,4,4,4,4,4,4,4,4,4,4,4,4,4,4,4,4,4,4,4,4,4,4,4,4,4,4,4,4,4,4,4,4,4,4,4,4,4,4,4,4,4,4,4,4,4,4,4,4,4,4,4,4,4,4,4,4,4,4,4,4,4,4,4,4,4,4,4,4,4,4,4,4,4,4,4,4,4,4,4,4,4,4,4,FP236842.1/1169583-1169743,1
1126,0,2,0,3,2,1,3,1,0,3,1,1,4,1,0,1,4,3,3,4,0,3,3,0,3,2,0,1,4,0,2,1,3,3,2,2,1,1,0,3,3,4,0,0,2,2,1,3,0,4,4,0,3,3,3,0,4,4,4,4,4,4,4,4,4,4,4,4,4,4,4,4,4,4,4,4,4,4,4,4,4,2,1,3,3,1,0,3,0,0,0,1,1,1,0,4,2,2,2,4,0,3,2,0,1,2,1,0,4,4,4,4,2,0,2,1,1,2,0,3,3,3,3,0,2,0,2,3,2,1,1,3,0,3,3,2,3,1,1,0,3,2,3,0,0,4,1,1,2,0,3,2,3,3,4,4,4,4,4,4,4,4,4,2,0,2,3,0,4,4,4,4,0,3,2,4,4,4,4,4,4,4,4,4,4,4,4,4,4,4,4,4,4,4,4,4,4,4,4,4,4,4,4,4,4,4,4,4,3,4,4,1,0,3,1,0,4,1,0,3,0,1,4,4,1,4,4,4,2,2,2,1,0,3,0,0,1,2,3,3,2,0,4,4,4,4,4,2,3,2,0,2,2,1,0,1,3,2,0,3,0,3,4,4,4,4,4,4,4,4,4,4,4,4,4,4,4,4,4,4,4,4,4,4,4,4,4,4,4,4,4,4,4,4,4,4,4,4,4,4,4,4,4,4,4,4,4,4,4,4,4,4,4,4,4,4,4,4,4,4,4,4,4,4,4,4,4,4,4,4,4,4,4,4,4,4,4,4,4,4,4,4,4,4,4,4,4,4,4,4,4,4,4,4,4,4,4,4,4,4,4,4,4,4,4,4,4,4,4,4,4,4,4,4,4,4,4,4,4,4,4,4,4,4,4,4,4,4,4,4,4,4,4,4,4,4,4,4,4,4,4,4,4,4,4,4,4,4,4,4,4,4,4,4,4,4,4,4,4,4,4,4,4,4,4,4,4,4,4,4,4,4,4,4,4,4,4,4,4,4,4,4,4,4,4,4,4,4,4,4,4,4,4,4,4,4,4,AAYT01000013.1/571-734,1
1127,0,2,0,3,2,1,3,1,0,3,3,1,4,1,0,3,4,1,3,4,1,3,3,0,3,2,3,3,4,1,2,1,1,3,4,4,4,4,4,4,4,4,4,4,4,4,4,4,4,4,4,4,4,4,4,4,3,0,4,4,4,4,4,4,4,4,4,4,4,4,4,4,4,4,4,4,4,4,4,2,3,2,1,1,3,1,0,3,0,0,0,1,3,1,1,4,2,2,0,4,0,3,2,0,1,2,1,0,4,4,4,4,2,0,2,1,1,2,4,4,3,3,3,0,1,2,2,3,2,1,3,3,0,3,1,2,3,1,1,4,0,1,3,2,0,4,1,0,2,0,3,2,3,1,4,4,4,4,4,4,4,4,4,2,1,3,3,0,3,4,4,4,2,1,1,4,4,4,4,4,4,4,4,4,4,4,4,4,4,4,4,4,4,4,4,4,4,4,4,4,4,4,4,4,4,4,4,4,3,4,4,1,0,3,1,0,4,2,0,1,0,1,4,4,1,0,4,3,2,2,0,1,0,1,0,0,1,2,3,3,2,0,4,4,4,4,4,2,3,2,0,0,2,1,0,1,1,1,0,1,3,3,4,4,4,4,4,4,4,4,4,4,4,4,4,4,4,4,4,4,4,4,4,4,4,4,4,4,4,4,4,4,4,4,4,4,4,4,4,4,4,4,4,4,4,4,4,4,4,4,4,4,4,4,4,4,4,4,4,4,4,4,4,4,4,4,4,4,4,4,4,4,4,4,4,4,4,4,4,4,4,4,4,4,4,4,4,4,4,4,4,4,4,4,4,4,4,4,4,4,4,4,4,4,4,4,4,4,4,4,4,4,4,4,4,4,4,4,4,4,4,4,4,4,4,4,4,4,4,4,4,4,4,4,4,4,4,4,4,4,4,4,4,4,4,4,4,4,4,4,4,4,4,4,4,4,4,4,4,4,4,4,4,4,4,4,4,4,4,4,4,4,4,4,4,4,4,4,4,4,4,4,4,4,4,4,4,4,4,4,4,4,4,4,4,4,4,AFST01000018.2/55754-55606,1
1128,0,2,3,2,2,1,3,1,0,3,3,1,4,0,1,1,4,2,0,4,1,3,3,0,3,2,3,1,4,0,2,1,4,4,4,4,1,1,1,3,3,4,1,2,2,4,4,4,4,4,4,2,0,1,2,3,4,4,4,4,4,4,4,4,4,4,4,4,4,4,4,4,4,4,4,4,4,4,4,4,4,2,1,3,0,1,0,3,0,0,0,0,3,4,3,4,1,2,0,4,0,3,2,0,1,2,1,0,4,4,4,4,1,0,0,4,4,4,4,4,4,4,1,0,0,2,2,3,2,1,1,3,2,1,1,2,3,1,1,0,0,1,3,3,4,4,1,3,2,0,3,0,3,1,0,4,4,4,4,4,4,4,4,2,1,2,3,0,4,4,4,4,2,1,3,4,4,4,4,4,4,4,4,4,4,4,4,4,4,4,4,4,4,4,4,4,4,4,4,4,4,4,4,4,4,4,4,4,0,4,4,3,0,3,1,0,4,0,1,1,0,3,4,4,1,4,4,4,2,2,2,1,2,0,0,0,1,2,3,1,2,0,4,4,4,4,4,2,3,3,0,2,2,1,0,1,1,2,1,1,3,3,4,4,4,4,4,4,4,4,4,4,4,4,4,4,4,4,4,4,4,4,4,4,4,4,4,4,4,4,4,4,4,4,4,4,4,4,4,4,4,4,4,4,4,4,4,4,4,4,4,4,4,4,4,4,4,4,4,4,4,4,4,4,4,4,4,4,4,4,4,4,4,4,4,4,4,4,4,4,4,4,4,4,4,4,4,4,4,4,4,4,4,4,4,4,4,4,4,4,4,4,4,4,4,4,4,4,4,4,4,4,4,4,4,4,4,4,4,4,4,4,4,4,4,4,4,4,4,4,4,4,4,4,4,4,4,4,4,4,4,4,4,4,4,4,4,4,4,4,4,4,4,4,4,4,4,4,4,4,4,4,4,4,4,4,4,4,4,4,4,4,4,4,4,4,4,4,4,4,4,4,4,4,4,4,4,4,4,4,4,4,4,4,4,4,4,AEHV01000091.1/29674-29527,1
1129,0,2,3,2,2,1,3,1,0,3,3,1,4,0,1,1,4,2,0,4,1,3,3,0,3,2,3,1,4,0,2,1,4,4,4,4,1,1,1,3,3,4,1,2,2,4,4,4,4,4,4,2,0,1,2,3,4,4,4,4,4,4,4,4,4,4,4,4,4,4,4,4,4,4,4,4,4,4,4,4,4,2,1,3,0,1,0,3,0,0,0,0,3,4,3,4,1,2,0,4,0,3,2,0,1,2,1,0,4,4,4,4,1,0,0,4,4,4,4,4,4,4,1,0,0,2,2,3,2,1,1,3,2,1,1,2,3,1,1,0,0,1,3,3,4,4,1,3,2,0,3,0,3,1,0,4,4,4,4,4,4,4,4,2,1,2,3,0,4,4,4,4,2,1,3,4,4,4,4,4,4,4,4,4,4,4,4,4,4,4,4,4,4,4,4,4,4,4,4,4,4,4,4,4,4,4,4,4,0,4,4,3,0,3,1,0,4,0,1,1,0,3,4,4,1,4,4,4,2,2,2,1,2,0,0,0,1,2,3,1,2,0,4,4,4,4,4,2,3,3,0,2,2,1,0,1,1,2,1,1,3,3,4,4,4,4,4,4,4,4,4,4,4,4,4,4,4,4,4,4,4,4,4,4,4,4,4,4,4,4,4,4,4,4,4,4,4,4,4,4,4,4,4,4,4,4,4,4,4,4,4,4,4,4,4,4,4,4,4,4,4,4,4,4,4,4,4,4,4,4,4,4,4,4,4,4,4,4,4,4,4,4,4,4,4,4,4,4,4,4,4,4,4,4,4,4,4,4,4,4,4,4,4,4,4,4,4,4,4,4,4,4,4,4,4,4,4,4,4,4,4,4,4,4,4,4,4,4,4,4,4,4,4,4,4,4,4,4,4,4,4,4,4,4,4,4,4,4,4,4,4,4,4,4,4,4,4,4,4,4,4,4,4,4,4,4,4,4,4,4,4,4,4,4,4,4,4,4,4,4,4,4,4,4,4,4,4,4,4,4,4,4,4,4,4,4,4,AAJT02000073.1/1593-1740,1
1130,0,2,3,2,2,1,3,1,0,3,3,1,4,0,1,1,4,1,3,4,1,3,3,0,3,2,3,1,4,0,2,1,4,4,4,4,1,1,1,3,3,4,1,2,2,4,4,4,4,4,4,2,0,1,2,3,4,4,4,4,4,4,4,4,4,4,4,4,4,4,4,4,4,4,4,4,4,4,4,4,4,2,1,3,0,1,0,3,0,0,0,1,3,4,3,4,1,2,0,4,0,3,2,0,1,2,1,0,4,4,4,4,1,0,0,4,4,4,4,4,4,4,1,0,0,2,2,3,2,1,1,3,2,1,1,2,3,1,1,0,2,1,3,3,4,4,1,3,2,0,3,0,3,1,3,3,4,4,4,4,4,4,4,4,4,4,4,4,4,4,4,4,4,4,4,3,4,4,4,4,4,4,4,4,4,4,4,4,4,4,4,4,4,4,4,4,4,4,4,4,4,4,4,4,4,4,2,1,0,4,4,3,0,3,1,0,4,0,1,1,0,3,4,4,1,4,4,4,2,2,2,1,2,0,0,0,1,2,3,3,2,0,4,4,4,4,4,2,3,3,0,2,2,1,0,1,1,2,1,1,3,3,4,4,4,4,4,4,4,4,4,4,4,4,4,4,4,4,4,4,4,4,4,4,4,4,4,4,4,4,4,4,4,4,4,4,4,4,4,4,4,4,4,4,4,4,4,4,4,4,4,4,4,4,4,4,4,4,4,4,4,4,4,4,4,4,4,4,4,4,4,4,4,4,4,4,4,4,4,4,4,4,4,4,4,4,4,4,4,4,4,4,4,4,4,4,4,4,4,4,4,4,4,4,4,4,4,4,4,4,4,4,4,4,4,4,4,4,4,4,4,4,4,4,4,4,4,4,4,4,4,4,4,4,4,4,4,4,4,4,4,4,4,4,4,4,4,4,4,4,4,4,4,4,4,4,4,4,4,4,4,4,4,4,4,4,4,4,4,4,4,4,4,4,4,4,4,4,4,4,4,4,4,4,4,4,4,4,4,4,4,4,4,4,4,4,4,AGFT01009767.1/1867-1724,1
1131,0,2,3,2,2,1,3,1,0,3,3,1,4,0,1,1,4,2,0,4,1,3,3,0,3,2,3,1,4,0,2,1,4,4,4,4,1,1,1,3,3,4,1,2,2,4,4,4,4,4,4,2,0,1,2,3,4,4,4,4,4,4,4,4,4,4,4,4,4,4,4,4,4,4,4,4,4,4,4,4,4,2,1,3,0,1,0,3,0,0,0,0,3,4,3,4,1,2,0,4,0,3,2,0,1,2,1,0,4,4,4,4,1,0,0,4,4,4,4,4,4,4,1,0,0,2,2,3,2,1,1,3,2,1,1,2,3,1,1,0,0,1,3,3,4,4,1,3,2,0,3,0,3,1,0,4,4,4,4,4,4,4,4,2,1,2,3,0,4,4,4,4,2,1,3,4,4,4,4,4,4,4,4,4,4,4,4,4,4,4,4,4,4,4,4,4,4,4,4,4,4,4,4,4,4,4,4,4,0,4,4,3,0,3,1,0,4,0,1,1,0,3,4,4,1,4,4,4,2,2,2,1,2,0,0,0,1,2,3,1,2,0,4,4,4,4,4,2,3,3,0,2,2,1,0,1,1,2,1,1,3,3,4,4,4,4,4,4,4,4,4,4,4,4,4,4,4,4,4,4,4,4,4,4,4,4,4,4,4,4,4,4,4,4,4,4,4,4,4,4,4,4,4,4,4,4,4,4,4,4,4,4,4,4,4,4,4,4,4,4,4,4,4,4,4,4,4,4,4,4,4,4,4,4,4,4,4,4,4,4,4,4,4,4,4,4,4,4,4,4,4,4,4,4,4,4,4,4,4,4,4,4,4,4,4,4,4,4,4,4,4,4,4,4,4,4,4,4,4,4,4,4,4,4,4,4,4,4,4,4,4,4,4,4,4,4,4,4,4,4,4,4,4,4,4,4,4,4,4,4,4,4,4,4,4,4,4,4,4,4,4,4,4,4,4,4,4,4,4,4,4,4,4,4,4,4,4,4,4,4,4,4,4,4,4,4,4,4,4,4,4,4,4,4,4,4,4,AEUB01000016.1/102235-102088,1
1132,0,2,0,3,2,1,3,1,0,3,3,1,4,1,0,3,4,1,3,4,1,3,3,0,3,2,3,3,4,1,2,1,1,3,4,4,4,4,4,4,4,4,4,4,4,4,4,4,4,4,4,4,4,4,4,4,3,0,4,4,4,4,4,4,4,4,4,4,4,4,4,4,4,4,4,4,4,4,4,2,3,2,1,1,3,1,0,3,0,0,0,1,3,1,1,4,2,2,0,4,0,3,2,0,1,2,1,0,4,4,4,4,2,0,2,1,1,2,4,4,3,3,3,0,1,2,2,3,2,1,3,3,0,3,1,2,3,1,1,4,0,1,3,2,0,4,1,0,2,0,3,2,3,1,4,4,4,4,4,4,4,4,4,2,1,3,3,0,3,4,4,4,2,1,1,4,4,4,4,4,4,4,4,4,4,4,4,4,4,4,4,4,4,4,4,4,4,4,4,4,4,4,4,4,4,4,4,4,3,4,4,1,0,3,1,0,4,2,0,1,0,1,4,4,1,0,4,3,2,2,0,1,0,1,0,0,1,2,3,3,2,0,4,4,4,4,4,2,3,2,0,0,2,1,0,1,1,1,0,1,3,3,4,4,4,4,4,4,4,4,4,4,4,4,4,4,4,4,4,4,4,4,4,4,4,4,4,4,4,4,4,4,4,4,4,4,4,4,4,4,4,4,4,4,4,4,4,4,4,4,4,4,4,4,4,4,4,4,4,4,4,4,4,4,4,4,4,4,4,4,4,4,4,4,4,4,4,4,4,4,4,4,4,4,4,4,4,4,4,4,4,4,4,4,4,4,4,4,4,4,4,4,4,4,4,4,4,4,4,4,4,4,4,4,4,4,4,4,4,4,4,4,4,4,4,4,4,4,4,4,4,4,4,4,4,4,4,4,4,4,4,4,4,4,4,4,4,4,4,4,4,4,4,4,4,4,4,4,4,4,4,4,4,4,4,4,4,4,4,4,4,4,4,4,4,4,4,4,4,4,4,4,4,4,4,4,4,4,4,4,4,4,4,4,4,4,4,ADUX01000936.1/3657-3805,1
1133,0,2,3,2,2,1,3,1,0,3,3,1,4,0,1,1,4,3,3,4,1,3,3,0,3,2,3,1,4,0,2,1,4,4,4,4,1,1,1,3,3,4,0,2,2,4,4,4,4,4,4,2,0,3,2,1,4,4,4,4,4,4,4,4,4,4,4,4,4,4,4,4,4,4,4,4,4,4,4,4,4,2,1,3,0,1,0,3,0,0,0,1,3,4,3,4,1,2,0,4,0,3,2,0,1,2,1,0,4,4,4,4,1,0,0,4,4,4,4,4,4,4,1,0,0,2,2,3,2,1,1,3,2,1,1,2,3,1,1,0,0,1,3,3,4,4,1,3,2,0,3,0,0,3,0,4,4,4,4,4,4,4,4,2,1,2,3,0,4,4,4,4,2,1,3,4,4,4,4,4,4,4,4,4,4,4,4,4,4,4,4,4,4,4,4,4,4,4,4,4,4,4,4,4,4,4,4,4,3,4,4,3,0,3,1,0,4,0,1,1,3,1,4,4,1,4,4,4,2,2,2,1,2,0,0,0,1,2,3,1,2,0,4,4,4,4,4,2,3,3,0,2,2,1,0,1,1,2,1,1,3,3,4,4,4,4,4,4,4,4,4,4,4,4,4,4,4,4,4,4,4,4,4,4,4,4,4,4,4,4,4,4,4,4,4,4,4,4,4,4,4,4,4,4,4,4,4,4,4,4,4,4,4,4,4,4,4,4,4,4,4,4,4,4,4,4,4,4,4,4,4,4,4,4,4,4,4,4,4,4,4,4,4,4,4,4,4,4,4,4,4,4,4,4,4,4,4,4,4,4,4,4,4,4,4,4,4,4,4,4,4,4,4,4,4,4,4,4,4,4,4,4,4,4,4,4,4,4,4,4,4,4,4,4,4,4,4,4,4,4,4,4,4,4,4,4,4,4,4,4,4,4,4,4,4,4,4,4,4,4,4,4,4,4,4,4,4,4,4,4,4,4,4,4,4,4,4,4,4,4,4,4,4,4,4,4,4,4,4,4,4,4,4,4,4,4,4,ABEJ01000017.1/53627-53480,1
1134,0,2,3,2,2,1,3,1,0,3,3,1,4,0,1,1,4,2,0,4,1,3,3,0,3,2,3,1,4,0,2,1,4,4,4,4,1,1,1,3,3,4,1,2,2,4,4,4,4,4,4,2,0,1,2,3,4,4,4,4,4,4,4,4,4,4,4,4,4,4,4,4,4,4,4,4,4,4,4,4,4,2,1,3,0,1,0,3,0,0,0,0,3,4,3,4,1,2,0,4,0,3,2,0,1,2,1,0,4,4,4,4,1,0,0,4,4,4,4,4,4,4,1,0,0,2,2,3,2,1,1,3,2,1,1,2,3,1,1,0,0,1,3,3,4,4,1,3,2,0,3,0,3,1,0,4,4,4,4,4,4,4,4,2,1,3,3,0,4,4,4,4,2,1,3,4,4,4,4,4,4,4,4,4,4,4,4,4,4,4,4,4,4,4,4,4,4,4,4,4,4,4,4,4,4,4,4,4,0,4,4,3,0,3,1,0,4,0,1,1,1,3,4,4,1,4,4,4,2,2,2,1,2,0,0,0,1,2,3,1,2,0,4,4,4,4,4,2,3,3,0,2,2,1,0,1,1,2,1,1,3,3,4,4,4,4,4,4,4,4,4,4,4,4,4,4,4,4,4,4,4,4,4,4,4,4,4,4,4,4,4,4,4,4,4,4,4,4,4,4,4,4,4,4,4,4,4,4,4,4,4,4,4,4,4,4,4,4,4,4,4,4,4,4,4,4,4,4,4,4,4,4,4,4,4,4,4,4,4,4,4,4,4,4,4,4,4,4,4,4,4,4,4,4,4,4,4,4,4,4,4,4,4,4,4,4,4,4,4,4,4,4,4,4,4,4,4,4,4,4,4,4,4,4,4,4,4,4,4,4,4,4,4,4,4,4,4,4,4,4,4,4,4,4,4,4,4,4,4,4,4,4,4,4,4,4,4,4,4,4,4,4,4,4,4,4,4,4,4,4,4,4,4,4,4,4,4,4,4,4,4,4,4,4,4,4,4,4,4,4,4,4,4,4,4,4,4,AEVY01000007.1/33388-33535,1
1135,0,2,0,3,2,1,3,1,0,3,3,1,4,1,0,3,4,1,3,4,1,3,3,0,3,2,3,3,4,1,2,1,1,3,4,4,4,4,4,4,4,4,4,4,4,4,4,4,4,4,4,4,4,4,4,4,3,0,4,4,4,4,4,4,4,4,4,4,4,4,4,4,4,4,4,4,4,4,4,2,3,2,1,1,3,1,0,3,0,0,0,1,3,1,1,4,2,2,0,4,0,3,2,0,1,2,1,0,4,4,4,4,2,0,2,1,1,2,4,4,3,3,3,0,1,2,2,3,2,1,3,3,0,3,1,2,3,1,1,4,0,1,3,2,0,4,1,0,2,0,3,2,3,1,4,4,4,4,4,4,4,4,4,2,1,3,3,0,3,4,4,4,2,1,1,4,4,4,4,4,4,4,4,4,4,4,4,4,4,4,4,4,4,4,4,4,4,4,4,4,4,4,4,4,4,4,4,4,3,4,4,1,0,3,1,0,4,2,0,1,0,1,4,4,1,0,4,3,2,2,0,1,0,1,0,0,1,2,3,3,2,0,4,4,4,4,4,2,3,2,0,0,2,1,0,1,1,1,0,1,3,3,4,4,4,4,4,4,4,4,4,4,4,4,4,4,4,4,4,4,4,4,4,4,4,4,4,4,4,4,4,4,4,4,4,4,4,4,4,4,4,4,4,4,4,4,4,4,4,4,4,4,4,4,4,4,4,4,4,4,4,4,4,4,4,4,4,4,4,4,4,4,4,4,4,4,4,4,4,4,4,4,4,4,4,4,4,4,4,4,4,4,4,4,4,4,4,4,4,4,4,4,4,4,4,4,4,4,4,4,4,4,4,4,4,4,4,4,4,4,4,4,4,4,4,4,4,4,4,4,4,4,4,4,4,4,4,4,4,4,4,4,4,4,4,4,4,4,4,4,4,4,4,4,4,4,4,4,4,4,4,4,4,4,4,4,4,4,4,4,4,4,4,4,4,4,4,4,4,4,4,4,4,4,4,4,4,4,4,4,4,4,4,4,4,4,4,AEZI01000034.1/203825-203973,1
1136,0,2,3,2,2,1,3,1,0,3,3,1,4,0,1,1,4,2,0,4,1,3,3,0,3,2,3,1,4,0,2,1,4,4,4,4,1,1,1,3,3,4,1,2,2,4,4,4,4,4,4,2,0,1,2,3,4,4,4,4,4,4,4,4,4,4,4,4,4,4,4,4,4,4,4,4,4,4,4,4,4,2,1,3,0,1,0,3,0,0,0,0,3,4,3,4,1,2,0,4,0,3,2,0,1,2,1,0,4,4,4,4,1,0,0,4,4,4,4,4,4,4,1,0,0,2,2,3,2,1,1,3,2,1,1,2,3,1,1,0,0,1,3,3,4,4,1,3,2,0,3,0,3,1,0,4,4,4,4,4,4,4,4,2,1,2,3,0,4,4,4,4,2,1,3,4,4,4,4,4,4,4,4,4,4,4,4,4,4,4,4,4,4,4,4,4,4,4,4,4,4,4,4,4,4,4,4,4,0,4,4,3,0,3,1,0,4,0,1,1,0,3,4,4,1,4,4,4,2,2,2,1,2,0,0,0,1,2,3,1,2,0,4,4,4,4,4,2,3,3,0,2,2,1,0,1,1,2,1,1,3,3,4,4,4,4,4,4,4,4,4,4,4,4,4,4,4,4,4,4,4,4,4,4,4,4,4,4,4,4,4,4,4,4,4,4,4,4,4,4,4,4,4,4,4,4,4,4,4,4,4,4,4,4,4,4,4,4,4,4,4,4,4,4,4,4,4,4,4,4,4,4,4,4,4,4,4,4,4,4,4,4,4,4,4,4,4,4,4,4,4,4,4,4,4,4,4,4,4,4,4,4,4,4,4,4,4,4,4,4,4,4,4,4,4,4,4,4,4,4,4,4,4,4,4,4,4,4,4,4,4,4,4,4,4,4,4,4,4,4,4,4,4,4,4,4,4,4,4,4,4,4,4,4,4,4,4,4,4,4,4,4,4,4,4,4,4,4,4,4,4,4,4,4,4,4,4,4,4,4,4,4,4,4,4,4,4,4,4,4,4,4,4,4,4,4,4,ADTX01000257.1/12987-13134,1
1137,0,2,0,3,2,1,3,1,0,3,3,1,4,1,0,3,4,1,3,4,1,3,3,0,3,2,3,3,4,1,2,1,1,3,3,4,1,4,4,4,4,4,4,4,4,4,4,4,4,4,4,4,4,4,4,4,3,4,4,4,4,4,4,4,4,4,4,4,4,4,4,4,4,4,4,4,4,4,4,4,2,2,1,1,3,1,0,3,0,0,0,1,3,1,0,4,2,2,0,4,0,3,2,0,3,2,1,0,4,4,4,4,2,0,2,1,1,2,4,4,3,3,3,0,1,2,2,3,2,1,3,3,0,3,1,2,3,1,1,4,0,1,3,2,0,4,1,0,2,0,3,2,3,1,4,4,4,4,4,4,4,4,4,2,1,3,3,0,1,4,4,4,2,1,1,4,4,4,4,4,4,4,4,4,4,4,4,4,4,4,4,4,4,4,4,4,4,4,4,4,4,4,4,4,4,4,4,4,3,4,4,1,0,3,1,0,4,0,0,1,0,1,4,4,1,1,4,3,2,2,0,1,0,1,0,0,1,2,3,3,2,0,4,4,4,4,4,2,3,2,0,0,2,1,0,1,1,1,1,3,3,3,4,4,4,4,4,4,4,4,4,4,4,4,4,4,4,4,4,4,4,4,4,4,4,4,4,4,4,4,4,4,4,4,4,4,4,4,4,4,4,4,4,4,4,4,4,4,4,4,4,4,4,4,4,4,4,4,4,4,4,4,4,4,4,4,4,4,4,4,4,4,4,4,4,4,4,4,4,4,4,4,4,4,4,4,4,4,4,4,4,4,4,4,4,4,4,4,4,4,4,4,4,4,4,4,4,4,4,4,4,4,4,4,4,4,4,4,4,4,4,4,4,4,4,4,4,4,4,4,4,4,4,4,4,4,4,4,4,4,4,4,4,4,4,4,4,4,4,4,4,4,4,4,4,4,4,4,4,4,4,4,4,4,4,4,4,4,4,4,4,4,4,4,4,4,4,4,4,4,4,4,4,4,4,4,4,4,4,4,4,4,4,4,4,4,4,ABAO01000030.1/336-484,1
1138,0,2,3,3,2,1,3,1,0,3,3,1,4,0,1,1,4,3,1,4,3,3,3,0,3,2,0,3,4,0,2,3,1,1,1,2,1,1,2,3,0,4,3,0,2,1,2,2,0,0,4,3,0,3,2,1,4,4,4,4,4,4,4,4,4,4,4,4,4,4,4,4,4,4,4,4,4,4,4,4,4,0,1,3,3,1,0,3,0,0,2,1,1,0,1,4,1,2,0,4,0,3,2,0,3,2,1,1,4,4,4,4,3,0,0,2,4,4,4,4,4,4,0,1,3,2,2,3,2,1,1,3,0,3,1,2,3,1,1,0,1,1,1,0,0,4,1,1,2,0,3,0,3,3,2,3,2,3,4,4,4,4,4,2,0,0,3,2,1,4,4,4,0,1,0,4,4,4,4,4,4,4,4,4,4,4,4,4,4,4,4,4,4,4,4,4,4,4,4,4,4,4,4,4,4,4,4,4,3,4,4,3,0,3,1,0,4,0,0,1,0,3,4,4,1,4,4,4,2,2,0,1,2,0,1,0,1,2,3,3,2,0,4,4,4,4,4,2,3,2,0,2,2,1,2,1,1,2,1,1,3,0,4,4,4,4,4,4,4,4,4,4,4,4,4,4,4,4,4,4,4,4,4,4,4,4,4,4,4,4,4,4,4,4,4,4,4,4,4,4,4,4,4,4,4,4,4,4,4,4,4,4,4,4,4,4,4,4,4,4,4,4,4,4,4,4,4,4,4,4,4,4,4,4,4,4,4,4,4,4,4,4,4,4,4,4,4,4,4,4,4,4,4,4,4,4,4,4,4,4,4,4,4,4,4,4,4,4,4,4,4,4,4,4,4,4,4,4,4,4,4,4,4,4,4,4,4,4,4,4,4,4,4,4,4,4,4,4,4,4,4,4,4,4,4,4,4,4,4,4,4,4,4,4,4,4,4,4,4,4,4,4,4,4,4,4,4,4,4,4,4,4,4,4,4,4,4,4,4,4,4,4,4,4,4,4,4,4,4,4,4,4,4,4,4,4,4,CACW01000008.1/209311-209148,1
1139,0,2,0,3,2,1,3,1,0,3,3,1,4,1,0,1,4,1,3,4,3,1,3,0,3,2,3,3,4,3,2,1,3,1,4,4,4,4,4,4,4,4,4,4,4,4,4,4,4,4,4,4,4,4,4,4,1,4,4,4,4,4,4,4,4,4,4,4,4,4,4,4,4,4,4,4,4,4,4,4,2,2,1,3,3,1,0,3,0,0,3,1,1,3,2,4,2,2,0,4,0,3,2,0,1,2,1,0,4,4,4,4,2,0,2,1,1,0,4,0,3,3,3,0,0,2,2,3,2,1,1,3,0,3,2,2,3,1,1,0,0,3,3,1,4,4,4,4,4,4,4,4,4,4,4,4,4,4,4,4,4,4,4,4,4,4,4,4,4,4,4,4,4,4,4,1,0,2,0,3,2,0,0,2,0,3,2,1,2,0,0,3,1,3,1,1,0,2,1,2,2,0,3,3,3,3,3,1,4,4,4,4,4,4,4,4,4,4,4,4,4,4,4,4,4,4,4,4,2,2,0,1,0,1,0,0,1,2,3,3,2,0,4,4,4,4,4,2,3,2,0,2,2,1,0,1,1,0,0,3,1,2,4,4,4,4,4,4,4,4,4,4,4,4,4,4,4,4,4,4,4,4,4,4,4,4,4,4,4,4,4,4,4,4,4,4,4,4,4,4,4,4,4,4,4,4,4,4,4,4,4,4,4,4,4,4,4,4,4,4,4,4,4,4,4,4,4,4,4,4,4,4,4,4,4,4,4,4,4,4,4,4,4,4,4,4,4,4,4,4,4,4,4,4,4,4,4,4,4,4,4,4,4,4,4,4,4,4,4,4,4,4,4,4,4,4,4,4,4,4,4,4,4,4,4,4,4,4,4,4,4,4,4,4,4,4,4,4,4,4,4,4,4,4,4,4,4,4,4,4,4,4,4,4,4,4,4,4,4,4,4,4,4,4,4,4,4,4,4,4,4,4,4,4,4,4,4,4,4,4,4,4,4,4,4,4,4,4,4,4,4,4,4,4,4,4,4,AFWW01000001.1/318249-318398,1
1140,0,2,3,2,2,1,3,1,0,3,3,1,4,0,1,1,4,2,0,4,1,3,3,0,3,2,3,1,4,0,2,1,4,4,4,4,1,1,1,3,3,4,1,2,2,4,4,4,4,4,4,2,0,1,2,3,4,4,4,4,4,4,4,4,4,4,4,4,4,4,4,4,4,4,4,4,4,4,4,4,4,2,1,3,0,1,0,3,0,0,0,0,3,4,3,4,1,2,0,4,0,3,2,0,1,2,1,0,4,4,4,4,1,0,0,4,4,4,4,4,4,4,1,0,0,2,2,3,2,1,1,3,2,1,1,2,3,1,1,0,0,1,3,3,4,4,1,3,2,0,3,0,3,1,0,4,4,4,4,4,4,4,4,2,1,2,3,0,4,4,4,4,2,1,3,4,4,4,4,4,4,4,4,4,4,4,4,4,4,4,4,4,4,4,4,4,4,4,4,4,4,4,4,4,4,4,4,4,0,4,4,3,0,3,1,0,4,0,1,1,0,3,4,4,1,4,4,4,2,2,2,1,2,0,0,0,1,2,3,1,2,0,4,4,4,4,4,2,3,3,0,2,2,1,0,1,1,2,1,1,3,3,4,4,4,4,4,4,4,4,4,4,4,4,4,4,4,4,4,4,4,4,4,4,4,4,4,4,4,4,4,4,4,4,4,4,4,4,4,4,4,4,4,4,4,4,4,4,4,4,4,4,4,4,4,4,4,4,4,4,4,4,4,4,4,4,4,4,4,4,4,4,4,4,4,4,4,4,4,4,4,4,4,4,4,4,4,4,4,4,4,4,4,4,4,4,4,4,4,4,4,4,4,4,4,4,4,4,4,4,4,4,4,4,4,4,4,4,4,4,4,4,4,4,4,4,4,4,4,4,4,4,4,4,4,4,4,4,4,4,4,4,4,4,4,4,4,4,4,4,4,4,4,4,4,4,4,4,4,4,4,4,4,4,4,4,4,4,4,4,4,4,4,4,4,4,4,4,4,4,4,4,4,4,4,4,4,4,4,4,4,4,4,4,4,4,4,ADUA01000051.1/12997-13144,1
1141,0,2,0,3,2,1,3,1,0,3,3,1,4,1,0,3,4,1,3,4,1,3,3,0,3,2,3,3,4,1,2,1,1,3,4,4,4,4,4,4,4,4,4,4,4,4,4,4,4,4,4,4,4,4,4,4,3,0,4,4,4,4,4,4,4,4,4,4,4,4,4,4,4,4,4,4,4,4,4,2,3,2,1,1,3,1,0,3,0,0,0,1,3,1,1,4,2,2,0,4,0,3,2,0,1,2,1,0,4,4,4,4,2,0,2,1,1,2,4,4,3,3,3,0,1,2,2,3,2,1,3,3,0,3,1,2,3,1,1,4,0,1,3,2,0,4,1,0,2,0,3,2,3,1,4,4,4,4,4,4,4,4,4,2,1,3,3,0,3,4,4,4,2,1,1,4,4,4,4,4,4,4,4,4,4,4,4,4,4,4,4,4,4,4,4,4,4,4,4,4,4,4,4,4,4,4,4,4,3,4,4,1,0,3,1,0,4,2,0,1,0,1,4,4,1,0,4,3,2,2,0,1,0,1,0,0,1,2,3,3,2,0,4,4,4,4,4,2,3,2,0,0,2,1,0,1,1,1,0,1,3,3,4,4,4,4,4,4,4,4,4,4,4,4,4,4,4,4,4,4,4,4,4,4,4,4,4,4,4,4,4,4,4,4,4,4,4,4,4,4,4,4,4,4,4,4,4,4,4,4,4,4,4,4,4,4,4,4,4,4,4,4,4,4,4,4,4,4,4,4,4,4,4,4,4,4,4,4,4,4,4,4,4,4,4,4,4,4,4,4,4,4,4,4,4,4,4,4,4,4,4,4,4,4,4,4,4,4,4,4,4,4,4,4,4,4,4,4,4,4,4,4,4,4,4,4,4,4,4,4,4,4,4,4,4,4,4,4,4,4,4,4,4,4,4,4,4,4,4,4,4,4,4,4,4,4,4,4,4,4,4,4,4,4,4,4,4,4,4,4,4,4,4,4,4,4,4,4,4,4,4,4,4,4,4,4,4,4,4,4,4,4,4,4,4,4,4,FN554766.1/4451788-4451936,1
1142,0,2,3,2,2,1,3,1,0,3,3,1,4,0,1,1,4,2,0,4,1,3,3,0,3,2,3,1,4,0,2,1,4,4,4,4,1,1,1,3,3,4,1,2,2,4,4,4,4,4,4,2,0,1,2,3,4,4,4,4,4,4,4,4,4,4,4,4,4,4,4,4,4,4,4,4,4,4,4,4,4,2,1,3,0,1,0,3,0,0,0,0,3,4,3,4,1,2,0,4,0,3,2,0,1,2,1,0,4,4,4,4,1,0,0,4,4,4,4,4,4,4,1,0,0,2,2,3,2,1,1,3,2,1,1,2,3,1,1,0,0,1,3,3,4,4,1,3,2,0,3,0,3,1,0,4,4,4,4,4,4,4,4,2,1,2,3,0,4,4,4,4,2,1,3,4,4,4,4,4,4,4,4,4,4,4,4,4,4,4,4,4,4,4,4,4,4,4,4,4,4,4,4,4,4,4,4,4,0,4,4,3,0,3,1,0,4,0,1,1,0,3,4,4,1,4,4,4,2,2,2,1,2,0,0,0,1,2,3,1,2,0,4,4,4,4,4,2,3,3,0,2,2,1,0,1,1,2,1,1,3,3,4,4,4,4,4,4,4,4,4,4,4,4,4,4,4,4,4,4,4,4,4,4,4,4,4,4,4,4,4,4,4,4,4,4,4,4,4,4,4,4,4,4,4,4,4,4,4,4,4,4,4,4,4,4,4,4,4,4,4,4,4,4,4,4,4,4,4,4,4,4,4,4,4,4,4,4,4,4,4,4,4,4,4,4,4,4,4,4,4,4,4,4,4,4,4,4,4,4,4,4,4,4,4,4,4,4,4,4,4,4,4,4,4,4,4,4,4,4,4,4,4,4,4,4,4,4,4,4,4,4,4,4,4,4,4,4,4,4,4,4,4,4,4,4,4,4,4,4,4,4,4,4,4,4,4,4,4,4,4,4,4,4,4,4,4,4,4,4,4,4,4,4,4,4,4,4,4,4,4,4,4,4,4,4,4,4,4,4,4,4,4,4,4,4,4,CP000819.1/2612039-2611892,1
1143,0,2,3,2,2,1,3,1,0,3,3,1,4,0,1,1,4,3,3,4,1,3,3,0,3,2,3,1,4,0,2,1,4,4,4,4,1,1,1,3,3,4,0,2,2,4,4,4,4,4,4,2,0,1,2,1,4,4,4,4,4,4,4,4,4,4,4,4,4,4,4,4,4,4,4,4,4,4,4,4,4,2,1,3,0,1,0,3,0,0,0,1,3,4,3,4,1,2,0,4,0,3,2,0,1,2,1,0,4,4,4,4,1,0,0,4,4,4,4,4,4,4,1,0,0,2,2,3,2,1,1,3,2,1,1,2,3,1,1,0,0,1,3,3,4,4,1,3,2,0,3,0,0,3,0,4,4,4,4,4,4,4,4,2,1,2,3,0,4,4,4,4,2,1,3,4,4,4,4,4,4,4,4,4,4,4,4,4,4,4,4,4,4,4,4,4,4,4,4,4,4,4,4,4,4,4,4,4,3,4,4,3,0,3,1,0,4,0,1,1,3,1,4,4,1,4,4,4,2,2,2,1,2,0,0,0,1,2,3,1,2,0,4,4,4,4,4,2,3,3,0,2,2,1,0,1,1,2,1,1,3,3,4,4,4,4,4,4,4,4,4,4,4,4,4,4,4,4,4,4,4,4,4,4,4,4,4,4,4,4,4,4,4,4,4,4,4,4,4,4,4,4,4,4,4,4,4,4,4,4,4,4,4,4,4,4,4,4,4,4,4,4,4,4,4,4,4,4,4,4,4,4,4,4,4,4,4,4,4,4,4,4,4,4,4,4,4,4,4,4,4,4,4,4,4,4,4,4,4,4,4,4,4,4,4,4,4,4,4,4,4,4,4,4,4,4,4,4,4,4,4,4,4,4,4,4,4,4,4,4,4,4,4,4,4,4,4,4,4,4,4,4,4,4,4,4,4,4,4,4,4,4,4,4,4,4,4,4,4,4,4,4,4,4,4,4,4,4,4,4,4,4,4,4,4,4,4,4,4,4,4,4,4,4,4,4,4,4,4,4,4,4,4,4,4,4,4,AETU01000049.1/40153-40300,1
1144,0,2,0,3,2,1,3,1,0,3,3,1,4,1,0,3,4,1,3,4,1,3,3,0,3,2,3,3,4,1,2,1,1,3,4,4,4,4,4,4,4,4,4,4,4,4,4,4,4,4,4,4,4,4,4,4,3,0,4,4,4,4,4,4,4,4,4,4,4,4,4,4,4,4,4,4,4,4,4,2,3,2,1,1,3,1,0,3,0,0,0,1,3,1,1,4,2,2,0,4,0,3,2,0,1,2,1,0,4,4,4,4,2,0,2,1,1,2,4,4,3,3,3,0,1,2,2,3,2,1,3,3,0,3,1,2,3,1,1,4,0,1,3,2,0,4,1,0,2,0,3,2,3,1,4,4,4,4,4,4,4,4,4,2,1,3,3,0,3,4,4,4,2,1,1,4,4,4,4,4,4,4,4,4,4,4,4,4,4,4,4,4,4,4,4,4,4,4,4,4,4,4,4,4,4,4,4,4,3,4,4,1,0,3,1,0,4,2,0,1,0,1,4,4,1,0,4,3,2,2,0,1,0,1,0,0,1,2,3,3,2,0,4,4,4,4,4,2,3,2,0,0,2,1,0,1,1,1,0,1,3,3,4,4,4,4,4,4,4,4,4,4,4,4,4,4,4,4,4,4,4,4,4,4,4,4,4,4,4,4,4,4,4,4,4,4,4,4,4,4,4,4,4,4,4,4,4,4,4,4,4,4,4,4,4,4,4,4,4,4,4,4,4,4,4,4,4,4,4,4,4,4,4,4,4,4,4,4,4,4,4,4,4,4,4,4,4,4,4,4,4,4,4,4,4,4,4,4,4,4,4,4,4,4,4,4,4,4,4,4,4,4,4,4,4,4,4,4,4,4,4,4,4,4,4,4,4,4,4,4,4,4,4,4,4,4,4,4,4,4,4,4,4,4,4,4,4,4,4,4,4,4,4,4,4,4,4,4,4,4,4,4,4,4,4,4,4,4,4,4,4,4,4,4,4,4,4,4,4,4,4,4,4,4,4,4,4,4,4,4,4,4,4,4,4,4,4,AFOB02000113.1/40867-41015,1
1145,0,2,3,2,2,1,3,1,0,3,3,1,4,0,1,1,4,2,0,4,1,3,3,0,3,2,3,1,4,0,2,1,4,4,4,4,1,1,1,3,3,4,1,2,2,4,4,4,4,4,4,2,0,1,2,3,4,4,4,4,4,4,4,4,4,4,4,4,4,4,4,4,4,4,4,4,4,4,4,4,4,2,1,3,0,1,0,3,0,0,0,0,3,4,3,4,1,2,0,4,0,3,2,0,1,2,1,0,4,4,4,4,1,0,0,4,4,4,4,4,4,4,1,0,0,2,2,3,4,4,4,4,4,4,4,4,4,4,4,4,4,4,4,4,4,4,4,4,4,4,4,4,4,4,4,4,4,4,4,4,4,4,4,4,4,4,4,4,4,4,4,4,4,4,4,4,4,4,4,4,4,4,4,4,4,4,4,4,4,4,4,4,4,4,4,4,4,4,4,4,4,4,4,4,4,4,4,4,4,4,4,4,4,4,4,4,4,4,4,4,4,4,4,4,4,4,4,4,4,4,4,4,4,4,4,4,4,4,4,4,4,4,2,1,4,1,3,4,4,4,4,4,4,4,2,1,1,2,3,1,1,0,4,4,4,4,4,4,4,4,4,4,4,4,4,4,4,4,4,4,4,4,4,4,4,4,4,4,4,4,4,4,4,4,4,4,4,4,4,4,4,4,4,4,4,4,4,4,4,4,4,4,4,4,4,4,4,4,4,4,4,4,4,4,4,4,4,4,4,4,4,4,4,4,4,4,4,4,4,4,4,4,4,4,4,4,4,4,4,4,4,4,4,4,4,4,4,4,4,4,4,4,4,4,4,4,4,4,4,4,4,4,4,4,4,4,4,4,4,4,4,4,4,4,4,4,4,4,4,4,4,4,4,4,4,4,4,4,4,4,4,4,4,4,4,4,4,4,4,4,4,4,4,4,4,4,4,4,4,4,4,4,4,4,4,4,4,4,4,4,4,4,4,4,4,4,4,4,4,4,4,4,4,4,4,4,4,4,4,4,4,4,4,4,4,4,4,AFRO01000588.1/2424-2509,1
1146,0,2,3,2,2,1,3,1,0,3,3,1,4,0,1,1,4,2,0,4,1,3,3,0,3,2,3,1,4,0,2,1,4,4,4,4,1,1,1,3,3,4,1,2,2,4,4,4,4,4,4,2,0,1,2,3,4,4,4,4,4,4,4,4,4,4,4,4,4,4,4,4,4,4,4,4,4,4,4,4,4,2,1,3,0,1,0,3,0,0,0,0,3,4,3,4,1,2,0,4,0,3,2,0,1,2,1,0,4,4,4,4,1,0,0,4,4,4,4,4,4,4,1,0,0,2,2,3,2,1,1,3,2,1,1,2,3,1,1,0,0,1,3,3,4,4,1,3,2,0,3,0,3,1,0,4,4,4,4,4,4,4,4,2,1,2,3,0,4,4,4,4,2,1,3,4,4,4,4,4,4,4,4,4,4,4,4,4,4,4,4,4,4,4,4,4,4,4,4,4,4,4,4,4,4,4,4,4,0,4,4,3,0,3,1,0,4,0,1,1,0,3,4,4,1,4,4,4,2,2,2,1,2,0,0,0,1,2,3,1,2,0,4,4,4,4,4,2,3,3,0,2,2,1,0,1,1,2,1,1,3,3,4,4,4,4,4,4,4,4,4,4,4,4,4,4,4,4,4,4,4,4,4,4,4,4,4,4,4,4,4,4,4,4,4,4,4,4,4,4,4,4,4,4,4,4,4,4,4,4,4,4,4,4,4,4,4,4,4,4,4,4,4,4,4,4,4,4,4,4,4,4,4,4,4,4,4,4,4,4,4,4,4,4,4,4,4,4,4,4,4,4,4,4,4,4,4,4,4,4,4,4,4,4,4,4,4,4,4,4,4,4,4,4,4,4,4,4,4,4,4,4,4,4,4,4,4,4,4,4,4,4,4,4,4,4,4,4,4,4,4,4,4,4,4,4,4,4,4,4,4,4,4,4,4,4,4,4,4,4,4,4,4,4,4,4,4,4,4,4,4,4,4,4,4,4,4,4,4,4,4,4,4,4,4,4,4,4,4,4,4,4,4,4,4,4,4,AEYT01000033.1/58641-58494,1
1147,0,2,0,3,2,1,3,1,0,3,3,1,4,1,0,3,4,1,3,4,1,3,3,0,3,2,3,3,4,1,2,1,1,3,3,4,1,4,4,4,4,4,4,4,4,4,4,4,4,4,4,4,4,4,4,4,3,4,4,4,4,4,4,4,4,4,4,4,4,4,4,4,4,4,4,4,4,4,4,4,2,2,1,1,3,1,0,3,0,0,0,1,3,1,0,4,2,2,0,4,0,3,2,0,3,2,1,0,4,4,4,4,2,0,2,1,1,2,4,4,3,3,3,0,1,2,2,3,2,1,3,3,0,3,1,2,3,1,1,4,0,1,3,2,0,4,1,0,2,0,3,2,3,1,4,4,4,4,4,4,4,4,4,2,1,3,3,0,1,4,4,4,2,1,1,4,4,4,4,4,4,4,4,4,4,4,4,4,4,4,4,4,4,4,4,4,4,4,4,4,4,4,4,4,4,4,4,4,3,4,4,1,0,3,1,0,4,0,0,1,0,1,4,4,1,1,4,3,2,2,0,1,0,1,0,0,1,2,3,3,2,0,4,4,4,4,4,2,3,2,0,0,2,1,0,1,1,1,1,3,3,3,4,4,4,4,4,4,4,4,4,4,4,4,4,4,4,4,4,4,4,4,4,4,4,4,4,4,4,4,4,4,4,4,4,4,4,4,4,4,4,4,4,4,4,4,4,4,4,4,4,4,4,4,4,4,4,4,4,4,4,4,4,4,4,4,4,4,4,4,4,4,4,4,4,4,4,4,4,4,4,4,4,4,4,4,4,4,4,4,4,4,4,4,4,4,4,4,4,4,4,4,4,4,4,4,4,4,4,4,4,4,4,4,4,4,4,4,4,4,4,4,4,4,4,4,4,4,4,4,4,4,4,4,4,4,4,4,4,4,4,4,4,4,4,4,4,4,4,4,4,4,4,4,4,4,4,4,4,4,4,4,4,4,4,4,4,4,4,4,4,4,4,4,4,4,4,4,4,4,4,4,4,4,4,4,4,4,4,4,4,4,4,4,4,4,4,AETU01000117.1/53203-53055,1
1148,0,2,0,3,2,1,3,1,0,3,1,1,4,1,0,1,4,3,3,4,0,3,3,0,3,2,0,1,4,0,2,1,1,3,2,4,2,3,3,3,3,4,3,0,3,0,2,1,1,0,4,0,3,3,2,3,4,4,4,4,4,4,4,4,4,4,4,4,4,4,4,4,4,4,4,4,4,4,4,4,4,2,1,3,3,1,0,3,0,0,0,1,1,1,0,4,2,2,2,4,0,3,2,0,3,2,1,0,4,4,4,4,2,0,2,1,1,2,0,3,3,3,3,0,2,2,2,3,2,1,1,3,0,3,3,2,3,1,1,0,3,2,3,0,0,4,0,1,2,0,3,2,3,3,4,4,4,4,4,4,4,4,4,2,0,0,3,0,4,4,4,4,3,1,3,4,4,4,4,4,4,4,4,4,4,4,4,4,4,4,4,4,4,4,4,4,4,4,4,4,4,4,4,4,4,4,4,4,3,4,4,1,0,3,1,0,4,1,0,3,0,1,4,4,1,4,4,4,2,2,2,1,0,0,0,0,1,2,3,3,2,0,4,4,4,4,4,2,3,2,0,2,2,1,2,1,1,2,0,1,0,3,4,4,4,4,4,4,4,4,4,4,4,4,4,4,4,4,4,4,4,4,4,4,4,4,4,4,4,4,4,4,4,4,4,4,4,4,4,4,4,4,4,4,4,4,4,4,4,4,4,4,4,4,4,4,4,4,4,4,4,4,4,4,4,4,4,4,4,4,4,4,4,4,4,4,4,4,4,4,4,4,4,4,4,4,4,4,4,4,4,4,4,4,4,4,4,4,4,4,4,4,4,4,4,4,4,4,4,4,4,4,4,4,4,4,4,4,4,4,4,4,4,4,4,4,4,4,4,4,4,4,4,4,4,4,4,4,4,4,4,4,4,4,4,4,4,4,4,4,4,4,4,4,4,4,4,4,4,4,4,4,4,4,4,4,4,4,4,4,4,4,4,4,4,4,4,4,4,4,4,4,4,4,4,4,4,4,4,4,4,4,4,4,4,4,4,AALE02000016.1/52980-53143,1
1149,0,2,3,2,2,1,3,1,0,3,3,1,4,0,1,1,4,2,0,4,1,3,3,0,3,2,3,1,4,0,2,1,4,4,4,4,1,1,1,3,3,4,1,2,2,4,4,4,4,4,4,2,0,1,2,3,4,4,4,4,4,4,4,4,4,4,4,4,4,4,4,4,4,4,4,4,4,4,4,4,4,2,1,3,0,1,0,3,0,0,0,0,3,4,3,4,1,2,0,4,0,3,2,0,1,2,1,0,4,4,4,4,1,0,0,4,4,4,4,4,4,4,1,0,0,2,2,3,2,1,1,3,2,1,1,2,3,1,1,0,0,1,3,3,4,4,1,3,2,0,3,0,3,1,0,4,4,4,4,4,4,4,4,2,1,2,3,0,4,4,4,4,2,1,3,4,4,4,4,4,4,4,4,4,4,4,4,4,4,4,4,4,4,4,4,4,4,4,4,4,4,4,4,4,4,4,4,4,0,4,4,3,0,3,1,0,4,0,1,1,0,3,4,4,1,4,4,4,2,2,2,1,2,0,0,0,1,2,3,1,2,0,4,4,4,4,4,2,3,3,0,2,2,1,0,1,1,2,1,1,3,3,4,4,4,4,4,4,4,4,4,4,4,4,4,4,4,4,4,4,4,4,4,4,4,4,4,4,4,4,4,4,4,4,4,4,4,4,4,4,4,4,4,4,4,4,4,4,4,4,4,4,4,4,4,4,4,4,4,4,4,4,4,4,4,4,4,4,4,4,4,4,4,4,4,4,4,4,4,4,4,4,4,4,4,4,4,4,4,4,4,4,4,4,4,4,4,4,4,4,4,4,4,4,4,4,4,4,4,4,4,4,4,4,4,4,4,4,4,4,4,4,4,4,4,4,4,4,4,4,4,4,4,4,4,4,4,4,4,4,4,4,4,4,4,4,4,4,4,4,4,4,4,4,4,4,4,4,4,4,4,4,4,4,4,4,4,4,4,4,4,4,4,4,4,4,4,4,4,4,4,4,4,4,4,4,4,4,4,4,4,4,4,4,4,4,4,AFGZ01000052.1/314986-314839,1
1150,0,2,0,3,2,1,3,1,0,3,3,1,4,1,0,3,4,1,3,4,1,3,3,0,3,2,3,3,4,1,2,1,1,3,3,4,1,4,4,4,4,4,4,4,4,4,4,4,4,4,4,4,4,4,4,4,3,4,4,4,4,4,4,4,4,4,4,4,4,4,4,4,4,4,4,4,4,4,4,4,2,2,1,1,3,1,0,3,0,0,0,1,3,1,0,4,2,2,0,4,0,3,2,0,3,2,1,0,4,4,4,4,2,0,2,1,1,2,4,4,3,3,3,0,1,2,2,3,2,1,3,3,0,3,1,2,3,1,1,4,0,1,3,2,0,4,1,0,2,0,3,2,3,1,4,4,4,4,4,4,4,4,4,2,1,3,3,0,1,4,4,4,2,1,1,4,4,4,4,4,4,4,4,4,4,4,4,4,4,4,4,4,4,4,4,4,4,4,4,4,4,4,4,4,4,4,4,4,3,4,4,1,0,3,1,0,4,0,0,1,0,1,4,4,1,1,4,3,2,2,0,1,0,1,0,0,1,2,3,3,2,0,4,4,4,4,4,2,3,2,0,0,2,1,0,1,1,1,1,3,3,3,4,4,4,4,4,4,4,4,4,4,4,4,4,4,4,4,4,4,4,4,4,4,4,4,4,4,4,4,4,4,4,4,4,4,4,4,4,4,4,4,4,4,4,4,4,4,4,4,4,4,4,4,4,4,4,4,4,4,4,4,4,4,4,4,4,4,4,4,4,4,4,4,4,4,4,4,4,4,4,4,4,4,4,4,4,4,4,4,4,4,4,4,4,4,4,4,4,4,4,4,4,4,4,4,4,4,4,4,4,4,4,4,4,4,4,4,4,4,4,4,4,4,4,4,4,4,4,4,4,4,4,4,4,4,4,4,4,4,4,4,4,4,4,4,4,4,4,4,4,4,4,4,4,4,4,4,4,4,4,4,4,4,4,4,4,4,4,4,4,4,4,4,4,4,4,4,4,4,4,4,4,4,4,4,4,4,4,4,4,4,4,4,4,4,4,AEUK01000029.1/119022-119170,1
1151,0,2,3,2,2,1,3,1,0,3,3,1,4,0,1,1,4,2,0,4,1,3,3,0,3,2,3,1,4,0,2,1,4,4,4,4,1,1,1,3,3,4,1,2,2,4,4,4,4,4,4,2,0,1,2,3,4,4,4,4,4,4,4,4,4,4,4,4,4,4,4,4,4,4,4,4,4,4,4,4,4,2,1,3,0,1,0,3,0,0,0,0,3,4,3,4,1,2,0,4,0,3,2,0,1,2,1,0,4,4,4,4,1,0,0,4,4,4,4,4,4,4,1,0,0,2,2,3,2,1,1,3,2,1,1,2,3,1,1,0,0,1,3,3,4,4,1,3,2,0,3,0,3,1,0,4,4,4,4,4,4,4,4,2,1,2,3,0,4,4,4,4,2,1,3,4,4,4,4,4,4,4,4,4,4,4,4,4,4,4,4,4,4,4,4,4,4,4,4,4,4,4,4,4,4,4,4,4,0,4,4,3,0,3,1,0,4,0,1,1,0,3,4,4,1,4,4,4,2,2,2,1,2,0,0,0,1,2,3,1,2,0,4,4,4,4,4,2,3,3,0,2,2,1,0,1,1,2,1,1,3,3,4,4,4,4,4,4,4,4,4,4,4,4,4,4,4,4,4,4,4,4,4,4,4,4,4,4,4,4,4,4,4,4,4,4,4,4,4,4,4,4,4,4,4,4,4,4,4,4,4,4,4,4,4,4,4,4,4,4,4,4,4,4,4,4,4,4,4,4,4,4,4,4,4,4,4,4,4,4,4,4,4,4,4,4,4,4,4,4,4,4,4,4,4,4,4,4,4,4,4,4,4,4,4,4,4,4,4,4,4,4,4,4,4,4,4,4,4,4,4,4,4,4,4,4,4,4,4,4,4,4,4,4,4,4,4,4,4,4,4,4,4,4,4,4,4,4,4,4,4,4,4,4,4,4,4,4,4,4,4,4,4,4,4,4,4,4,4,4,4,4,4,4,4,4,4,4,4,4,4,4,4,4,4,4,4,4,4,4,4,4,4,4,4,4,4,AFDR01000021.1/37524-37377,1
1152,0,2,3,2,2,1,3,1,0,3,3,1,4,0,1,1,4,3,3,4,1,3,3,0,3,2,3,1,4,0,2,1,4,4,4,4,1,1,1,3,3,4,0,2,2,4,4,4,4,4,4,2,0,1,2,1,4,4,4,4,4,4,4,4,4,4,4,4,4,4,4,4,4,4,4,4,4,4,4,4,4,2,1,3,0,1,0,3,0,0,0,1,3,4,3,4,1,2,0,4,0,3,2,0,1,2,1,0,4,4,4,4,1,0,0,4,4,4,4,4,4,4,1,0,0,2,2,3,2,1,1,3,2,1,1,2,3,1,1,0,0,1,3,3,4,4,1,3,2,0,3,0,0,1,0,4,4,4,4,4,4,4,4,2,1,2,3,0,4,4,4,4,2,1,3,4,4,4,4,4,4,4,4,4,4,4,4,4,4,4,4,4,4,4,4,4,4,4,4,4,4,4,4,4,4,4,4,4,3,4,4,3,0,3,1,0,4,0,1,1,3,1,4,4,1,4,4,4,2,2,2,1,2,0,0,0,1,2,3,1,2,0,4,4,4,4,4,2,3,3,0,2,2,1,0,1,1,2,1,1,3,3,4,4,4,4,4,4,4,4,4,4,4,4,4,4,4,4,4,4,4,4,4,4,4,4,4,4,4,4,4,4,4,4,4,4,4,4,4,4,4,4,4,4,4,4,4,4,4,4,4,4,4,4,4,4,4,4,4,4,4,4,4,4,4,4,4,4,4,4,4,4,4,4,4,4,4,4,4,4,4,4,4,4,4,4,4,4,4,4,4,4,4,4,4,4,4,4,4,4,4,4,4,4,4,4,4,4,4,4,4,4,4,4,4,4,4,4,4,4,4,4,4,4,4,4,4,4,4,4,4,4,4,4,4,4,4,4,4,4,4,4,4,4,4,4,4,4,4,4,4,4,4,4,4,4,4,4,4,4,4,4,4,4,4,4,4,4,4,4,4,4,4,4,4,4,4,4,4,4,4,4,4,4,4,4,4,4,4,4,4,4,4,4,4,4,4,AE006468.1/2707847-2707700,1
1153,0,2,3,3,2,1,3,1,0,3,3,1,4,0,0,1,0,3,3,4,0,3,3,0,3,2,3,1,4,2,2,3,1,1,0,4,1,4,0,3,3,4,0,2,2,2,3,2,2,2,4,0,0,1,0,3,4,4,4,4,4,4,4,4,4,4,4,4,4,4,4,4,4,4,4,4,4,4,4,4,4,0,1,1,0,1,0,3,0,0,0,2,1,4,0,4,0,2,0,4,0,3,2,0,3,2,1,1,4,4,4,4,0,0,0,2,4,4,4,4,4,4,3,0,0,2,2,3,2,1,1,3,0,1,1,2,3,1,1,0,0,1,0,2,1,0,1,0,2,0,3,0,3,3,1,2,1,3,4,4,4,4,4,3,3,1,2,0,4,4,4,4,2,1,1,4,4,4,4,4,4,4,4,4,4,4,4,4,4,4,4,4,4,4,4,4,4,4,4,4,4,4,4,4,4,4,4,4,3,4,4,3,0,3,1,0,4,0,0,1,0,1,4,4,0,4,4,4,2,2,2,1,2,0,1,0,1,2,3,2,2,0,4,4,4,4,4,2,3,2,0,2,2,1,0,1,1,0,1,1,3,0,4,4,4,4,4,4,4,4,4,4,4,4,4,4,4,4,4,4,4,4,4,4,4,4,4,4,4,4,4,4,4,4,4,4,4,4,4,4,4,4,4,4,4,4,4,4,4,4,4,4,4,4,4,4,4,4,4,4,4,4,4,4,4,4,4,4,4,4,4,4,4,4,4,4,4,4,4,4,4,4,4,4,4,4,4,4,4,4,4,4,4,4,4,4,4,4,4,4,4,4,4,4,4,4,4,4,4,4,4,4,4,4,4,4,4,4,4,4,4,4,4,4,4,4,4,4,4,4,4,4,4,4,4,4,4,4,4,4,4,4,4,4,4,4,4,4,4,4,4,4,4,4,4,4,4,4,4,4,4,4,4,4,4,4,4,4,4,4,4,4,4,4,4,4,4,4,4,4,4,4,4,4,4,4,4,4,4,4,4,4,4,4,4,4,4,ABJD02000101.1/1758135-1757974,1
1154,0,2,0,3,2,1,3,1,0,3,3,1,4,1,0,3,4,1,3,4,1,3,3,0,3,2,3,3,4,1,2,1,1,0,3,4,1,4,4,4,4,4,4,4,4,4,4,4,4,4,4,4,4,4,4,4,3,4,4,4,4,4,4,4,4,4,4,4,4,4,4,4,4,4,4,4,4,4,4,4,2,2,1,1,3,1,0,3,0,0,0,1,3,1,0,4,2,2,0,4,0,3,2,0,3,2,1,0,4,4,4,4,2,0,2,1,1,2,4,4,3,3,3,0,1,2,2,3,2,1,3,3,0,3,1,2,3,1,1,4,0,1,0,2,0,4,1,0,2,0,3,2,3,1,4,4,4,4,4,4,4,4,4,2,1,3,1,0,2,4,4,4,2,1,1,4,4,4,4,4,4,4,4,4,4,4,4,4,4,4,4,4,4,4,4,4,4,4,4,4,4,4,4,4,4,4,4,4,3,4,4,1,0,3,1,0,4,0,0,1,0,1,4,4,1,0,4,3,2,2,0,1,0,3,0,0,1,2,3,3,2,0,4,4,4,4,4,2,3,2,0,0,2,1,0,1,1,1,0,3,3,3,4,4,4,4,4,4,4,4,4,4,4,4,4,4,4,4,4,4,4,4,4,4,4,4,4,4,4,4,4,4,4,4,4,4,4,4,4,4,4,4,4,4,4,4,4,4,4,4,4,4,4,4,4,4,4,4,4,4,4,4,4,4,4,4,4,4,4,4,4,4,4,4,4,4,4,4,4,4,4,4,4,4,4,4,4,4,4,4,4,4,4,4,4,4,4,4,4,4,4,4,4,4,4,4,4,4,4,4,4,4,4,4,4,4,4,4,4,4,4,4,4,4,4,4,4,4,4,4,4,4,4,4,4,4,4,4,4,4,4,4,4,4,4,4,4,4,4,4,4,4,4,4,4,4,4,4,4,4,4,4,4,4,4,4,4,4,4,4,4,4,4,4,4,4,4,4,4,4,4,4,4,4,4,4,4,4,4,4,4,4,4,4,4,4,4,ACDJ01000048.1/35083-35231,1
1155,0,2,3,2,2,1,3,1,0,3,3,1,4,0,1,1,4,3,3,4,1,3,3,0,3,2,3,1,4,0,2,1,4,4,4,4,1,1,1,3,3,4,1,2,2,4,4,4,4,4,4,2,0,1,2,3,4,4,4,4,4,4,4,4,4,4,4,4,4,4,4,4,4,4,4,4,4,4,4,4,4,2,1,3,0,1,0,3,0,0,0,1,3,4,3,4,1,2,0,4,0,3,2,0,1,2,1,0,4,4,4,4,1,0,0,4,4,4,4,4,4,4,0,0,0,2,2,3,2,1,1,3,2,1,1,2,3,1,1,0,0,1,3,0,4,4,1,3,2,0,3,3,0,3,3,4,4,4,4,4,4,4,4,2,1,0,0,3,4,4,4,4,2,1,3,4,4,4,4,4,4,4,4,4,4,4,4,4,4,4,4,4,4,4,4,4,4,4,4,4,4,4,4,4,4,4,4,4,3,4,4,3,0,3,1,0,4,2,2,1,4,1,4,4,0,4,4,4,2,2,2,1,2,0,0,0,1,2,3,1,2,0,4,4,4,4,4,2,3,3,0,2,2,1,0,1,1,2,1,1,3,3,4,4,4,4,4,4,4,4,4,4,4,4,4,4,4,4,4,4,4,4,4,4,4,4,4,4,4,4,4,4,4,4,4,4,4,4,4,4,4,4,4,4,4,4,4,4,4,4,4,4,4,4,4,4,4,4,4,4,4,4,4,4,4,4,4,4,4,4,4,4,4,4,4,4,4,4,4,4,4,4,4,4,4,4,4,4,4,4,4,4,4,4,4,4,4,4,4,4,4,4,4,4,4,4,4,4,4,4,4,4,4,4,4,4,4,4,4,4,4,4,4,4,4,4,4,4,4,4,4,4,4,4,4,4,4,4,4,4,4,4,4,4,4,4,4,4,4,4,4,4,4,4,4,4,4,4,4,4,4,4,4,4,4,4,4,4,4,4,4,4,4,4,4,4,4,4,4,4,4,4,4,4,4,4,4,4,4,4,4,4,4,4,4,4,4,FP929040.1/3748025-3748171,1
1156,0,2,3,2,2,1,3,1,0,3,3,1,4,0,1,1,4,3,3,4,1,3,3,0,3,2,3,1,4,0,2,1,4,4,4,4,1,1,1,3,3,4,0,2,2,4,4,4,4,4,4,2,0,1,2,1,4,4,4,4,4,4,4,4,4,4,4,4,4,4,4,4,4,4,4,4,4,4,4,4,4,2,1,3,0,1,0,3,0,0,0,1,3,4,3,4,1,2,0,4,0,3,2,0,1,2,1,0,4,4,4,4,1,0,0,4,4,4,4,4,4,4,1,0,0,2,2,3,2,1,1,3,2,1,1,2,3,1,1,0,0,1,3,3,4,4,1,3,2,0,3,0,0,3,0,4,4,4,4,4,4,4,4,2,1,2,3,0,4,4,4,4,2,1,3,4,4,4,4,4,4,4,4,4,4,4,4,4,4,4,4,4,4,4,4,4,4,4,4,4,4,4,4,4,4,4,4,4,3,4,4,3,0,3,1,0,4,0,1,1,3,1,4,4,1,4,4,4,2,2,2,1,2,0,0,0,1,2,3,1,2,0,4,4,4,4,4,2,3,3,0,2,2,1,0,1,1,2,1,1,3,3,4,4,4,4,4,4,4,4,4,4,4,4,4,4,4,4,4,4,4,4,4,4,4,4,4,4,4,4,4,4,4,4,4,4,4,4,4,4,4,4,4,4,4,4,4,4,4,4,4,4,4,4,4,4,4,4,4,4,4,4,4,4,4,4,4,4,4,4,4,4,4,4,4,4,4,4,4,4,4,4,4,4,4,4,4,4,4,4,4,4,4,4,4,4,4,4,4,4,4,4,4,4,4,4,4,4,4,4,4,4,4,4,4,4,4,4,4,4,4,4,4,4,4,4,4,4,4,4,4,4,4,4,4,4,4,4,4,4,4,4,4,4,4,4,4,4,4,4,4,4,4,4,4,4,4,4,4,4,4,4,4,4,4,4,4,4,4,4,4,4,4,4,4,4,4,4,4,4,4,4,4,4,4,4,4,4,4,4,4,4,4,4,4,4,4,AFCR01001074.1/803-656,1
1157,0,2,3,2,2,1,3,1,0,3,3,1,4,0,1,1,4,2,0,4,1,3,3,0,3,2,3,1,4,0,2,1,4,4,4,4,1,1,1,3,3,4,1,2,2,4,4,4,4,4,4,2,0,1,2,3,4,4,4,4,4,4,4,4,4,4,4,4,4,4,4,4,4,4,4,4,4,4,4,4,4,2,1,3,0,1,0,3,0,0,0,0,3,4,3,4,1,2,0,4,0,3,2,0,1,2,1,0,4,4,4,4,1,0,0,4,4,4,4,4,4,4,1,0,0,2,2,3,2,1,1,3,2,1,1,2,3,1,1,0,0,1,3,3,4,4,1,3,2,0,3,0,3,1,0,4,4,4,4,4,4,4,4,2,1,2,3,0,4,4,4,4,2,1,3,4,4,4,4,4,4,4,4,4,4,4,4,4,4,4,4,4,4,4,4,4,4,4,4,4,4,4,4,4,4,4,4,4,0,4,4,3,0,3,1,0,4,0,1,1,0,3,4,4,1,4,4,4,2,2,2,1,2,0,0,0,1,2,3,1,2,0,4,4,4,4,4,2,3,3,0,2,2,1,0,1,1,2,1,1,3,3,4,4,4,4,4,4,4,4,4,4,4,4,4,4,4,4,4,4,4,4,4,4,4,4,4,4,4,4,4,4,4,4,4,4,4,4,4,4,4,4,4,4,4,4,4,4,4,4,4,4,4,4,4,4,4,4,4,4,4,4,4,4,4,4,4,4,4,4,4,4,4,4,4,4,4,4,4,4,4,4,4,4,4,4,4,4,4,4,4,4,4,4,4,4,4,4,4,4,4,4,4,4,4,4,4,4,4,4,4,4,4,4,4,4,4,4,4,4,4,4,4,4,4,4,4,4,4,4,4,4,4,4,4,4,4,4,4,4,4,4,4,4,4,4,4,4,4,4,4,4,4,4,4,4,4,4,4,4,4,4,4,4,4,4,4,4,4,4,4,4,4,4,4,4,4,4,4,4,4,4,4,4,4,4,4,4,4,4,4,4,4,4,4,4,4,AAKB02000001.1/3369555-3369702,1
1158,0,2,3,2,2,1,3,1,0,3,3,1,4,0,1,1,4,2,0,4,1,3,3,0,3,2,3,1,4,0,2,1,4,4,4,4,1,1,1,3,3,4,1,2,2,4,4,4,4,4,4,2,0,1,2,3,4,4,4,4,4,4,4,4,4,4,4,4,4,4,4,4,4,4,4,4,4,4,4,4,4,2,1,3,0,1,0,3,0,0,0,0,3,4,3,4,1,2,0,4,0,3,2,0,1,2,1,0,4,4,4,4,1,0,0,4,4,4,4,4,4,4,1,0,0,2,2,3,2,1,1,3,2,1,1,2,3,1,1,0,0,1,3,3,4,4,4,4,4,4,4,4,4,4,4,4,4,4,4,4,4,4,4,4,4,4,4,4,4,4,4,4,4,4,4,1,3,2,0,3,0,3,1,0,4,4,4,4,4,4,4,4,4,4,4,4,4,4,2,1,2,3,0,2,1,3,0,3,4,4,4,4,4,4,4,4,4,4,4,4,4,4,4,4,4,4,4,4,2,4,4,1,2,0,0,0,1,2,3,1,2,0,4,4,4,4,4,2,3,3,0,2,2,1,0,1,1,2,1,1,3,3,4,4,4,4,4,4,4,4,4,4,4,4,4,4,4,4,4,4,4,4,4,4,4,4,4,4,4,4,4,4,4,4,4,4,4,4,4,4,4,4,4,4,4,4,4,4,4,4,4,4,4,4,4,4,4,4,4,4,4,4,4,4,4,4,4,4,4,4,4,4,4,4,4,4,4,4,4,4,4,4,4,4,4,4,4,4,4,4,4,4,4,4,4,4,4,4,4,4,4,4,4,4,4,4,4,4,4,4,4,4,4,4,4,4,4,4,4,4,4,4,4,4,4,4,4,4,4,4,4,4,4,4,4,4,4,4,4,4,4,4,4,4,4,4,4,4,4,4,4,4,4,4,4,4,4,4,4,4,4,4,4,4,4,4,4,4,4,4,4,4,4,4,4,4,4,4,4,4,4,4,4,4,4,4,4,4,4,4,4,4,4,4,4,4,4,ADUT01000019.1/17085-17220,1
1159,0,2,3,2,2,1,3,1,0,3,3,1,4,0,1,1,4,2,0,4,1,3,3,0,3,2,3,1,4,0,2,1,4,4,4,4,1,1,1,3,3,4,1,2,2,4,4,4,4,4,4,2,0,1,2,3,4,4,4,4,4,4,4,4,4,4,4,4,4,4,4,4,4,4,4,4,4,4,4,4,4,2,1,3,0,1,0,3,0,0,0,0,3,4,3,4,1,2,0,4,0,3,2,0,1,2,1,0,4,4,4,4,1,0,0,4,4,4,4,4,4,4,1,0,0,2,2,3,2,1,1,3,2,1,1,2,3,1,1,0,0,1,3,3,4,4,1,3,2,0,3,0,3,1,0,4,4,4,4,4,4,4,4,2,1,2,3,0,4,4,4,4,2,1,3,4,4,4,4,4,4,4,4,4,4,4,4,4,4,4,4,4,4,4,4,4,4,4,4,4,4,4,4,4,4,4,4,4,0,4,4,3,0,3,1,0,4,0,1,1,0,3,4,4,1,4,4,4,2,2,2,1,2,0,0,0,1,2,3,1,2,0,4,4,4,4,4,2,3,3,0,2,2,1,0,1,1,2,1,1,3,3,4,4,4,4,4,4,4,4,4,4,4,4,4,4,4,4,4,4,4,4,4,4,4,4,4,4,4,4,4,4,4,4,4,4,4,4,4,4,4,4,4,4,4,4,4,4,4,4,4,4,4,4,4,4,4,4,4,4,4,4,4,4,4,4,4,4,4,4,4,4,4,4,4,4,4,4,4,4,4,4,4,4,4,4,4,4,4,4,4,4,4,4,4,4,4,4,4,4,4,4,4,4,4,4,4,4,4,4,4,4,4,4,4,4,4,4,4,4,4,4,4,4,4,4,4,4,4,4,4,4,4,4,4,4,4,4,4,4,4,4,4,4,4,4,4,4,4,4,4,4,4,4,4,4,4,4,4,4,4,4,4,4,4,4,4,4,4,4,4,4,4,4,4,4,4,4,4,4,4,4,4,4,4,4,4,4,4,4,4,4,4,4,4,4,4,ADTO01000169.1/15118-14971,1
1160,0,2,0,3,2,1,3,1,0,3,3,1,4,1,0,3,4,1,3,4,1,3,3,0,3,2,3,3,4,1,2,1,1,3,4,4,4,4,4,4,4,4,4,4,4,4,4,4,4,4,4,4,4,4,4,4,3,0,4,4,4,4,4,4,4,4,4,4,4,4,4,4,4,4,4,4,4,4,4,2,3,2,1,1,3,1,0,3,0,0,0,1,3,1,1,4,2,2,0,4,0,3,2,0,1,2,1,0,4,4,4,4,2,0,2,1,1,2,4,4,3,3,3,0,1,2,2,3,2,1,3,3,0,3,1,2,3,1,1,4,0,1,3,2,0,4,1,0,2,0,3,2,3,1,4,4,4,4,4,4,4,4,4,2,1,3,3,0,3,4,4,4,2,1,1,4,4,4,4,4,4,4,4,4,4,4,4,4,4,4,4,4,4,4,4,4,4,4,4,4,4,4,4,4,4,4,4,4,3,4,4,1,0,3,1,0,4,2,0,1,0,1,4,4,1,0,4,3,2,2,0,1,0,1,0,0,1,2,3,3,2,0,4,4,4,4,4,2,3,2,0,0,2,1,0,1,1,1,0,1,3,3,4,4,4,4,4,4,4,4,4,4,4,4,4,4,4,4,4,4,4,4,4,4,4,4,4,4,4,4,4,4,4,4,4,4,4,4,4,4,4,4,4,4,4,4,4,4,4,4,4,4,4,4,4,4,4,4,4,4,4,4,4,4,4,4,4,4,4,4,4,4,4,4,4,4,4,4,4,4,4,4,4,4,4,4,4,4,4,4,4,4,4,4,4,4,4,4,4,4,4,4,4,4,4,4,4,4,4,4,4,4,4,4,4,4,4,4,4,4,4,4,4,4,4,4,4,4,4,4,4,4,4,4,4,4,4,4,4,4,4,4,4,4,4,4,4,4,4,4,4,4,4,4,4,4,4,4,4,4,4,4,4,4,4,4,4,4,4,4,4,4,4,4,4,4,4,4,4,4,4,4,4,4,4,4,4,4,4,4,4,4,4,4,4,4,4,AEYT01000044.1/10104-10252,1
1161,0,2,3,2,2,1,3,1,0,3,3,1,4,0,1,1,4,3,3,4,1,3,3,0,3,2,3,1,4,0,2,1,4,4,4,4,1,1,1,3,3,4,0,2,2,4,4,4,4,4,4,2,0,1,2,1,4,4,4,4,4,4,4,4,4,4,4,4,4,4,4,4,4,4,4,4,4,4,4,4,4,2,1,3,0,1,0,3,0,0,0,1,3,4,3,4,1,2,0,4,0,3,2,0,1,2,1,0,4,4,4,4,1,0,0,4,4,4,4,4,4,4,1,0,0,2,2,3,2,1,1,3,2,1,1,2,3,1,1,0,0,1,3,3,4,4,1,3,2,0,3,0,0,3,0,4,4,4,4,4,4,4,4,2,1,2,3,0,4,4,4,4,2,1,3,4,4,4,4,4,4,4,4,4,4,4,4,4,4,4,4,4,4,4,4,4,4,4,4,4,4,4,4,4,4,4,4,4,3,4,4,3,0,3,1,0,4,0,1,1,3,1,4,4,1,4,4,4,2,2,2,1,2,0,0,0,1,2,3,1,2,0,4,4,4,4,4,2,3,3,0,2,2,1,0,1,1,2,1,1,3,3,4,4,4,4,4,4,4,4,4,4,4,4,4,4,4,4,4,4,4,4,4,4,4,4,4,4,4,4,4,4,4,4,4,4,4,4,4,4,4,4,4,4,4,4,4,4,4,4,4,4,4,4,4,4,4,4,4,4,4,4,4,4,4,4,4,4,4,4,4,4,4,4,4,4,4,4,4,4,4,4,4,4,4,4,4,4,4,4,4,4,4,4,4,4,4,4,4,4,4,4,4,4,4,4,4,4,4,4,4,4,4,4,4,4,4,4,4,4,4,4,4,4,4,4,4,4,4,4,4,4,4,4,4,4,4,4,4,4,4,4,4,4,4,4,4,4,4,4,4,4,4,4,4,4,4,4,4,4,4,4,4,4,4,4,4,4,4,4,4,4,4,4,4,4,4,4,4,4,4,4,4,4,4,4,4,4,4,4,4,4,4,4,4,4,4,AFCK01001103.1/2055-1908,1
1162,0,2,0,3,2,1,3,1,0,3,3,1,4,1,0,3,4,1,3,4,1,3,3,0,3,2,3,3,4,1,2,1,1,3,3,4,1,4,4,4,4,4,4,4,4,4,4,4,4,4,4,4,4,4,4,4,3,4,4,4,4,4,4,4,4,4,4,4,4,4,4,4,4,4,4,4,4,4,4,4,2,2,1,1,3,1,0,3,0,0,0,1,3,1,0,4,2,2,0,4,0,3,2,0,3,2,1,0,4,4,4,4,2,0,2,1,1,2,4,4,3,3,3,0,1,2,2,3,2,1,3,3,0,3,1,2,3,1,1,4,0,1,3,2,0,4,1,0,2,0,3,2,3,1,4,4,4,4,4,4,4,4,4,2,1,3,3,0,1,4,4,4,2,1,1,4,4,4,4,4,4,4,4,4,4,4,4,4,4,4,4,4,4,4,4,4,4,4,4,4,4,4,4,4,4,4,4,4,3,4,4,1,0,3,1,0,4,0,0,1,0,1,4,4,1,1,4,3,2,2,0,1,0,1,0,0,1,2,3,3,2,0,4,4,4,4,4,2,3,2,0,0,2,1,0,1,1,1,1,3,3,3,4,4,4,4,4,4,4,4,4,4,4,4,4,4,4,4,4,4,4,4,4,4,4,4,4,4,4,4,4,4,4,4,4,4,4,4,4,4,4,4,4,4,4,4,4,4,4,4,4,4,4,4,4,4,4,4,4,4,4,4,4,4,4,4,4,4,4,4,4,4,4,4,4,4,4,4,4,4,4,4,4,4,4,4,4,4,4,4,4,4,4,4,4,4,4,4,4,4,4,4,4,4,4,4,4,4,4,4,4,4,4,4,4,4,4,4,4,4,4,4,4,4,4,4,4,4,4,4,4,4,4,4,4,4,4,4,4,4,4,4,4,4,4,4,4,4,4,4,4,4,4,4,4,4,4,4,4,4,4,4,4,4,4,4,4,4,4,4,4,4,4,4,4,4,4,4,4,4,4,4,4,4,4,4,4,4,4,4,4,4,4,4,4,4,4,AFCU01001867.1/295-443,1
1163,0,2,0,3,2,1,3,1,0,3,3,1,4,1,0,3,4,1,3,4,1,3,3,0,3,2,3,3,4,1,2,1,1,3,4,4,4,4,4,4,4,4,4,4,4,4,4,4,4,4,4,4,4,4,4,4,3,0,4,4,4,4,4,4,4,4,4,4,4,4,4,4,4,4,4,4,4,4,4,2,3,2,1,1,3,1,0,3,0,0,0,1,3,1,1,4,2,2,0,4,0,3,2,0,1,2,1,0,4,4,4,4,2,0,2,1,1,2,4,4,3,3,3,0,1,2,2,3,2,1,3,3,0,3,1,2,3,1,1,4,0,1,3,2,0,4,1,0,2,0,3,2,3,1,4,4,4,4,4,4,4,4,4,2,1,3,3,0,3,4,4,4,2,1,1,4,4,4,4,4,4,4,4,4,4,4,4,4,4,4,4,4,4,4,4,4,4,4,4,4,4,4,4,4,4,4,4,4,3,4,4,1,0,3,1,0,4,2,0,1,0,1,4,4,1,0,4,3,2,2,0,1,0,1,0,0,1,2,3,3,2,0,4,4,4,4,4,2,3,2,0,0,2,1,0,1,1,1,0,1,3,3,4,4,4,4,4,4,4,4,4,4,4,4,4,4,4,4,4,4,4,4,4,4,4,4,4,4,4,4,4,4,4,4,4,4,4,4,4,4,4,4,4,4,4,4,4,4,4,4,4,4,4,4,4,4,4,4,4,4,4,4,4,4,4,4,4,4,4,4,4,4,4,4,4,4,4,4,4,4,4,4,4,4,4,4,4,4,4,4,4,4,4,4,4,4,4,4,4,4,4,4,4,4,4,4,4,4,4,4,4,4,4,4,4,4,4,4,4,4,4,4,4,4,4,4,4,4,4,4,4,4,4,4,4,4,4,4,4,4,4,4,4,4,4,4,4,4,4,4,4,4,4,4,4,4,4,4,4,4,4,4,4,4,4,4,4,4,4,4,4,4,4,4,4,4,4,4,4,4,4,4,4,4,4,4,4,4,4,4,4,4,4,4,4,4,4,BABF01000581.1/2197-2049,1
1164,0,2,0,3,2,1,3,1,0,3,3,1,4,1,0,3,4,1,3,4,1,3,3,0,3,2,3,3,4,1,2,1,1,3,4,4,4,4,4,4,4,4,4,4,4,4,4,4,4,4,4,4,4,4,4,4,3,0,4,4,4,4,4,4,4,4,4,4,4,4,4,4,4,4,4,4,4,4,4,2,3,2,1,1,3,1,0,3,0,0,0,1,3,1,1,4,2,2,0,4,0,3,2,0,1,2,1,0,4,4,4,4,2,0,2,1,1,2,4,4,3,3,3,0,1,2,2,3,2,1,3,3,0,3,1,2,3,1,1,4,0,1,3,2,0,4,1,0,2,0,3,2,3,1,4,4,4,4,4,4,4,4,4,2,1,3,3,0,3,4,4,4,2,1,1,4,4,4,4,4,4,4,4,4,4,4,4,4,4,4,4,4,4,4,4,4,4,4,4,4,4,4,4,4,4,4,4,4,3,4,4,1,0,3,1,0,4,2,0,1,0,1,4,4,1,0,4,3,2,2,0,1,0,1,0,0,1,2,3,3,2,0,4,4,4,4,4,2,3,2,0,0,2,1,0,1,1,1,0,1,3,3,4,4,4,4,4,4,4,4,4,4,4,4,4,4,4,4,4,4,4,4,4,4,4,4,4,4,4,4,4,4,4,4,4,4,4,4,4,4,4,4,4,4,4,4,4,4,4,4,4,4,4,4,4,4,4,4,4,4,4,4,4,4,4,4,4,4,4,4,4,4,4,4,4,4,4,4,4,4,4,4,4,4,4,4,4,4,4,4,4,4,4,4,4,4,4,4,4,4,4,4,4,4,4,4,4,4,4,4,4,4,4,4,4,4,4,4,4,4,4,4,4,4,4,4,4,4,4,4,4,4,4,4,4,4,4,4,4,4,4,4,4,4,4,4,4,4,4,4,4,4,4,4,4,4,4,4,4,4,4,4,4,4,4,4,4,4,4,4,4,4,4,4,4,4,4,4,4,4,4,4,4,4,4,4,4,4,4,4,4,4,4,4,4,4,4,AELA01000019.1/49227-49079,1
1165,0,2,0,3,2,1,3,1,0,3,3,1,4,1,0,3,4,1,3,4,1,3,3,0,3,2,3,3,4,1,2,1,1,3,4,4,4,4,4,4,4,4,4,4,4,4,4,4,4,4,4,4,4,4,4,4,3,0,4,4,4,4,4,4,4,4,4,4,4,4,4,4,4,4,4,4,4,4,4,2,3,2,1,1,3,1,0,3,0,0,0,1,3,1,1,4,2,2,0,4,0,3,2,0,1,2,1,0,4,4,4,4,2,0,2,1,1,2,4,4,3,3,3,0,1,2,2,3,2,1,3,3,0,3,1,2,3,1,1,4,0,1,3,2,0,4,1,0,2,0,3,2,3,1,4,4,4,4,4,4,4,4,4,2,1,3,3,0,3,4,4,4,2,1,1,4,4,4,4,4,4,4,4,4,4,4,4,4,4,4,4,4,4,4,4,4,4,4,4,4,4,4,4,4,4,4,4,4,3,4,4,1,0,3,1,0,4,2,0,1,0,1,4,4,1,0,4,3,2,2,0,1,0,1,0,0,1,2,3,3,2,0,4,4,4,4,4,2,3,2,0,0,2,1,0,1,1,1,0,1,3,3,4,4,4,4,4,4,4,4,4,4,4,4,4,4,4,4,4,4,4,4,4,4,4,4,4,4,4,4,4,4,4,4,4,4,4,4,4,4,4,4,4,4,4,4,4,4,4,4,4,4,4,4,4,4,4,4,4,4,4,4,4,4,4,4,4,4,4,4,4,4,4,4,4,4,4,4,4,4,4,4,4,4,4,4,4,4,4,4,4,4,4,4,4,4,4,4,4,4,4,4,4,4,4,4,4,4,4,4,4,4,4,4,4,4,4,4,4,4,4,4,4,4,4,4,4,4,4,4,4,4,4,4,4,4,4,4,4,4,4,4,4,4,4,4,4,4,4,4,4,4,4,4,4,4,4,4,4,4,4,4,4,4,4,4,4,4,4,4,4,4,4,4,4,4,4,4,4,4,4,4,4,4,4,4,4,4,4,4,4,4,4,4,4,4,4,AAJV02000033.1/54032-53884,1
1166,0,2,3,2,2,1,3,1,0,3,3,1,4,0,1,1,4,2,0,4,1,3,3,0,3,2,3,1,4,0,2,1,4,4,4,4,1,1,1,3,3,4,1,2,2,4,4,4,4,4,4,2,0,1,2,3,4,4,4,4,4,4,4,4,4,4,4,4,4,4,4,4,4,4,4,4,4,4,4,4,4,2,1,3,0,1,0,3,0,0,0,0,3,4,3,4,1,2,0,4,0,3,2,0,1,2,1,0,4,4,4,4,1,0,0,4,4,4,4,4,4,4,1,0,0,2,2,3,2,1,1,3,2,1,1,2,3,1,1,0,0,1,3,3,4,4,1,3,2,0,3,0,3,1,0,4,4,4,4,4,4,4,4,2,1,2,3,0,4,4,4,4,2,1,3,4,4,4,4,4,4,4,4,4,4,4,4,4,4,4,4,4,4,4,4,4,4,4,4,4,4,4,4,4,4,4,4,4,0,4,4,3,0,3,1,0,4,0,1,1,0,3,4,4,1,4,4,4,2,2,2,1,2,0,0,0,1,2,3,1,2,0,4,4,4,4,4,2,3,3,0,2,2,1,0,1,1,2,1,1,3,3,4,4,4,4,4,4,4,4,4,4,4,4,4,4,4,4,4,4,4,4,4,4,4,4,4,4,4,4,4,4,4,4,4,4,4,4,4,4,4,4,4,4,4,4,4,4,4,4,4,4,4,4,4,4,4,4,4,4,4,4,4,4,4,4,4,4,4,4,4,4,4,4,4,4,4,4,4,4,4,4,4,4,4,4,4,4,4,4,4,4,4,4,4,4,4,4,4,4,4,4,4,4,4,4,4,4,4,4,4,4,4,4,4,4,4,4,4,4,4,4,4,4,4,4,4,4,4,4,4,4,4,4,4,4,4,4,4,4,4,4,4,4,4,4,4,4,4,4,4,4,4,4,4,4,4,4,4,4,4,4,4,4,4,4,4,4,4,4,4,4,4,4,4,4,4,4,4,4,4,4,4,4,4,4,4,4,4,4,4,4,4,4,4,4,4,CP001164.1/3515823-3515676,1
1167,0,2,0,3,2,1,3,1,0,3,3,1,4,1,0,3,4,1,3,4,1,3,3,0,3,2,3,3,4,1,2,1,1,3,4,4,4,4,4,4,4,4,4,4,4,4,4,4,4,4,4,4,4,4,4,4,3,0,4,4,4,4,4,4,4,4,4,4,4,4,4,4,4,4,4,4,4,4,4,2,3,2,1,1,3,1,0,3,0,0,0,1,3,1,1,4,2,2,0,4,0,3,2,0,1,2,1,0,4,4,4,4,2,0,2,1,1,2,4,4,3,3,3,0,1,2,2,3,2,1,3,3,0,3,1,2,3,1,1,4,0,1,3,2,0,4,1,0,2,0,3,2,3,1,4,4,4,4,4,4,4,4,4,2,1,3,3,0,3,4,4,4,2,1,1,4,4,4,4,4,4,4,4,4,4,4,4,4,4,4,4,4,4,4,4,4,4,4,4,4,4,4,4,4,4,4,4,4,3,4,4,1,0,3,1,0,4,2,0,1,0,1,4,4,1,0,4,3,2,2,0,1,0,1,0,0,1,2,3,3,2,0,4,4,4,4,4,2,3,2,0,0,2,1,0,1,1,1,0,1,3,3,4,4,4,4,4,4,4,4,4,4,4,4,4,4,4,4,4,4,4,4,4,4,4,4,4,4,4,4,4,4,4,4,4,4,4,4,4,4,4,4,4,4,4,4,4,4,4,4,4,4,4,4,4,4,4,4,4,4,4,4,4,4,4,4,4,4,4,4,4,4,4,4,4,4,4,4,4,4,4,4,4,4,4,4,4,4,4,4,4,4,4,4,4,4,4,4,4,4,4,4,4,4,4,4,4,4,4,4,4,4,4,4,4,4,4,4,4,4,4,4,4,4,4,4,4,4,4,4,4,4,4,4,4,4,4,4,4,4,4,4,4,4,4,4,4,4,4,4,4,4,4,4,4,4,4,4,4,4,4,4,4,4,4,4,4,4,4,4,4,4,4,4,4,4,4,4,4,4,4,4,4,4,4,4,4,4,4,4,4,4,4,4,4,4,4,ADAY01000142.1/39720-39868,1
1168,0,2,3,2,2,1,3,1,0,3,3,1,4,0,1,1,4,2,0,4,1,3,3,0,3,2,3,1,4,0,2,1,4,4,4,4,1,1,1,3,3,4,1,2,2,4,4,4,4,4,4,2,0,1,2,3,4,4,4,4,4,4,4,4,4,4,4,4,4,4,4,4,4,4,4,4,4,4,4,4,4,2,1,3,0,1,0,3,0,0,0,0,3,4,3,4,1,2,0,4,0,3,2,0,1,2,1,0,4,4,4,4,1,0,0,4,4,4,4,4,4,4,1,0,0,2,2,3,2,1,1,3,2,1,1,2,3,1,1,0,0,1,3,3,4,4,1,3,2,0,3,0,3,1,0,4,4,4,4,4,4,4,4,2,1,2,3,0,4,4,4,4,2,1,3,4,4,4,4,4,4,4,4,4,4,4,4,4,4,4,4,4,4,4,4,4,4,4,4,4,4,4,4,4,4,4,4,4,0,4,4,3,0,3,1,0,4,0,1,1,0,3,4,4,1,4,4,4,2,2,2,1,2,0,0,0,1,2,3,1,2,0,4,4,4,4,4,2,3,3,0,2,2,1,0,1,1,2,1,1,3,3,4,4,4,4,4,4,4,4,4,4,4,4,4,4,4,4,4,4,4,4,4,4,4,4,4,4,4,4,4,4,4,4,4,4,4,4,4,4,4,4,4,4,4,4,4,4,4,4,4,4,4,4,4,4,4,4,4,4,4,4,4,4,4,4,4,4,4,4,4,4,4,4,4,4,4,4,4,4,4,4,4,4,4,4,4,4,4,4,4,4,4,4,4,4,4,4,4,4,4,4,4,4,4,4,4,4,4,4,4,4,4,4,4,4,4,4,4,4,4,4,4,4,4,4,4,4,4,4,4,4,4,4,4,4,4,4,4,4,4,4,4,4,4,4,4,4,4,4,4,4,4,4,4,4,4,4,4,4,4,4,4,4,4,4,4,4,4,4,4,4,4,4,4,4,4,4,4,4,4,4,4,4,4,4,4,4,4,4,4,4,4,4,4,4,4,AFWP01000144.1/162006-161859,1
1169,0,2,3,2,2,1,3,1,0,3,3,1,4,0,1,1,4,2,0,4,1,3,3,0,3,2,3,1,4,0,2,1,4,4,4,4,1,1,1,3,3,4,1,2,2,4,4,4,4,4,4,2,0,1,2,3,4,4,4,4,4,4,4,4,4,4,4,4,4,4,4,4,4,4,4,4,4,4,4,4,4,2,1,3,0,1,0,3,0,0,0,0,3,4,0,4,1,2,0,4,0,3,2,0,1,2,1,0,4,4,4,4,1,0,0,4,4,4,4,4,4,4,1,0,0,2,2,3,2,1,1,3,2,1,1,2,3,1,1,0,0,1,3,3,4,4,1,3,2,0,3,0,3,1,0,4,4,4,4,4,4,4,4,2,1,2,3,0,4,4,4,4,2,1,3,4,4,4,4,4,4,4,4,4,4,4,4,4,4,4,4,4,4,4,4,4,4,4,4,4,4,4,4,4,4,4,4,4,0,4,4,3,0,3,1,0,4,0,1,1,0,3,4,4,1,4,4,4,2,2,2,1,2,0,0,0,1,2,3,1,2,0,4,4,4,4,4,2,3,3,0,2,2,1,0,1,1,2,1,1,3,3,4,4,4,4,4,4,4,4,4,4,4,4,4,4,4,4,4,4,4,4,4,4,4,4,4,4,4,4,4,4,4,4,4,4,4,4,4,4,4,4,4,4,4,4,4,4,4,4,4,4,4,4,4,4,4,4,4,4,4,4,4,4,4,4,4,4,4,4,4,4,4,4,4,4,4,4,4,4,4,4,4,4,4,4,4,4,4,4,4,4,4,4,4,4,4,4,4,4,4,4,4,4,4,4,4,4,4,4,4,4,4,4,4,4,4,4,4,4,4,4,4,4,4,4,4,4,4,4,4,4,4,4,4,4,4,4,4,4,4,4,4,4,4,4,4,4,4,4,4,4,4,4,4,4,4,4,4,4,4,4,4,4,4,4,4,4,4,4,4,4,4,4,4,4,4,4,4,4,4,4,4,4,4,4,4,4,4,4,4,4,4,4,4,4,4,ADUM01000115.1/499794-499647,1
1170,3,2,1,3,2,1,3,1,0,3,3,1,4,0,0,1,4,3,2,4,2,3,3,0,3,2,0,3,2,2,3,0,4,4,4,4,3,2,2,3,2,4,0,0,2,2,3,1,0,0,4,3,0,3,1,0,4,4,4,4,4,4,4,4,4,4,4,4,4,4,4,4,4,4,4,4,4,4,4,4,4,3,2,1,3,1,0,3,0,0,1,2,1,1,1,4,1,2,0,4,0,3,2,0,3,2,1,1,4,4,4,4,2,0,0,0,2,4,4,4,4,0,3,0,0,2,2,3,2,1,1,3,0,3,1,2,3,1,1,0,2,1,3,3,3,0,3,3,2,0,3,0,0,1,3,2,1,1,4,4,4,4,4,3,3,3,2,2,4,4,4,4,2,1,3,4,4,4,4,4,4,4,4,4,4,4,4,4,4,4,4,4,4,4,4,4,4,4,4,4,4,4,4,4,4,4,4,4,3,4,4,3,0,3,1,0,4,1,0,1,0,3,4,4,1,4,4,4,2,2,2,1,2,0,1,0,1,2,3,3,2,0,4,4,4,4,4,2,3,2,0,2,2,1,0,1,1,2,1,1,3,0,4,4,4,4,4,4,4,4,4,4,4,4,4,4,4,4,4,4,4,4,4,4,4,4,4,4,4,4,4,4,4,4,4,4,4,4,4,4,4,4,4,4,4,4,4,4,4,4,4,4,4,4,4,4,4,4,4,4,4,4,4,4,4,4,4,4,4,4,4,4,4,4,4,4,4,4,4,4,4,4,4,4,4,4,4,4,4,4,4,4,4,4,4,4,4,4,4,4,4,4,4,4,4,4,4,4,4,4,4,4,4,4,4,4,4,4,4,4,4,4,4,4,4,4,4,4,4,4,4,4,4,4,4,4,4,4,4,4,4,4,4,4,4,4,4,4,4,4,4,4,4,4,4,4,4,4,4,4,4,4,4,4,4,4,4,4,4,4,4,4,4,4,4,4,4,4,4,4,4,4,4,4,4,4,4,4,4,4,4,4,4,4,4,4,4,CP002038.1/3585861-3585699,1
1171,0,2,3,3,2,1,3,1,0,3,3,1,4,0,0,3,4,3,2,4,1,3,3,0,3,2,3,0,4,2,2,3,1,4,4,4,1,0,0,0,3,4,3,3,2,3,3,2,2,2,4,0,0,1,0,3,4,4,4,4,4,4,4,4,4,4,4,4,4,4,4,4,4,4,4,4,4,4,4,4,4,0,1,1,0,1,0,3,0,0,0,0,1,4,1,4,1,2,0,4,0,3,2,0,3,2,1,1,4,4,4,4,0,0,0,2,4,4,4,4,4,4,3,0,0,2,2,3,2,1,1,3,0,1,1,2,3,1,1,0,0,1,0,1,1,0,3,0,2,0,3,0,3,3,1,2,1,3,4,4,4,4,4,3,3,1,2,0,4,4,4,4,2,1,1,4,4,4,4,4,4,4,4,4,4,4,4,4,4,4,4,4,4,4,4,4,4,4,4,4,4,4,4,4,4,4,4,4,3,4,4,3,0,3,1,0,4,0,0,1,0,1,4,4,0,4,4,4,2,2,2,1,2,0,1,0,1,2,3,3,2,0,4,4,4,4,4,2,3,2,0,2,2,1,0,1,1,0,1,1,3,0,4,4,4,4,4,4,4,4,4,4,4,4,4,4,4,4,4,4,4,4,4,4,4,4,4,4,4,4,4,4,4,4,4,4,4,4,4,4,4,4,4,4,4,4,4,4,4,4,4,4,4,4,4,4,4,4,4,4,4,4,4,4,4,4,4,4,4,4,4,4,4,4,4,4,4,4,4,4,4,4,4,4,4,4,4,4,4,4,4,4,4,4,4,4,4,4,4,4,4,4,4,4,4,4,4,4,4,4,4,4,4,4,4,4,4,4,4,4,4,4,4,4,4,4,4,4,4,4,4,4,4,4,4,4,4,4,4,4,4,4,4,4,4,4,4,4,4,4,4,4,4,4,4,4,4,4,4,4,4,4,4,4,4,4,4,4,4,4,4,4,4,4,4,4,4,4,4,4,4,4,4,4,4,4,4,4,4,4,4,4,4,4,4,4,4,ABXV02000027.1/34048-33889,1
1172,3,2,3,3,2,1,3,1,0,3,3,1,4,0,0,1,4,3,2,4,2,3,3,0,3,2,0,3,3,2,1,2,3,3,2,4,1,3,0,0,1,4,3,2,2,1,0,0,0,3,4,0,3,3,3,3,4,4,4,4,4,4,4,4,4,4,4,4,4,4,4,4,4,4,4,4,4,4,4,4,4,1,2,1,3,1,0,3,0,0,1,0,3,1,3,4,2,2,0,4,0,3,2,0,3,2,1,1,4,4,4,4,0,0,0,0,2,4,4,4,4,0,0,0,2,2,2,3,2,1,1,3,0,3,1,2,3,1,1,0,1,1,0,2,0,4,1,1,2,0,3,0,0,1,0,2,2,2,1,4,4,2,3,2,0,0,0,0,1,2,4,0,0,1,3,4,4,4,4,4,4,4,4,4,4,4,4,4,4,4,4,4,4,4,4,4,4,4,4,4,4,4,4,4,4,4,4,4,3,4,4,3,0,3,1,0,4,0,2,1,0,3,4,4,1,4,4,4,2,2,0,1,2,0,1,0,1,2,3,3,2,0,4,4,4,4,4,2,3,2,0,2,2,1,0,1,1,2,1,1,3,0,4,4,4,4,4,4,4,4,4,4,4,4,4,4,4,4,4,4,4,4,4,4,4,4,4,4,4,4,4,4,4,4,4,4,4,4,4,4,4,4,4,4,4,4,4,4,4,4,4,4,4,4,4,4,4,4,4,4,4,4,4,4,4,4,4,4,4,4,4,4,4,4,4,4,4,4,4,4,4,4,4,4,4,4,4,4,4,4,4,4,4,4,4,4,4,4,4,4,4,4,4,4,4,4,4,4,4,4,4,4,4,4,4,4,4,4,4,4,4,4,4,4,4,4,4,4,4,4,4,4,4,4,4,4,4,4,4,4,4,4,4,4,4,4,4,4,4,4,4,4,4,4,4,4,4,4,4,4,4,4,4,4,4,4,4,4,4,4,4,4,4,4,4,4,4,4,4,4,4,4,4,4,4,4,4,4,4,4,4,4,4,4,4,4,4,BX950851.1/3645067-3644897,1
1173,0,2,0,3,2,1,3,1,0,3,3,1,4,1,0,1,4,1,3,4,3,1,3,0,3,2,1,3,4,3,2,1,3,3,4,4,4,4,4,4,4,4,4,4,4,4,4,4,4,4,4,4,4,4,4,4,1,4,4,4,4,4,4,4,4,4,4,4,4,4,4,4,4,4,4,4,4,4,4,4,2,2,1,3,3,1,0,3,0,0,3,1,1,3,2,4,2,2,0,4,0,3,2,0,1,2,1,0,4,4,4,4,2,0,2,1,1,0,0,3,3,3,3,2,0,2,2,3,2,1,1,3,0,3,1,2,3,1,1,0,0,1,3,1,4,4,1,0,2,0,3,2,0,0,4,2,0,3,4,4,4,4,4,2,1,0,0,0,4,4,4,4,3,1,3,4,4,4,4,4,4,4,4,4,4,4,4,4,4,4,4,4,4,4,4,4,4,4,4,4,4,4,4,4,4,4,4,4,1,4,4,1,0,3,1,2,4,2,2,1,3,3,3,1,1,4,4,4,2,2,0,1,0,3,0,0,1,2,3,3,2,0,4,4,4,4,4,2,3,2,0,2,2,1,0,1,1,0,3,3,1,3,4,4,4,4,4,4,4,4,4,4,4,4,4,4,4,4,4,4,4,4,4,4,4,4,4,4,4,4,4,4,4,4,4,4,4,4,4,4,4,4,4,4,4,4,4,4,4,4,4,4,4,4,4,4,4,4,4,4,4,4,4,4,4,4,4,4,4,4,4,4,4,4,4,4,4,4,4,4,4,4,4,4,4,4,4,4,4,4,4,4,4,4,4,4,4,4,4,4,4,4,4,4,4,4,4,4,4,4,4,4,4,4,4,4,4,4,4,4,4,4,4,4,4,4,4,4,4,4,4,4,4,4,4,4,4,4,4,4,4,4,4,4,4,4,4,4,4,4,4,4,4,4,4,4,4,4,4,4,4,4,4,4,4,4,4,4,4,4,4,4,4,4,4,4,4,4,4,4,4,4,4,4,4,4,4,4,4,4,4,4,4,4,4,4,4,BX950851.1/4684947-4684797,1
1174,0,2,0,3,2,1,3,1,0,3,3,1,4,1,0,3,4,1,3,4,1,3,3,0,3,2,3,3,4,1,2,1,1,3,4,4,4,4,4,4,4,4,4,4,4,4,4,4,4,4,4,4,4,4,4,4,3,0,4,4,4,4,4,4,4,4,4,4,4,4,4,4,4,4,4,4,4,4,4,2,3,2,1,1,3,1,0,3,0,0,0,1,3,1,1,4,2,2,0,4,0,3,2,0,1,2,1,0,4,4,4,4,2,0,2,1,1,2,4,4,3,3,3,0,1,2,2,3,2,1,3,3,0,3,1,2,3,1,1,4,0,1,3,2,0,4,1,0,2,0,3,2,3,1,4,4,4,4,4,4,4,4,4,2,1,3,3,0,3,4,4,4,2,1,1,4,4,4,4,4,4,4,4,4,4,4,4,4,4,4,4,4,4,4,4,4,4,4,4,4,4,4,4,4,4,4,4,4,3,4,4,1,0,3,1,0,4,2,0,1,0,1,4,4,1,0,4,3,2,2,0,1,0,1,0,0,1,2,3,3,2,0,4,4,4,4,4,2,3,2,0,0,2,1,0,1,1,1,0,1,3,3,4,4,4,4,4,4,4,4,4,4,4,4,4,4,4,4,4,4,4,4,4,4,4,4,4,4,4,4,4,4,4,4,4,4,4,4,4,4,4,4,4,4,4,4,4,4,4,4,4,4,4,4,4,4,4,4,4,4,4,4,4,4,4,4,4,4,4,4,4,4,4,4,4,4,4,4,4,4,4,4,4,4,4,4,4,4,4,4,4,4,4,4,4,4,4,4,4,4,4,4,4,4,4,4,4,4,4,4,4,4,4,4,4,4,4,4,4,4,4,4,4,4,4,4,4,4,4,4,4,4,4,4,4,4,4,4,4,4,4,4,4,4,4,4,4,4,4,4,4,4,4,4,4,4,4,4,4,4,4,4,4,4,4,4,4,4,4,4,4,4,4,4,4,4,4,4,4,4,4,4,4,4,4,4,4,4,4,4,4,4,4,4,4,4,4,AFDT01000057.1/330220-330368,1
1175,0,2,3,2,2,1,3,1,0,3,3,1,4,0,1,1,4,3,3,4,1,3,3,0,3,2,3,1,4,0,2,1,4,4,4,4,1,1,1,3,3,4,1,2,2,4,4,4,4,4,4,2,0,1,2,3,4,4,4,4,4,4,4,4,4,4,4,4,4,4,4,4,4,4,4,4,4,4,4,4,4,2,1,3,0,1,0,3,0,0,0,1,3,4,3,4,1,2,0,4,0,3,2,0,1,2,1,0,4,4,4,4,1,0,0,4,4,4,4,4,4,4,1,0,0,2,2,3,2,1,1,3,2,1,1,2,3,1,1,0,0,1,0,3,4,4,1,3,2,0,3,0,3,3,0,4,4,4,4,4,4,4,4,2,1,0,3,1,2,4,4,4,1,3,1,4,4,4,4,4,4,4,4,4,4,4,4,4,4,4,4,4,4,4,4,4,4,4,4,4,4,4,4,4,4,4,4,4,0,4,4,3,0,3,1,0,4,0,1,1,3,3,4,4,1,4,4,4,2,2,2,1,2,0,0,0,1,2,3,1,2,0,4,4,4,4,4,2,3,3,0,2,2,1,0,1,1,2,1,1,3,3,4,4,4,4,4,4,4,4,4,4,4,4,4,4,4,4,4,4,4,4,4,4,4,4,4,4,4,4,4,4,4,4,4,4,4,4,4,4,4,4,4,4,4,4,4,4,4,4,4,4,4,4,4,4,4,4,4,4,4,4,4,4,4,4,4,4,4,4,4,4,4,4,4,4,4,4,4,4,4,4,4,4,4,4,4,4,4,4,4,4,4,4,4,4,4,4,4,4,4,4,4,4,4,4,4,4,4,4,4,4,4,4,4,4,4,4,4,4,4,4,4,4,4,4,4,4,4,4,4,4,4,4,4,4,4,4,4,4,4,4,4,4,4,4,4,4,4,4,4,4,4,4,4,4,4,4,4,4,4,4,4,4,4,4,4,4,4,4,4,4,4,4,4,4,4,4,4,4,4,4,4,4,4,4,4,4,4,4,4,4,4,4,4,4,4,CACD01000066.1/17371-17223,1
1176,0,2,0,3,2,1,3,1,0,3,3,1,4,1,0,3,4,1,3,4,1,3,3,0,3,2,3,3,4,1,2,1,1,3,4,4,4,4,4,4,4,4,4,4,4,4,4,4,4,4,4,4,4,4,4,4,3,0,4,4,4,4,4,4,4,4,4,4,4,4,4,4,4,4,4,4,4,4,4,2,3,2,1,1,3,1,0,3,0,0,0,1,3,1,1,4,2,2,0,4,0,3,2,0,1,2,1,0,4,4,4,4,2,0,2,1,1,2,4,4,3,3,3,0,1,2,2,3,2,1,3,3,0,3,1,2,3,1,1,4,0,1,3,2,0,4,1,0,2,0,3,2,3,1,4,4,4,4,4,4,4,4,4,2,1,3,3,0,3,4,4,4,2,1,1,4,4,4,4,4,4,4,4,4,4,4,4,4,4,4,4,4,4,4,4,4,4,4,4,4,4,4,4,4,4,4,4,4,3,4,4,1,0,3,1,0,4,2,0,1,0,1,4,4,1,0,4,3,2,2,0,1,0,1,0,0,1,2,3,3,2,0,4,4,4,4,4,2,3,2,0,0,2,1,0,1,1,1,0,1,3,3,4,4,4,4,4,4,4,4,4,4,4,4,4,4,4,4,4,4,4,4,4,4,4,4,4,4,4,4,4,4,4,4,4,4,4,4,4,4,4,4,4,4,4,4,4,4,4,4,4,4,4,4,4,4,4,4,4,4,4,4,4,4,4,4,4,4,4,4,4,4,4,4,4,4,4,4,4,4,4,4,4,4,4,4,4,4,4,4,4,4,4,4,4,4,4,4,4,4,4,4,4,4,4,4,4,4,4,4,4,4,4,4,4,4,4,4,4,4,4,4,4,4,4,4,4,4,4,4,4,4,4,4,4,4,4,4,4,4,4,4,4,4,4,4,4,4,4,4,4,4,4,4,4,4,4,4,4,4,4,4,4,4,4,4,4,4,4,4,4,4,4,4,4,4,4,4,4,4,4,4,4,4,4,4,4,4,4,4,4,4,4,4,4,4,4,AAJX02000029.1/54688-54540,1
1177,0,2,3,3,2,1,3,1,0,3,3,1,4,0,1,1,4,3,1,4,3,3,3,0,3,2,0,3,4,0,2,3,1,1,1,2,1,3,2,3,0,4,0,0,2,1,2,2,0,0,4,3,0,3,2,1,4,4,4,4,4,4,4,4,4,4,4,4,4,4,4,4,4,4,4,4,4,4,4,4,4,0,1,3,3,1,0,3,0,0,2,1,1,0,1,4,1,2,0,4,0,3,2,0,3,2,1,1,4,4,4,4,3,0,0,2,4,4,4,4,4,4,0,1,3,2,2,3,0,1,1,3,0,3,1,2,3,1,1,0,1,1,1,0,0,0,1,1,2,0,3,0,3,1,2,3,2,1,4,4,4,4,4,2,0,0,3,2,1,4,4,4,0,4,1,4,4,4,4,4,4,4,4,4,4,4,4,4,4,4,4,4,4,4,4,4,4,4,4,4,4,4,4,4,4,4,4,4,1,4,4,3,0,3,1,0,4,0,0,1,0,3,4,4,1,4,4,4,2,2,0,1,2,0,1,0,1,2,3,3,2,0,4,4,4,4,4,2,3,2,0,2,2,3,2,1,1,2,1,1,3,0,4,4,4,4,4,4,4,4,4,4,4,4,4,4,4,4,4,4,4,4,4,4,4,4,4,4,4,4,4,4,4,4,4,4,4,4,4,4,4,4,4,4,4,4,4,4,4,4,4,4,4,4,4,4,4,4,4,4,4,4,4,4,4,4,4,4,4,4,4,4,4,4,4,4,4,4,4,4,4,4,4,4,4,4,4,4,4,4,4,4,4,4,4,4,4,4,4,4,4,4,4,4,4,4,4,4,4,4,4,4,4,4,4,4,4,4,4,4,4,4,4,4,4,4,4,4,4,4,4,4,4,4,4,4,4,4,4,4,4,4,4,4,4,4,4,4,4,4,4,4,4,4,4,4,4,4,4,4,4,4,4,4,4,4,4,4,4,4,4,4,4,4,4,4,4,4,4,4,4,4,4,4,4,4,4,4,4,4,4,4,4,4,4,4,4,CACZ01000044.1/138022-137859,1
1178,0,2,3,2,2,1,3,1,0,3,3,1,4,0,1,1,4,2,0,4,1,3,3,0,3,2,3,1,4,0,2,1,4,4,4,4,1,1,1,3,3,4,1,2,2,4,4,4,4,4,4,2,0,1,2,3,4,4,4,4,4,4,4,4,4,4,4,4,4,4,4,4,4,4,4,4,4,4,4,4,4,2,1,3,0,1,0,3,0,0,0,0,3,4,3,4,1,2,0,4,0,3,2,0,1,2,1,0,4,4,4,4,1,0,0,4,4,4,4,4,4,4,1,0,0,2,2,3,2,1,1,3,2,1,1,2,3,1,1,0,0,1,3,3,4,4,1,3,2,0,3,0,3,1,0,4,4,4,4,4,4,4,4,2,1,2,3,0,4,4,4,4,2,1,3,4,4,4,4,4,4,4,4,4,4,4,4,4,4,4,4,4,4,4,4,4,4,4,4,4,4,4,4,4,4,4,4,4,0,4,4,3,0,3,1,0,4,0,1,1,0,3,4,4,1,4,4,4,2,2,2,1,2,0,0,0,1,2,3,1,2,0,4,4,4,4,4,2,3,3,0,2,2,1,0,1,1,2,1,1,3,3,4,4,4,4,4,4,4,4,4,4,4,4,4,4,4,4,4,4,4,4,4,4,4,4,4,4,4,4,4,4,4,4,4,4,4,4,4,4,4,4,4,4,4,4,4,4,4,4,4,4,4,4,4,4,4,4,4,4,4,4,4,4,4,4,4,4,4,4,4,4,4,4,4,4,4,4,4,4,4,4,4,4,4,4,4,4,4,4,4,4,4,4,4,4,4,4,4,4,4,4,4,4,4,4,4,4,4,4,4,4,4,4,4,4,4,4,4,4,4,4,4,4,4,4,4,4,4,4,4,4,4,4,4,4,4,4,4,4,4,4,4,4,4,4,4,4,4,4,4,4,4,4,4,4,4,4,4,4,4,4,4,4,4,4,4,4,4,4,4,4,4,4,4,4,4,4,4,4,4,4,4,4,4,4,4,4,4,4,4,4,4,4,4,4,4,AFST01000001.2/37580-37727,1
1179,0,2,3,2,2,1,3,1,0,3,3,1,4,0,1,1,4,1,0,4,3,3,3,0,3,2,3,1,4,0,2,1,4,4,4,4,1,1,1,3,3,4,1,2,2,4,4,4,4,4,4,2,0,1,2,1,4,4,4,4,4,4,4,4,4,4,4,4,4,4,4,4,4,4,4,4,4,4,4,4,4,2,1,3,0,1,0,3,0,0,0,0,3,4,3,4,1,2,0,4,0,3,2,0,1,2,1,0,4,4,4,4,1,0,0,4,4,4,4,4,4,4,1,0,0,2,2,3,2,1,1,3,2,1,1,2,3,1,1,0,0,1,3,3,4,4,1,3,2,0,3,0,3,1,0,4,4,4,4,4,4,4,4,2,1,3,3,0,4,4,4,4,2,1,3,4,4,4,4,4,4,4,4,4,4,4,4,4,4,4,4,4,4,4,4,4,4,4,4,4,4,4,4,4,4,4,4,4,0,4,4,3,0,3,1,0,4,0,1,1,1,3,4,4,1,4,4,4,2,2,2,1,2,0,0,0,1,2,3,1,2,0,4,4,4,4,4,2,3,3,0,2,2,1,0,1,1,2,1,1,3,3,4,4,4,4,4,4,4,4,4,4,4,4,4,4,4,4,4,4,4,4,4,4,4,4,4,4,4,4,4,4,4,4,4,4,4,4,4,4,4,4,4,4,4,4,4,4,4,4,4,4,4,4,4,4,4,4,4,4,4,4,4,4,4,4,4,4,4,4,4,4,4,4,4,4,4,4,4,4,4,4,4,4,4,4,4,4,4,4,4,4,4,4,4,4,4,4,4,4,4,4,4,4,4,4,4,4,4,4,4,4,4,4,4,4,4,4,4,4,4,4,4,4,4,4,4,4,4,4,4,4,4,4,4,4,4,4,4,4,4,4,4,4,4,4,4,4,4,4,4,4,4,4,4,4,4,4,4,4,4,4,4,4,4,4,4,4,4,4,4,4,4,4,4,4,4,4,4,4,4,4,4,4,4,4,4,4,4,4,4,4,4,4,4,4,4,ABKX01000003.1/52211-52358,1
1180,0,2,3,2,2,1,3,1,0,3,3,1,4,0,1,1,4,1,3,4,1,3,3,0,3,2,3,1,4,0,2,1,4,4,4,4,1,1,1,3,3,4,1,2,2,4,4,4,4,4,4,2,0,1,2,1,4,4,4,4,4,4,4,4,4,4,4,4,4,4,4,4,4,4,4,4,4,4,4,4,4,2,1,3,0,1,0,3,0,0,0,1,3,4,3,4,1,2,0,4,0,3,2,0,1,2,1,0,4,4,4,4,1,0,0,4,4,4,4,4,4,4,0,0,0,2,2,3,2,1,1,3,2,1,1,2,3,1,1,0,0,1,3,0,4,4,1,3,2,0,3,3,0,3,3,4,4,4,4,4,4,4,4,2,1,2,3,0,0,4,4,4,2,1,3,4,4,4,4,4,4,4,4,4,4,4,4,4,4,4,4,4,4,4,4,4,4,4,4,4,4,4,4,4,4,4,4,4,3,4,4,3,0,3,1,0,4,2,2,1,3,1,4,4,1,4,4,4,2,2,2,1,2,0,0,0,1,2,3,1,2,0,4,4,4,4,4,2,3,0,0,2,2,1,0,1,1,2,1,1,3,1,4,4,4,4,4,4,4,4,4,4,4,4,4,4,4,4,4,4,4,4,4,4,4,4,4,4,4,4,4,4,4,4,4,4,4,4,4,4,4,4,4,4,4,4,4,4,4,4,4,4,4,4,4,4,4,4,4,4,4,4,4,4,4,4,4,4,4,4,4,4,4,4,4,4,4,4,4,4,4,4,4,4,4,4,4,4,4,4,4,4,4,4,4,4,4,4,4,4,4,4,4,4,4,4,4,4,4,4,4,4,4,4,4,4,4,4,4,4,4,4,4,4,4,4,4,4,4,4,4,4,4,4,4,4,4,4,4,4,4,4,4,4,4,4,4,4,4,4,4,4,4,4,4,4,4,4,4,4,4,4,4,4,4,4,4,4,4,4,4,4,4,4,4,4,4,4,4,4,4,4,4,4,4,4,4,4,4,4,4,4,4,4,4,4,4,CP000653.1/3309706-3309558,1
1181,0,2,0,3,2,1,3,1,0,3,3,1,4,1,0,3,4,1,3,4,1,3,3,0,3,2,3,3,4,1,2,1,1,3,4,4,4,4,4,4,4,4,4,4,4,4,4,4,4,4,4,4,4,4,4,4,3,0,4,4,4,4,4,4,4,4,4,4,4,4,4,4,4,4,4,4,4,4,4,2,3,2,1,1,3,1,0,3,0,0,0,1,3,1,1,4,2,2,0,4,0,3,2,0,1,2,1,0,4,4,4,4,2,0,2,1,1,2,4,4,3,3,3,0,1,2,2,3,2,1,3,3,0,3,1,2,3,1,1,4,0,1,3,2,0,4,1,0,2,0,3,2,3,1,4,4,4,4,4,4,4,4,4,2,1,3,3,0,3,4,4,4,2,1,1,4,4,4,4,4,4,4,4,4,4,4,4,4,4,4,4,4,4,4,4,4,4,4,4,4,4,4,4,4,4,4,4,4,3,4,4,1,0,3,1,0,4,2,0,1,0,1,4,4,1,0,4,3,2,2,0,1,0,1,0,0,1,2,3,3,2,0,4,4,4,4,4,2,3,2,0,0,2,1,0,1,1,1,0,1,3,3,4,4,4,4,4,4,4,4,4,4,4,4,4,4,4,4,4,4,4,4,4,4,4,4,4,4,4,4,4,4,4,4,4,4,4,4,4,4,4,4,4,4,4,4,4,4,4,4,4,4,4,4,4,4,4,4,4,4,4,4,4,4,4,4,4,4,4,4,4,4,4,4,4,4,4,4,4,4,4,4,4,4,4,4,4,4,4,4,4,4,4,4,4,4,4,4,4,4,4,4,4,4,4,4,4,4,4,4,4,4,4,4,4,4,4,4,4,4,4,4,4,4,4,4,4,4,4,4,4,4,4,4,4,4,4,4,4,4,4,4,4,4,4,4,4,4,4,4,4,4,4,4,4,4,4,4,4,4,4,4,4,4,4,4,4,4,4,4,4,4,4,4,4,4,4,4,4,4,4,4,4,4,4,4,4,4,4,4,4,4,4,4,4,4,4,AELB01000020.1/127736-127588,1
1182,0,2,0,3,2,1,3,1,0,3,3,1,4,1,0,3,4,1,3,4,1,3,3,0,3,2,3,2,4,2,2,1,2,1,4,4,4,4,4,4,4,4,4,4,4,4,4,4,4,4,4,4,4,4,4,4,0,4,4,4,4,4,4,4,4,4,4,4,4,4,4,4,4,4,4,4,4,4,4,4,0,2,1,2,2,1,0,3,0,0,0,1,1,2,2,4,2,2,0,4,0,3,2,0,1,2,1,0,4,4,4,4,2,0,2,1,1,4,4,4,0,3,3,0,1,2,2,3,0,1,1,3,2,3,3,2,3,1,1,0,0,1,1,0,4,4,2,1,1,0,0,3,0,3,2,4,4,4,4,4,4,4,4,2,3,3,1,0,1,4,4,2,1,1,3,4,4,4,4,4,4,4,4,4,4,4,4,4,4,4,4,4,4,4,4,4,4,4,4,4,4,4,4,4,4,4,4,4,3,4,4,0,3,3,2,2,4,0,3,3,0,3,4,4,1,4,4,4,2,2,0,1,0,0,0,0,1,2,3,3,2,0,4,4,4,4,4,2,3,1,2,2,2,3,0,1,1,4,1,0,3,1,4,4,4,4,4,4,4,4,4,4,4,4,4,4,4,4,4,4,4,4,4,4,4,4,4,4,4,4,4,4,4,4,4,4,4,4,4,4,4,4,4,4,4,4,4,4,4,4,4,4,4,4,4,4,4,4,4,4,4,4,4,4,4,4,4,4,4,4,4,4,4,4,4,4,4,4,4,4,4,4,4,4,4,4,4,4,4,4,4,4,4,4,4,4,4,4,4,4,4,4,4,4,4,4,4,4,4,4,4,4,4,4,4,4,4,4,4,4,4,4,4,4,4,4,4,4,4,4,4,4,4,4,4,4,4,4,4,4,4,4,4,4,4,4,4,4,4,4,4,4,4,4,4,4,4,4,4,4,4,4,4,4,4,4,4,4,4,4,4,4,4,4,4,4,4,4,4,4,4,4,4,4,4,4,4,4,4,4,4,4,4,4,4,4,4,FN666575.1/218842-218986,1
1183,0,2,0,3,2,1,3,1,0,3,3,1,4,1,0,3,4,1,3,4,1,3,3,0,3,2,3,3,4,1,2,1,1,3,4,4,4,4,4,4,4,4,4,4,4,4,4,4,4,4,4,4,4,4,4,4,3,0,4,4,4,4,4,4,4,4,4,4,4,4,4,4,4,4,4,4,4,4,4,2,3,2,1,1,3,1,0,3,0,0,0,1,3,1,1,4,2,2,0,4,0,3,2,0,1,2,1,0,4,4,4,4,2,0,2,1,1,2,4,4,3,3,3,0,1,2,2,3,2,1,3,3,0,3,1,2,3,1,1,4,0,1,3,2,0,4,1,0,2,0,3,2,3,1,4,4,4,4,4,4,4,4,4,2,1,3,3,0,3,4,4,4,2,1,1,4,4,4,4,4,4,4,4,4,4,4,4,4,4,4,4,4,4,4,4,4,4,4,4,4,4,4,4,4,4,4,4,4,3,4,4,1,0,3,1,0,4,2,0,1,0,1,4,4,1,0,4,3,2,2,0,1,0,1,0,0,1,2,3,3,2,0,4,4,4,4,4,2,3,2,0,0,2,1,0,1,1,1,0,1,3,3,4,4,4,4,4,4,4,4,4,4,4,4,4,4,4,4,4,4,4,4,4,4,4,4,4,4,4,4,4,4,4,4,4,4,4,4,4,4,4,4,4,4,4,4,4,4,4,4,4,4,4,4,4,4,4,4,4,4,4,4,4,4,4,4,4,4,4,4,4,4,4,4,4,4,4,4,4,4,4,4,4,4,4,4,4,4,4,4,4,4,4,4,4,4,4,4,4,4,4,4,4,4,4,4,4,4,4,4,4,4,4,4,4,4,4,4,4,4,4,4,4,4,4,4,4,4,4,4,4,4,4,4,4,4,4,4,4,4,4,4,4,4,4,4,4,4,4,4,4,4,4,4,4,4,4,4,4,4,4,4,4,4,4,4,4,4,4,4,4,4,4,4,4,4,4,4,4,4,4,4,4,4,4,4,4,4,4,4,4,4,4,4,4,4,4,CP002729.1/4489369-4489517,1
1184,0,2,0,3,2,1,3,1,0,3,3,1,4,1,0,3,4,1,3,4,1,3,3,0,3,2,3,3,4,1,2,1,1,3,4,4,4,4,4,4,4,4,4,4,4,4,4,4,4,4,4,4,4,4,4,4,3,0,4,4,4,4,4,4,4,4,4,4,4,4,4,4,4,4,4,4,4,4,4,2,3,2,1,1,3,1,0,3,0,0,0,1,3,1,1,4,2,2,0,4,0,3,2,0,1,2,1,0,4,4,4,4,2,0,2,1,1,2,4,4,3,3,3,0,1,2,2,3,2,1,3,3,0,3,1,2,3,1,1,4,0,1,3,2,0,4,1,0,2,0,3,2,3,1,4,4,4,4,4,4,4,4,4,2,1,3,3,0,3,4,4,4,2,1,1,4,4,4,4,4,4,4,4,4,4,4,4,4,4,4,4,4,4,4,4,4,4,4,4,4,4,4,4,4,4,4,4,4,3,4,4,1,0,3,1,0,4,2,0,1,0,1,4,4,1,0,4,3,2,2,0,1,0,1,0,0,1,2,3,3,2,0,4,4,4,4,4,2,3,2,0,0,2,1,0,1,1,1,0,1,3,3,4,4,4,4,4,4,4,4,4,4,4,4,4,4,4,4,4,4,4,4,4,4,4,4,4,4,4,4,4,4,4,4,4,4,4,4,4,4,4,4,4,4,4,4,4,4,4,4,4,4,4,4,4,4,4,4,4,4,4,4,4,4,4,4,4,4,4,4,4,4,4,4,4,4,4,4,4,4,4,4,4,4,4,4,4,4,4,4,4,4,4,4,4,4,4,4,4,4,4,4,4,4,4,4,4,4,4,4,4,4,4,4,4,4,4,4,4,4,4,4,4,4,4,4,4,4,4,4,4,4,4,4,4,4,4,4,4,4,4,4,4,4,4,4,4,4,4,4,4,4,4,4,4,4,4,4,4,4,4,4,4,4,4,4,4,4,4,4,4,4,4,4,4,4,4,4,4,4,4,4,4,4,4,4,4,4,4,4,4,4,4,4,4,4,4,AELC01000010.1/113901-114049,1
1185,0,2,3,2,2,1,3,1,0,3,3,1,4,0,1,1,4,2,0,4,1,3,3,0,3,2,3,1,4,0,2,1,4,4,4,4,1,1,1,3,3,4,1,2,2,4,4,4,4,4,4,2,0,1,2,3,4,4,4,4,4,4,4,4,4,4,4,4,4,4,4,4,4,4,4,4,4,4,4,4,4,2,1,3,0,1,0,3,0,0,0,0,3,4,0,4,1,2,0,4,0,3,2,0,1,2,1,0,4,4,4,4,1,0,0,4,4,4,4,4,4,4,1,0,0,2,2,3,2,1,1,3,2,1,1,2,3,1,1,0,0,1,3,3,4,4,1,3,2,0,3,0,3,1,0,4,4,4,4,4,4,4,4,2,1,2,3,0,4,4,4,4,2,1,3,4,4,4,4,4,4,4,4,4,4,4,4,4,4,4,4,4,4,4,4,4,4,4,4,4,4,4,4,4,4,4,4,4,0,4,4,3,0,3,1,0,4,0,1,1,0,3,4,4,1,4,4,4,2,2,2,1,2,0,0,0,1,2,3,1,2,0,4,4,4,4,4,2,3,3,0,2,2,1,0,1,1,2,1,1,3,3,4,4,4,4,4,4,4,4,4,4,4,4,4,4,4,4,4,4,4,4,4,4,4,4,4,4,4,4,4,4,4,4,4,4,4,4,4,4,4,4,4,4,4,4,4,4,4,4,4,4,4,4,4,4,4,4,4,4,4,4,4,4,4,4,4,4,4,4,4,4,4,4,4,4,4,4,4,4,4,4,4,4,4,4,4,4,4,4,4,4,4,4,4,4,4,4,4,4,4,4,4,4,4,4,4,4,4,4,4,4,4,4,4,4,4,4,4,4,4,4,4,4,4,4,4,4,4,4,4,4,4,4,4,4,4,4,4,4,4,4,4,4,4,4,4,4,4,4,4,4,4,4,4,4,4,4,4,4,4,4,4,4,4,4,4,4,4,4,4,4,4,4,4,4,4,4,4,4,4,4,4,4,4,4,4,4,4,4,4,4,4,4,4,4,4,AFVX01000002.1/34749-34896,1
1186,0,2,3,2,2,1,3,1,0,3,3,1,4,0,1,1,4,3,3,4,1,3,3,0,3,2,3,1,4,0,2,1,4,4,4,4,1,1,1,3,3,4,0,2,2,4,4,4,4,4,4,2,0,1,2,1,4,4,4,4,4,4,4,4,4,4,4,4,4,4,4,4,4,4,4,4,4,4,4,4,4,2,1,3,0,1,0,3,0,0,0,1,3,4,3,4,1,2,0,4,0,3,2,0,1,2,1,0,4,4,4,4,1,0,0,4,4,4,4,4,4,4,1,0,0,2,2,3,2,1,1,3,2,1,1,2,3,1,1,0,0,1,3,3,4,4,1,3,2,0,3,0,0,3,0,4,4,4,4,4,4,4,4,2,1,2,3,0,4,4,4,4,2,1,3,4,4,4,4,4,4,4,4,4,4,4,4,4,4,4,4,4,4,4,4,4,4,4,4,4,4,4,4,4,4,4,4,4,3,4,4,3,0,3,1,0,4,0,1,1,3,1,4,4,1,4,4,4,2,2,2,1,2,0,0,0,1,2,3,1,2,0,4,4,4,4,4,2,3,3,0,2,2,1,0,1,1,2,1,1,3,3,4,4,4,4,4,4,4,4,4,4,4,4,4,4,4,4,4,4,4,4,4,4,4,4,4,4,4,4,4,4,4,4,4,4,4,4,4,4,4,4,4,4,4,4,4,4,4,4,4,4,4,4,4,4,4,4,4,4,4,4,4,4,4,4,4,4,4,4,4,4,4,4,4,4,4,4,4,4,4,4,4,4,4,4,4,4,4,4,4,4,4,4,4,4,4,4,4,4,4,4,4,4,4,4,4,4,4,4,4,4,4,4,4,4,4,4,4,4,4,4,4,4,4,4,4,4,4,4,4,4,4,4,4,4,4,4,4,4,4,4,4,4,4,4,4,4,4,4,4,4,4,4,4,4,4,4,4,4,4,4,4,4,4,4,4,4,4,4,4,4,4,4,4,4,4,4,4,4,4,4,4,4,4,4,4,4,4,4,4,4,4,4,4,4,4,AETG01000009.1/32884-32737,1
1187,0,2,0,3,2,1,3,1,0,3,3,1,4,1,0,3,4,1,3,4,1,3,3,0,3,2,3,3,4,1,2,1,1,3,4,4,4,4,4,4,4,4,4,4,4,4,4,4,4,4,4,4,4,4,4,4,3,0,4,4,4,4,4,4,4,4,4,4,4,4,4,4,4,4,4,4,4,4,4,2,3,2,1,1,3,1,0,3,0,0,0,1,3,1,1,4,2,2,0,4,0,3,2,0,1,2,1,0,4,4,4,4,2,0,2,1,1,2,4,4,3,3,3,0,1,2,2,3,2,1,3,3,0,3,1,2,3,1,1,4,0,1,3,2,0,4,1,0,2,0,3,2,3,1,4,4,4,4,4,4,4,4,4,2,1,3,3,0,3,4,4,4,2,1,1,4,4,4,4,4,4,4,4,4,4,4,4,4,4,4,4,4,4,4,4,4,4,4,4,4,4,4,4,4,4,4,4,4,3,4,4,1,0,3,1,0,4,2,0,1,0,1,4,4,1,0,4,3,2,2,0,1,0,1,0,0,1,2,3,3,2,0,4,4,4,4,4,2,3,2,0,0,2,1,0,1,1,1,0,1,3,3,4,4,4,4,4,4,4,4,4,4,4,4,4,4,4,4,4,4,4,4,4,4,4,4,4,4,4,4,4,4,4,4,4,4,4,4,4,4,4,4,4,4,4,4,4,4,4,4,4,4,4,4,4,4,4,4,4,4,4,4,4,4,4,4,4,4,4,4,4,4,4,4,4,4,4,4,4,4,4,4,4,4,4,4,4,4,4,4,4,4,4,4,4,4,4,4,4,4,4,4,4,4,4,4,4,4,4,4,4,4,4,4,4,4,4,4,4,4,4,4,4,4,4,4,4,4,4,4,4,4,4,4,4,4,4,4,4,4,4,4,4,4,4,4,4,4,4,4,4,4,4,4,4,4,4,4,4,4,4,4,4,4,4,4,4,4,4,4,4,4,4,4,4,4,4,4,4,4,4,4,4,4,4,4,4,4,4,4,4,4,4,4,4,4,4,AFOW01000045.1/57611-57463,1
1188,0,2,0,3,2,1,3,1,0,3,3,1,4,1,0,3,4,1,3,4,1,3,3,0,3,2,3,3,4,1,2,1,1,3,3,4,1,4,4,4,4,4,4,4,4,4,4,4,4,4,4,4,4,4,4,4,3,4,4,4,4,4,4,4,4,4,4,4,4,4,4,4,4,4,4,4,4,4,4,4,2,2,1,1,3,1,0,3,0,0,0,1,3,1,0,4,2,2,0,4,0,3,2,0,3,2,1,0,4,4,4,4,2,0,2,1,1,2,4,4,3,3,3,0,1,2,2,3,2,1,3,3,0,3,1,2,3,1,1,4,0,1,3,2,0,4,1,0,2,0,3,2,3,1,4,4,4,4,4,4,4,4,4,2,1,3,3,0,1,4,4,4,2,1,1,4,4,4,4,4,4,4,4,4,4,4,4,4,4,4,4,4,4,4,4,4,4,4,4,4,4,4,4,4,4,4,4,4,3,4,4,1,0,3,1,0,4,0,0,1,0,1,4,4,1,1,4,3,2,2,0,1,0,1,0,0,1,2,3,3,2,0,4,4,4,4,4,2,3,2,0,0,2,1,0,1,1,1,1,3,3,3,4,4,4,4,4,4,4,4,4,4,4,4,4,4,4,4,4,4,4,4,4,4,4,4,4,4,4,4,4,4,4,4,4,4,4,4,4,4,4,4,4,4,4,4,4,4,4,4,4,4,4,4,4,4,4,4,4,4,4,4,4,4,4,4,4,4,4,4,4,4,4,4,4,4,4,4,4,4,4,4,4,4,4,4,4,4,4,4,4,4,4,4,4,4,4,4,4,4,4,4,4,4,4,4,4,4,4,4,4,4,4,4,4,4,4,4,4,4,4,4,4,4,4,4,4,4,4,4,4,4,4,4,4,4,4,4,4,4,4,4,4,4,4,4,4,4,4,4,4,4,4,4,4,4,4,4,4,4,4,4,4,4,4,4,4,4,4,4,4,4,4,4,4,4,4,4,4,4,4,4,4,4,4,4,4,4,4,4,4,4,4,4,4,4,4,CP001138.1/4061395-4061543,1
1189,0,2,0,3,2,1,3,1,0,3,1,1,4,1,0,1,4,3,3,4,0,3,3,0,3,2,0,3,4,0,2,1,1,3,2,4,2,3,3,3,3,4,3,0,3,0,2,1,1,0,4,0,3,3,3,0,4,4,4,4,4,4,4,4,4,4,4,4,4,4,4,4,4,4,4,4,4,4,4,4,4,2,1,3,3,1,0,3,0,0,0,1,1,1,0,4,2,2,2,4,0,3,2,0,1,2,1,0,4,4,4,4,2,0,2,1,1,2,0,3,3,3,3,0,2,2,2,3,2,1,1,3,0,3,3,2,3,1,1,0,3,2,3,0,0,4,0,1,2,0,3,2,3,3,4,4,4,4,4,4,4,4,4,2,0,0,3,0,4,4,4,4,3,1,3,4,4,4,4,4,4,4,4,4,4,4,4,4,4,4,4,4,4,4,4,4,4,4,4,4,4,4,4,4,4,4,4,4,3,4,4,1,0,3,1,0,4,1,0,3,0,1,4,4,1,4,4,4,2,2,2,1,0,3,0,0,1,2,3,3,2,0,4,4,4,4,4,2,3,2,0,2,2,1,0,1,1,2,0,1,0,3,4,4,4,4,4,4,4,4,4,4,4,4,4,4,4,4,4,4,4,4,4,4,4,4,4,4,4,4,4,4,4,4,4,4,4,4,4,4,4,4,4,4,4,4,4,4,4,4,4,4,4,4,4,4,4,4,4,4,4,4,4,4,4,4,4,4,4,4,4,4,4,4,4,4,4,4,4,4,4,4,4,4,4,4,4,4,4,4,4,4,4,4,4,4,4,4,4,4,4,4,4,4,4,4,4,4,4,4,4,4,4,4,4,4,4,4,4,4,4,4,4,4,4,4,4,4,4,4,4,4,4,4,4,4,4,4,4,4,4,4,4,4,4,4,4,4,4,4,4,4,4,4,4,4,4,4,4,4,4,4,4,4,4,4,4,4,4,4,4,4,4,4,4,4,4,4,4,4,4,4,4,4,4,4,4,4,4,4,4,4,4,4,4,4,4,FR729477.2/3499676-3499839,1
1190,0,2,0,3,2,1,3,1,0,3,3,1,4,1,0,1,4,3,3,4,0,3,3,0,3,2,3,3,4,3,2,1,3,1,4,4,4,4,4,4,4,4,4,4,4,4,4,4,4,4,4,4,4,4,4,4,1,4,4,4,4,4,4,4,4,4,4,4,4,4,4,4,4,4,4,4,4,4,4,4,2,2,1,3,3,1,0,3,0,0,0,1,1,1,0,4,2,2,0,4,0,3,2,0,1,2,1,0,4,4,4,4,2,0,2,1,1,2,4,4,3,3,3,0,1,2,2,3,2,1,3,3,0,3,1,2,3,1,1,4,0,1,0,2,0,4,1,0,2,0,3,2,3,1,4,4,4,4,4,4,4,4,4,2,1,3,3,1,2,4,4,4,2,1,1,4,4,4,4,4,4,4,4,4,4,4,4,4,4,4,4,4,4,4,4,4,4,4,4,4,4,4,4,4,4,4,4,4,3,4,4,1,0,3,1,0,4,0,0,1,0,1,4,4,1,0,4,3,2,2,0,1,0,3,0,0,1,2,3,3,2,0,4,4,4,4,4,2,3,2,0,0,2,1,0,1,1,0,1,0,3,3,4,4,4,4,4,4,4,4,4,4,4,4,4,4,4,4,4,4,4,4,4,4,4,4,4,4,4,4,4,4,4,4,4,4,4,4,4,4,4,4,4,4,4,4,4,4,4,4,4,4,4,4,4,4,4,4,4,4,4,4,4,4,4,4,4,4,4,4,4,4,4,4,4,4,4,4,4,4,4,4,4,4,4,4,4,4,4,4,4,4,4,4,4,4,4,4,4,4,4,4,4,4,4,4,4,4,4,4,4,4,4,4,4,4,4,4,4,4,4,4,4,4,4,4,4,4,4,4,4,4,4,4,4,4,4,4,4,4,4,4,4,4,4,4,4,4,4,4,4,4,4,4,4,4,4,4,4,4,4,4,4,4,4,4,4,4,4,4,4,4,4,4,4,4,4,4,4,4,4,4,4,4,4,4,4,4,4,4,4,4,4,4,4,4,4,CP000783.1/3698835-3698689,1
1191,0,2,0,3,2,1,3,1,0,3,3,1,4,0,1,1,4,3,3,4,1,3,3,0,3,2,3,3,4,3,2,1,2,4,4,4,4,4,4,4,4,4,4,4,4,4,4,4,4,4,4,4,4,4,4,4,0,4,4,4,4,4,4,4,4,4,4,4,4,4,4,4,4,4,4,4,4,4,4,0,0,2,1,3,3,1,0,3,0,0,0,1,1,3,3,4,1,2,0,4,0,3,2,0,3,2,1,0,4,4,4,4,2,0,2,1,1,0,4,0,3,3,3,0,1,2,2,3,2,3,1,3,0,3,3,2,3,1,1,2,0,3,1,4,4,4,1,3,2,0,3,2,0,3,0,2,3,2,4,4,4,4,4,2,3,1,3,3,2,0,4,1,1,1,3,4,4,4,4,4,4,4,4,4,4,4,4,4,4,4,4,4,4,4,4,4,4,4,4,4,4,4,4,4,4,4,4,4,3,4,4,1,0,3,1,0,4,2,1,1,1,0,4,4,1,4,4,4,2,2,2,1,2,3,0,0,1,2,3,3,2,0,4,4,4,4,4,2,3,2,0,2,0,1,0,1,1,0,0,3,1,0,4,4,4,4,4,4,4,4,4,4,4,4,4,4,4,4,4,4,4,4,4,4,4,4,4,4,4,4,4,4,4,4,4,4,4,4,4,4,4,4,4,4,4,4,4,4,4,4,4,4,4,4,4,4,4,4,4,4,4,4,4,4,4,4,4,4,4,4,4,4,4,4,4,4,4,4,4,4,4,4,4,4,4,4,4,4,4,4,4,4,4,4,4,4,4,4,4,4,4,4,4,4,4,4,4,4,4,4,4,4,4,4,4,4,4,4,4,4,4,4,4,4,4,4,4,4,4,4,4,4,4,4,4,4,4,4,4,4,4,4,4,4,4,4,4,4,4,4,4,4,4,4,4,4,4,4,4,4,4,4,4,4,4,4,4,4,4,4,4,4,4,4,4,4,4,4,4,4,4,4,4,4,4,4,4,4,4,4,4,4,4,4,4,4,4,ADCU01000026.1/38113-38263,1
1192,0,2,3,2,2,1,3,1,0,3,3,1,4,0,1,1,4,2,0,4,1,3,3,0,3,2,3,1,4,0,2,1,4,4,4,4,1,1,1,3,3,4,1,2,2,4,4,4,4,4,4,2,0,1,2,3,4,4,4,4,4,4,4,4,4,4,4,4,4,4,4,4,4,4,4,4,4,4,4,4,4,2,1,3,0,1,0,3,0,0,0,0,3,4,3,4,1,2,0,4,0,3,2,0,1,2,1,0,4,4,4,4,1,0,0,4,4,4,4,4,4,4,1,0,0,2,2,3,2,1,1,3,2,1,1,2,3,1,1,0,0,1,3,3,4,4,1,3,2,0,3,0,3,1,0,4,4,4,4,4,4,4,4,2,1,2,3,0,4,4,4,4,2,1,3,4,4,4,4,4,4,4,4,4,4,4,4,4,4,4,4,4,4,4,4,4,4,4,4,4,4,4,4,4,4,4,4,4,0,4,4,3,0,3,1,0,4,0,1,1,0,3,4,4,1,4,4,4,2,2,2,1,2,0,0,0,1,2,3,1,2,0,4,4,4,4,4,2,3,3,0,2,2,1,0,1,1,2,1,1,3,3,4,4,4,4,4,4,4,4,4,4,4,4,4,4,4,4,4,4,4,4,4,4,4,4,4,4,4,4,4,4,4,4,4,4,4,4,4,4,4,4,4,4,4,4,4,4,4,4,4,4,4,4,4,4,4,4,4,4,4,4,4,4,4,4,4,4,4,4,4,4,4,4,4,4,4,4,4,4,4,4,4,4,4,4,4,4,4,4,4,4,4,4,4,4,4,4,4,4,4,4,4,4,4,4,4,4,4,4,4,4,4,4,4,4,4,4,4,4,4,4,4,4,4,4,4,4,4,4,4,4,4,4,4,4,4,4,4,4,4,4,4,4,4,4,4,4,4,4,4,4,4,4,4,4,4,4,4,4,4,4,4,4,4,4,4,4,4,4,4,4,4,4,4,4,4,4,4,4,4,4,4,4,4,4,4,4,4,4,4,4,4,4,4,4,4,ADWR01000039.1/19142-18995,1
1193,0,2,0,3,2,1,3,1,0,3,3,1,4,1,0,3,4,1,3,4,1,3,3,0,3,2,3,3,4,1,2,1,1,3,4,4,4,4,4,4,4,4,4,4,4,4,4,4,4,4,4,4,4,4,4,4,3,0,4,4,4,4,4,4,4,4,4,4,4,4,4,4,4,4,4,4,4,4,4,2,3,2,1,1,3,1,0,3,0,0,0,1,3,1,1,4,2,2,0,4,0,3,2,0,1,2,1,0,4,4,4,4,2,0,2,1,1,2,4,4,3,3,3,0,1,2,2,3,2,1,3,3,0,3,1,2,3,1,1,4,0,1,3,2,0,4,1,0,2,0,3,2,3,1,4,4,4,4,4,4,4,4,4,2,1,3,3,0,3,4,4,4,2,1,1,4,4,4,4,4,4,4,4,4,4,4,4,4,4,4,4,4,4,4,4,4,4,4,4,4,4,4,4,4,4,4,4,4,3,4,4,1,0,3,1,0,4,2,0,1,0,1,4,4,1,0,4,3,2,2,0,1,0,1,0,0,1,2,3,3,2,0,4,4,4,4,4,2,3,2,0,0,2,1,0,1,1,1,0,1,3,3,4,4,4,4,4,4,4,4,4,4,4,4,4,4,4,4,4,4,4,4,4,4,4,4,4,4,4,4,4,4,4,4,4,4,4,4,4,4,4,4,4,4,4,4,4,4,4,4,4,4,4,4,4,4,4,4,4,4,4,4,4,4,4,4,4,4,4,4,4,4,4,4,4,4,4,4,4,4,4,4,4,4,4,4,4,4,4,4,4,4,4,4,4,4,4,4,4,4,4,4,4,4,4,4,4,4,4,4,4,4,4,4,4,4,4,4,4,4,4,4,4,4,4,4,4,4,4,4,4,4,4,4,4,4,4,4,4,4,4,4,4,4,4,4,4,4,4,4,4,4,4,4,4,4,4,4,4,4,4,4,4,4,4,4,4,4,4,4,4,4,4,4,4,4,4,4,4,4,4,4,4,4,4,4,4,4,4,4,4,4,4,4,4,4,4,ADUZ01000763.1/3657-3805,1
1194,0,2,0,3,2,1,3,1,0,3,3,1,4,1,0,3,4,1,3,4,1,3,3,0,3,2,3,3,4,1,2,1,1,3,3,4,1,4,4,4,4,4,4,4,4,4,4,4,4,4,4,4,4,4,4,4,3,4,4,4,4,4,4,4,4,4,4,4,4,4,4,4,4,4,4,4,4,4,4,4,2,2,1,1,3,1,0,3,0,0,0,1,3,1,0,4,2,2,0,4,0,3,2,0,3,2,1,0,4,4,4,4,2,0,2,1,1,2,4,4,3,3,3,0,1,2,2,3,2,1,3,3,0,3,1,2,3,1,1,4,0,1,3,2,0,4,1,0,2,0,3,2,3,1,4,4,4,4,4,4,4,4,4,2,1,3,3,0,1,4,4,4,2,1,1,4,4,4,4,4,4,4,4,4,4,4,4,4,4,4,4,4,4,4,4,4,4,4,4,4,4,4,4,4,4,4,4,4,3,4,4,1,0,3,1,0,4,0,0,1,0,1,4,4,1,1,4,3,2,2,0,1,0,1,0,0,1,2,3,3,2,0,4,4,4,4,4,2,3,2,0,0,2,1,0,1,1,1,1,3,3,3,4,4,4,4,4,4,4,4,4,4,4,4,4,4,4,4,4,4,4,4,4,4,4,4,4,4,4,4,4,4,4,4,4,4,4,4,4,4,4,4,4,4,4,4,4,4,4,4,4,4,4,4,4,4,4,4,4,4,4,4,4,4,4,4,4,4,4,4,4,4,4,4,4,4,4,4,4,4,4,4,4,4,4,4,4,4,4,4,4,4,4,4,4,4,4,4,4,4,4,4,4,4,4,4,4,4,4,4,4,4,4,4,4,4,4,4,4,4,4,4,4,4,4,4,4,4,4,4,4,4,4,4,4,4,4,4,4,4,4,4,4,4,4,4,4,4,4,4,4,4,4,4,4,4,4,4,4,4,4,4,4,4,4,4,4,4,4,4,4,4,4,4,4,4,4,4,4,4,4,4,4,4,4,4,4,4,4,4,4,4,4,4,4,4,4,AETW01000070.1/39987-40135,1
1195,0,2,0,3,2,1,3,1,0,3,3,1,4,1,0,3,4,1,3,4,1,3,3,0,3,2,3,3,4,1,2,1,1,3,4,4,4,4,4,4,4,4,4,4,4,4,4,4,4,4,4,4,4,4,4,4,3,0,4,4,4,4,4,4,4,4,4,4,4,4,4,4,4,4,4,4,4,4,4,2,3,2,1,1,3,1,0,3,0,0,0,1,3,1,1,4,2,2,0,4,0,3,2,0,1,2,1,0,4,4,4,4,2,0,2,1,1,2,4,4,3,3,3,0,1,2,2,3,2,1,3,3,0,3,1,2,3,1,1,4,0,1,3,2,0,4,1,0,2,0,3,2,3,1,4,4,4,4,4,4,4,4,4,2,1,3,3,0,3,4,4,4,2,1,1,4,4,4,4,4,4,4,4,4,4,4,4,4,4,4,4,4,4,4,4,4,4,4,4,4,4,4,4,4,4,4,4,4,3,4,4,1,0,3,1,0,4,2,0,1,0,1,4,4,1,0,4,3,2,2,0,1,0,1,0,0,1,2,3,3,2,0,4,4,4,4,4,2,3,2,0,0,2,1,0,1,1,1,0,1,3,3,4,4,4,4,4,4,4,4,4,4,4,4,4,4,4,4,4,4,4,4,4,4,4,4,4,4,4,4,4,4,4,4,4,4,4,4,4,4,4,4,4,4,4,4,4,4,4,4,4,4,4,4,4,4,4,4,4,4,4,4,4,4,4,4,4,4,4,4,4,4,4,4,4,4,4,4,4,4,4,4,4,4,4,4,4,4,4,4,4,4,4,4,4,4,4,4,4,4,4,4,4,4,4,4,4,4,4,4,4,4,4,4,4,4,4,4,4,4,4,4,4,4,4,4,4,4,4,4,4,4,4,4,4,4,4,4,4,4,4,4,4,4,4,4,4,4,4,4,4,4,4,4,4,4,4,4,4,4,4,4,4,4,4,4,4,4,4,4,4,4,4,4,4,4,4,4,4,4,4,4,4,4,4,4,4,4,4,4,4,4,4,4,4,4,4,AEZN01000038.1/351940-352088,1
1196,0,2,3,2,2,1,3,1,0,3,3,1,4,0,1,1,4,3,3,4,1,3,3,0,3,2,3,1,4,0,2,1,4,4,4,4,1,1,1,3,3,4,0,2,2,4,4,4,4,4,4,2,0,1,2,1,4,4,4,4,4,4,4,4,4,4,4,4,4,4,4,4,4,4,4,4,4,4,4,4,4,2,1,3,0,1,0,3,0,0,0,1,3,4,3,4,1,2,0,4,0,3,2,0,1,2,1,0,4,4,4,4,1,0,0,4,4,4,4,4,4,4,1,0,0,2,2,3,2,1,1,3,2,1,1,2,3,1,1,0,0,1,3,3,4,4,1,3,2,0,3,0,0,3,0,4,4,4,4,4,4,4,4,2,1,2,3,0,4,4,4,4,2,1,3,4,4,4,4,4,4,4,4,4,4,4,4,4,4,4,4,4,4,4,4,4,4,4,4,4,4,4,4,4,4,4,4,4,3,4,4,3,0,3,1,0,4,0,1,1,3,1,4,4,1,4,4,4,2,2,2,1,2,0,0,0,1,2,3,1,2,0,4,4,4,4,4,2,3,3,0,2,2,1,0,1,1,2,1,1,3,3,4,4,4,4,4,4,4,4,4,4,4,4,4,4,4,4,4,4,4,4,4,4,4,4,4,4,4,4,4,4,4,4,4,4,4,4,4,4,4,4,4,4,4,4,4,4,4,4,4,4,4,4,4,4,4,4,4,4,4,4,4,4,4,4,4,4,4,4,4,4,4,4,4,4,4,4,4,4,4,4,4,4,4,4,4,4,4,4,4,4,4,4,4,4,4,4,4,4,4,4,4,4,4,4,4,4,4,4,4,4,4,4,4,4,4,4,4,4,4,4,4,4,4,4,4,4,4,4,4,4,4,4,4,4,4,4,4,4,4,4,4,4,4,4,4,4,4,4,4,4,4,4,4,4,4,4,4,4,4,4,4,4,4,4,4,4,4,4,4,4,4,4,4,4,4,4,4,4,4,4,4,4,4,4,4,4,4,4,4,4,4,4,4,4,4,AFCQ01001598.1/1901-1754,1
1197,0,2,0,3,2,1,3,1,0,3,3,1,4,1,0,3,4,1,3,4,1,3,3,0,3,2,3,3,4,1,2,1,1,3,4,4,4,4,4,4,4,4,4,4,4,4,4,4,4,4,4,4,4,4,4,4,3,0,4,4,4,4,4,4,4,4,4,4,4,4,4,4,4,4,4,4,4,4,4,2,3,2,1,1,3,1,0,3,0,0,0,1,3,1,1,4,2,2,0,4,0,3,2,0,1,2,1,0,4,4,4,4,2,0,2,1,1,2,4,4,3,3,3,0,1,2,2,3,2,1,3,3,0,3,1,2,3,1,1,4,0,1,3,2,0,4,1,0,2,0,3,2,3,1,4,4,4,4,4,4,4,4,4,2,1,3,3,0,3,4,4,4,2,1,1,4,4,4,4,4,4,4,4,4,4,4,4,4,4,4,4,4,4,4,4,4,4,4,4,4,4,4,4,4,4,4,4,4,3,4,4,1,0,3,1,0,4,2,0,1,0,1,4,4,1,0,4,3,2,2,0,1,0,1,0,0,1,2,3,3,2,0,4,4,4,4,4,2,3,2,0,0,2,1,0,1,1,1,0,1,3,3,4,4,4,4,4,4,4,4,4,4,4,4,4,4,4,4,4,4,4,4,4,4,4,4,4,4,4,4,4,4,4,4,4,4,4,4,4,4,4,4,4,4,4,4,4,4,4,4,4,4,4,4,4,4,4,4,4,4,4,4,4,4,4,4,4,4,4,4,4,4,4,4,4,4,4,4,4,4,4,4,4,4,4,4,4,4,4,4,4,4,4,4,4,4,4,4,4,4,4,4,4,4,4,4,4,4,4,4,4,4,4,4,4,4,4,4,4,4,4,4,4,4,4,4,4,4,4,4,4,4,4,4,4,4,4,4,4,4,4,4,4,4,4,4,4,4,4,4,4,4,4,4,4,4,4,4,4,4,4,4,4,4,4,4,4,4,4,4,4,4,4,4,4,4,4,4,4,4,4,4,4,4,4,4,4,4,4,4,4,4,4,4,4,4,4,AEZY01000033.1/184998-185146,1
1198,0,2,3,2,2,1,3,1,0,3,3,1,4,0,1,1,4,2,0,4,1,3,3,0,3,2,3,1,4,0,2,1,4,4,4,4,1,1,1,3,3,4,1,2,2,4,4,4,4,4,4,2,0,1,2,3,4,4,4,4,4,4,4,4,4,4,4,4,4,4,4,4,4,4,4,4,4,4,4,4,4,2,1,3,0,1,0,3,0,0,0,0,3,4,3,4,1,2,0,4,0,3,2,0,1,2,1,0,4,4,4,4,1,0,0,4,4,4,4,4,4,4,1,0,0,2,2,3,2,1,1,3,2,1,1,2,3,1,1,0,0,1,3,3,4,4,1,3,2,0,3,0,3,1,0,4,4,4,4,4,4,4,4,2,1,3,3,0,4,4,4,4,2,1,3,4,4,4,4,4,4,4,4,4,4,4,4,4,4,4,4,4,4,4,4,4,4,4,4,4,4,4,4,4,4,4,4,4,0,4,4,3,0,3,1,0,4,0,1,1,0,3,4,4,1,4,4,4,2,2,2,1,2,0,0,0,1,2,3,1,2,0,4,4,4,4,4,2,3,3,0,2,2,1,0,1,1,2,1,1,3,3,4,4,4,4,4,4,4,4,4,4,4,4,4,4,4,4,4,4,4,4,4,4,4,4,4,4,4,4,4,4,4,4,4,4,4,4,4,4,4,4,4,4,4,4,4,4,4,4,4,4,4,4,4,4,4,4,4,4,4,4,4,4,4,4,4,4,4,4,4,4,4,4,4,4,4,4,4,4,4,4,4,4,4,4,4,4,4,4,4,4,4,4,4,4,4,4,4,4,4,4,4,4,4,4,4,4,4,4,4,4,4,4,4,4,4,4,4,4,4,4,4,4,4,4,4,4,4,4,4,4,4,4,4,4,4,4,4,4,4,4,4,4,4,4,4,4,4,4,4,4,4,4,4,4,4,4,4,4,4,4,4,4,4,4,4,4,4,4,4,4,4,4,4,4,4,4,4,4,4,4,4,4,4,4,4,4,4,4,4,4,4,4,4,4,4,ADAV01000072.1/100963-100816,1
1199,0,2,3,2,2,1,3,1,0,3,3,1,4,0,1,1,4,2,0,4,1,3,3,0,3,2,3,1,4,0,2,1,4,4,4,4,1,1,1,3,3,4,1,2,2,4,4,4,4,4,4,2,0,1,2,3,4,4,4,4,4,4,4,4,4,4,4,4,4,4,4,4,4,4,4,4,4,4,4,4,4,2,1,3,0,1,0,3,0,0,0,0,3,4,3,4,1,2,0,4,0,3,2,0,1,2,1,0,4,4,4,4,1,0,0,4,4,4,4,4,4,4,1,0,0,2,2,3,2,1,1,3,2,1,1,2,3,1,1,0,0,1,3,3,4,4,1,3,2,0,3,0,3,1,0,4,4,4,4,4,4,4,4,2,1,2,3,0,4,4,4,4,2,1,3,4,4,4,4,4,4,4,4,4,4,4,4,4,4,4,4,4,4,4,4,4,4,4,4,4,4,4,4,4,4,4,4,4,0,4,4,3,0,3,1,0,4,0,1,1,0,3,4,4,1,4,4,4,2,2,2,1,2,0,0,0,1,2,3,1,2,0,4,4,4,4,4,2,3,3,0,2,2,1,0,1,1,2,1,1,3,3,4,4,4,4,4,4,4,4,4,4,4,4,4,4,4,4,4,4,4,4,4,4,4,4,4,4,4,4,4,4,4,4,4,4,4,4,4,4,4,4,4,4,4,4,4,4,4,4,4,4,4,4,4,4,4,4,4,4,4,4,4,4,4,4,4,4,4,4,4,4,4,4,4,4,4,4,4,4,4,4,4,4,4,4,4,4,4,4,4,4,4,4,4,4,4,4,4,4,4,4,4,4,4,4,4,4,4,4,4,4,4,4,4,4,4,4,4,4,4,4,4,4,4,4,4,4,4,4,4,4,4,4,4,4,4,4,4,4,4,4,4,4,4,4,4,4,4,4,4,4,4,4,4,4,4,4,4,4,4,4,4,4,4,4,4,4,4,4,4,4,4,4,4,4,4,4,4,4,4,4,4,4,4,4,4,4,4,4,4,4,4,4,4,4,4,AE014075.1/2954189-2954042,1
1200,0,2,0,3,2,1,3,1,0,3,3,1,4,1,0,3,4,1,3,4,1,3,3,0,3,2,3,3,4,1,2,1,1,3,4,4,4,4,4,4,4,4,4,4,4,4,4,4,4,4,4,4,4,4,4,4,3,0,4,4,4,4,4,4,4,4,4,4,4,4,4,4,4,4,4,4,4,4,4,2,3,2,1,1,3,1,0,3,0,0,0,1,3,1,1,4,2,2,0,4,0,3,2,0,1,2,1,0,4,4,4,4,2,0,2,1,1,2,4,4,3,3,3,0,1,2,2,3,2,1,3,3,0,3,1,2,3,1,1,4,0,1,3,2,0,4,1,0,2,0,3,2,3,1,4,4,4,4,4,4,4,4,4,2,1,3,3,0,3,4,4,4,2,1,1,4,4,4,4,4,4,4,4,4,4,4,4,4,4,4,4,4,4,4,4,4,4,4,4,4,4,4,4,4,4,4,4,4,3,4,4,1,0,3,1,0,4,2,0,1,0,1,4,4,1,0,4,3,2,2,0,1,0,1,0,0,1,2,3,3,2,0,4,4,4,4,4,2,3,2,0,0,2,1,0,1,1,1,0,1,3,3,4,4,4,4,4,4,4,4,4,4,4,4,4,4,4,4,4,4,4,4,4,4,4,4,4,4,4,4,4,4,4,4,4,4,4,4,4,4,4,4,4,4,4,4,4,4,4,4,4,4,4,4,4,4,4,4,4,4,4,4,4,4,4,4,4,4,4,4,4,4,4,4,4,4,4,4,4,4,4,4,4,4,4,4,4,4,4,4,4,4,4,4,4,4,4,4,4,4,4,4,4,4,4,4,4,4,4,4,4,4,4,4,4,4,4,4,4,4,4,4,4,4,4,4,4,4,4,4,4,4,4,4,4,4,4,4,4,4,4,4,4,4,4,4,4,4,4,4,4,4,4,4,4,4,4,4,4,4,4,4,4,4,4,4,4,4,4,4,4,4,4,4,4,4,4,4,4,4,4,4,4,4,4,4,4,4,4,4,4,4,4,4,4,4,4,AFVF01000021.1/41224-41372,1
1201,0,2,3,2,2,1,3,1,0,3,3,1,4,0,1,1,4,2,0,4,1,3,3,0,3,2,3,1,4,0,2,1,4,4,4,4,1,1,1,3,3,4,1,2,2,4,4,4,4,4,4,2,0,1,2,3,4,4,4,4,4,4,4,4,4,4,4,4,4,4,4,4,4,4,4,4,4,4,4,4,4,2,1,3,0,1,0,3,0,0,0,0,3,4,3,4,1,2,0,4,0,3,2,0,1,2,1,0,4,4,4,4,1,0,0,4,4,4,4,4,4,4,1,0,0,2,2,3,2,1,1,3,2,1,1,2,3,1,1,0,0,1,3,3,4,4,1,3,2,0,3,0,3,1,0,4,4,4,4,4,4,4,4,2,1,2,3,0,4,4,4,4,2,1,3,4,4,4,4,4,4,4,4,4,4,4,4,4,4,4,4,4,4,4,4,4,4,4,4,4,4,4,4,4,4,4,4,4,0,4,4,3,0,3,1,0,4,0,1,1,0,3,4,4,1,4,4,4,2,2,2,1,2,0,0,0,1,2,3,1,2,0,4,4,4,4,4,2,3,3,0,2,2,1,0,1,1,2,1,1,3,3,4,4,4,4,4,4,4,4,4,4,4,4,4,4,4,4,4,4,4,4,4,4,4,4,4,4,4,4,4,4,4,4,4,4,4,4,4,4,4,4,4,4,4,4,4,4,4,4,4,4,4,4,4,4,4,4,4,4,4,4,4,4,4,4,4,4,4,4,4,4,4,4,4,4,4,4,4,4,4,4,4,4,4,4,4,4,4,4,4,4,4,4,4,4,4,4,4,4,4,4,4,4,4,4,4,4,4,4,4,4,4,4,4,4,4,4,4,4,4,4,4,4,4,4,4,4,4,4,4,4,4,4,4,4,4,4,4,4,4,4,4,4,4,4,4,4,4,4,4,4,4,4,4,4,4,4,4,4,4,4,4,4,4,4,4,4,4,4,4,4,4,4,4,4,4,4,4,4,4,4,4,4,4,4,4,4,4,4,4,4,4,4,4,4,4,AEZQ01000050.1/723494-723347,1
1202,0,2,3,2,2,1,3,1,0,3,3,1,4,0,1,1,4,2,0,4,1,3,3,0,3,2,3,1,4,0,2,1,4,4,4,4,1,1,1,3,3,4,1,2,2,4,4,4,4,4,4,2,0,1,2,3,4,4,4,4,4,4,4,4,4,4,4,4,4,4,4,4,4,4,4,4,4,4,4,4,4,2,1,3,0,1,0,3,0,0,0,0,3,4,0,4,1,2,0,4,0,3,2,0,1,2,1,0,4,4,4,4,1,0,0,4,4,4,4,4,4,4,1,0,0,2,2,3,2,1,1,3,2,1,1,2,3,1,1,0,0,1,3,3,4,4,1,3,2,0,3,0,3,1,0,4,4,4,4,4,4,4,4,2,1,2,3,0,4,4,4,4,2,1,3,4,4,4,4,4,4,4,4,4,4,4,4,4,4,4,4,4,4,4,4,4,4,4,4,4,4,4,4,4,4,4,4,4,0,4,4,3,0,3,1,0,4,0,1,1,0,3,4,4,1,4,4,4,2,2,2,1,2,0,0,0,1,2,3,1,2,0,4,4,4,4,4,2,3,3,0,2,2,1,0,1,1,2,1,1,3,3,4,4,4,4,4,4,4,4,4,4,4,4,4,4,4,4,4,4,4,4,4,4,4,4,4,4,4,4,4,4,4,4,4,4,4,4,4,4,4,4,4,4,4,4,4,4,4,4,4,4,4,4,4,4,4,4,4,4,4,4,4,4,4,4,4,4,4,4,4,4,4,4,4,4,4,4,4,4,4,4,4,4,4,4,4,4,4,4,4,4,4,4,4,4,4,4,4,4,4,4,4,4,4,4,4,4,4,4,4,4,4,4,4,4,4,4,4,4,4,4,4,4,4,4,4,4,4,4,4,4,4,4,4,4,4,4,4,4,4,4,4,4,4,4,4,4,4,4,4,4,4,4,4,4,4,4,4,4,4,4,4,4,4,4,4,4,4,4,4,4,4,4,4,4,4,4,4,4,4,4,4,4,4,4,4,4,4,4,4,4,4,4,4,4,4,CP001637.1/1192422-1192569,1
1203,0,2,3,2,2,1,3,1,0,3,3,1,4,0,1,1,4,3,3,4,1,3,3,0,3,2,3,1,4,0,2,1,4,4,4,4,1,1,1,3,3,4,0,2,2,4,4,4,4,4,4,2,0,1,2,1,4,4,4,4,4,4,4,4,4,4,4,4,4,4,4,4,4,4,4,4,4,4,4,4,4,2,1,3,0,1,0,3,0,0,0,1,3,4,3,4,1,2,0,4,0,3,2,0,1,2,1,0,4,4,4,4,1,0,0,4,4,4,4,4,4,4,1,0,0,2,2,3,2,1,1,3,2,1,1,2,3,1,1,0,0,1,3,3,4,4,1,3,2,0,3,0,0,1,0,4,4,4,4,4,4,4,4,2,1,2,3,0,4,4,4,4,2,1,3,4,4,4,4,4,4,4,4,4,4,4,4,4,4,4,4,4,4,4,4,4,4,4,4,4,4,4,4,4,4,4,4,4,3,4,4,3,0,3,1,0,4,0,1,1,3,1,4,4,1,4,4,4,2,2,2,1,2,0,0,0,1,2,3,1,2,0,4,4,4,4,4,2,3,3,0,2,2,1,0,1,1,2,1,1,3,3,4,4,4,4,4,4,4,4,4,4,4,4,4,4,4,4,4,4,4,4,4,4,4,4,4,4,4,4,4,4,4,4,4,4,4,4,4,4,4,4,4,4,4,4,4,4,4,4,4,4,4,4,4,4,4,4,4,4,4,4,4,4,4,4,4,4,4,4,4,4,4,4,4,4,4,4,4,4,4,4,4,4,4,4,4,4,4,4,4,4,4,4,4,4,4,4,4,4,4,4,4,4,4,4,4,4,4,4,4,4,4,4,4,4,4,4,4,4,4,4,4,4,4,4,4,4,4,4,4,4,4,4,4,4,4,4,4,4,4,4,4,4,4,4,4,4,4,4,4,4,4,4,4,4,4,4,4,4,4,4,4,4,4,4,4,4,4,4,4,4,4,4,4,4,4,4,4,4,4,4,4,4,4,4,4,4,4,4,4,4,4,4,4,4,4,CP001120.1/2764535-2764388,1
1204,0,2,0,3,2,1,3,1,0,3,3,1,4,1,0,1,4,1,3,4,0,3,3,0,3,2,3,3,4,3,2,1,3,1,4,4,4,4,4,4,4,4,4,4,4,4,4,4,4,4,4,4,4,4,4,4,1,4,4,4,4,4,4,4,4,4,4,4,4,4,4,4,4,4,4,4,4,4,4,4,2,2,1,3,3,1,0,3,0,0,0,1,1,3,2,4,2,2,0,4,0,3,2,0,3,2,1,0,4,4,4,4,2,0,2,1,1,0,4,0,3,3,3,0,1,0,2,3,2,1,1,3,0,3,3,2,3,1,0,3,1,1,3,2,0,4,1,1,2,0,3,0,0,1,4,4,4,4,4,4,4,4,4,2,1,2,1,0,0,4,4,4,2,1,2,4,4,4,4,4,4,4,4,4,4,4,4,4,4,4,4,4,4,4,4,4,4,4,4,4,4,4,4,4,4,4,4,4,1,4,4,3,0,3,1,0,4,3,1,1,0,2,4,4,0,4,4,4,0,2,2,1,0,0,0,0,1,2,3,3,2,0,4,4,4,4,4,2,3,2,0,2,2,1,0,1,3,0,0,0,3,1,4,4,4,4,4,4,4,4,4,4,4,4,4,4,4,4,4,4,4,4,4,4,4,4,4,4,4,4,4,4,4,4,4,4,4,4,4,4,4,4,4,4,4,4,4,4,4,4,4,4,4,4,4,4,4,4,4,4,4,4,4,4,4,4,4,4,4,4,4,4,4,4,4,4,4,4,4,4,4,4,4,4,4,4,4,4,4,4,4,4,4,4,4,4,4,4,4,4,4,4,4,4,4,4,4,4,4,4,4,4,4,4,4,4,4,4,4,4,4,4,4,4,4,4,4,4,4,4,4,4,4,4,4,4,4,4,4,4,4,4,4,4,4,4,4,4,4,4,4,4,4,4,4,4,4,4,4,4,4,4,4,4,4,4,4,4,4,4,4,4,4,4,4,4,4,4,4,4,4,4,4,4,4,4,4,4,4,4,4,4,4,4,4,4,4,CP002505.1/4644128-4643982,1
1205,0,2,0,3,2,1,3,1,0,3,3,1,4,1,0,3,4,1,3,4,1,3,3,0,3,2,1,3,4,1,2,1,1,3,4,4,4,4,4,4,4,4,4,4,4,4,4,4,4,4,4,4,4,4,4,4,3,3,4,4,4,4,4,4,4,4,4,4,4,4,4,4,4,4,4,4,4,4,4,3,2,2,1,1,3,1,0,3,0,0,0,1,3,1,0,4,2,2,0,4,0,3,2,0,3,2,1,0,4,4,4,4,2,0,2,1,1,2,4,4,3,3,3,0,1,2,2,3,2,1,3,3,0,3,1,2,3,1,1,4,0,1,3,2,0,4,1,0,2,0,3,2,3,1,4,4,4,4,4,4,4,4,4,2,1,3,3,0,1,4,4,4,2,1,1,4,4,4,4,4,4,4,4,4,4,4,4,4,4,4,4,4,4,4,4,4,4,4,4,4,4,4,4,4,4,4,4,4,3,4,4,1,0,3,1,0,4,0,0,1,0,1,4,4,1,1,4,3,2,2,0,1,0,1,0,0,1,2,3,3,2,0,4,4,4,4,4,2,3,2,0,0,2,1,0,1,1,1,1,1,3,3,4,4,4,4,4,4,4,4,4,4,4,4,4,4,4,4,4,4,4,4,4,4,4,4,4,4,4,4,4,4,4,4,4,4,4,4,4,4,4,4,4,4,4,4,4,4,4,4,4,4,4,4,4,4,4,4,4,4,4,4,4,4,4,4,4,4,4,4,4,4,4,4,4,4,4,4,4,4,4,4,4,4,4,4,4,4,4,4,4,4,4,4,4,4,4,4,4,4,4,4,4,4,4,4,4,4,4,4,4,4,4,4,4,4,4,4,4,4,4,4,4,4,4,4,4,4,4,4,4,4,4,4,4,4,4,4,4,4,4,4,4,4,4,4,4,4,4,4,4,4,4,4,4,4,4,4,4,4,4,4,4,4,4,4,4,4,4,4,4,4,4,4,4,4,4,4,4,4,4,4,4,4,4,4,4,4,4,4,4,4,4,4,4,4,4,CP000880.1/3652028-3651880,1
1206,0,2,0,3,2,1,3,1,0,3,1,1,4,1,0,1,4,3,3,4,0,3,3,0,3,2,0,1,4,0,2,1,3,3,2,2,1,1,0,3,3,4,0,0,2,2,1,3,0,4,4,0,3,3,3,0,4,4,4,4,4,4,4,4,4,4,4,4,4,4,4,4,4,4,4,4,4,4,4,4,4,2,1,3,3,1,0,3,0,0,0,1,1,1,0,4,2,2,2,4,0,3,2,0,1,2,1,0,4,4,4,4,2,0,2,1,1,2,0,3,3,3,3,0,2,0,2,3,2,1,1,3,0,3,3,2,3,1,1,0,3,2,3,0,0,4,1,1,2,0,3,2,3,3,4,4,4,4,4,4,4,4,4,2,0,2,3,0,4,4,4,4,0,3,2,4,4,4,4,4,4,4,4,4,4,4,4,4,4,4,4,4,4,4,4,4,4,4,4,4,4,4,4,4,4,4,4,4,3,4,4,1,0,3,1,0,4,1,0,3,0,1,4,4,1,4,4,4,2,2,2,1,0,3,0,0,1,2,3,3,2,0,4,4,4,4,4,2,3,2,0,2,2,1,0,1,3,2,0,3,0,3,4,4,4,4,4,4,4,4,4,4,4,4,4,4,4,4,4,4,4,4,4,4,4,4,4,4,4,4,4,4,4,4,4,4,4,4,4,4,4,4,4,4,4,4,4,4,4,4,4,4,4,4,4,4,4,4,4,4,4,4,4,4,4,4,4,4,4,4,4,4,4,4,4,4,4,4,4,4,4,4,4,4,4,4,4,4,4,4,4,4,4,4,4,4,4,4,4,4,4,4,4,4,4,4,4,4,4,4,4,4,4,4,4,4,4,4,4,4,4,4,4,4,4,4,4,4,4,4,4,4,4,4,4,4,4,4,4,4,4,4,4,4,4,4,4,4,4,4,4,4,4,4,4,4,4,4,4,4,4,4,4,4,4,4,4,4,4,4,4,4,4,4,4,4,4,4,4,4,4,4,4,4,4,4,4,4,4,4,4,4,4,4,4,4,4,ABCD01000005.1/65163-65326,1
1207,0,2,0,3,2,1,3,1,0,3,1,1,4,1,0,1,4,3,3,4,0,3,3,0,3,2,0,1,4,0,2,1,3,3,2,2,1,1,0,3,3,4,0,0,2,2,1,3,0,4,4,0,3,3,3,0,4,4,4,4,4,4,4,4,4,4,4,4,4,4,4,4,4,4,4,4,4,4,4,4,4,2,1,3,3,1,0,3,0,0,0,1,1,1,0,4,2,2,2,4,0,3,2,0,1,2,1,0,4,4,4,4,2,0,2,1,1,2,0,3,3,3,3,0,2,0,2,3,2,1,1,3,0,3,3,2,3,1,1,0,3,2,3,0,0,4,1,1,2,0,3,2,3,3,4,4,4,4,4,4,4,4,4,2,0,2,3,0,4,4,4,4,0,3,2,4,4,4,4,4,4,4,4,4,4,4,4,4,4,4,4,4,4,4,4,4,4,4,4,4,4,4,4,4,4,4,4,4,3,4,4,1,0,3,1,0,4,1,0,3,0,1,4,4,1,4,4,4,2,2,2,1,0,3,0,0,1,2,3,3,2,0,4,4,4,4,4,2,3,2,0,2,2,1,0,1,3,2,0,3,0,3,4,4,4,4,4,4,4,4,4,4,4,4,4,4,4,4,4,4,4,4,4,4,4,4,4,4,4,4,4,4,4,4,4,4,4,4,4,4,4,4,4,4,4,4,4,4,4,4,4,4,4,4,4,4,4,4,4,4,4,4,4,4,4,4,4,4,4,4,4,4,4,4,4,4,4,4,4,4,4,4,4,4,4,4,4,4,4,4,4,4,4,4,4,4,4,4,4,4,4,4,4,4,4,4,4,4,4,4,4,4,4,4,4,4,4,4,4,4,4,4,4,4,4,4,4,4,4,4,4,4,4,4,4,4,4,4,4,4,4,4,4,4,4,4,4,4,4,4,4,4,4,4,4,4,4,4,4,4,4,4,4,4,4,4,4,4,4,4,4,4,4,4,4,4,4,4,4,4,4,4,4,4,4,4,4,4,4,4,4,4,4,4,4,4,4,CP001589.1/4297646-4297483,1
1208,0,2,0,3,2,1,3,1,0,3,3,1,4,1,0,3,4,1,3,4,1,3,3,0,3,2,3,3,4,1,2,1,1,3,4,4,4,4,4,4,4,4,4,4,4,4,4,4,4,4,4,4,4,4,4,4,3,0,4,4,4,4,4,4,4,4,4,4,4,4,4,4,4,4,4,4,4,4,4,2,3,2,1,1,3,1,0,3,0,0,0,1,3,1,1,4,2,2,0,4,0,3,2,0,1,2,1,0,4,4,4,4,2,0,2,1,1,2,4,4,3,3,3,0,1,2,2,3,2,1,3,3,0,3,1,2,3,1,1,4,0,1,3,2,0,4,1,0,2,0,3,2,3,1,4,4,4,4,4,4,4,4,4,2,1,3,3,0,3,4,4,4,2,1,1,4,4,4,4,4,4,4,4,4,4,4,4,4,4,4,4,4,4,4,4,4,4,4,4,4,4,4,4,4,4,4,4,4,3,4,4,1,0,3,1,0,4,2,0,1,0,1,4,4,1,0,4,3,2,2,0,1,0,1,0,0,1,2,3,3,2,0,4,4,4,4,4,2,3,2,0,0,2,1,0,1,1,1,0,1,3,3,4,4,4,4,4,4,4,4,4,4,4,4,4,4,4,4,4,4,4,4,4,4,4,4,4,4,4,4,4,4,4,4,4,4,4,4,4,4,4,4,4,4,4,4,4,4,4,4,4,4,4,4,4,4,4,4,4,4,4,4,4,4,4,4,4,4,4,4,4,4,4,4,4,4,4,4,4,4,4,4,4,4,4,4,4,4,4,4,4,4,4,4,4,4,4,4,4,4,4,4,4,4,4,4,4,4,4,4,4,4,4,4,4,4,4,4,4,4,4,4,4,4,4,4,4,4,4,4,4,4,4,4,4,4,4,4,4,4,4,4,4,4,4,4,4,4,4,4,4,4,4,4,4,4,4,4,4,4,4,4,4,4,4,4,4,4,4,4,4,4,4,4,4,4,4,4,4,4,4,4,4,4,4,4,4,4,4,4,4,4,4,4,4,4,4,AFUZ01000025.1/38244-38392,1
1209,0,2,0,3,2,1,3,1,0,3,3,1,4,1,0,3,4,1,3,4,1,3,3,0,3,2,3,3,4,1,2,1,1,3,4,4,4,4,4,4,4,4,4,4,4,4,4,4,4,4,4,4,4,4,4,4,3,0,4,4,4,4,4,4,4,4,4,4,4,4,4,4,4,4,4,4,4,4,4,2,3,2,1,1,3,1,0,3,0,0,0,1,3,1,1,4,2,2,0,4,0,3,2,0,1,2,1,0,4,4,4,4,2,0,2,1,1,2,4,4,3,3,3,0,1,2,2,3,2,1,3,3,0,3,1,2,3,1,1,4,0,1,3,2,0,4,1,0,2,0,3,2,3,1,4,4,4,4,4,4,4,4,4,2,1,3,3,0,3,4,4,4,2,1,1,4,4,4,4,4,4,4,4,4,4,4,4,4,4,4,4,4,4,4,4,4,4,4,4,4,4,4,4,4,4,4,4,4,3,4,4,1,0,3,1,0,4,2,0,1,0,1,4,4,1,0,4,3,2,2,0,1,0,1,0,0,1,2,3,3,2,0,4,4,4,4,4,2,3,2,0,0,2,1,0,1,1,1,0,1,3,3,4,4,4,4,4,4,4,4,4,4,4,4,4,4,4,4,4,4,4,4,4,4,4,4,4,4,4,4,4,4,4,4,4,4,4,4,4,4,4,4,4,4,4,4,4,4,4,4,4,4,4,4,4,4,4,4,4,4,4,4,4,4,4,4,4,4,4,4,4,4,4,4,4,4,4,4,4,4,4,4,4,4,4,4,4,4,4,4,4,4,4,4,4,4,4,4,4,4,4,4,4,4,4,4,4,4,4,4,4,4,4,4,4,4,4,4,4,4,4,4,4,4,4,4,4,4,4,4,4,4,4,4,4,4,4,4,4,4,4,4,4,4,4,4,4,4,4,4,4,4,4,4,4,4,4,4,4,4,4,4,4,4,4,4,4,4,4,4,4,4,4,4,4,4,4,4,4,4,4,4,4,4,4,4,4,4,4,4,4,4,4,4,4,4,4,AFGW01000065.1/59316-59168,1
1210,0,2,3,2,2,1,3,1,0,3,3,1,4,0,1,1,4,3,3,4,1,3,3,0,3,2,3,1,4,0,2,1,1,1,1,4,0,3,3,2,1,4,4,4,4,4,4,4,4,4,4,4,2,0,2,1,4,4,4,4,4,4,4,4,4,4,4,4,4,4,4,4,4,4,4,4,4,4,4,4,4,2,1,3,0,1,0,3,0,0,0,1,3,4,3,4,1,2,0,4,0,3,2,0,1,2,1,0,4,4,4,4,1,3,1,4,4,4,4,4,4,4,0,0,0,2,2,3,2,1,1,3,2,1,1,2,3,1,1,0,0,1,3,2,4,4,1,3,2,0,3,1,0,3,0,4,4,4,4,4,4,4,4,2,1,2,1,3,4,4,4,4,2,1,3,4,4,4,4,4,4,4,4,4,4,4,4,4,4,4,4,4,4,4,4,4,4,4,4,4,4,4,4,4,4,4,4,4,0,4,4,3,3,3,1,0,4,2,0,0,1,1,4,4,1,4,4,4,2,2,2,1,2,0,1,0,1,2,3,3,2,0,4,4,4,4,4,2,3,0,0,2,2,1,0,1,1,2,1,1,3,2,4,4,4,4,4,4,4,4,4,4,4,4,4,4,4,4,4,4,4,4,4,4,4,4,4,4,4,4,4,4,4,4,4,4,4,4,4,4,4,4,4,4,4,4,4,4,4,4,4,4,4,4,4,4,4,4,4,4,4,4,4,4,4,4,4,4,4,4,4,4,4,4,4,4,4,4,4,4,4,4,4,4,4,4,4,4,4,4,4,4,4,4,4,4,4,4,4,4,4,4,4,4,4,4,4,4,4,4,4,4,4,4,4,4,4,4,4,4,4,4,4,4,4,4,4,4,4,4,4,4,4,4,4,4,4,4,4,4,4,4,4,4,4,4,4,4,4,4,4,4,4,4,4,4,4,4,4,4,4,4,4,4,4,4,4,4,4,4,4,4,4,4,4,4,4,4,4,4,4,4,4,4,4,4,4,4,4,4,4,4,4,4,4,4,4,AFMO01000239.1/26428-26574,1
1211,0,2,3,2,2,1,3,1,0,3,3,1,4,0,1,1,4,3,3,4,1,3,3,0,3,2,3,1,4,0,2,1,4,4,4,4,1,1,1,3,3,4,0,2,2,4,4,4,4,4,4,2,0,3,2,1,4,4,4,4,4,4,4,4,4,4,4,4,4,4,4,4,4,4,4,4,4,4,4,4,4,2,1,3,0,1,0,3,0,0,0,1,3,4,3,4,1,2,0,4,0,3,2,0,1,2,1,0,4,4,4,4,1,0,0,4,4,4,4,4,4,4,1,0,0,2,2,3,2,1,1,3,2,1,1,2,3,1,1,0,0,1,3,3,4,4,1,3,2,0,3,0,0,3,0,4,4,4,4,4,4,4,4,2,1,2,3,0,4,4,4,4,2,1,3,4,4,4,4,4,4,4,4,4,4,4,4,4,4,4,4,4,4,4,4,4,4,4,4,4,4,4,4,4,4,4,4,4,3,4,4,3,0,3,1,0,4,0,1,1,3,1,4,4,1,4,4,4,2,2,2,1,2,0,0,0,1,2,3,1,2,0,4,4,4,4,4,2,3,3,0,2,2,1,0,1,1,2,1,1,3,3,4,4,4,4,4,4,4,4,4,4,4,4,4,4,4,4,4,4,4,4,4,4,4,4,4,4,4,4,4,4,4,4,4,4,4,4,4,4,4,4,4,4,4,4,4,4,4,4,4,4,4,4,4,4,4,4,4,4,4,4,4,4,4,4,4,4,4,4,4,4,4,4,4,4,4,4,4,4,4,4,4,4,4,4,4,4,4,4,4,4,4,4,4,4,4,4,4,4,4,4,4,4,4,4,4,4,4,4,4,4,4,4,4,4,4,4,4,4,4,4,4,4,4,4,4,4,4,4,4,4,4,4,4,4,4,4,4,4,4,4,4,4,4,4,4,4,4,4,4,4,4,4,4,4,4,4,4,4,4,4,4,4,4,4,4,4,4,4,4,4,4,4,4,4,4,4,4,4,4,4,4,4,4,4,4,4,4,4,4,4,4,4,4,4,4,AFCT01001529.1/193-46,1
1212,0,2,3,2,2,1,3,1,0,3,3,1,4,0,1,1,4,2,0,4,1,3,3,0,3,2,3,1,4,0,2,1,4,4,4,4,1,1,1,3,3,4,1,2,2,4,4,4,4,4,4,2,0,1,2,3,4,4,4,4,4,4,4,4,4,4,4,4,4,4,4,4,4,4,4,4,4,4,4,4,4,2,1,3,0,1,0,3,0,0,0,0,3,4,3,4,1,2,0,4,0,3,2,0,1,2,1,0,4,4,4,4,1,0,0,4,4,4,4,4,4,4,1,0,0,2,2,3,2,1,1,3,2,1,1,2,3,1,1,0,0,1,3,3,4,4,1,3,2,0,3,0,3,1,0,4,4,4,4,4,4,4,4,2,1,2,3,0,4,4,4,4,2,1,3,4,4,4,4,4,4,4,4,4,4,4,4,4,4,4,4,4,4,4,4,4,4,4,4,4,4,4,4,4,4,4,4,4,0,4,4,3,0,3,1,0,4,0,1,1,0,3,4,4,1,4,4,4,2,2,2,1,2,0,0,0,1,2,3,1,2,0,4,4,4,4,4,2,3,3,0,2,2,1,0,1,1,2,1,1,3,3,4,4,4,4,4,4,4,4,4,4,4,4,4,4,4,4,4,4,4,4,4,4,4,4,4,4,4,4,4,4,4,4,4,4,4,4,4,4,4,4,4,4,4,4,4,4,4,4,4,4,4,4,4,4,4,4,4,4,4,4,4,4,4,4,4,4,4,4,4,4,4,4,4,4,4,4,4,4,4,4,4,4,4,4,4,4,4,4,4,4,4,4,4,4,4,4,4,4,4,4,4,4,4,4,4,4,4,4,4,4,4,4,4,4,4,4,4,4,4,4,4,4,4,4,4,4,4,4,4,4,4,4,4,4,4,4,4,4,4,4,4,4,4,4,4,4,4,4,4,4,4,4,4,4,4,4,4,4,4,4,4,4,4,4,4,4,4,4,4,4,4,4,4,4,4,4,4,4,4,4,4,4,4,4,4,4,4,4,4,4,4,4,4,4,4,AFRM01000012.1/800687-800540,1
1213,0,2,3,2,2,1,3,1,0,3,3,1,4,0,1,1,4,2,0,4,1,3,3,0,3,2,3,1,4,0,2,1,4,4,4,4,1,1,1,3,3,4,1,2,2,4,4,4,4,4,4,2,0,1,2,3,4,4,4,4,4,4,4,4,4,4,4,4,4,4,4,4,4,4,4,4,4,4,4,4,4,2,1,3,0,1,0,3,0,0,0,0,3,4,3,4,1,2,0,4,0,3,2,0,1,2,1,0,4,4,4,4,1,0,0,4,4,4,4,4,4,4,1,0,0,2,2,3,2,1,1,3,2,1,1,2,3,1,1,0,0,1,3,3,4,4,1,3,2,0,3,0,3,1,0,4,4,4,4,4,4,4,4,2,1,2,3,0,4,4,4,4,2,1,3,4,4,4,4,4,4,4,4,4,4,4,4,4,4,4,4,4,4,4,4,4,4,4,4,4,4,4,4,4,4,4,4,4,0,4,4,3,0,3,1,0,4,0,1,1,0,3,4,4,1,4,4,4,2,2,2,1,2,0,0,0,1,2,3,1,2,0,4,4,4,4,4,2,3,3,0,2,2,1,0,1,1,2,1,1,3,3,4,4,4,4,4,4,4,4,4,4,4,4,4,4,4,4,4,4,4,4,4,4,4,4,4,4,4,4,4,4,4,4,4,4,4,4,4,4,4,4,4,4,4,4,4,4,4,4,4,4,4,4,4,4,4,4,4,4,4,4,4,4,4,4,4,4,4,4,4,4,4,4,4,4,4,4,4,4,4,4,4,4,4,4,4,4,4,4,4,4,4,4,4,4,4,4,4,4,4,4,4,4,4,4,4,4,4,4,4,4,4,4,4,4,4,4,4,4,4,4,4,4,4,4,4,4,4,4,4,4,4,4,4,4,4,4,4,4,4,4,4,4,4,4,4,4,4,4,4,4,4,4,4,4,4,4,4,4,4,4,4,4,4,4,4,4,4,4,4,4,4,4,4,4,4,4,4,4,4,4,4,4,4,4,4,4,4,4,4,4,4,4,4,4,4,CP001383.1/2713907-2713760,1
1214,0,2,3,2,2,1,3,1,0,3,3,1,4,0,1,1,4,2,0,4,1,3,3,0,3,2,3,1,4,0,2,1,4,4,4,4,1,1,1,3,3,4,1,2,2,4,4,4,4,4,4,2,0,1,2,3,4,4,4,4,4,4,4,4,4,4,4,4,4,4,4,4,4,4,4,4,4,4,4,4,4,2,1,3,0,1,0,3,0,0,0,0,3,4,3,4,1,2,0,4,0,3,2,0,1,2,1,0,4,4,4,4,1,0,0,4,4,4,4,4,4,4,1,0,0,2,2,3,2,1,1,3,2,1,1,2,3,1,1,0,0,1,3,3,4,4,1,3,2,0,3,0,3,1,0,4,4,4,4,4,4,4,4,2,1,2,3,0,4,4,4,4,2,1,3,4,4,4,4,4,4,4,4,4,4,4,4,4,4,4,4,4,4,4,4,4,4,4,4,4,4,4,4,4,4,4,4,4,0,4,4,3,0,3,1,0,4,0,1,1,0,3,4,4,1,4,4,4,2,2,2,1,2,0,0,0,1,2,3,1,2,0,4,4,4,4,4,2,3,3,0,2,2,1,0,1,1,2,1,1,3,3,4,4,4,4,4,4,4,4,4,4,4,4,4,4,4,4,4,4,4,4,4,4,4,4,4,4,4,4,4,4,4,4,4,4,4,4,4,4,4,4,4,4,4,4,4,4,4,4,4,4,4,4,4,4,4,4,4,4,4,4,4,4,4,4,4,4,4,4,4,4,4,4,4,4,4,4,4,4,4,4,4,4,4,4,4,4,4,4,4,4,4,4,4,4,4,4,4,4,4,4,4,4,4,4,4,4,4,4,4,4,4,4,4,4,4,4,4,4,4,4,4,4,4,4,4,4,4,4,4,4,4,4,4,4,4,4,4,4,4,4,4,4,4,4,4,4,4,4,4,4,4,4,4,4,4,4,4,4,4,4,4,4,4,4,4,4,4,4,4,4,4,4,4,4,4,4,4,4,4,4,4,4,4,4,4,4,4,4,4,4,4,4,4,4,4,CP001368.1/3470694-3470547,1
1215,0,2,3,2,2,1,3,1,0,3,3,1,4,0,1,1,4,2,0,4,1,3,3,0,3,2,3,1,4,0,2,1,4,4,4,4,1,1,1,3,3,4,1,2,2,4,4,4,4,4,4,2,0,1,2,3,4,4,4,4,4,4,4,4,4,4,4,4,4,4,4,4,4,4,4,4,4,4,4,4,4,2,1,3,0,1,0,3,0,0,0,0,3,4,3,4,1,2,0,4,0,3,2,0,1,2,1,0,4,4,4,4,1,0,0,4,4,4,4,4,4,4,1,0,0,2,2,3,2,1,1,3,2,1,1,2,3,1,1,0,0,1,3,3,4,4,1,3,2,0,3,0,3,1,0,4,4,4,4,4,4,4,4,2,1,2,3,0,4,4,4,4,2,1,3,4,4,4,4,4,4,4,4,4,4,4,4,4,4,4,4,4,4,4,4,4,4,4,4,4,4,4,4,4,4,4,4,4,0,4,4,3,0,3,1,0,4,0,1,1,0,3,4,4,1,4,4,4,2,2,2,1,2,0,0,0,1,2,3,1,2,0,4,4,4,4,4,2,3,3,0,2,2,1,0,1,1,2,1,1,3,3,4,4,4,4,4,4,4,4,4,4,4,4,4,4,4,4,4,4,4,4,4,4,4,4,4,4,4,4,4,4,4,4,4,4,4,4,4,4,4,4,4,4,4,4,4,4,4,4,4,4,4,4,4,4,4,4,4,4,4,4,4,4,4,4,4,4,4,4,4,4,4,4,4,4,4,4,4,4,4,4,4,4,4,4,4,4,4,4,4,4,4,4,4,4,4,4,4,4,4,4,4,4,4,4,4,4,4,4,4,4,4,4,4,4,4,4,4,4,4,4,4,4,4,4,4,4,4,4,4,4,4,4,4,4,4,4,4,4,4,4,4,4,4,4,4,4,4,4,4,4,4,4,4,4,4,4,4,4,4,4,4,4,4,4,4,4,4,4,4,4,4,4,4,4,4,4,4,4,4,4,4,4,4,4,4,4,4,4,4,4,4,4,4,4,4,AFWO01000031.1/35071-35218,1
1216,0,2,3,2,2,1,3,1,0,3,3,1,4,0,1,1,4,3,3,4,1,3,3,0,3,2,3,1,4,0,2,1,4,4,4,4,1,1,1,3,3,4,0,2,2,4,4,4,4,4,4,2,0,1,2,1,4,4,4,4,4,4,4,4,4,4,4,4,4,4,4,4,4,4,4,4,4,4,4,4,4,2,1,3,0,1,0,3,0,0,0,1,3,4,3,4,1,2,0,4,0,3,2,0,1,2,1,0,4,4,4,4,1,0,0,4,4,4,4,4,4,4,1,0,0,2,2,3,2,1,1,3,2,1,1,2,3,1,1,0,0,1,3,3,4,4,1,3,2,0,3,0,0,3,0,4,4,4,4,4,4,4,4,2,1,2,3,0,4,4,4,4,2,1,3,4,4,4,4,4,4,4,4,4,4,4,4,4,4,4,4,4,4,4,4,4,4,4,4,4,4,4,4,4,4,4,4,4,3,4,4,3,0,3,1,0,4,0,1,1,3,1,4,4,1,4,4,4,2,2,2,1,2,0,0,0,1,2,3,1,2,0,4,4,4,4,4,2,3,3,0,2,2,1,0,1,1,2,1,1,3,3,4,4,4,4,4,4,4,4,4,4,4,4,4,4,4,4,4,4,4,4,4,4,4,4,4,4,4,4,4,4,4,4,4,4,4,4,4,4,4,4,4,4,4,4,4,4,4,4,4,4,4,4,4,4,4,4,4,4,4,4,4,4,4,4,4,4,4,4,4,4,4,4,4,4,4,4,4,4,4,4,4,4,4,4,4,4,4,4,4,4,4,4,4,4,4,4,4,4,4,4,4,4,4,4,4,4,4,4,4,4,4,4,4,4,4,4,4,4,4,4,4,4,4,4,4,4,4,4,4,4,4,4,4,4,4,4,4,4,4,4,4,4,4,4,4,4,4,4,4,4,4,4,4,4,4,4,4,4,4,4,4,4,4,4,4,4,4,4,4,4,4,4,4,4,4,4,4,4,4,4,4,4,4,4,4,4,4,4,4,4,4,4,4,4,4,AETW01000050.1/32884-32737,1
1217,0,2,3,2,2,1,3,1,0,3,3,1,4,0,1,1,4,2,0,4,1,3,3,0,3,2,3,1,4,0,2,1,4,4,4,4,1,1,1,3,3,4,1,2,2,4,4,4,4,4,4,2,0,1,2,3,4,4,4,4,4,4,4,4,4,4,4,4,4,4,4,4,4,4,4,4,4,4,4,4,4,2,1,3,0,1,0,3,0,0,0,0,3,4,3,4,1,2,0,4,0,3,2,0,1,2,1,0,4,4,4,4,1,0,0,4,4,4,4,4,4,4,1,0,0,2,2,3,2,1,1,3,2,1,1,2,3,1,1,0,0,1,3,3,4,4,1,3,2,0,3,0,3,1,0,4,4,4,4,4,4,4,4,2,1,2,3,0,4,4,4,4,2,1,3,4,4,4,4,4,4,4,4,4,4,4,4,4,4,4,4,4,4,4,4,4,4,4,4,4,4,4,4,4,4,4,4,4,0,4,4,3,0,3,1,0,4,0,1,1,0,3,4,4,1,4,4,4,2,2,2,1,2,0,0,0,1,2,3,1,2,0,4,4,4,4,4,2,3,3,0,2,2,1,0,1,1,2,1,1,3,3,4,4,4,4,4,4,4,4,4,4,4,4,4,4,4,4,4,4,4,4,4,4,4,4,4,4,4,4,4,4,4,4,4,4,4,4,4,4,4,4,4,4,4,4,4,4,4,4,4,4,4,4,4,4,4,4,4,4,4,4,4,4,4,4,4,4,4,4,4,4,4,4,4,4,4,4,4,4,4,4,4,4,4,4,4,4,4,4,4,4,4,4,4,4,4,4,4,4,4,4,4,4,4,4,4,4,4,4,4,4,4,4,4,4,4,4,4,4,4,4,4,4,4,4,4,4,4,4,4,4,4,4,4,4,4,4,4,4,4,4,4,4,4,4,4,4,4,4,4,4,4,4,4,4,4,4,4,4,4,4,4,4,4,4,4,4,4,4,4,4,4,4,4,4,4,4,4,4,4,4,4,4,4,4,4,4,4,4,4,4,4,4,4,4,4,CP001671.1/2924828-2924681,1
1218,0,2,0,3,2,1,3,1,0,3,3,1,4,1,0,3,4,1,3,4,1,3,3,0,3,2,1,3,4,1,2,1,1,0,4,4,4,4,4,4,4,4,4,4,4,4,4,4,4,4,4,4,4,4,4,4,3,0,4,4,4,4,4,4,4,4,4,4,4,4,4,4,4,4,4,4,4,4,4,2,3,2,1,1,3,1,0,3,0,0,0,1,3,1,0,4,2,2,0,4,0,3,2,0,3,2,1,0,4,4,4,4,2,0,2,1,1,2,4,4,3,3,3,0,1,2,2,3,2,1,3,3,0,3,1,2,3,1,1,4,0,1,3,2,0,4,1,0,2,0,3,2,3,1,4,4,4,4,4,4,4,4,4,2,1,3,3,1,2,4,4,4,2,1,1,4,4,4,4,4,4,4,4,4,4,4,4,4,4,4,4,4,4,4,4,4,4,4,4,4,4,4,4,4,4,4,4,4,3,4,4,1,0,3,1,0,4,2,0,1,0,1,4,4,1,0,4,3,2,2,0,1,0,3,0,0,1,2,3,3,2,0,4,4,4,4,4,2,3,2,0,0,2,1,0,1,1,1,0,3,3,3,4,4,4,4,4,4,4,4,4,4,4,4,4,4,4,4,4,4,4,4,4,4,4,4,4,4,4,4,4,4,4,4,4,4,4,4,4,4,4,4,4,4,4,4,4,4,4,4,4,4,4,4,4,4,4,4,4,4,4,4,4,4,4,4,4,4,4,4,4,4,4,4,4,4,4,4,4,4,4,4,4,4,4,4,4,4,4,4,4,4,4,4,4,4,4,4,4,4,4,4,4,4,4,4,4,4,4,4,4,4,4,4,4,4,4,4,4,4,4,4,4,4,4,4,4,4,4,4,4,4,4,4,4,4,4,4,4,4,4,4,4,4,4,4,4,4,4,4,4,4,4,4,4,4,4,4,4,4,4,4,4,4,4,4,4,4,4,4,4,4,4,4,4,4,4,4,4,4,4,4,4,4,4,4,4,4,4,4,4,4,4,4,4,4,4,FN543502.1/4172251-4172103,1
1219,0,2,3,2,2,1,3,1,0,3,3,1,4,0,1,1,4,2,0,4,1,3,3,0,3,2,3,1,4,0,2,1,4,4,4,4,1,1,1,3,3,4,1,2,2,4,4,4,4,4,4,2,0,1,2,3,4,4,4,4,4,4,4,4,4,4,4,4,4,4,4,4,4,4,4,4,4,4,4,4,4,2,1,3,0,1,0,3,0,0,0,0,3,4,3,4,1,2,0,4,0,3,2,0,1,2,1,0,4,4,4,4,1,0,0,4,4,4,4,4,4,4,1,0,0,2,2,3,2,1,1,3,2,1,1,2,3,1,1,0,0,1,3,3,4,4,1,3,2,0,3,0,3,1,0,4,4,4,4,4,4,4,4,2,1,2,3,0,4,4,4,4,2,1,3,4,4,4,4,4,4,4,4,4,4,4,4,4,4,4,4,4,4,4,4,4,4,4,4,4,4,4,4,4,4,4,4,4,0,4,4,3,0,3,1,0,4,0,1,1,0,3,4,4,1,4,4,4,2,2,2,1,2,0,0,0,1,2,3,1,2,0,4,4,4,4,4,2,3,3,0,2,2,1,0,1,1,2,1,1,3,3,4,4,4,4,4,4,4,4,4,4,4,4,4,4,4,4,4,4,4,4,4,4,4,4,4,4,4,4,4,4,4,4,4,4,4,4,4,4,4,4,4,4,4,4,4,4,4,4,4,4,4,4,4,4,4,4,4,4,4,4,4,4,4,4,4,4,4,4,4,4,4,4,4,4,4,4,4,4,4,4,4,4,4,4,4,4,4,4,4,4,4,4,4,4,4,4,4,4,4,4,4,4,4,4,4,4,4,4,4,4,4,4,4,4,4,4,4,4,4,4,4,4,4,4,4,4,4,4,4,4,4,4,4,4,4,4,4,4,4,4,4,4,4,4,4,4,4,4,4,4,4,4,4,4,4,4,4,4,4,4,4,4,4,4,4,4,4,4,4,4,4,4,4,4,4,4,4,4,4,4,4,4,4,4,4,4,4,4,4,4,4,4,4,4,4,ADVB01000450.1/17022-16875,1
1220,0,2,0,3,2,1,3,1,0,3,3,1,4,1,0,3,4,1,3,4,1,3,3,0,3,2,3,3,4,1,2,1,3,3,3,4,1,4,4,4,4,4,4,4,4,4,4,4,4,4,4,4,4,4,4,4,0,4,4,4,4,4,4,4,4,4,4,4,4,4,4,4,4,4,4,4,4,4,4,4,2,2,1,1,3,1,0,3,0,0,0,1,3,1,0,4,2,2,0,4,0,3,2,0,3,2,1,0,4,4,4,4,2,0,2,1,1,2,4,4,3,3,3,0,1,2,2,3,2,1,3,3,0,3,1,2,3,1,1,4,0,1,3,2,0,4,1,0,2,0,3,2,3,1,4,4,4,4,4,4,4,4,4,2,1,3,3,1,2,4,4,4,2,1,1,4,4,4,4,4,4,4,4,4,4,4,4,4,4,4,4,4,4,4,4,4,4,4,4,4,4,4,4,4,4,4,4,4,3,4,4,1,0,3,1,0,4,2,0,1,0,1,4,4,1,0,4,3,2,2,0,1,0,3,0,0,1,2,3,3,2,0,4,4,4,4,4,2,3,2,0,0,2,1,0,1,1,0,3,3,3,2,4,4,4,4,4,4,4,4,4,4,4,4,4,4,4,4,4,4,4,4,4,4,4,4,4,4,4,4,4,4,4,4,4,4,4,4,4,4,4,4,4,4,4,4,4,4,4,4,4,4,4,4,4,4,4,4,4,4,4,4,4,4,4,4,4,4,4,4,4,4,4,4,4,4,4,4,4,4,4,4,4,4,4,4,4,4,4,4,4,4,4,4,4,4,4,4,4,4,4,4,4,4,4,4,4,4,4,4,4,4,4,4,4,4,4,4,4,4,4,4,4,4,4,4,4,4,4,4,4,4,4,4,4,4,4,4,4,4,4,4,4,4,4,4,4,4,4,4,4,4,4,4,4,4,4,4,4,4,4,4,4,4,4,4,4,4,4,4,4,4,4,4,4,4,4,4,4,4,4,4,4,4,4,4,4,4,4,4,4,4,4,4,4,4,4,CP002272.1/4577740-4577592,1
1221,0,2,0,3,2,1,3,1,0,3,3,1,4,3,0,3,4,1,3,4,1,3,3,0,3,2,3,3,4,1,2,1,1,3,4,4,4,4,4,4,4,4,4,4,4,4,4,4,4,4,4,4,4,4,4,4,3,0,4,4,4,4,4,4,4,4,4,4,4,4,4,4,4,4,4,4,4,4,4,2,3,2,1,1,3,1,0,3,0,0,0,1,3,1,1,4,2,2,0,4,0,3,2,0,1,2,1,0,4,4,4,4,2,0,2,1,1,2,4,4,3,3,3,0,1,2,2,3,2,1,3,3,0,3,1,2,3,1,1,4,0,1,3,2,0,4,1,0,2,0,3,2,3,1,4,4,4,4,4,4,4,4,4,2,1,3,3,0,3,4,4,4,2,1,1,4,4,4,4,4,4,4,4,4,4,4,4,4,4,4,4,4,4,4,4,4,4,4,4,4,4,4,4,4,4,4,4,4,3,4,4,1,0,3,1,0,4,2,0,1,0,1,4,4,1,0,4,3,2,2,0,1,0,1,0,0,1,2,3,3,2,0,4,4,4,4,4,2,3,2,0,0,2,1,0,1,1,1,0,1,3,3,4,4,4,4,4,4,4,4,4,4,4,4,4,4,4,4,4,4,4,4,4,4,4,4,4,4,4,4,4,4,4,4,4,4,4,4,4,4,4,4,4,4,4,4,4,4,4,4,4,4,4,4,4,4,4,4,4,4,4,4,4,4,4,4,4,4,4,4,4,4,4,4,4,4,4,4,4,4,4,4,4,4,4,4,4,4,4,4,4,4,4,4,4,4,4,4,4,4,4,4,4,4,4,4,4,4,4,4,4,4,4,4,4,4,4,4,4,4,4,4,4,4,4,4,4,4,4,4,4,4,4,4,4,4,4,4,4,4,4,4,4,4,4,4,4,4,4,4,4,4,4,4,4,4,4,4,4,4,4,4,4,4,4,4,4,4,4,4,4,4,4,4,4,4,4,4,4,4,4,4,4,4,4,4,4,4,4,4,4,4,4,4,4,4,4,CP000819.1/3948240-3948388,1
1222,0,2,0,3,2,1,3,1,0,3,3,1,4,1,0,3,4,1,3,4,1,3,3,0,3,2,3,3,4,1,2,1,1,3,4,4,4,4,4,4,4,4,4,4,4,4,4,4,4,4,4,4,4,4,4,4,3,0,4,4,4,4,4,4,4,4,4,4,4,4,4,4,4,4,4,4,4,4,4,2,3,2,1,1,3,1,0,3,0,0,0,1,3,1,1,4,2,2,0,4,0,3,2,0,1,2,1,0,4,4,4,4,2,0,2,1,1,2,4,4,3,3,3,0,1,2,2,3,2,1,3,3,0,3,1,2,3,1,1,4,0,1,3,2,0,4,1,0,2,0,3,2,3,1,4,4,4,4,4,4,4,4,4,2,1,3,3,0,3,4,4,4,2,1,1,4,4,4,4,4,4,4,4,4,4,4,4,4,4,4,4,4,4,4,4,4,4,4,4,4,4,4,4,4,4,4,4,4,3,4,4,1,0,3,1,0,4,2,0,1,0,1,4,4,1,0,4,3,2,2,0,1,0,1,0,0,1,2,3,3,2,0,4,4,4,4,4,2,3,2,0,0,2,1,0,1,1,1,0,1,3,3,4,4,4,4,4,4,4,4,4,4,4,4,4,4,4,4,4,4,4,4,4,4,4,4,4,4,4,4,4,4,4,4,4,4,4,4,4,4,4,4,4,4,4,4,4,4,4,4,4,4,4,4,4,4,4,4,4,4,4,4,4,4,4,4,4,4,4,4,4,4,4,4,4,4,4,4,4,4,4,4,4,4,4,4,4,4,4,4,4,4,4,4,4,4,4,4,4,4,4,4,4,4,4,4,4,4,4,4,4,4,4,4,4,4,4,4,4,4,4,4,4,4,4,4,4,4,4,4,4,4,4,4,4,4,4,4,4,4,4,4,4,4,4,4,4,4,4,4,4,4,4,4,4,4,4,4,4,4,4,4,4,4,4,4,4,4,4,4,4,4,4,4,4,4,4,4,4,4,4,4,4,4,4,4,4,4,4,4,4,4,4,4,4,4,4,CADZ01000040.1/74729-74581,1
1223,0,2,0,3,2,1,3,1,0,3,3,1,4,1,0,3,4,1,3,4,1,3,3,0,3,2,3,3,4,1,2,1,1,3,4,4,4,4,4,4,4,4,4,4,4,4,4,4,4,4,4,4,4,4,4,4,3,0,4,4,4,4,4,4,4,4,4,4,4,4,4,4,4,4,4,4,4,4,4,2,3,2,1,1,3,1,0,3,0,0,0,1,3,1,1,4,2,2,0,4,0,3,2,0,1,2,1,0,4,4,4,4,2,0,2,1,1,2,4,4,3,3,3,0,1,2,2,3,2,1,3,3,0,3,1,2,3,1,1,4,0,1,3,2,0,4,1,0,2,0,3,2,3,1,4,4,4,4,4,4,4,4,4,2,1,3,3,0,3,4,4,4,2,1,1,4,4,4,4,4,4,4,4,4,4,4,4,4,4,4,4,4,4,4,4,4,4,4,4,4,4,4,4,4,4,4,4,4,3,4,4,1,0,3,1,0,4,2,0,1,0,1,4,4,1,0,4,3,2,2,0,1,0,1,0,0,1,2,3,3,2,0,4,4,4,4,4,2,3,2,0,0,2,1,0,1,1,1,0,1,3,3,4,4,4,4,4,4,4,4,4,4,4,4,4,4,4,4,4,4,4,4,4,4,4,4,4,4,4,4,4,4,4,4,4,4,4,4,4,4,4,4,4,4,4,4,4,4,4,4,4,4,4,4,4,4,4,4,4,4,4,4,4,4,4,4,4,4,4,4,4,4,4,4,4,4,4,4,4,4,4,4,4,4,4,4,4,4,4,4,4,4,4,4,4,4,4,4,4,4,4,4,4,4,4,4,4,4,4,4,4,4,4,4,4,4,4,4,4,4,4,4,4,4,4,4,4,4,4,4,4,4,4,4,4,4,4,4,4,4,4,4,4,4,4,4,4,4,4,4,4,4,4,4,4,4,4,4,4,4,4,4,4,4,4,4,4,4,4,4,4,4,4,4,4,4,4,4,4,4,4,4,4,4,4,4,4,4,4,4,4,4,4,4,4,4,4,AERM01000076.1/39560-39708,1
1224,0,2,3,2,2,1,3,1,0,3,3,1,4,0,1,1,4,3,3,4,1,3,3,0,3,2,3,1,4,0,2,1,4,4,4,4,1,1,1,3,3,4,1,2,2,4,4,4,4,4,4,2,0,1,2,3,4,4,4,4,4,4,4,4,4,4,4,4,4,4,4,4,4,4,4,4,4,4,4,4,4,2,1,3,0,1,0,3,0,0,0,1,3,4,3,4,1,2,0,4,0,3,2,0,1,2,1,0,4,4,4,4,1,0,0,4,4,4,4,4,4,4,0,0,0,2,2,3,2,1,1,3,2,1,1,2,3,1,1,0,0,1,3,0,4,4,1,3,2,0,3,3,0,3,3,4,4,4,4,4,4,4,4,2,1,0,0,3,4,4,4,4,2,1,3,4,4,4,4,4,4,4,4,4,4,4,4,4,4,4,4,4,4,4,4,4,4,4,4,4,4,4,4,4,4,4,4,4,3,4,4,3,0,3,1,0,4,2,2,1,4,1,4,4,0,4,4,4,2,2,2,1,2,0,0,0,1,2,3,1,2,0,4,4,4,4,4,2,3,3,0,2,2,1,0,1,1,2,1,1,3,3,4,4,4,4,4,4,4,4,4,4,4,4,4,4,4,4,4,4,4,4,4,4,4,4,4,4,4,4,4,4,4,4,4,4,4,4,4,4,4,4,4,4,4,4,4,4,4,4,4,4,4,4,4,4,4,4,4,4,4,4,4,4,4,4,4,4,4,4,4,4,4,4,4,4,4,4,4,4,4,4,4,4,4,4,4,4,4,4,4,4,4,4,4,4,4,4,4,4,4,4,4,4,4,4,4,4,4,4,4,4,4,4,4,4,4,4,4,4,4,4,4,4,4,4,4,4,4,4,4,4,4,4,4,4,4,4,4,4,4,4,4,4,4,4,4,4,4,4,4,4,4,4,4,4,4,4,4,4,4,4,4,4,4,4,4,4,4,4,4,4,4,4,4,4,4,4,4,4,4,4,4,4,4,4,4,4,4,4,4,4,4,4,4,4,4,AGFS01105782.1/764-910,1
1225,0,2,1,3,2,1,3,1,0,3,3,1,4,0,1,1,4,3,2,4,3,3,3,0,3,2,0,3,4,3,2,1,1,1,1,4,4,4,2,1,3,4,3,0,2,4,1,2,2,0,4,2,0,0,2,0,4,4,4,4,4,4,4,4,4,4,4,4,4,4,4,4,4,4,4,4,4,4,4,4,4,2,1,4,3,1,0,3,0,0,0,2,1,4,1,4,1,2,0,4,0,3,2,0,1,2,1,0,4,4,4,4,1,1,0,4,4,4,4,4,4,4,0,0,1,2,2,0,2,1,1,3,2,1,1,2,3,1,1,0,0,1,3,2,0,4,1,1,2,0,3,0,0,3,1,4,4,4,4,4,4,4,4,2,1,3,3,2,4,4,4,4,4,1,2,4,4,4,4,4,4,4,4,4,4,4,4,4,4,4,4,4,4,4,4,4,4,4,4,4,4,4,4,4,4,4,4,4,3,4,4,3,0,3,1,0,4,0,0,1,0,1,4,4,1,4,4,4,2,2,0,1,2,3,0,0,1,2,3,3,2,0,4,4,4,4,4,2,3,0,0,2,2,1,3,1,1,0,1,1,1,0,4,4,4,4,4,4,4,4,4,4,4,4,4,4,4,4,4,4,4,4,4,4,4,4,4,4,4,4,4,4,4,4,4,4,4,4,4,4,4,4,4,4,4,4,4,4,4,4,4,4,4,4,4,4,4,4,4,4,4,4,4,4,4,4,4,4,4,4,4,4,4,4,4,4,4,4,4,4,4,4,4,4,4,4,4,4,4,4,4,4,4,4,4,4,4,4,4,4,4,4,4,4,4,4,4,4,4,4,4,4,4,4,4,4,4,4,4,4,4,4,4,4,4,4,4,4,4,4,4,4,4,4,4,4,4,4,4,4,4,4,4,4,4,4,4,4,4,4,4,4,4,4,4,4,4,4,4,4,4,4,4,4,4,4,4,4,4,4,4,4,4,4,4,4,4,4,4,4,4,4,4,4,4,4,4,4,4,4,4,4,4,4,4,4,4,ADWZ01000013.1/41620-41469,1
1226,0,2,0,3,2,1,3,1,0,3,3,1,4,1,0,3,4,1,3,4,1,3,3,0,3,2,3,3,4,1,2,1,1,3,4,4,4,4,4,4,4,4,4,4,4,4,4,4,4,4,4,4,4,4,4,4,3,0,4,4,4,4,4,4,4,4,4,4,4,4,4,4,4,4,4,4,4,4,4,2,3,2,1,1,3,1,0,3,0,0,0,1,3,1,1,4,2,2,0,4,0,3,2,0,1,2,1,0,4,4,4,4,2,0,2,1,1,2,4,4,3,3,3,0,1,2,2,3,2,1,3,3,0,3,1,2,3,1,1,4,0,1,3,2,0,4,1,0,2,0,3,2,3,1,4,4,4,4,4,4,4,4,4,2,1,3,3,0,3,4,4,4,2,1,1,4,4,4,4,4,4,4,4,4,4,4,4,4,4,4,4,4,4,4,4,4,4,4,4,4,4,4,4,4,4,4,4,4,3,4,4,1,0,3,1,0,4,2,0,1,0,1,4,4,1,0,4,3,2,2,0,1,0,1,0,0,1,2,3,3,2,0,4,4,4,4,4,2,3,2,0,0,2,1,0,1,1,1,0,1,3,3,4,4,4,4,4,4,4,4,4,4,4,4,4,4,4,4,4,4,4,4,4,4,4,4,4,4,4,4,4,4,4,4,4,4,4,4,4,4,4,4,4,4,4,4,4,4,4,4,4,4,4,4,4,4,4,4,4,4,4,4,4,4,4,4,4,4,4,4,4,4,4,4,4,4,4,4,4,4,4,4,4,4,4,4,4,4,4,4,4,4,4,4,4,4,4,4,4,4,4,4,4,4,4,4,4,4,4,4,4,4,4,4,4,4,4,4,4,4,4,4,4,4,4,4,4,4,4,4,4,4,4,4,4,4,4,4,4,4,4,4,4,4,4,4,4,4,4,4,4,4,4,4,4,4,4,4,4,4,4,4,4,4,4,4,4,4,4,4,4,4,4,4,4,4,4,4,4,4,4,4,4,4,4,4,4,4,4,4,4,4,4,4,4,4,4,CU928163.2/4472369-4472517,1
1227,0,2,3,2,2,1,3,1,0,3,3,1,4,0,1,1,4,2,0,4,1,3,3,0,3,2,3,1,4,0,2,1,4,4,4,4,1,1,1,3,3,4,1,2,2,4,4,4,4,4,4,2,0,1,2,3,4,4,4,4,4,4,4,4,4,4,4,4,4,4,4,4,4,4,4,4,4,4,4,4,4,2,1,3,0,1,0,3,0,0,0,0,3,4,3,4,1,2,0,4,0,3,2,0,1,2,1,0,4,4,4,4,1,0,0,4,4,4,4,4,4,4,1,0,0,2,2,3,2,1,1,3,2,1,1,2,3,1,1,0,0,1,3,3,4,4,1,3,2,0,3,0,3,1,0,4,4,4,4,4,4,4,4,2,1,2,3,0,4,4,4,4,2,1,3,4,4,4,4,4,4,4,4,4,4,4,4,4,4,4,4,4,4,4,4,4,4,4,4,4,4,4,4,4,4,4,4,4,0,4,4,3,0,3,1,0,4,0,1,1,0,3,4,4,1,4,4,4,2,2,2,1,2,0,0,0,1,2,3,1,2,0,4,4,4,4,4,2,3,3,0,2,2,1,0,1,1,2,1,1,3,3,4,4,4,4,4,4,4,4,4,4,4,4,4,4,4,4,4,4,4,4,4,4,4,4,4,4,4,4,4,4,4,4,4,4,4,4,4,4,4,4,4,4,4,4,4,4,4,4,4,4,4,4,4,4,4,4,4,4,4,4,4,4,4,4,4,4,4,4,4,4,4,4,4,4,4,4,4,4,4,4,4,4,4,4,4,4,4,4,4,4,4,4,4,4,4,4,4,4,4,4,4,4,4,4,4,4,4,4,4,4,4,4,4,4,4,4,4,4,4,4,4,4,4,4,4,4,4,4,4,4,4,4,4,4,4,4,4,4,4,4,4,4,4,4,4,4,4,4,4,4,4,4,4,4,4,4,4,4,4,4,4,4,4,4,4,4,4,4,4,4,4,4,4,4,4,4,4,4,4,4,4,4,4,4,4,4,4,4,4,4,4,4,4,4,4,ADUG01000129.1/13252-13105,1
1228,0,2,0,3,2,1,3,1,0,3,3,1,4,1,0,3,4,1,3,4,1,3,3,0,3,2,3,3,4,1,2,1,1,3,4,4,4,4,4,4,4,4,4,4,4,4,4,4,4,4,4,4,4,4,4,4,3,0,4,4,4,4,4,4,4,4,4,4,4,4,4,4,4,4,4,4,4,4,4,2,3,2,1,1,3,1,0,3,0,0,0,1,3,1,1,4,2,2,0,4,0,3,2,0,1,2,1,0,4,4,4,4,2,0,2,1,1,2,4,4,3,3,3,0,1,2,2,3,2,1,3,3,0,3,1,2,3,1,1,4,0,1,3,2,0,4,1,0,2,0,3,2,3,1,4,4,4,4,4,4,4,4,4,2,1,3,3,0,3,4,4,4,2,1,1,4,4,4,4,4,4,4,4,4,4,4,4,4,4,4,4,4,4,4,4,4,4,4,4,4,4,4,4,4,4,4,4,4,3,4,4,1,0,3,1,0,4,2,0,1,0,1,4,4,1,0,4,3,2,2,0,1,0,1,0,0,1,2,3,3,2,0,4,4,4,4,4,2,3,2,0,0,2,1,0,1,1,1,0,1,3,3,4,4,4,4,4,4,4,4,4,4,4,4,4,4,4,4,4,4,4,4,4,4,4,4,4,4,4,4,4,4,4,4,4,4,4,4,4,4,4,4,4,4,4,4,4,4,4,4,4,4,4,4,4,4,4,4,4,4,4,4,4,4,4,4,4,4,4,4,4,4,4,4,4,4,4,4,4,4,4,4,4,4,4,4,4,4,4,4,4,4,4,4,4,4,4,4,4,4,4,4,4,4,4,4,4,4,4,4,4,4,4,4,4,4,4,4,4,4,4,4,4,4,4,4,4,4,4,4,4,4,4,4,4,4,4,4,4,4,4,4,4,4,4,4,4,4,4,4,4,4,4,4,4,4,4,4,4,4,4,4,4,4,4,4,4,4,4,4,4,4,4,4,4,4,4,4,4,4,4,4,4,4,4,4,4,4,4,4,4,4,4,4,4,4,4,FM180568.1/4282113-4282261,1
1229,0,2,0,3,2,1,3,1,0,3,3,1,4,1,0,3,4,1,3,4,1,3,3,0,3,2,3,3,4,1,2,1,1,3,3,4,1,4,4,4,4,4,4,4,4,4,4,4,4,4,4,4,4,4,4,4,3,4,4,4,4,4,4,4,4,4,4,4,4,4,4,4,4,4,4,4,4,4,4,4,2,2,1,1,3,1,0,3,0,0,0,1,3,1,0,4,2,2,0,4,0,3,2,0,3,2,1,0,4,4,4,4,2,0,2,1,1,2,4,4,3,3,3,0,1,2,2,3,2,1,3,3,0,3,1,2,3,1,1,4,0,1,3,2,0,4,1,0,2,0,3,2,3,1,4,4,4,4,4,4,4,4,4,2,1,3,3,0,1,4,4,4,2,1,1,4,4,4,4,4,4,4,4,4,4,4,4,4,4,4,4,4,4,4,4,4,4,4,4,4,4,4,4,4,4,4,4,4,3,4,4,1,0,3,1,0,4,0,0,1,0,1,4,4,1,1,4,3,2,2,0,1,0,1,0,0,1,2,3,3,2,0,4,4,4,4,4,2,3,2,0,0,2,1,0,1,1,1,1,3,3,3,4,4,4,4,4,4,4,4,4,4,4,4,4,4,4,4,4,4,4,4,4,4,4,4,4,4,4,4,4,4,4,4,4,4,4,4,4,4,4,4,4,4,4,4,4,4,4,4,4,4,4,4,4,4,4,4,4,4,4,4,4,4,4,4,4,4,4,4,4,4,4,4,4,4,4,4,4,4,4,4,4,4,4,4,4,4,4,4,4,4,4,4,4,4,4,4,4,4,4,4,4,4,4,4,4,4,4,4,4,4,4,4,4,4,4,4,4,4,4,4,4,4,4,4,4,4,4,4,4,4,4,4,4,4,4,4,4,4,4,4,4,4,4,4,4,4,4,4,4,4,4,4,4,4,4,4,4,4,4,4,4,4,4,4,4,4,4,4,4,4,4,4,4,4,4,4,4,4,4,4,4,4,4,4,4,4,4,4,4,4,4,4,4,4,4,CP001144.1/4170257-4170405,1
1230,0,2,0,3,2,1,3,1,0,3,3,1,4,1,0,3,4,1,3,4,1,3,3,0,3,2,3,3,4,1,2,1,1,3,4,4,4,4,4,4,4,4,4,4,4,4,4,4,4,4,4,4,4,4,4,4,3,0,4,4,4,4,4,4,4,4,4,4,4,4,4,4,4,4,4,4,4,4,4,2,3,2,1,1,3,1,0,3,0,0,0,1,3,1,1,4,2,2,0,4,0,3,2,0,1,2,1,0,4,4,4,4,2,0,2,1,1,2,4,4,3,3,3,0,1,2,2,3,2,1,3,3,0,3,1,2,3,1,1,4,0,1,3,2,0,4,1,0,2,0,3,2,3,1,4,4,4,4,4,4,4,4,4,2,1,3,3,0,3,4,4,4,2,1,1,4,4,4,4,4,4,4,4,4,4,4,4,4,4,4,4,4,4,4,4,4,4,4,4,4,4,4,4,4,4,4,4,4,3,4,4,1,0,3,1,0,4,2,0,1,0,1,4,4,1,0,4,3,2,2,0,1,0,1,0,0,1,2,3,3,2,0,4,4,4,4,4,2,3,2,0,0,2,1,0,1,1,1,0,1,3,3,4,4,4,4,4,4,4,4,4,4,4,4,4,4,4,4,4,4,4,4,4,4,4,4,4,4,4,4,4,4,4,4,4,4,4,4,4,4,4,4,4,4,4,4,4,4,4,4,4,4,4,4,4,4,4,4,4,4,4,4,4,4,4,4,4,4,4,4,4,4,4,4,4,4,4,4,4,4,4,4,4,4,4,4,4,4,4,4,4,4,4,4,4,4,4,4,4,4,4,4,4,4,4,4,4,4,4,4,4,4,4,4,4,4,4,4,4,4,4,4,4,4,4,4,4,4,4,4,4,4,4,4,4,4,4,4,4,4,4,4,4,4,4,4,4,4,4,4,4,4,4,4,4,4,4,4,4,4,4,4,4,4,4,4,4,4,4,4,4,4,4,4,4,4,4,4,4,4,4,4,4,4,4,4,4,4,4,4,4,4,4,4,4,4,4,AFEB01000060.1/73157-73305,1
1231,0,2,0,3,2,1,3,1,0,3,3,1,4,1,0,3,4,1,3,4,1,3,3,0,3,2,3,3,4,1,2,1,1,3,3,4,1,4,4,4,4,4,4,4,4,4,4,4,4,4,4,4,4,4,4,4,3,4,4,4,4,4,4,4,4,4,4,4,4,4,4,4,4,4,4,4,4,4,4,4,2,2,1,1,3,1,0,3,0,0,0,1,3,1,0,4,2,2,0,4,0,3,2,0,3,2,1,0,4,4,4,4,2,0,2,1,1,2,4,4,3,3,3,0,1,2,2,3,2,1,3,3,0,3,1,2,3,1,1,4,0,1,3,2,0,4,1,0,2,0,3,2,3,1,4,4,4,4,4,4,4,4,4,2,1,3,3,0,1,4,4,4,2,1,1,4,4,4,4,4,4,4,4,4,4,4,4,4,4,4,4,4,4,4,4,4,4,4,4,4,4,4,4,4,4,4,4,4,3,4,4,1,0,3,1,0,4,0,0,1,0,1,4,4,1,1,4,3,2,2,0,1,0,1,0,0,1,2,3,3,2,0,4,4,4,4,4,2,3,2,0,0,2,1,0,1,1,1,1,3,3,3,4,4,4,4,4,4,4,4,4,4,4,4,4,4,4,4,4,4,4,4,4,4,4,4,4,4,4,4,4,4,4,4,4,4,4,4,4,4,4,4,4,4,4,4,4,4,4,4,4,4,4,4,4,4,4,4,4,4,4,4,4,4,4,4,4,4,4,4,4,4,4,4,4,4,4,4,4,4,4,4,4,4,4,4,4,4,4,4,4,4,4,4,4,4,4,4,4,4,4,4,4,4,4,4,4,4,4,4,4,4,4,4,4,4,4,4,4,4,4,4,4,4,4,4,4,4,4,4,4,4,4,4,4,4,4,4,4,4,4,4,4,4,4,4,4,4,4,4,4,4,4,4,4,4,4,4,4,4,4,4,4,4,4,4,4,4,4,4,4,4,4,4,4,4,4,4,4,4,4,4,4,4,4,4,4,4,4,4,4,4,4,4,4,4,4,AETO01000009.1/39709-39857,1
1232,0,2,3,2,2,1,3,1,0,3,3,1,4,0,1,1,4,2,0,4,1,3,3,0,3,2,3,1,4,0,2,1,4,4,4,4,1,1,1,3,3,4,1,2,2,4,4,4,4,4,4,2,0,1,2,3,4,4,4,4,4,4,4,4,4,4,4,4,4,4,4,4,4,4,4,4,4,4,4,4,4,2,1,3,0,1,0,3,0,0,0,0,3,4,0,4,1,2,0,4,0,3,2,0,1,2,1,0,4,4,4,4,1,0,0,4,4,4,4,4,4,4,1,0,0,2,2,3,2,1,1,3,2,1,1,2,3,1,1,0,0,1,3,3,4,4,1,3,2,0,3,0,3,1,0,4,4,4,4,4,4,4,4,2,1,2,3,0,4,4,4,4,2,1,3,4,4,4,4,4,4,4,4,4,4,4,4,4,4,4,4,4,4,4,4,4,4,4,4,4,4,4,4,4,4,4,4,4,0,4,4,3,0,3,1,0,4,0,1,1,0,3,4,4,1,4,4,4,2,2,2,1,2,0,0,0,1,2,3,1,2,0,4,4,4,4,4,2,3,3,0,2,2,1,0,1,1,2,1,1,3,3,4,4,4,4,4,4,4,4,4,4,4,4,4,4,4,4,4,4,4,4,4,4,4,4,4,4,4,4,4,4,4,4,4,4,4,4,4,4,4,4,4,4,4,4,4,4,4,4,4,4,4,4,4,4,4,4,4,4,4,4,4,4,4,4,4,4,4,4,4,4,4,4,4,4,4,4,4,4,4,4,4,4,4,4,4,4,4,4,4,4,4,4,4,4,4,4,4,4,4,4,4,4,4,4,4,4,4,4,4,4,4,4,4,4,4,4,4,4,4,4,4,4,4,4,4,4,4,4,4,4,4,4,4,4,4,4,4,4,4,4,4,4,4,4,4,4,4,4,4,4,4,4,4,4,4,4,4,4,4,4,4,4,4,4,4,4,4,4,4,4,4,4,4,4,4,4,4,4,4,4,4,4,4,4,4,4,4,4,4,4,4,4,4,4,4,AFDW01000025.1/488835-488688,1
1233,0,2,0,3,2,1,3,1,0,3,3,1,4,1,0,3,4,1,3,4,1,3,3,0,3,2,3,3,4,1,2,1,1,3,4,4,4,4,4,4,4,4,4,4,4,4,4,4,4,4,4,4,4,4,4,4,3,0,4,4,4,4,4,4,4,4,4,4,4,4,4,4,4,4,4,4,4,4,4,2,3,2,1,1,3,1,0,3,0,0,0,1,3,1,1,4,2,2,0,4,0,3,2,0,1,2,1,0,4,4,4,4,2,0,2,1,1,2,4,4,3,3,3,0,1,2,2,3,2,1,3,3,0,3,1,2,3,1,1,4,0,1,3,2,0,4,1,0,2,0,3,2,3,1,4,4,4,4,4,4,4,4,4,2,1,3,3,0,3,4,4,4,2,1,1,4,4,4,4,4,4,4,4,4,4,4,4,4,4,4,4,4,4,4,4,4,4,4,4,4,4,4,4,4,4,4,4,4,3,4,4,1,0,3,1,0,4,2,0,1,0,1,4,4,1,0,4,3,2,2,0,1,0,1,0,0,1,2,3,3,2,0,4,4,4,4,4,2,3,2,0,0,2,1,0,1,1,1,0,1,3,3,4,4,4,4,4,4,4,4,4,4,4,4,4,4,4,4,4,4,4,4,4,4,4,4,4,4,4,4,4,4,4,4,4,4,4,4,4,4,4,4,4,4,4,4,4,4,4,4,4,4,4,4,4,4,4,4,4,4,4,4,4,4,4,4,4,4,4,4,4,4,4,4,4,4,4,4,4,4,4,4,4,4,4,4,4,4,4,4,4,4,4,4,4,4,4,4,4,4,4,4,4,4,4,4,4,4,4,4,4,4,4,4,4,4,4,4,4,4,4,4,4,4,4,4,4,4,4,4,4,4,4,4,4,4,4,4,4,4,4,4,4,4,4,4,4,4,4,4,4,4,4,4,4,4,4,4,4,4,4,4,4,4,4,4,4,4,4,4,4,4,4,4,4,4,4,4,4,4,4,4,4,4,4,4,4,4,4,4,4,4,4,4,4,4,4,CP001383.1/4034502-4034650,1
1234,0,2,0,3,2,1,3,1,0,3,1,1,4,1,0,1,4,3,3,4,0,3,3,0,3,2,0,3,4,0,2,1,1,3,2,4,2,3,3,3,3,4,3,0,3,0,2,1,1,0,4,0,3,3,3,0,4,4,4,4,4,4,4,4,4,4,4,4,4,4,4,4,4,4,4,4,4,4,4,4,4,2,1,3,3,1,0,3,0,0,0,1,1,1,0,4,2,2,2,4,0,3,2,0,1,2,1,0,4,4,4,4,2,0,2,1,1,2,0,3,3,3,3,0,2,2,2,3,2,1,1,3,0,3,3,2,3,1,1,0,3,2,3,0,0,4,0,1,2,0,3,2,3,3,4,4,4,4,4,4,4,4,4,2,0,0,3,0,4,4,4,4,3,1,3,4,4,4,4,4,4,4,4,4,4,4,4,4,4,4,4,4,4,4,4,4,4,4,4,4,4,4,4,4,4,4,4,4,3,4,4,1,0,3,1,0,4,1,0,3,0,1,4,4,1,4,4,4,2,2,2,1,0,3,0,0,1,2,3,3,2,0,4,4,4,4,4,2,3,2,0,2,2,1,0,1,1,2,0,1,0,3,4,4,4,4,4,4,4,4,4,4,4,4,4,4,4,4,4,4,4,4,4,4,4,4,4,4,4,4,4,4,4,4,4,4,4,4,4,4,4,4,4,4,4,4,4,4,4,4,4,4,4,4,4,4,4,4,4,4,4,4,4,4,4,4,4,4,4,4,4,4,4,4,4,4,4,4,4,4,4,4,4,4,4,4,4,4,4,4,4,4,4,4,4,4,4,4,4,4,4,4,4,4,4,4,4,4,4,4,4,4,4,4,4,4,4,4,4,4,4,4,4,4,4,4,4,4,4,4,4,4,4,4,4,4,4,4,4,4,4,4,4,4,4,4,4,4,4,4,4,4,4,4,4,4,4,4,4,4,4,4,4,4,4,4,4,4,4,4,4,4,4,4,4,4,4,4,4,4,4,4,4,4,4,4,4,4,4,4,4,4,4,4,4,4,4,CACW01000009.1/230132-229969,1
1235,0,2,3,2,2,1,3,1,0,3,3,1,4,0,1,1,4,2,0,4,1,3,3,0,3,2,3,1,4,0,2,1,4,4,4,4,1,1,1,3,3,4,1,2,2,4,4,4,4,4,4,2,0,1,2,3,4,4,4,4,4,4,4,4,4,4,4,4,4,4,4,4,4,4,4,4,4,4,4,4,4,2,1,3,0,1,0,3,0,0,0,0,3,4,3,4,1,2,0,4,0,3,2,0,1,2,1,0,4,4,4,4,1,0,0,4,4,4,4,4,4,4,1,0,0,2,2,3,2,1,1,3,2,1,1,2,3,1,1,0,0,1,3,3,4,4,1,3,2,0,3,0,3,1,0,4,4,4,4,4,4,4,4,2,1,2,3,0,4,4,4,4,2,1,3,4,4,4,4,4,4,4,4,4,4,4,4,4,4,4,4,4,4,4,4,4,4,4,4,4,4,4,4,4,4,4,4,4,0,4,4,3,0,3,1,0,4,0,1,1,0,3,4,4,1,4,4,4,2,2,2,1,2,0,0,0,1,2,3,1,2,0,4,4,4,4,4,2,3,3,0,2,2,1,0,1,1,2,1,1,3,3,4,4,4,4,4,4,4,4,4,4,4,4,4,4,4,4,4,4,4,4,4,4,4,4,4,4,4,4,4,4,4,4,4,4,4,4,4,4,4,4,4,4,4,4,4,4,4,4,4,4,4,4,4,4,4,4,4,4,4,4,4,4,4,4,4,4,4,4,4,4,4,4,4,4,4,4,4,4,4,4,4,4,4,4,4,4,4,4,4,4,4,4,4,4,4,4,4,4,4,4,4,4,4,4,4,4,4,4,4,4,4,4,4,4,4,4,4,4,4,4,4,4,4,4,4,4,4,4,4,4,4,4,4,4,4,4,4,4,4,4,4,4,4,4,4,4,4,4,4,4,4,4,4,4,4,4,4,4,4,4,4,4,4,4,4,4,4,4,4,4,4,4,4,4,4,4,4,4,4,4,4,4,4,4,4,4,4,4,4,4,4,4,4,4,4,CU928160.2/2714912-2714765,1
1236,0,2,0,3,2,1,3,1,0,3,3,1,4,1,0,3,4,1,3,4,1,3,3,0,3,2,3,3,4,1,2,1,1,3,4,4,4,4,4,4,4,4,4,4,4,4,4,4,4,4,4,4,4,4,4,4,3,0,4,4,4,4,4,4,4,4,4,4,4,4,4,4,4,4,4,4,4,4,4,2,3,2,1,1,3,1,0,3,0,0,0,1,3,1,1,4,2,2,0,4,0,3,2,0,1,2,1,0,4,4,4,4,2,0,2,1,1,2,4,4,3,3,3,0,1,2,2,3,2,1,3,3,0,3,1,2,3,1,1,4,0,1,3,2,0,4,1,0,2,0,3,2,3,1,4,4,4,4,4,4,4,4,4,2,1,3,3,0,3,4,4,4,2,1,1,4,4,4,4,4,4,4,4,4,4,4,4,4,4,4,4,4,4,4,4,4,4,4,4,4,4,4,4,4,4,4,4,4,3,4,4,1,0,3,1,0,4,2,0,1,0,1,4,4,1,0,4,3,2,2,0,1,0,1,0,0,1,2,3,3,2,0,4,4,4,4,4,2,3,2,0,0,2,1,0,1,1,1,0,1,3,3,4,4,4,4,4,4,4,4,4,4,4,4,4,4,4,4,4,4,4,4,4,4,4,4,4,4,4,4,4,4,4,4,4,4,4,4,4,4,4,4,4,4,4,4,4,4,4,4,4,4,4,4,4,4,4,4,4,4,4,4,4,4,4,4,4,4,4,4,4,4,4,4,4,4,4,4,4,4,4,4,4,4,4,4,4,4,4,4,4,4,4,4,4,4,4,4,4,4,4,4,4,4,4,4,4,4,4,4,4,4,4,4,4,4,4,4,4,4,4,4,4,4,4,4,4,4,4,4,4,4,4,4,4,4,4,4,4,4,4,4,4,4,4,4,4,4,4,4,4,4,4,4,4,4,4,4,4,4,4,4,4,4,4,4,4,4,4,4,4,4,4,4,4,4,4,4,4,4,4,4,4,4,4,4,4,4,4,4,4,4,4,4,4,4,4,ADTN01000165.1/192-44,1
1237,0,2,0,3,2,1,3,1,0,3,3,1,4,1,0,3,4,1,3,4,1,3,3,0,3,2,1,3,4,1,2,1,1,3,4,4,4,4,4,4,4,4,4,4,4,4,4,4,4,4,4,4,4,4,4,4,3,0,4,4,4,4,4,4,4,4,4,4,4,4,4,4,4,4,4,4,4,4,4,2,3,2,1,1,3,1,0,3,0,0,0,1,3,1,0,4,2,2,0,4,0,3,2,0,1,2,1,0,4,4,4,4,2,0,2,1,1,2,4,4,3,3,3,0,1,2,2,3,2,1,3,3,0,3,1,2,3,1,1,4,0,1,3,2,0,4,1,0,2,0,3,2,3,1,4,4,4,4,4,4,4,4,4,2,1,3,3,1,2,4,4,4,2,1,1,4,4,4,4,4,4,4,4,4,4,4,4,4,4,4,4,4,4,4,4,4,4,4,4,4,4,4,4,4,4,4,4,4,3,4,4,1,0,3,1,0,4,0,0,1,0,1,4,4,1,0,4,3,2,2,0,1,0,1,0,0,1,2,3,3,2,0,4,4,4,4,4,2,3,2,0,0,2,1,0,1,1,0,0,0,3,0,4,4,4,4,4,4,4,4,4,4,4,4,4,4,4,4,4,4,4,4,4,4,4,4,4,4,4,4,4,4,4,4,4,4,4,4,4,4,4,4,4,4,4,4,4,4,4,4,4,4,4,4,4,4,4,4,4,4,4,4,4,4,4,4,4,4,4,4,4,4,4,4,4,4,4,4,4,4,4,4,4,4,4,4,4,4,4,4,4,4,4,4,4,4,4,4,4,4,4,4,4,4,4,4,4,4,4,4,4,4,4,4,4,4,4,4,4,4,4,4,4,4,4,4,4,4,4,4,4,4,4,4,4,4,4,4,4,4,4,4,4,4,4,4,4,4,4,4,4,4,4,4,4,4,4,4,4,4,4,4,4,4,4,4,4,4,4,4,4,4,4,4,4,4,4,4,4,4,4,4,4,4,4,4,4,4,4,4,4,4,4,4,4,4,4,AEXB01000002.1/16096-15948,1
1238,0,2,3,2,2,1,3,1,0,3,3,1,4,0,1,1,4,2,0,4,1,3,3,0,3,2,3,1,4,0,2,1,4,4,4,4,1,1,1,3,3,4,1,2,2,4,4,4,4,4,4,2,0,1,2,3,4,4,4,4,4,4,4,4,4,4,4,4,4,4,4,4,4,4,4,4,4,4,4,4,4,2,1,3,0,1,0,3,0,0,0,0,3,4,3,4,1,2,0,4,0,3,2,0,1,2,1,0,4,4,4,4,1,0,0,4,4,4,4,4,4,4,1,0,0,2,2,3,2,1,1,3,2,1,1,2,3,1,1,0,0,1,3,3,4,4,1,3,2,0,3,0,3,1,0,4,4,4,4,4,4,4,4,2,1,2,3,0,4,4,4,4,2,1,3,4,4,4,4,4,4,4,4,4,4,4,4,4,4,4,4,4,4,4,4,4,4,4,4,4,4,4,4,4,4,4,4,4,0,4,4,3,0,3,1,0,4,0,1,1,0,3,4,4,1,4,4,4,2,2,2,1,2,0,0,0,1,2,3,1,2,0,4,4,4,4,4,2,3,3,0,2,2,1,0,1,1,2,1,1,3,3,4,4,4,4,4,4,4,4,4,4,4,4,4,4,4,4,4,4,4,4,4,4,4,4,4,4,4,4,4,4,4,4,4,4,4,4,4,4,4,4,4,4,4,4,4,4,4,4,4,4,4,4,4,4,4,4,4,4,4,4,4,4,4,4,4,4,4,4,4,4,4,4,4,4,4,4,4,4,4,4,4,4,4,4,4,4,4,4,4,4,4,4,4,4,4,4,4,4,4,4,4,4,4,4,4,4,4,4,4,4,4,4,4,4,4,4,4,4,4,4,4,4,4,4,4,4,4,4,4,4,4,4,4,4,4,4,4,4,4,4,4,4,4,4,4,4,4,4,4,4,4,4,4,4,4,4,4,4,4,4,4,4,4,4,4,4,4,4,4,4,4,4,4,4,4,4,4,4,4,4,4,4,4,4,4,4,4,4,4,4,4,4,4,4,4,AEDF01000022.1/34565-34712,1
1239,0,2,3,2,2,1,3,1,0,3,3,1,4,0,1,1,4,2,0,4,1,3,3,0,3,2,3,1,4,0,2,1,4,4,4,4,1,1,1,3,3,4,1,2,2,4,4,4,4,4,4,2,0,1,2,3,4,4,4,4,4,4,4,4,4,4,4,4,4,4,4,4,4,4,4,4,4,4,4,4,4,2,1,3,0,1,0,3,0,0,0,0,3,4,3,4,1,2,0,4,0,3,2,0,1,2,1,0,4,4,4,4,1,0,0,4,4,4,4,4,4,4,1,0,0,2,2,3,2,1,1,3,2,1,1,2,3,1,1,0,0,1,3,3,4,4,1,3,2,0,3,0,3,1,0,4,4,4,4,4,4,4,4,2,1,2,3,0,4,4,4,4,2,1,3,4,4,4,4,4,4,4,4,4,4,4,4,4,4,4,4,4,4,4,4,4,4,4,4,4,4,4,4,4,4,4,4,4,0,4,4,3,0,3,1,0,4,0,1,1,0,3,4,4,1,4,4,4,2,2,2,1,2,0,0,0,1,2,3,1,2,0,4,4,4,4,4,2,3,3,0,2,2,1,0,1,1,2,1,1,3,3,4,4,4,4,4,4,4,4,4,4,4,4,4,4,4,4,4,4,4,4,4,4,4,4,4,4,4,4,4,4,4,4,4,4,4,4,4,4,4,4,4,4,4,4,4,4,4,4,4,4,4,4,4,4,4,4,4,4,4,4,4,4,4,4,4,4,4,4,4,4,4,4,4,4,4,4,4,4,4,4,4,4,4,4,4,4,4,4,4,4,4,4,4,4,4,4,4,4,4,4,4,4,4,4,4,4,4,4,4,4,4,4,4,4,4,4,4,4,4,4,4,4,4,4,4,4,4,4,4,4,4,4,4,4,4,4,4,4,4,4,4,4,4,4,4,4,4,4,4,4,4,4,4,4,4,4,4,4,4,4,4,4,4,4,4,4,4,4,4,4,4,4,4,4,4,4,4,4,4,4,4,4,4,4,4,4,4,4,4,4,4,4,4,4,4,AFVF01000010.1/162274-162127,1
1240,0,2,0,3,0,1,3,1,0,3,3,1,4,1,0,3,4,1,3,4,1,3,3,0,3,2,3,3,4,1,2,1,1,3,4,4,4,4,4,4,4,4,4,4,4,4,4,4,4,4,4,4,4,4,4,4,3,0,4,4,4,4,4,4,4,4,4,4,4,4,4,4,4,4,4,4,4,4,4,2,3,2,1,1,3,1,0,3,0,0,0,1,3,1,1,4,2,2,0,4,0,3,2,0,1,2,1,0,4,4,4,4,2,0,2,1,1,2,4,4,3,3,3,0,1,2,2,3,2,1,3,3,0,3,1,2,3,1,1,4,0,1,3,2,0,4,1,0,2,0,3,2,3,1,4,4,4,4,4,4,4,4,4,2,1,3,3,0,3,4,4,4,2,1,1,4,4,4,4,4,4,4,4,4,4,4,4,4,4,4,4,4,4,4,4,4,4,4,4,4,4,4,4,4,4,4,4,4,3,4,4,1,0,3,1,0,4,2,0,1,0,1,4,4,1,0,4,3,2,2,0,1,0,1,0,0,1,2,3,3,2,0,4,4,4,4,4,2,3,2,0,0,2,1,0,1,1,1,0,1,3,3,4,4,4,4,4,4,4,4,4,4,4,4,4,4,4,4,4,4,4,4,4,4,4,4,4,4,4,4,4,4,4,4,4,4,4,4,4,4,4,4,4,4,4,4,4,4,4,4,4,4,4,4,4,4,4,4,4,4,4,4,4,4,4,4,4,4,4,4,4,4,4,4,4,4,4,4,4,4,4,4,4,4,4,4,4,4,4,4,4,4,4,4,4,4,4,4,4,4,4,4,4,4,4,4,4,4,4,4,4,4,4,4,4,4,4,4,4,4,4,4,4,4,4,4,4,4,4,4,4,4,4,4,4,4,4,4,4,4,4,4,4,4,4,4,4,4,4,4,4,4,4,4,4,4,4,4,4,4,4,4,4,4,4,4,4,4,4,4,4,4,4,4,4,4,4,4,4,4,4,4,4,4,4,4,4,4,4,4,4,4,4,4,4,4,4,AGTG01000002.1/39754-39902,1
1241,0,2,3,3,2,1,3,1,0,3,3,1,4,0,0,1,4,3,2,4,1,3,3,0,3,2,3,0,4,2,2,3,1,1,0,4,0,2,1,4,4,4,3,3,2,4,4,4,4,4,4,4,4,4,4,4,3,0,2,0,2,0,3,3,1,0,0,2,1,0,0,3,3,2,2,2,0,0,1,0,3,0,1,1,0,1,0,3,0,0,0,0,1,4,1,4,1,2,0,4,0,3,2,0,1,2,1,1,4,4,4,4,0,0,0,2,4,4,4,4,4,4,3,0,0,2,2,3,2,1,1,3,0,1,1,2,3,1,1,0,0,3,0,3,1,0,3,1,2,0,3,0,3,3,1,2,1,3,4,4,4,4,4,3,3,1,2,0,4,4,4,4,2,1,3,4,4,4,4,4,4,4,4,4,4,4,4,4,4,4,4,4,4,4,4,4,4,4,4,4,4,4,4,4,4,4,4,4,3,4,4,3,0,3,1,0,4,0,0,1,0,1,4,4,0,4,4,4,2,2,2,1,2,0,1,0,1,2,3,3,2,0,4,4,4,4,4,2,3,2,0,2,2,1,0,1,1,0,1,1,3,0,4,4,4,4,4,4,4,4,4,4,4,4,4,4,4,4,4,4,4,4,4,4,4,4,4,4,4,4,4,4,4,4,4,4,4,4,4,4,4,4,4,4,4,4,4,4,4,4,4,4,4,4,4,4,4,4,4,4,4,4,4,4,4,4,4,4,4,4,4,4,4,4,4,4,4,4,4,4,4,4,4,4,4,4,4,4,4,4,4,4,4,4,4,4,4,4,4,4,4,4,4,4,4,4,4,4,4,4,4,4,4,4,4,4,4,4,4,4,4,4,4,4,4,4,4,4,4,4,4,4,4,4,4,4,4,4,4,4,4,4,4,4,4,4,4,4,4,4,4,4,4,4,4,4,4,4,4,4,4,4,4,4,4,4,4,4,4,4,4,4,4,4,4,4,4,4,4,4,4,4,4,4,4,4,4,4,4,4,4,4,4,4,4,4,4,ABXW01000045.1/62361-62187,1
1242,0,2,0,3,2,1,3,1,0,3,3,1,4,1,0,3,4,1,3,4,1,3,3,0,3,2,3,3,4,1,2,1,1,3,4,4,4,4,4,4,4,4,4,4,4,4,4,4,4,4,4,4,4,4,4,4,3,0,4,4,4,4,4,4,4,4,4,4,4,4,4,4,4,4,4,4,4,4,4,2,3,2,1,1,3,1,0,3,0,0,0,1,3,1,1,4,2,2,0,4,0,3,2,0,1,2,1,0,4,4,4,4,2,0,2,1,1,2,4,4,3,3,3,0,1,2,2,3,2,1,3,3,0,3,1,2,3,1,1,4,0,1,3,2,0,4,1,0,2,0,3,2,3,1,4,4,4,4,4,4,4,4,4,2,1,3,3,0,3,4,4,4,2,1,1,4,4,4,4,4,4,4,4,4,4,4,4,4,4,4,4,4,4,4,4,4,4,4,4,4,4,4,4,4,4,4,4,4,3,4,4,1,0,3,1,0,4,2,0,1,0,1,4,4,1,0,4,3,2,2,0,1,0,1,0,0,1,2,3,3,2,0,4,4,4,4,4,2,3,2,0,0,2,1,0,1,1,1,0,1,3,3,4,4,4,4,4,4,4,4,4,4,4,4,4,4,4,4,4,4,4,4,4,4,4,4,4,4,4,4,4,4,4,4,4,4,4,4,4,4,4,4,4,4,4,4,4,4,4,4,4,4,4,4,4,4,4,4,4,4,4,4,4,4,4,4,4,4,4,4,4,4,4,4,4,4,4,4,4,4,4,4,4,4,4,4,4,4,4,4,4,4,4,4,4,4,4,4,4,4,4,4,4,4,4,4,4,4,4,4,4,4,4,4,4,4,4,4,4,4,4,4,4,4,4,4,4,4,4,4,4,4,4,4,4,4,4,4,4,4,4,4,4,4,4,4,4,4,4,4,4,4,4,4,4,4,4,4,4,4,4,4,4,4,4,4,4,4,4,4,4,4,4,4,4,4,4,4,4,4,4,4,4,4,4,4,4,4,4,4,4,4,4,4,4,4,4,ABHK02000001.1/2158645-2158793,1
1243,0,2,3,2,2,1,3,1,0,3,3,1,4,0,1,1,4,3,3,4,1,3,3,0,3,2,3,1,4,0,2,1,1,1,1,4,0,3,0,2,1,4,2,4,4,4,4,4,4,4,4,4,4,0,2,1,4,4,4,4,4,4,4,4,4,4,4,4,4,4,4,4,4,4,4,4,4,4,4,4,4,2,1,3,0,1,0,3,0,0,0,1,3,4,3,4,1,2,0,4,0,3,2,0,1,2,1,0,4,4,4,4,1,3,0,4,4,4,4,4,4,4,0,0,0,2,2,3,2,1,1,3,2,1,1,2,3,1,1,0,0,1,3,2,4,4,1,4,4,3,2,0,3,1,0,3,0,2,4,4,4,4,4,1,2,1,3,2,1,4,4,4,3,0,3,4,4,4,4,4,4,4,4,4,4,4,4,4,4,4,4,4,4,4,4,4,4,4,4,4,4,4,4,4,4,4,4,4,3,4,4,3,1,0,4,4,2,0,0,1,1,1,4,4,1,4,4,4,2,2,2,1,2,0,1,0,1,2,3,3,2,0,4,4,4,4,4,2,3,0,0,2,2,1,0,1,1,2,1,1,3,2,4,4,4,4,4,4,4,4,4,4,4,4,4,4,4,4,4,4,4,4,4,4,4,4,4,4,4,4,4,4,4,4,4,4,4,4,4,4,4,4,4,4,4,4,4,4,4,4,4,4,4,4,4,4,4,4,4,4,4,4,4,4,4,4,4,4,4,4,4,4,4,4,4,4,4,4,4,4,4,4,4,4,4,4,4,4,4,4,4,4,4,4,4,4,4,4,4,4,4,4,4,4,4,4,4,4,4,4,4,4,4,4,4,4,4,4,4,4,4,4,4,4,4,4,4,4,4,4,4,4,4,4,4,4,4,4,4,4,4,4,4,4,4,4,4,4,4,4,4,4,4,4,4,4,4,4,4,4,4,4,4,4,4,4,4,4,4,4,4,4,4,4,4,4,4,4,4,4,4,4,4,4,4,4,4,4,4,4,4,4,4,4,4,4,4,FN543093.2/3287170-3287023,1
1244,0,2,3,3,2,1,3,1,0,3,3,1,4,0,1,1,4,3,3,4,3,3,3,0,3,2,3,1,4,2,2,1,1,1,0,4,1,0,0,3,3,4,0,2,2,4,3,2,2,0,4,0,0,3,0,3,4,4,4,4,4,4,4,4,4,4,4,4,4,4,4,4,4,4,4,4,4,4,4,4,4,2,1,1,0,1,0,3,0,0,2,1,1,4,3,4,0,2,0,4,0,3,2,0,3,2,1,1,4,4,4,4,2,0,0,2,4,4,4,4,4,4,3,0,0,2,2,3,2,1,1,3,0,1,1,2,3,1,1,0,0,1,3,3,0,4,0,3,2,0,3,0,1,3,1,2,1,3,4,4,4,4,4,3,3,1,2,2,4,4,4,4,2,1,1,4,4,4,4,4,4,4,4,4,4,4,4,4,4,4,4,4,4,4,4,4,4,4,4,4,4,4,4,4,4,4,4,4,3,4,4,3,0,3,1,0,4,0,0,1,3,0,4,4,1,4,4,4,2,2,2,1,2,0,1,0,1,2,3,2,2,0,4,4,4,4,4,2,3,2,0,2,2,1,0,1,1,0,1,1,3,0,4,4,4,4,4,4,4,4,4,4,4,4,4,4,4,4,4,4,4,4,4,4,4,4,4,4,4,4,4,4,4,4,4,4,4,4,4,4,4,4,4,4,4,4,4,4,4,4,4,4,4,4,4,4,4,4,4,4,4,4,4,4,4,4,4,4,4,4,4,4,4,4,4,4,4,4,4,4,4,4,4,4,4,4,4,4,4,4,4,4,4,4,4,4,4,4,4,4,4,4,4,4,4,4,4,4,4,4,4,4,4,4,4,4,4,4,4,4,4,4,4,4,4,4,4,4,4,4,4,4,4,4,4,4,4,4,4,4,4,4,4,4,4,4,4,4,4,4,4,4,4,4,4,4,4,4,4,4,4,4,4,4,4,4,4,4,4,4,4,4,4,4,4,4,4,4,4,4,4,4,4,4,4,4,4,4,4,4,4,4,4,4,4,4,4,FN667741.1/3003375-3003216,1
1245,0,2,3,2,2,1,3,1,0,3,3,1,4,0,1,1,4,2,0,4,1,3,3,0,3,2,3,1,4,0,2,1,4,4,4,4,1,1,1,3,3,4,1,2,2,4,4,4,4,4,4,2,0,1,2,3,4,4,4,4,4,4,4,4,4,4,4,4,4,4,4,4,4,4,4,4,4,4,4,4,4,2,1,3,0,1,0,3,0,0,0,0,3,4,0,4,1,2,0,4,0,3,2,0,1,2,1,0,4,4,4,4,1,0,0,4,4,4,4,4,4,4,1,0,0,2,2,3,2,1,1,3,2,1,1,2,3,1,1,0,0,1,3,3,4,4,1,3,2,0,3,0,3,1,0,4,4,4,4,4,4,4,4,2,1,2,3,0,4,4,4,4,2,1,3,4,4,4,4,4,4,4,4,4,4,4,4,4,4,4,4,4,4,4,4,4,4,4,4,4,4,4,4,4,4,4,4,4,0,4,4,3,0,3,1,0,4,0,1,1,0,3,4,4,1,4,4,4,2,2,2,1,2,0,0,0,1,2,3,1,2,0,4,4,4,4,4,2,3,3,0,2,2,1,0,1,1,2,1,1,3,3,4,4,4,4,4,4,4,4,4,4,4,4,4,4,4,4,4,4,4,4,4,4,4,4,4,4,4,4,4,4,4,4,4,4,4,4,4,4,4,4,4,4,4,4,4,4,4,4,4,4,4,4,4,4,4,4,4,4,4,4,4,4,4,4,4,4,4,4,4,4,4,4,4,4,4,4,4,4,4,4,4,4,4,4,4,4,4,4,4,4,4,4,4,4,4,4,4,4,4,4,4,4,4,4,4,4,4,4,4,4,4,4,4,4,4,4,4,4,4,4,4,4,4,4,4,4,4,4,4,4,4,4,4,4,4,4,4,4,4,4,4,4,4,4,4,4,4,4,4,4,4,4,4,4,4,4,4,4,4,4,4,4,4,4,4,4,4,4,4,4,4,4,4,4,4,4,4,4,4,4,4,4,4,4,4,4,4,4,4,4,4,4,4,4,4,M19501.1/5497-5644,1
1246,0,2,3,2,2,1,3,1,0,3,3,1,4,0,1,1,4,2,0,4,1,3,3,0,3,2,3,1,4,0,2,1,4,4,4,4,1,1,1,3,3,4,1,2,2,4,4,4,4,4,4,2,0,1,2,3,4,4,4,4,4,4,4,4,4,4,4,4,4,4,4,4,4,4,4,4,4,4,4,4,4,2,1,3,0,1,0,3,0,0,0,0,3,4,3,4,1,2,0,4,0,3,2,0,1,2,1,0,4,4,4,4,1,0,0,4,4,4,4,4,4,4,1,0,0,2,2,3,2,1,1,3,2,1,1,2,3,1,1,0,0,1,3,3,4,4,1,3,2,0,3,0,3,1,0,4,4,4,4,4,4,4,4,2,1,2,3,0,4,4,4,4,2,1,3,4,4,4,4,4,4,4,4,4,4,4,4,4,4,4,4,4,4,4,4,4,4,4,4,4,4,4,4,4,4,4,4,4,0,4,4,3,0,3,1,0,4,0,1,1,0,3,4,4,1,4,4,4,2,2,2,1,2,0,0,0,1,2,3,1,2,0,4,4,4,4,4,2,3,3,0,2,2,1,0,1,1,2,1,1,3,3,4,4,4,4,4,4,4,4,4,4,4,4,4,4,4,4,4,4,4,4,4,4,4,4,4,4,4,4,4,4,4,4,4,4,4,4,4,4,4,4,4,4,4,4,4,4,4,4,4,4,4,4,4,4,4,4,4,4,4,4,4,4,4,4,4,4,4,4,4,4,4,4,4,4,4,4,4,4,4,4,4,4,4,4,4,4,4,4,4,4,4,4,4,4,4,4,4,4,4,4,4,4,4,4,4,4,4,4,4,4,4,4,4,4,4,4,4,4,4,4,4,4,4,4,4,4,4,4,4,4,4,4,4,4,4,4,4,4,4,4,4,4,4,4,4,4,4,4,4,4,4,4,4,4,4,4,4,4,4,4,4,4,4,4,4,4,4,4,4,4,4,4,4,4,4,4,4,4,4,4,4,4,4,4,4,4,4,4,4,4,4,4,4,4,4,ACDL01000002.1/8878-9025,1
1247,0,2,0,3,2,1,3,1,0,3,3,1,4,1,0,3,4,1,3,4,1,3,3,0,3,2,3,3,4,1,2,1,1,3,3,4,4,4,4,4,4,4,4,4,4,4,4,4,4,4,4,4,4,4,4,4,1,4,4,4,4,4,4,4,4,4,4,4,4,4,4,4,4,4,4,4,4,4,4,2,3,2,1,1,3,1,0,3,0,0,0,1,3,1,1,4,2,2,0,4,0,3,2,0,3,2,1,0,4,4,4,4,2,0,2,1,1,2,3,3,1,3,3,0,1,2,2,3,2,1,3,3,0,3,1,2,3,1,1,4,0,1,3,2,0,4,1,0,2,0,3,2,3,1,2,1,0,3,4,4,4,4,4,3,3,0,3,4,4,4,4,4,2,1,1,4,4,4,4,4,4,4,4,4,4,4,4,4,4,4,4,4,4,4,4,4,4,4,4,4,4,4,4,4,4,4,4,4,3,4,4,1,0,3,1,0,4,0,0,1,0,1,4,4,1,0,4,3,2,2,0,1,0,3,3,0,1,2,3,3,2,0,4,4,4,4,4,2,3,2,0,0,2,1,0,1,1,1,0,0,3,3,4,4,4,4,4,4,4,4,4,4,4,4,4,4,4,4,4,4,4,4,4,4,4,4,4,4,4,4,4,4,4,4,4,4,4,4,4,4,4,4,4,4,4,4,4,4,4,4,4,4,4,4,4,4,4,4,4,4,4,4,4,4,4,4,4,4,4,4,4,4,4,4,4,4,4,4,4,4,4,4,4,4,4,4,4,4,4,4,4,4,4,4,4,4,4,4,4,4,4,4,4,4,4,4,4,4,4,4,4,4,4,4,4,4,4,4,4,4,4,4,4,4,4,4,4,4,4,4,4,4,4,4,4,4,4,4,4,4,4,4,4,4,4,4,4,4,4,4,4,4,4,4,4,4,4,4,4,4,4,4,4,4,4,4,4,4,4,4,4,4,4,4,4,4,4,4,4,4,4,4,4,4,4,4,4,4,4,4,4,4,4,4,4,4,4,CP002910.1/5161689-5161841,1
1248,0,2,0,3,2,1,3,1,0,3,3,1,4,1,0,3,4,1,3,4,1,3,3,0,3,2,3,3,4,1,2,1,1,3,4,4,4,4,4,4,4,4,4,4,4,4,4,4,4,4,4,4,4,4,4,4,3,0,4,4,4,4,4,4,4,4,4,4,4,4,4,4,4,4,4,4,4,4,4,2,3,2,1,1,3,1,0,3,0,0,0,1,3,1,1,4,2,2,0,4,0,3,2,0,1,2,1,0,4,4,4,4,2,0,2,1,1,2,4,4,3,3,3,0,1,2,2,3,2,1,3,3,0,3,1,2,3,1,1,4,0,1,3,2,0,4,1,0,2,0,3,2,3,1,4,4,4,4,4,4,4,4,4,2,1,3,3,0,3,4,4,4,2,1,1,4,4,4,4,4,4,4,4,4,4,4,4,4,4,4,4,4,4,4,4,4,4,4,4,4,4,4,4,4,4,4,4,4,3,4,4,1,0,3,1,0,4,2,0,1,0,1,4,4,1,0,4,3,2,2,0,1,0,1,0,0,1,2,3,3,2,0,4,4,4,4,4,2,3,2,0,0,2,1,0,1,1,1,0,1,3,3,4,4,4,4,4,4,4,4,4,4,4,4,4,4,4,4,4,4,4,4,4,4,4,4,4,4,4,4,4,4,4,4,4,4,4,4,4,4,4,4,4,4,4,4,4,4,4,4,4,4,4,4,4,4,4,4,4,4,4,4,4,4,4,4,4,4,4,4,4,4,4,4,4,4,4,4,4,4,4,4,4,4,4,4,4,4,4,4,4,4,4,4,4,4,4,4,4,4,4,4,4,4,4,4,4,4,4,4,4,4,4,4,4,4,4,4,4,4,4,4,4,4,4,4,4,4,4,4,4,4,4,4,4,4,4,4,4,4,4,4,4,4,4,4,4,4,4,4,4,4,4,4,4,4,4,4,4,4,4,4,4,4,4,4,4,4,4,4,4,4,4,4,4,4,4,4,4,4,4,4,4,4,4,4,4,4,4,4,4,4,4,4,4,4,4,AP012030.1/3965539-3965687,1
1249,0,2,3,2,2,1,3,1,0,3,3,1,4,0,1,1,4,2,0,4,1,3,3,0,3,2,3,1,4,0,2,1,4,4,4,4,1,1,1,3,3,4,1,2,2,4,4,4,4,4,4,2,0,1,2,3,4,4,4,4,4,4,4,4,4,4,4,4,4,4,4,4,4,4,4,4,4,4,4,4,4,2,1,3,0,1,0,3,0,0,0,0,3,4,3,4,1,2,0,4,0,3,2,0,1,2,1,0,4,4,4,4,1,0,0,4,4,4,4,4,4,4,1,0,0,2,2,3,2,1,1,3,2,1,1,2,3,1,1,0,0,1,3,3,4,4,1,3,2,0,3,0,3,1,0,4,4,4,4,4,4,4,4,2,1,2,3,0,4,4,4,4,2,1,3,4,4,4,4,4,4,4,4,4,4,4,4,4,4,4,4,4,4,4,4,4,4,4,4,4,4,4,4,4,4,4,4,4,0,4,4,3,0,3,1,0,4,0,1,1,0,3,4,4,1,4,4,4,2,2,2,1,2,0,0,0,1,2,3,1,2,0,4,4,4,4,4,2,3,3,0,2,2,1,0,1,1,2,1,1,3,3,4,4,4,4,4,4,4,4,4,4,4,4,4,4,4,4,4,4,4,4,4,4,4,4,4,4,4,4,4,4,4,4,4,4,4,4,4,4,4,4,4,4,4,4,4,4,4,4,4,4,4,4,4,4,4,4,4,4,4,4,4,4,4,4,4,4,4,4,4,4,4,4,4,4,4,4,4,4,4,4,4,4,4,4,4,4,4,4,4,4,4,4,4,4,4,4,4,4,4,4,4,4,4,4,4,4,4,4,4,4,4,4,4,4,4,4,4,4,4,4,4,4,4,4,4,4,4,4,4,4,4,4,4,4,4,4,4,4,4,4,4,4,4,4,4,4,4,4,4,4,4,4,4,4,4,4,4,4,4,4,4,4,4,4,4,4,4,4,4,4,4,4,4,4,4,4,4,4,4,4,4,4,4,4,4,4,4,4,4,4,4,4,4,4,4,AFOW01000033.1/310777-310630,1
1250,0,2,3,2,2,1,3,1,0,3,3,1,4,0,1,1,4,1,2,4,2,3,3,0,3,2,0,1,4,0,2,1,1,4,4,4,1,3,2,1,2,4,1,0,0,2,1,2,2,0,4,1,0,0,2,1,4,4,4,4,4,4,4,4,4,4,4,4,4,4,4,4,4,4,4,4,4,4,4,4,4,2,1,4,1,1,0,3,0,0,1,0,3,4,3,4,1,2,0,4,0,3,2,0,1,2,1,0,4,4,4,4,1,0,0,4,4,4,4,4,4,4,3,0,1,2,2,3,2,1,1,3,2,3,1,2,3,1,1,0,1,1,1,1,0,4,1,1,2,0,3,0,0,3,1,2,3,3,1,4,4,0,1,4,4,4,3,3,3,2,3,2,0,1,2,4,4,4,4,4,4,4,4,4,4,4,4,4,4,4,4,4,4,4,4,4,4,4,4,4,4,4,4,4,4,4,4,4,3,4,4,3,0,3,1,0,4,2,0,1,0,3,4,4,1,4,4,4,2,2,0,1,2,1,0,0,1,2,3,3,2,0,4,4,4,4,4,2,3,3,0,2,2,1,0,1,1,0,1,1,3,2,4,4,4,4,4,4,4,4,4,4,4,4,4,4,4,4,4,4,4,4,4,4,4,4,4,4,4,4,4,4,4,4,4,4,4,4,4,4,4,4,4,4,4,4,4,4,4,4,4,4,4,4,4,4,4,4,4,4,4,4,4,4,4,4,4,4,4,4,4,4,4,4,4,4,4,4,4,4,4,4,4,4,4,4,4,4,4,4,4,4,4,4,4,4,4,4,4,4,4,4,4,4,4,4,4,4,4,4,4,4,4,4,4,4,4,4,4,4,4,4,4,4,4,4,4,4,4,4,4,4,4,4,4,4,4,4,4,4,4,4,4,4,4,4,4,4,4,4,4,4,4,4,4,4,4,4,4,4,4,4,4,4,4,4,4,4,4,4,4,4,4,4,4,4,4,4,4,4,4,4,4,4,4,4,4,4,4,4,4,4,4,4,4,4,4,FN434113.1/2697265-2697105,1
1251,0,2,0,3,2,1,3,1,0,3,3,1,4,1,0,3,4,1,3,4,1,3,3,0,3,2,3,3,4,1,2,1,1,3,3,4,1,4,4,4,4,4,4,4,4,4,4,4,4,4,4,4,4,4,4,4,3,4,4,4,4,4,4,4,4,4,4,4,4,4,4,4,4,4,4,4,4,4,4,4,2,2,1,1,3,1,0,3,0,0,0,1,3,1,0,4,2,2,0,4,0,3,2,0,3,2,1,0,4,4,4,4,2,0,2,1,1,2,4,4,3,3,3,0,1,2,2,3,2,1,3,3,0,3,1,2,3,1,1,4,0,1,3,2,0,4,1,0,2,0,3,2,3,1,4,4,4,4,4,4,4,4,4,2,1,3,3,0,1,4,4,4,2,1,1,4,4,4,4,4,4,4,4,4,4,4,4,4,4,4,4,4,4,4,4,4,4,4,4,4,4,4,4,4,4,4,4,4,3,4,4,1,0,3,1,0,4,0,0,1,0,1,4,4,1,1,4,3,2,2,0,1,0,1,0,0,1,2,3,3,2,0,4,4,4,4,4,2,3,2,0,0,2,1,0,1,1,1,1,3,3,3,4,4,4,4,4,4,4,4,4,4,4,4,4,4,4,4,4,4,4,4,4,4,4,4,4,4,4,4,4,4,4,4,4,4,4,4,4,4,4,4,4,4,4,4,4,4,4,4,4,4,4,4,4,4,4,4,4,4,4,4,4,4,4,4,4,4,4,4,4,4,4,4,4,4,4,4,4,4,4,4,4,4,4,4,4,4,4,4,4,4,4,4,4,4,4,4,4,4,4,4,4,4,4,4,4,4,4,4,4,4,4,4,4,4,4,4,4,4,4,4,4,4,4,4,4,4,4,4,4,4,4,4,4,4,4,4,4,4,4,4,4,4,4,4,4,4,4,4,4,4,4,4,4,4,4,4,4,4,4,4,4,4,4,4,4,4,4,4,4,4,4,4,4,4,4,4,4,4,4,4,4,4,4,4,4,4,4,4,4,4,4,4,4,4,4,ABEJ01000018.1/39290-39438,1
1252,0,2,0,3,2,1,3,1,0,3,1,1,4,1,0,1,4,3,3,4,0,3,3,0,3,2,0,1,4,0,2,1,3,3,2,2,1,1,0,3,3,4,0,0,2,2,1,3,0,4,4,0,3,3,3,0,4,4,4,4,4,4,4,4,4,4,4,4,4,4,4,4,4,4,4,4,4,4,4,4,4,2,1,3,3,1,0,3,0,0,0,1,1,1,0,4,2,2,2,4,0,3,2,0,1,2,1,0,4,4,4,4,2,0,2,1,1,2,0,3,3,3,3,0,2,0,2,3,2,1,1,3,0,3,3,2,3,1,1,0,3,2,3,0,0,4,1,1,2,0,3,2,3,3,4,4,4,4,4,4,4,4,4,2,0,2,3,0,4,4,4,4,0,3,2,4,4,4,4,4,4,4,4,4,4,4,4,4,4,4,4,4,4,4,4,4,4,4,4,4,4,4,4,4,4,4,4,4,3,4,4,1,0,3,1,0,4,1,0,3,0,1,4,4,1,4,4,4,2,2,2,1,0,3,0,0,1,2,3,3,2,0,4,4,4,4,4,2,3,2,0,2,2,1,0,1,3,2,0,3,0,3,4,4,4,4,4,4,4,4,4,4,4,4,4,4,4,4,4,4,4,4,4,4,4,4,4,4,4,4,4,4,4,4,4,4,4,4,4,4,4,4,4,4,4,4,4,4,4,4,4,4,4,4,4,4,4,4,4,4,4,4,4,4,4,4,4,4,4,4,4,4,4,4,4,4,4,4,4,4,4,4,4,4,4,4,4,4,4,4,4,4,4,4,4,4,4,4,4,4,4,4,4,4,4,4,4,4,4,4,4,4,4,4,4,4,4,4,4,4,4,4,4,4,4,4,4,4,4,4,4,4,4,4,4,4,4,4,4,4,4,4,4,4,4,4,4,4,4,4,4,4,4,4,4,4,4,4,4,4,4,4,4,4,4,4,4,4,4,4,4,4,4,4,4,4,4,4,4,4,4,4,4,4,4,4,4,4,4,4,4,4,4,4,4,4,4,CP001593.1/4371674-4371511,1
1253,0,2,3,2,2,1,3,1,0,3,3,1,4,0,1,1,4,3,3,4,1,3,3,0,3,2,3,1,4,0,2,1,4,4,4,4,1,1,1,3,3,4,0,2,2,4,4,4,4,4,4,2,0,1,2,1,4,4,4,4,4,4,4,4,4,4,4,4,4,4,4,4,4,4,4,4,4,4,4,4,4,2,1,3,0,1,0,3,0,0,0,1,3,4,3,4,1,2,0,4,0,3,2,0,1,2,1,0,4,4,4,4,1,0,0,4,4,4,4,4,4,4,1,0,0,2,2,3,2,1,1,3,2,1,1,2,3,1,1,0,0,1,3,3,4,4,1,3,2,0,3,0,0,3,0,4,4,4,4,4,4,4,4,2,1,2,3,0,4,4,4,4,2,1,3,4,4,4,4,4,4,4,4,4,4,4,4,4,4,4,4,4,4,4,4,4,4,4,4,4,4,4,4,4,4,4,4,4,3,4,4,3,0,3,1,0,4,0,1,1,3,1,4,4,1,4,4,4,2,2,2,1,2,0,0,0,1,2,3,1,2,0,4,4,4,4,4,2,3,3,0,2,2,1,0,1,1,2,1,1,3,3,4,4,4,4,4,4,4,4,4,4,4,4,4,4,4,4,4,4,4,4,4,4,4,4,4,4,4,4,4,4,4,4,4,4,4,4,4,4,4,4,4,4,4,4,4,4,4,4,4,4,4,4,4,4,4,4,4,4,4,4,4,4,4,4,4,4,4,4,4,4,4,4,4,4,4,4,4,4,4,4,4,4,4,4,4,4,4,4,4,4,4,4,4,4,4,4,4,4,4,4,4,4,4,4,4,4,4,4,4,4,4,4,4,4,4,4,4,4,4,4,4,4,4,4,4,4,4,4,4,4,4,4,4,4,4,4,4,4,4,4,4,4,4,4,4,4,4,4,4,4,4,4,4,4,4,4,4,4,4,4,4,4,4,4,4,4,4,4,4,4,4,4,4,4,4,4,4,4,4,4,4,4,4,4,4,4,4,4,4,4,4,4,4,4,4,AETC01000037.1/32905-32758,1
1254,0,2,3,2,2,1,3,1,0,3,3,1,4,0,1,1,4,2,0,4,1,3,3,0,3,2,3,1,4,0,2,1,4,4,4,4,1,1,1,3,3,4,1,2,2,4,4,4,4,4,4,2,0,1,2,3,4,4,4,4,4,4,4,4,4,4,4,4,4,4,4,4,4,4,4,4,4,4,4,4,4,2,1,3,0,1,0,3,0,0,0,0,3,4,3,4,1,2,0,4,0,3,2,0,1,2,1,0,4,4,4,4,1,0,0,4,4,4,4,4,4,4,1,0,0,2,2,3,2,1,1,3,2,1,1,2,3,1,1,0,0,1,3,3,4,4,1,3,2,0,3,0,3,1,0,4,4,4,4,4,4,4,4,2,1,2,3,0,4,4,4,4,2,1,3,4,4,4,4,4,4,4,4,4,4,4,4,4,4,4,4,4,4,4,4,4,4,4,4,4,4,4,4,4,4,4,4,4,0,4,4,3,0,3,1,0,4,0,1,1,0,3,4,4,1,4,4,4,2,2,2,1,2,0,0,0,1,2,3,1,2,0,4,4,4,4,4,2,3,3,0,2,2,1,0,1,1,2,1,1,3,3,4,4,4,4,4,4,4,4,4,4,4,4,4,4,4,4,4,4,4,4,4,4,4,4,4,4,4,4,4,4,4,4,4,4,4,4,4,4,4,4,4,4,4,4,4,4,4,4,4,4,4,4,4,4,4,4,4,4,4,4,4,4,4,4,4,4,4,4,4,4,4,4,4,4,4,4,4,4,4,4,4,4,4,4,4,4,4,4,4,4,4,4,4,4,4,4,4,4,4,4,4,4,4,4,4,4,4,4,4,4,4,4,4,4,4,4,4,4,4,4,4,4,4,4,4,4,4,4,4,4,4,4,4,4,4,4,4,4,4,4,4,4,4,4,4,4,4,4,4,4,4,4,4,4,4,4,4,4,4,4,4,4,4,4,4,4,4,4,4,4,4,4,4,4,4,4,4,4,4,4,4,4,4,4,4,4,4,4,4,4,4,4,4,4,4,AETY01000055.1/162011-161864,1
1255,0,2,3,3,2,1,3,1,0,3,3,1,4,0,2,1,4,3,3,4,1,3,3,0,3,2,3,3,4,2,2,1,4,4,4,4,1,1,0,1,0,4,3,1,2,2,3,2,2,0,4,0,0,1,0,3,4,4,4,4,4,4,4,4,4,4,4,4,4,4,4,4,4,4,4,4,4,4,4,4,4,2,1,1,0,1,0,3,0,0,0,1,3,0,3,4,1,2,0,4,0,3,2,0,3,2,1,1,4,4,4,4,0,2,0,2,4,4,4,4,4,4,3,0,0,2,2,3,2,1,1,3,0,1,1,2,3,1,1,0,0,1,3,1,0,4,2,3,2,0,3,0,3,1,2,4,4,4,4,4,4,4,4,4,1,3,3,3,1,2,4,2,2,1,1,4,4,4,4,4,4,4,4,4,4,4,4,4,4,4,4,4,4,4,4,4,4,4,4,4,4,4,4,4,4,4,4,4,3,4,4,3,0,3,1,0,4,0,0,1,0,3,4,4,1,4,4,4,2,2,2,1,2,0,1,0,1,2,3,2,2,0,4,4,4,4,4,2,3,2,0,2,2,1,0,1,1,0,1,1,3,0,4,4,4,4,4,4,4,4,4,4,4,4,4,4,4,4,4,4,4,4,4,4,4,4,4,4,4,4,4,4,4,4,4,4,4,4,4,4,4,4,4,4,4,4,4,4,4,4,4,4,4,4,4,4,4,4,4,4,4,4,4,4,4,4,4,4,4,4,4,4,4,4,4,4,4,4,4,4,4,4,4,4,4,4,4,4,4,4,4,4,4,4,4,4,4,4,4,4,4,4,4,4,4,4,4,4,4,4,4,4,4,4,4,4,4,4,4,4,4,4,4,4,4,4,4,4,4,4,4,4,4,4,4,4,4,4,4,4,4,4,4,4,4,4,4,4,4,4,4,4,4,4,4,4,4,4,4,4,4,4,4,4,4,4,4,4,4,4,4,4,4,4,4,4,4,4,4,4,4,4,4,4,4,4,4,4,4,4,4,4,4,4,4,4,4,FM162591.1/1505935-1506092,1
1256,0,2,0,3,2,1,3,1,0,3,3,1,4,1,0,1,4,3,1,4,0,3,3,0,3,2,0,3,4,0,2,1,0,4,4,4,4,4,4,4,4,4,4,4,4,4,4,4,4,4,4,4,4,4,4,4,0,4,4,4,4,4,4,4,4,4,4,4,4,4,4,4,4,4,4,4,4,4,4,4,3,2,1,3,3,1,0,3,0,0,0,1,1,3,0,4,2,2,0,4,0,3,2,0,3,2,1,0,4,4,4,4,0,0,2,1,1,2,4,0,3,3,0,3,1,2,2,3,2,1,1,3,0,3,3,2,3,1,1,0,0,3,0,3,4,4,4,0,2,0,3,2,0,0,1,0,0,2,4,4,4,4,4,4,4,4,4,4,4,4,4,4,4,4,4,0,2,1,3,1,0,3,4,4,4,4,4,4,4,4,4,4,4,4,4,4,4,4,4,4,4,1,1,3,1,3,3,1,3,4,4,1,0,3,1,0,4,0,1,1,1,0,4,4,3,4,4,4,2,2,0,1,2,0,0,0,1,2,3,3,2,0,4,4,4,4,4,2,3,2,0,2,2,1,0,1,1,0,3,1,1,2,4,4,4,4,4,4,4,4,4,4,4,4,4,4,4,4,4,4,4,4,4,4,4,4,4,4,4,4,4,4,4,4,4,4,4,4,4,4,4,4,4,4,4,4,4,4,4,4,4,4,4,4,4,4,4,4,4,4,4,4,4,4,4,4,4,4,4,4,4,4,4,4,4,4,4,4,4,4,4,4,4,4,4,4,4,4,4,4,4,4,4,4,4,4,4,4,4,4,4,4,4,4,4,4,4,4,4,4,4,4,4,4,4,4,4,4,4,4,4,4,4,4,4,4,4,4,4,4,4,4,4,4,4,4,4,4,4,4,4,4,4,4,4,4,4,4,4,4,4,4,4,4,4,4,4,4,4,4,4,4,4,4,4,4,4,4,4,4,4,4,4,4,4,4,4,4,4,4,4,4,4,4,4,4,4,4,4,4,4,4,4,4,4,4,4,ABJD02000102.1/40088-40240,1
1257,0,2,3,2,2,1,3,1,0,3,3,1,4,0,1,1,4,2,0,4,1,3,3,0,3,2,3,1,4,0,2,1,4,4,4,4,1,1,1,3,3,4,1,2,2,4,4,4,4,4,4,2,0,1,2,3,4,4,4,4,4,4,4,4,4,4,4,4,4,4,4,4,4,4,4,4,4,4,4,4,4,2,1,3,0,1,0,3,0,0,0,0,3,4,3,4,1,2,0,4,0,3,2,0,1,2,1,0,4,4,4,4,1,0,0,4,4,4,4,4,4,4,1,0,0,2,2,3,2,1,1,3,2,1,1,2,3,1,1,0,0,1,3,3,4,4,1,3,2,0,3,0,3,1,0,4,4,4,4,4,4,4,4,2,1,2,3,0,4,4,4,4,2,1,3,4,4,4,4,4,4,4,4,4,4,4,4,4,4,4,4,4,4,4,4,4,4,4,4,4,4,4,4,4,4,4,4,4,0,4,4,3,0,3,1,0,4,0,1,1,0,3,4,4,1,4,4,4,2,2,2,1,2,0,0,0,1,2,3,1,2,0,4,4,4,4,4,2,3,3,0,2,2,1,0,1,1,2,1,1,3,3,4,4,4,4,4,4,4,4,4,4,4,4,4,4,4,4,4,4,4,4,4,4,4,4,4,4,4,4,4,4,4,4,4,4,4,4,4,4,4,4,4,4,4,4,4,4,4,4,4,4,4,4,4,4,4,4,4,4,4,4,4,4,4,4,4,4,4,4,4,4,4,4,4,4,4,4,4,4,4,4,4,4,4,4,4,4,4,4,4,4,4,4,4,4,4,4,4,4,4,4,4,4,4,4,4,4,4,4,4,4,4,4,4,4,4,4,4,4,4,4,4,4,4,4,4,4,4,4,4,4,4,4,4,4,4,4,4,4,4,4,4,4,4,4,4,4,4,4,4,4,4,4,4,4,4,4,4,4,4,4,4,4,4,4,4,4,4,4,4,4,4,4,4,4,4,4,4,4,4,4,4,4,4,4,4,4,4,4,4,4,4,4,4,4,4,AELE01000033.1/12290-12143,1
1258,0,2,0,3,2,1,3,1,0,3,3,1,4,1,0,3,4,1,3,4,1,3,3,0,3,2,3,3,4,1,2,1,1,3,4,4,4,4,4,4,4,4,4,4,4,4,4,4,4,4,4,4,4,4,4,4,3,0,4,4,4,4,4,4,4,4,4,4,4,4,4,4,4,4,4,4,4,4,4,2,3,2,1,1,3,1,0,3,0,0,0,1,3,1,1,4,2,2,0,4,0,3,2,0,1,2,1,0,4,4,4,4,2,0,2,1,1,2,4,4,3,3,3,0,1,2,2,3,2,1,3,3,0,3,1,2,3,1,1,4,0,1,3,2,0,4,1,0,2,0,3,2,3,1,4,4,4,4,4,4,4,4,4,2,1,3,3,0,3,4,4,4,2,1,1,4,4,4,4,4,4,4,4,4,4,4,4,4,4,4,4,4,4,4,4,4,4,4,4,4,4,4,4,4,4,4,4,4,3,4,4,1,0,3,1,0,4,2,0,1,0,1,4,4,1,0,4,3,2,2,0,1,0,1,0,0,1,2,3,3,2,0,4,4,4,4,4,2,3,2,0,0,2,1,0,1,1,1,0,1,3,3,4,4,4,4,4,4,4,4,4,4,4,4,4,4,4,4,4,4,4,4,4,4,4,4,4,4,4,4,4,4,4,4,4,4,4,4,4,4,4,4,4,4,4,4,4,4,4,4,4,4,4,4,4,4,4,4,4,4,4,4,4,4,4,4,4,4,4,4,4,4,4,4,4,4,4,4,4,4,4,4,4,4,4,4,4,4,4,4,4,4,4,4,4,4,4,4,4,4,4,4,4,4,4,4,4,4,4,4,4,4,4,4,4,4,4,4,4,4,4,4,4,4,4,4,4,4,4,4,4,4,4,4,4,4,4,4,4,4,4,4,4,4,4,4,4,4,4,4,4,4,4,4,4,4,4,4,4,4,4,4,4,4,4,4,4,4,4,4,4,4,4,4,4,4,4,4,4,4,4,4,4,4,4,4,4,4,4,4,4,4,4,4,4,4,4,CP000970.1/4266065-4266213,1
1259,0,2,0,3,2,1,3,1,0,3,3,1,4,1,0,3,4,1,3,4,1,3,3,0,3,2,3,3,4,1,2,1,1,3,4,4,4,4,4,4,4,4,4,4,4,4,4,4,4,4,4,4,4,4,4,4,3,0,4,4,4,4,4,4,4,4,4,4,4,4,4,4,4,4,4,4,4,4,4,2,3,2,1,1,3,1,0,3,0,0,0,1,3,1,1,4,2,2,0,4,0,3,2,0,1,2,1,0,4,4,4,4,2,0,2,1,1,2,4,4,3,3,3,0,1,2,2,3,2,1,3,3,0,3,1,2,3,1,1,4,0,1,0,2,0,4,1,0,2,0,3,2,3,1,4,4,4,4,4,4,4,4,4,2,1,3,3,1,2,4,4,4,2,1,1,4,4,4,4,4,4,4,4,4,4,4,4,4,4,4,4,4,4,4,4,4,4,4,4,4,4,4,4,4,4,4,4,4,3,4,4,1,0,3,1,0,4,0,0,1,0,1,4,4,1,0,4,3,2,2,0,1,0,3,0,0,1,2,3,3,2,0,4,4,4,4,4,2,3,2,0,0,2,1,0,1,1,0,0,3,0,3,4,4,4,4,4,4,4,4,4,4,4,4,4,4,4,4,4,4,4,4,4,4,4,4,4,4,4,4,4,4,4,4,4,4,4,4,4,4,4,4,4,4,4,4,4,4,4,4,4,4,4,4,4,4,4,4,4,4,4,4,4,4,4,4,4,4,4,4,4,4,4,4,4,4,4,4,4,4,4,4,4,4,4,4,4,4,4,4,4,4,4,4,4,4,4,4,4,4,4,4,4,4,4,4,4,4,4,4,4,4,4,4,4,4,4,4,4,4,4,4,4,4,4,4,4,4,4,4,4,4,4,4,4,4,4,4,4,4,4,4,4,4,4,4,4,4,4,4,4,4,4,4,4,4,4,4,4,4,4,4,4,4,4,4,4,4,4,4,4,4,4,4,4,4,4,4,4,4,4,4,4,4,4,4,4,4,4,4,4,4,4,4,4,4,4,CP003026.1/4585064-4584916,1
1260,0,2,3,2,2,1,3,1,0,3,3,1,4,0,1,1,4,3,3,4,1,3,3,0,3,2,3,1,4,0,2,1,4,4,4,4,1,1,1,3,3,4,0,2,2,4,4,4,4,4,4,2,0,1,2,1,4,4,4,4,4,4,4,4,4,4,4,4,4,4,4,4,4,4,4,4,4,4,4,4,4,2,1,3,0,1,0,3,0,0,0,1,3,4,3,4,1,2,0,4,0,3,2,0,1,2,1,0,4,4,4,4,1,0,0,4,4,4,4,4,4,4,1,0,0,2,2,3,2,1,1,3,2,1,1,2,3,1,1,0,0,1,3,3,4,4,1,3,2,0,3,0,0,3,0,4,4,4,4,4,4,4,4,2,1,2,3,0,4,4,4,4,2,1,3,4,4,4,4,4,4,4,4,4,4,4,4,4,4,4,4,4,4,4,4,4,4,4,4,4,4,4,4,4,4,4,4,4,3,4,4,3,0,3,1,0,4,0,1,1,3,1,4,4,1,4,4,4,2,2,2,1,2,0,0,0,1,2,3,1,2,0,4,4,4,4,4,2,3,3,0,2,2,1,0,1,1,2,1,1,3,3,4,4,4,4,4,4,4,4,4,4,4,4,4,4,4,4,4,4,4,4,4,4,4,4,4,4,4,4,4,4,4,4,4,4,4,4,4,4,4,4,4,4,4,4,4,4,4,4,4,4,4,4,4,4,4,4,4,4,4,4,4,4,4,4,4,4,4,4,4,4,4,4,4,4,4,4,4,4,4,4,4,4,4,4,4,4,4,4,4,4,4,4,4,4,4,4,4,4,4,4,4,4,4,4,4,4,4,4,4,4,4,4,4,4,4,4,4,4,4,4,4,4,4,4,4,4,4,4,4,4,4,4,4,4,4,4,4,4,4,4,4,4,4,4,4,4,4,4,4,4,4,4,4,4,4,4,4,4,4,4,4,4,4,4,4,4,4,4,4,4,4,4,4,4,4,4,4,4,4,4,4,4,4,4,4,4,4,4,4,4,4,4,4,4,4,ABEI01000009.1/180394-180247,1
1261,0,2,0,3,2,1,3,1,0,3,3,1,4,1,0,3,4,1,3,4,1,3,3,0,3,2,3,3,4,1,2,1,1,3,4,4,4,4,4,4,4,4,4,4,4,4,4,4,4,4,4,4,4,4,4,4,3,0,4,4,4,4,4,4,4,4,4,4,4,4,4,4,4,4,4,4,4,4,4,2,3,2,1,1,3,1,0,3,0,0,0,1,3,1,1,4,2,2,0,4,0,3,2,0,1,2,1,0,4,4,4,4,2,0,2,1,1,2,4,4,3,3,3,0,1,2,2,3,2,1,3,3,0,3,1,2,3,1,1,4,0,1,3,2,0,4,1,0,2,0,3,2,3,1,4,4,4,4,4,4,4,4,4,2,1,3,3,0,3,4,4,4,2,1,1,4,4,4,4,4,4,4,4,4,4,4,4,4,4,4,4,4,4,4,4,4,4,4,4,4,4,4,4,4,4,4,4,4,3,4,4,1,0,3,1,0,4,2,0,1,0,1,4,4,1,0,4,3,2,2,0,1,0,1,0,0,1,2,3,3,2,0,4,4,4,4,4,2,3,2,0,0,2,1,0,1,1,1,0,1,3,3,4,4,4,4,4,4,4,4,4,4,4,4,4,4,4,4,4,4,4,4,4,4,4,4,4,4,4,4,4,4,4,4,4,4,4,4,4,4,4,4,4,4,4,4,4,4,4,4,4,4,4,4,4,4,4,4,4,4,4,4,4,4,4,4,4,4,4,4,4,4,4,4,4,4,4,4,4,4,4,4,4,4,4,4,4,4,4,4,4,4,4,4,4,4,4,4,4,4,4,4,4,4,4,4,4,4,4,4,4,4,4,4,4,4,4,4,4,4,4,4,4,4,4,4,4,4,4,4,4,4,4,4,4,4,4,4,4,4,4,4,4,4,4,4,4,4,4,4,4,4,4,4,4,4,4,4,4,4,4,4,4,4,4,4,4,4,4,4,4,4,4,4,4,4,4,4,4,4,4,4,4,4,4,4,4,4,4,4,4,4,4,4,4,4,4,AFRL01000015.1/38060-38208,1
1262,0,2,3,2,2,1,3,1,0,3,3,1,4,0,1,1,4,2,0,4,1,3,3,0,3,2,3,1,4,0,2,1,4,4,4,4,1,1,1,3,3,4,1,2,2,4,4,4,4,4,4,2,0,1,2,3,4,4,4,4,4,4,4,4,4,4,4,4,4,4,4,4,4,4,4,4,4,4,4,4,4,2,1,3,0,1,0,3,0,0,0,0,3,4,3,4,1,2,0,4,0,3,2,0,1,2,1,0,4,4,4,4,1,0,0,4,4,4,4,4,4,4,1,0,0,2,2,3,2,1,1,3,2,1,1,2,3,1,1,0,0,1,3,3,4,4,1,3,2,0,3,0,3,1,0,4,4,4,4,4,4,4,4,2,1,2,3,0,4,4,4,4,2,1,3,4,4,4,4,4,4,4,4,4,4,4,4,4,4,4,4,4,4,4,4,4,4,4,4,4,4,4,4,4,4,4,4,4,0,4,4,3,0,3,1,0,4,0,1,1,0,3,4,4,1,4,4,4,2,2,2,1,2,0,0,0,1,2,3,1,2,0,4,4,4,4,4,2,3,3,0,2,2,1,0,1,1,2,1,1,3,3,4,4,4,4,4,4,4,4,4,4,4,4,4,4,4,4,4,4,4,4,4,4,4,4,4,4,4,4,4,4,4,4,4,4,4,4,4,4,4,4,4,4,4,4,4,4,4,4,4,4,4,4,4,4,4,4,4,4,4,4,4,4,4,4,4,4,4,4,4,4,4,4,4,4,4,4,4,4,4,4,4,4,4,4,4,4,4,4,4,4,4,4,4,4,4,4,4,4,4,4,4,4,4,4,4,4,4,4,4,4,4,4,4,4,4,4,4,4,4,4,4,4,4,4,4,4,4,4,4,4,4,4,4,4,4,4,4,4,4,4,4,4,4,4,4,4,4,4,4,4,4,4,4,4,4,4,4,4,4,4,4,4,4,4,4,4,4,4,4,4,4,4,4,4,4,4,4,4,4,4,4,4,4,4,4,4,4,4,4,4,4,4,4,4,4,ADAY01000110.1/37399-37252,1
1263,0,2,3,2,2,1,3,1,0,3,3,1,4,0,1,1,4,2,0,4,1,3,3,0,3,2,3,1,4,0,2,1,4,4,4,4,1,1,1,3,3,4,1,2,2,4,4,4,4,4,4,2,0,1,2,3,4,4,4,4,4,4,4,4,4,4,4,4,4,4,4,4,4,4,4,4,4,4,4,4,4,2,1,3,0,1,0,3,0,0,0,0,3,4,3,4,1,2,0,4,0,3,2,0,1,2,1,0,4,4,4,4,1,0,0,4,4,4,4,4,4,4,1,0,0,2,2,3,2,1,1,3,2,1,1,2,3,1,1,0,0,1,3,3,4,4,1,3,2,0,3,0,3,1,0,4,4,4,4,4,4,4,4,2,1,2,3,0,4,4,4,4,2,1,3,4,4,4,4,4,4,4,4,4,4,4,4,4,4,4,4,4,4,4,4,4,4,4,4,4,4,4,4,4,4,4,4,4,0,4,4,3,0,3,1,0,4,0,1,1,0,3,4,4,1,4,4,4,2,2,2,1,2,0,0,0,1,2,3,1,2,0,4,4,4,4,4,2,3,3,0,2,2,1,0,1,1,2,1,1,3,3,4,4,4,4,4,4,4,4,4,4,4,4,4,4,4,4,4,4,4,4,4,4,4,4,4,4,4,4,4,4,4,4,4,4,4,4,4,4,4,4,4,4,4,4,4,4,4,4,4,4,4,4,4,4,4,4,4,4,4,4,4,4,4,4,4,4,4,4,4,4,4,4,4,4,4,4,4,4,4,4,4,4,4,4,4,4,4,4,4,4,4,4,4,4,4,4,4,4,4,4,4,4,4,4,4,4,4,4,4,4,4,4,4,4,4,4,4,4,4,4,4,4,4,4,4,4,4,4,4,4,4,4,4,4,4,4,4,4,4,4,4,4,4,4,4,4,4,4,4,4,4,4,4,4,4,4,4,4,4,4,4,4,4,4,4,4,4,4,4,4,4,4,4,4,4,4,4,4,4,4,4,4,4,4,4,4,4,4,4,4,4,4,4,4,4,ABHW01000008.1/152703-152556,1
1264,0,2,3,2,2,1,3,1,0,3,3,1,4,0,1,1,4,3,3,4,1,3,3,0,3,2,3,1,4,0,2,1,4,4,4,4,1,1,1,3,3,4,0,2,2,4,4,4,4,4,4,2,0,1,2,1,4,4,4,4,4,4,4,4,4,4,4,4,4,4,4,4,4,4,4,4,4,4,4,4,4,2,1,3,0,1,0,3,0,0,0,1,3,4,3,4,1,2,0,4,0,3,2,0,1,2,1,0,4,4,4,4,1,0,0,4,4,4,4,4,4,4,1,0,0,2,2,3,2,1,1,3,2,1,1,2,3,1,1,0,0,1,3,3,4,4,1,3,2,0,3,0,0,3,0,4,4,4,4,4,4,4,4,2,1,2,3,0,4,4,4,4,2,1,3,4,4,4,4,4,4,4,4,4,4,4,4,4,4,4,4,4,4,4,4,4,4,4,4,4,4,4,4,4,4,4,4,4,3,4,4,3,0,3,1,0,4,0,1,1,3,1,4,4,1,4,4,4,2,2,2,1,2,0,0,0,1,2,3,1,2,0,4,4,4,4,4,2,3,3,0,2,2,1,0,1,1,2,1,1,3,3,4,4,4,4,4,4,4,4,4,4,4,4,4,4,4,4,4,4,4,4,4,4,4,4,4,4,4,4,4,4,4,4,4,4,4,4,4,4,4,4,4,4,4,4,4,4,4,4,4,4,4,4,4,4,4,4,4,4,4,4,4,4,4,4,4,4,4,4,4,4,4,4,4,4,4,4,4,4,4,4,4,4,4,4,4,4,4,4,4,4,4,4,4,4,4,4,4,4,4,4,4,4,4,4,4,4,4,4,4,4,4,4,4,4,4,4,4,4,4,4,4,4,4,4,4,4,4,4,4,4,4,4,4,4,4,4,4,4,4,4,4,4,4,4,4,4,4,4,4,4,4,4,4,4,4,4,4,4,4,4,4,4,4,4,4,4,4,4,4,4,4,4,4,4,4,4,4,4,4,4,4,4,4,4,4,4,4,4,4,4,4,4,4,4,4,AETV01000008.1/40318-40465,1
1265,0,2,3,2,2,1,3,1,0,3,3,1,4,0,1,1,4,3,3,4,1,3,3,0,3,2,3,1,4,0,2,1,4,4,4,4,1,1,1,3,3,4,0,2,2,4,4,4,4,4,4,2,0,1,2,1,4,4,4,4,4,4,4,4,4,4,4,4,4,4,4,4,4,4,4,4,4,4,4,4,4,2,1,3,0,1,0,3,0,0,0,1,3,4,3,4,1,2,0,4,0,3,2,0,1,2,1,0,4,4,4,4,1,0,0,4,4,4,4,4,4,4,1,0,0,2,2,3,2,1,1,3,2,1,1,2,3,1,1,0,0,1,3,3,4,4,1,3,2,0,3,0,0,1,0,4,4,4,4,4,4,4,4,2,1,2,3,0,4,4,4,4,2,1,3,4,4,4,4,4,4,4,4,4,4,4,4,4,4,4,4,4,4,4,4,4,4,4,4,4,4,4,4,4,4,4,4,4,3,4,4,3,0,3,1,0,4,0,1,1,3,1,4,4,1,4,4,4,2,2,2,1,2,0,0,0,1,2,3,1,2,0,4,4,4,4,4,2,3,3,0,2,2,1,0,1,1,2,1,1,3,3,4,4,4,4,4,4,4,4,4,4,4,4,4,4,4,4,4,4,4,4,4,4,4,4,4,4,4,4,4,4,4,4,4,4,4,4,4,4,4,4,4,4,4,4,4,4,4,4,4,4,4,4,4,4,4,4,4,4,4,4,4,4,4,4,4,4,4,4,4,4,4,4,4,4,4,4,4,4,4,4,4,4,4,4,4,4,4,4,4,4,4,4,4,4,4,4,4,4,4,4,4,4,4,4,4,4,4,4,4,4,4,4,4,4,4,4,4,4,4,4,4,4,4,4,4,4,4,4,4,4,4,4,4,4,4,4,4,4,4,4,4,4,4,4,4,4,4,4,4,4,4,4,4,4,4,4,4,4,4,4,4,4,4,4,4,4,4,4,4,4,4,4,4,4,4,4,4,4,4,4,4,4,4,4,4,4,4,4,4,4,4,4,4,4,4,AERV01000022.1/51004-51151,1
1266,0,2,3,2,2,1,3,1,0,3,3,1,4,0,1,1,4,3,3,4,1,3,3,0,3,2,3,1,4,0,2,1,4,4,4,4,1,1,1,3,3,4,1,2,2,4,4,4,4,4,4,2,0,1,2,1,4,4,4,4,4,4,4,4,4,4,4,4,4,4,4,4,4,4,4,4,4,4,4,4,4,2,1,3,0,1,0,3,0,0,0,1,3,4,3,4,1,2,0,4,0,3,2,0,1,2,1,0,4,4,4,4,1,0,0,4,4,4,4,4,4,4,0,1,0,2,2,3,2,1,1,3,2,1,1,2,3,1,1,0,0,1,3,1,4,4,1,3,2,0,3,0,0,1,0,4,4,4,4,4,4,4,4,2,1,1,3,2,4,4,4,4,2,1,3,4,4,4,4,4,4,4,4,4,4,4,4,4,4,4,4,4,4,4,4,4,4,4,4,4,4,4,4,4,4,4,4,4,3,4,4,3,0,3,1,0,4,2,0,1,0,3,4,4,1,4,4,4,2,2,2,1,2,0,0,0,1,2,3,1,2,0,4,4,4,4,4,2,3,0,0,2,2,1,0,1,1,2,1,1,3,1,4,4,4,4,4,4,4,4,4,4,4,4,4,4,4,4,4,4,4,4,4,4,4,4,4,4,4,4,4,4,4,4,4,4,4,4,4,4,4,4,4,4,4,4,4,4,4,4,4,4,4,4,4,4,4,4,4,4,4,4,4,4,4,4,4,4,4,4,4,4,4,4,4,4,4,4,4,4,4,4,4,4,4,4,4,4,4,4,4,4,4,4,4,4,4,4,4,4,4,4,4,4,4,4,4,4,4,4,4,4,4,4,4,4,4,4,4,4,4,4,4,4,4,4,4,4,4,4,4,4,4,4,4,4,4,4,4,4,4,4,4,4,4,4,4,4,4,4,4,4,4,4,4,4,4,4,4,4,4,4,4,4,4,4,4,4,4,4,4,4,4,4,4,4,4,4,4,4,4,4,4,4,4,4,4,4,4,4,4,4,4,4,4,4,4,CP000647.1/3167027-3166880,1
1267,0,2,0,3,2,1,3,1,0,3,3,1,4,1,0,3,4,1,3,4,1,3,3,0,3,2,3,3,4,1,2,1,1,3,3,4,1,4,4,4,4,4,4,4,4,4,4,4,4,4,4,4,4,4,4,4,3,4,4,4,4,4,4,4,4,4,4,4,4,4,4,4,4,4,4,4,4,4,4,4,2,2,1,1,3,1,0,3,0,0,0,1,3,1,0,4,2,2,0,4,0,3,2,0,3,2,1,0,4,4,4,4,2,0,2,1,1,2,4,4,3,3,3,0,1,2,2,3,2,1,3,3,0,3,1,2,3,1,1,4,0,1,3,2,0,4,1,0,2,0,3,2,3,1,4,4,4,4,4,4,4,4,4,2,1,3,3,0,1,4,4,4,2,1,1,4,4,4,4,4,4,4,4,4,4,4,4,4,4,4,4,4,4,4,4,4,4,4,4,4,4,4,4,4,4,4,4,4,3,4,4,1,0,3,1,0,4,0,0,1,0,1,4,4,1,1,4,3,2,2,0,1,0,1,0,0,1,2,3,3,2,0,4,4,4,4,4,2,3,2,0,0,2,1,0,1,1,1,1,3,3,3,4,4,4,4,4,4,4,4,4,4,4,4,4,4,4,4,4,4,4,4,4,4,4,4,4,4,4,4,4,4,4,4,4,4,4,4,4,4,4,4,4,4,4,4,4,4,4,4,4,4,4,4,4,4,4,4,4,4,4,4,4,4,4,4,4,4,4,4,4,4,4,4,4,4,4,4,4,4,4,4,4,4,4,4,4,4,4,4,4,4,4,4,4,4,4,4,4,4,4,4,4,4,4,4,4,4,4,4,4,4,4,4,4,4,4,4,4,4,4,4,4,4,4,4,4,4,4,4,4,4,4,4,4,4,4,4,4,4,4,4,4,4,4,4,4,4,4,4,4,4,4,4,4,4,4,4,4,4,4,4,4,4,4,4,4,4,4,4,4,4,4,4,4,4,4,4,4,4,4,4,4,4,4,4,4,4,4,4,4,4,4,4,4,4,4,ABEW01000013.1/52499-52351,1
1268,0,2,3,2,2,1,3,1,0,3,3,1,4,0,1,1,4,2,0,4,1,3,3,0,3,2,3,1,4,0,2,1,4,4,4,4,1,1,1,3,3,4,1,2,2,4,4,4,4,4,4,2,0,1,2,3,4,4,4,4,4,4,4,4,4,4,4,4,4,4,4,4,4,4,4,4,4,4,4,4,4,2,1,3,0,1,0,3,0,0,0,0,3,4,3,4,1,2,0,4,0,3,2,0,1,2,1,0,4,4,4,4,1,0,0,4,4,4,4,4,4,4,1,0,0,2,2,3,2,1,1,3,2,1,1,2,3,1,1,0,0,1,3,3,4,4,1,3,2,0,3,0,3,1,0,4,4,4,4,4,4,4,4,2,1,2,3,0,4,4,4,4,2,1,3,4,4,4,4,4,4,4,4,4,4,4,4,4,4,4,4,4,4,4,4,4,4,4,4,4,4,4,4,4,4,4,4,4,0,4,4,3,0,3,1,0,4,0,1,1,0,3,4,4,1,4,4,4,2,2,2,1,2,0,0,0,1,2,3,1,2,0,4,4,4,4,4,2,3,3,0,2,2,1,0,1,1,2,1,1,3,3,4,4,4,4,4,4,4,4,4,4,4,4,4,4,4,4,4,4,4,4,4,4,4,4,4,4,4,4,4,4,4,4,4,4,4,4,4,4,4,4,4,4,4,4,4,4,4,4,4,4,4,4,4,4,4,4,4,4,4,4,4,4,4,4,4,4,4,4,4,4,4,4,4,4,4,4,4,4,4,4,4,4,4,4,4,4,4,4,4,4,4,4,4,4,4,4,4,4,4,4,4,4,4,4,4,4,4,4,4,4,4,4,4,4,4,4,4,4,4,4,4,4,4,4,4,4,4,4,4,4,4,4,4,4,4,4,4,4,4,4,4,4,4,4,4,4,4,4,4,4,4,4,4,4,4,4,4,4,4,4,4,4,4,4,4,4,4,4,4,4,4,4,4,4,4,4,4,4,4,4,4,4,4,4,4,4,4,4,4,4,4,4,4,4,4,ADTJ01000260.1/23031-23178,1
1269,0,2,0,3,2,1,3,1,0,3,3,1,4,1,0,3,4,1,3,4,1,3,3,0,3,2,3,3,4,1,2,1,1,3,4,4,4,4,4,4,4,4,4,4,4,4,4,4,4,4,4,4,4,4,4,4,3,0,4,4,4,4,4,4,4,4,4,4,4,4,4,4,4,4,4,4,4,4,4,2,3,2,1,1,3,1,0,3,0,0,0,1,3,1,1,4,2,2,0,4,0,3,2,0,1,2,1,0,4,4,4,4,2,0,2,1,1,2,4,4,3,3,3,0,1,2,2,3,2,1,3,3,0,3,1,2,3,1,1,4,0,1,3,2,0,4,1,0,2,0,3,2,3,1,4,4,4,4,4,4,4,4,4,2,1,3,3,0,3,4,4,4,2,1,1,4,4,4,4,4,4,4,4,4,4,4,4,4,4,4,4,4,4,4,4,4,4,4,4,4,4,4,4,4,4,4,4,4,3,4,4,1,0,3,1,0,4,2,0,1,0,1,4,4,1,0,4,3,2,2,0,1,0,1,0,0,1,2,3,3,2,0,4,4,4,4,4,2,3,2,0,0,2,1,0,1,1,1,0,1,3,3,4,4,4,4,4,4,4,4,4,4,4,4,4,4,4,4,4,4,4,4,4,4,4,4,4,4,4,4,4,4,4,4,4,4,4,4,4,4,4,4,4,4,4,4,4,4,4,4,4,4,4,4,4,4,4,4,4,4,4,4,4,4,4,4,4,4,4,4,4,4,4,4,4,4,4,4,4,4,4,4,4,4,4,4,4,4,4,4,4,4,4,4,4,4,4,4,4,4,4,4,4,4,4,4,4,4,4,4,4,4,4,4,4,4,4,4,4,4,4,4,4,4,4,4,4,4,4,4,4,4,4,4,4,4,4,4,4,4,4,4,4,4,4,4,4,4,4,4,4,4,4,4,4,4,4,4,4,4,4,4,4,4,4,4,4,4,4,4,4,4,4,4,4,4,4,4,4,4,4,4,4,4,4,4,4,4,4,4,4,4,4,4,4,4,4,AEZL01000073.1/50538-50390,1
1270,0,2,0,3,2,1,3,1,0,3,3,1,4,1,0,1,4,1,3,4,3,1,3,0,3,2,1,3,4,3,2,1,3,3,4,4,4,4,4,4,4,4,4,4,4,4,4,4,4,4,4,4,4,4,4,4,1,4,4,4,4,4,4,4,4,4,4,4,4,4,4,4,4,4,4,4,4,4,4,4,2,2,1,3,3,1,0,3,0,0,3,1,1,3,2,4,2,2,0,4,0,3,2,0,3,2,1,0,4,4,4,4,2,0,2,1,1,0,4,0,3,3,3,2,0,2,2,3,2,1,1,3,0,3,1,2,3,1,1,0,0,1,3,1,4,4,1,0,2,0,3,2,0,0,4,2,0,3,4,4,4,4,4,2,1,0,0,0,4,4,4,4,3,1,3,4,4,4,4,4,4,4,4,4,4,4,4,4,4,4,4,4,4,4,4,4,4,4,4,4,4,4,4,4,4,4,4,4,1,4,4,1,0,3,1,2,4,2,2,1,3,3,3,1,1,4,4,4,2,2,0,1,0,3,0,0,1,2,3,3,2,0,4,4,4,4,4,2,3,2,0,2,2,1,0,1,1,0,3,3,1,3,4,4,4,4,4,4,4,4,4,4,4,4,4,4,4,4,4,4,4,4,4,4,4,4,4,4,4,4,4,4,4,4,4,4,4,4,4,4,4,4,4,4,4,4,4,4,4,4,4,4,4,4,4,4,4,4,4,4,4,4,4,4,4,4,4,4,4,4,4,4,4,4,4,4,4,4,4,4,4,4,4,4,4,4,4,4,4,4,4,4,4,4,4,4,4,4,4,4,4,4,4,4,4,4,4,4,4,4,4,4,4,4,4,4,4,4,4,4,4,4,4,4,4,4,4,4,4,4,4,4,4,4,4,4,4,4,4,4,4,4,4,4,4,4,4,4,4,4,4,4,4,4,4,4,4,4,4,4,4,4,4,4,4,4,4,4,4,4,4,4,4,4,4,4,4,4,4,4,4,4,4,4,4,4,4,4,4,4,4,4,4,4,4,4,4,CP001657.1/4495414-4495265,1
1271,0,2,0,3,2,1,3,1,0,3,3,1,4,1,0,3,4,1,3,4,1,3,3,0,3,2,3,3,4,1,2,1,1,3,4,4,4,4,4,4,4,4,4,4,4,4,4,4,4,4,4,4,4,4,4,4,3,0,4,4,4,4,4,4,4,4,4,4,4,4,4,4,4,4,4,4,4,4,4,2,3,2,1,1,3,1,0,3,0,0,0,1,3,1,1,4,2,2,0,4,0,3,2,0,1,2,1,0,4,4,4,4,2,0,2,1,1,2,4,4,3,3,3,0,1,2,2,3,2,1,3,3,0,3,1,2,3,1,1,4,0,1,3,2,0,4,1,0,2,0,3,2,3,1,4,4,4,4,4,4,4,4,4,2,1,3,3,0,3,4,4,4,2,1,1,4,4,4,4,4,4,4,4,4,4,4,4,4,4,4,4,4,4,4,4,4,4,4,4,4,4,4,4,4,4,4,4,4,3,4,4,1,0,3,1,0,4,2,0,1,0,1,4,4,1,0,4,3,2,2,0,1,0,1,0,0,1,2,3,3,2,0,4,4,4,4,4,2,3,2,0,0,2,1,0,1,1,1,0,1,3,3,4,4,4,4,4,4,4,4,4,4,4,4,4,4,4,4,4,4,4,4,4,4,4,4,4,4,4,4,4,4,4,4,4,4,4,4,4,4,4,4,4,4,4,4,4,4,4,4,4,4,4,4,4,4,4,4,4,4,4,4,4,4,4,4,4,4,4,4,4,4,4,4,4,4,4,4,4,4,4,4,4,4,4,4,4,4,4,4,4,4,4,4,4,4,4,4,4,4,4,4,4,4,4,4,4,4,4,4,4,4,4,4,4,4,4,4,4,4,4,4,4,4,4,4,4,4,4,4,4,4,4,4,4,4,4,4,4,4,4,4,4,4,4,4,4,4,4,4,4,4,4,4,4,4,4,4,4,4,4,4,4,4,4,4,4,4,4,4,4,4,4,4,4,4,4,4,4,4,4,4,4,4,4,4,4,4,4,4,4,4,4,4,4,4,4,ABHL02000001.1/2026991-2027139,1
1272,0,2,3,2,2,1,3,1,0,3,3,1,4,0,1,1,4,2,0,4,1,3,3,0,3,2,3,1,4,0,2,1,4,4,4,4,1,1,1,3,3,4,1,2,2,4,4,4,4,4,4,2,0,1,2,3,4,4,4,4,4,4,4,4,4,4,4,4,4,4,4,4,4,4,4,4,4,4,4,4,4,2,1,3,0,1,0,3,0,0,0,0,3,4,3,4,1,2,0,4,0,3,2,0,1,2,1,0,4,4,4,4,1,0,0,4,4,4,4,4,4,4,1,0,0,2,2,3,2,1,1,3,2,1,1,2,3,1,1,0,0,1,3,3,4,4,1,3,2,0,3,0,3,1,0,4,4,4,4,4,4,4,4,2,1,2,3,0,4,4,4,4,2,1,3,4,4,4,4,4,4,4,4,4,4,4,4,4,4,4,4,4,4,4,4,4,4,4,4,4,4,4,4,4,4,4,4,4,0,4,4,3,0,3,1,0,4,0,1,1,0,3,4,4,1,4,4,4,2,2,2,1,2,0,0,0,1,2,3,1,2,0,4,4,4,4,4,2,3,3,0,2,2,1,0,1,1,2,1,1,3,3,4,4,4,4,4,4,4,4,4,4,4,4,4,4,4,4,4,4,4,4,4,4,4,4,4,4,4,4,4,4,4,4,4,4,4,4,4,4,4,4,4,4,4,4,4,4,4,4,4,4,4,4,4,4,4,4,4,4,4,4,4,4,4,4,4,4,4,4,4,4,4,4,4,4,4,4,4,4,4,4,4,4,4,4,4,4,4,4,4,4,4,4,4,4,4,4,4,4,4,4,4,4,4,4,4,4,4,4,4,4,4,4,4,4,4,4,4,4,4,4,4,4,4,4,4,4,4,4,4,4,4,4,4,4,4,4,4,4,4,4,4,4,4,4,4,4,4,4,4,4,4,4,4,4,4,4,4,4,4,4,4,4,4,4,4,4,4,4,4,4,4,4,4,4,4,4,4,4,4,4,4,4,4,4,4,4,4,4,4,4,4,4,4,4,4,ADUZ01000768.1/34556-34703,1
1273,0,2,3,2,2,1,3,1,0,3,3,1,4,0,1,1,4,2,0,4,1,3,3,0,3,2,3,1,4,0,2,1,4,4,4,4,1,1,1,3,3,4,1,2,2,4,4,4,4,4,4,2,0,1,2,3,4,4,4,4,4,4,4,4,4,4,4,4,4,4,4,4,4,4,4,4,4,4,4,4,4,2,1,3,0,1,0,3,0,0,0,0,3,4,0,4,1,2,0,4,0,3,2,0,1,2,1,0,4,4,4,4,1,0,0,4,4,4,4,4,4,4,1,0,0,2,2,3,2,1,1,3,2,1,1,2,3,1,1,0,0,1,3,3,4,4,1,3,2,0,3,0,3,1,0,4,4,4,4,4,4,4,4,2,1,2,3,0,4,4,4,4,2,1,3,4,4,4,4,4,4,4,4,4,4,4,4,4,4,4,4,4,4,4,4,4,4,4,4,4,4,4,4,4,4,4,4,4,0,4,4,3,0,3,1,0,4,0,1,1,0,3,4,4,1,4,4,4,2,2,2,1,2,0,0,0,1,2,3,1,2,0,4,4,4,4,4,2,3,3,0,2,2,1,0,1,1,2,1,1,3,3,4,4,4,4,4,4,4,4,4,4,4,4,4,4,4,4,4,4,4,4,4,4,4,4,4,4,4,4,4,4,4,4,4,4,4,4,4,4,4,4,4,4,4,4,4,4,4,4,4,4,4,4,4,4,4,4,4,4,4,4,4,4,4,4,4,4,4,4,4,4,4,4,4,4,4,4,4,4,4,4,4,4,4,4,4,4,4,4,4,4,4,4,4,4,4,4,4,4,4,4,4,4,4,4,4,4,4,4,4,4,4,4,4,4,4,4,4,4,4,4,4,4,4,4,4,4,4,4,4,4,4,4,4,4,4,4,4,4,4,4,4,4,4,4,4,4,4,4,4,4,4,4,4,4,4,4,4,4,4,4,4,4,4,4,4,4,4,4,4,4,4,4,4,4,4,4,4,4,4,4,4,4,4,4,4,4,4,4,4,4,4,4,4,4,4,AGSG01000183.1/1476-1329,1
1274,0,2,0,3,2,1,3,1,0,3,3,1,4,1,0,1,4,1,3,4,1,3,3,0,3,2,3,3,4,1,2,1,1,0,1,4,4,4,4,4,4,4,4,4,4,4,4,4,4,4,4,4,4,4,4,4,0,4,4,4,4,4,4,4,4,4,4,4,4,4,4,4,4,4,4,4,4,4,4,3,2,2,1,1,3,1,0,3,0,0,0,1,1,1,3,2,2,2,0,4,0,3,2,0,1,2,1,0,4,4,4,4,2,0,2,1,1,2,4,0,3,3,3,0,2,2,2,3,2,1,1,3,0,3,3,2,1,1,1,0,1,1,0,2,0,4,0,1,2,0,3,2,0,0,3,0,1,0,4,4,4,4,4,4,4,4,4,4,4,4,4,4,4,4,4,3,1,2,1,3,3,2,4,4,4,4,4,4,4,4,4,4,4,4,4,4,4,4,4,4,1,2,0,3,2,1,2,2,0,4,4,1,0,3,1,0,4,1,0,1,3,2,4,4,1,4,4,4,2,2,2,1,0,3,0,0,1,2,3,3,2,0,4,4,4,4,4,2,3,2,0,2,2,1,0,1,1,0,1,1,1,1,4,4,4,4,4,4,4,4,4,4,4,4,4,4,4,4,4,4,4,4,4,4,4,4,4,4,4,4,4,4,4,4,4,4,4,4,4,4,4,4,4,4,4,4,4,4,4,4,4,4,4,4,4,4,4,4,4,4,4,4,4,4,4,4,4,4,4,4,4,4,4,4,4,4,4,4,4,4,4,4,4,4,4,4,4,4,4,4,4,4,4,4,4,4,4,4,4,4,4,4,4,4,4,4,4,4,4,4,4,4,4,4,4,4,4,4,4,4,4,4,4,4,4,4,4,4,4,4,4,4,4,4,4,4,4,4,4,4,4,4,4,4,4,4,4,4,4,4,4,4,4,4,4,4,4,4,4,4,4,4,4,4,4,4,4,4,4,4,4,4,4,4,4,4,4,4,4,4,4,4,4,4,4,4,4,4,4,4,4,4,4,4,4,4,4,ADBY01000025.1/153647-153806,1
1275,0,2,3,2,2,1,3,1,0,3,3,1,4,0,1,1,4,2,0,4,1,3,3,0,3,2,3,1,4,0,2,1,4,4,4,4,1,1,1,3,3,4,1,2,2,4,4,4,4,4,4,2,0,1,2,3,4,4,4,4,4,4,4,4,4,4,4,4,4,4,4,4,4,4,4,4,4,4,4,4,4,2,1,3,0,1,0,3,0,0,0,0,3,4,3,4,1,2,0,4,0,3,2,0,1,2,1,0,4,4,4,4,1,0,0,4,4,4,4,4,4,4,1,0,0,2,2,3,2,1,1,3,2,1,1,2,3,1,1,0,0,1,3,3,4,4,1,3,2,0,3,0,3,1,0,4,4,4,4,4,4,4,4,2,1,2,3,0,4,4,4,4,2,1,3,4,4,4,4,4,4,4,4,4,4,4,4,4,4,4,4,4,4,4,4,4,4,4,4,4,4,4,4,4,4,4,4,4,0,4,4,3,0,3,1,0,4,0,1,1,0,3,4,4,1,4,4,4,2,2,2,1,2,0,0,0,1,2,3,1,2,0,4,4,4,4,4,2,3,3,0,2,2,1,0,1,1,2,1,1,3,3,4,4,4,4,4,4,4,4,4,4,4,4,4,4,4,4,4,4,4,4,4,4,4,4,4,4,4,4,4,4,4,4,4,4,4,4,4,4,4,4,4,4,4,4,4,4,4,4,4,4,4,4,4,4,4,4,4,4,4,4,4,4,4,4,4,4,4,4,4,4,4,4,4,4,4,4,4,4,4,4,4,4,4,4,4,4,4,4,4,4,4,4,4,4,4,4,4,4,4,4,4,4,4,4,4,4,4,4,4,4,4,4,4,4,4,4,4,4,4,4,4,4,4,4,4,4,4,4,4,4,4,4,4,4,4,4,4,4,4,4,4,4,4,4,4,4,4,4,4,4,4,4,4,4,4,4,4,4,4,4,4,4,4,4,4,4,4,4,4,4,4,4,4,4,4,4,4,4,4,4,4,4,4,4,4,4,4,4,4,4,4,4,4,4,4,BA000007.2/3411706-3411559,1
1276,0,2,3,2,2,1,3,1,0,3,3,1,4,0,1,1,4,3,3,4,1,3,3,0,3,2,3,1,4,0,2,1,4,4,4,4,1,1,1,3,3,4,0,2,2,4,4,4,4,4,4,2,0,1,2,1,4,4,4,4,4,4,4,4,4,4,4,4,4,4,4,4,4,4,4,4,4,4,4,4,4,2,1,3,0,1,0,3,0,0,0,1,3,4,3,4,1,2,0,4,0,3,2,0,1,2,1,0,4,4,4,4,1,0,0,4,4,4,4,4,4,4,1,0,0,2,2,3,2,1,1,3,2,1,1,2,3,1,1,0,0,1,3,3,4,4,1,3,2,0,3,0,0,3,0,4,4,4,4,4,4,4,4,2,1,2,3,0,4,4,4,4,2,1,3,4,4,4,4,4,4,4,4,4,4,4,4,4,4,4,4,4,4,4,4,4,4,4,4,4,4,4,4,4,4,4,4,4,3,4,4,3,0,3,1,0,4,0,1,1,3,1,4,4,1,4,4,4,2,2,2,1,2,0,0,0,1,2,3,1,2,0,4,4,4,4,4,2,3,3,0,2,2,1,0,1,1,2,1,1,3,3,4,4,4,4,4,4,4,4,4,4,4,4,4,4,4,4,4,4,4,4,4,4,4,4,4,4,4,4,4,4,4,4,4,4,4,4,4,4,4,4,4,4,4,4,4,4,4,4,4,4,4,4,4,4,4,4,4,4,4,4,4,4,4,4,4,4,4,4,4,4,4,4,4,4,4,4,4,4,4,4,4,4,4,4,4,4,4,4,4,4,4,4,4,4,4,4,4,4,4,4,4,4,4,4,4,4,4,4,4,4,4,4,4,4,4,4,4,4,4,4,4,4,4,4,4,4,4,4,4,4,4,4,4,4,4,4,4,4,4,4,4,4,4,4,4,4,4,4,4,4,4,4,4,4,4,4,4,4,4,4,4,4,4,4,4,4,4,4,4,4,4,4,4,4,4,4,4,4,4,4,4,4,4,4,4,4,4,4,4,4,4,4,4,4,4,ABFH02000001.1/2430501-2430648,1
1277,3,4,4,3,2,1,3,1,0,3,3,1,4,0,0,1,4,3,3,4,3,3,3,0,3,2,0,1,4,2,2,1,2,1,1,4,2,3,1,0,3,4,3,0,2,0,1,2,2,1,4,0,0,0,3,1,4,4,4,4,4,4,4,4,4,4,4,4,4,4,4,4,4,4,4,4,4,4,4,4,4,2,1,1,3,1,0,3,0,0,2,1,1,3,1,4,1,2,0,4,0,3,2,0,3,2,1,1,4,4,4,4,0,0,0,2,4,4,4,4,4,4,0,0,4,4,4,4,4,4,4,4,4,4,4,4,4,4,4,4,4,4,4,4,4,4,4,4,4,4,4,4,4,4,4,4,4,4,4,4,4,4,4,4,4,4,4,4,4,4,4,4,4,4,4,4,4,4,4,4,4,4,4,4,4,4,4,4,4,4,4,4,4,4,4,4,4,4,4,4,4,4,4,4,4,4,4,4,4,4,4,4,4,4,4,4,4,4,4,4,4,4,4,4,4,4,4,4,4,4,4,4,4,4,4,4,4,4,4,4,4,4,0,3,2,2,3,4,4,4,4,4,4,4,4,4,4,2,1,1,3,0,4,4,4,4,4,4,4,4,4,4,4,4,4,4,4,4,4,4,4,4,4,4,4,4,4,4,4,4,4,4,4,4,4,4,4,4,4,4,4,4,4,4,4,4,4,4,4,4,4,4,4,4,4,4,4,4,4,4,4,4,4,4,4,4,4,4,4,4,4,4,4,4,4,4,4,4,4,4,4,4,4,4,4,4,4,4,4,4,4,4,4,4,4,4,4,4,4,4,4,4,4,4,4,4,4,4,4,4,4,4,4,4,4,4,4,4,4,4,4,4,4,4,4,4,4,4,4,4,4,4,4,4,4,4,4,4,4,4,4,4,4,4,4,4,4,4,4,4,4,4,4,4,4,4,4,4,4,4,4,4,4,4,4,4,4,4,4,4,4,4,4,4,4,4,4,4,4,4,4,4,4,4,4,4,4,4,4,4,4,4,4,4,4,4,4,ABOK01482380.1/94-7,1
1278,0,2,3,2,2,1,3,1,0,3,3,1,4,0,1,1,4,2,0,4,1,3,3,0,3,2,3,1,4,0,2,1,4,4,4,4,1,1,1,3,3,4,1,2,2,4,4,4,4,4,4,2,0,1,2,3,4,4,4,4,4,4,4,4,4,4,4,4,4,4,4,4,4,4,4,4,4,4,4,4,4,2,1,3,0,1,0,3,0,0,0,0,3,4,0,4,1,2,0,4,0,3,2,0,1,2,1,0,4,4,4,4,1,0,0,4,4,4,4,4,4,4,1,0,0,2,2,3,2,1,1,3,2,1,1,2,3,1,1,0,0,1,3,3,4,4,1,3,2,0,3,0,3,1,0,4,4,4,4,4,4,4,4,2,1,2,3,0,4,4,4,4,2,1,3,4,4,4,4,4,4,4,4,4,4,4,4,4,4,4,4,4,4,4,4,4,4,4,4,4,4,4,4,4,4,4,4,4,0,4,4,3,0,3,1,0,4,0,1,1,0,3,4,4,1,4,4,4,2,2,2,1,2,0,0,0,1,2,3,1,2,0,4,4,4,4,4,2,3,3,0,2,2,1,0,1,1,2,1,1,3,3,4,4,4,4,4,4,4,4,4,4,4,4,4,4,4,4,4,4,4,4,4,4,4,4,4,4,4,4,4,4,4,4,4,4,4,4,4,4,4,4,4,4,4,4,4,4,4,4,4,4,4,4,4,4,4,4,4,4,4,4,4,4,4,4,4,4,4,4,4,4,4,4,4,4,4,4,4,4,4,4,4,4,4,4,4,4,4,4,4,4,4,4,4,4,4,4,4,4,4,4,4,4,4,4,4,4,4,4,4,4,4,4,4,4,4,4,4,4,4,4,4,4,4,4,4,4,4,4,4,4,4,4,4,4,4,4,4,4,4,4,4,4,4,4,4,4,4,4,4,4,4,4,4,4,4,4,4,4,4,4,4,4,4,4,4,4,4,4,4,4,4,4,4,4,4,4,4,4,4,4,4,4,4,4,4,4,4,4,4,4,4,4,4,4,4,AFDX01000027.1/588350-588203,1
1279,0,2,0,3,2,1,3,1,0,3,3,1,4,3,0,3,4,1,3,4,1,3,3,0,3,2,3,3,4,1,2,1,1,3,4,4,4,4,4,4,4,4,4,4,4,4,4,4,4,4,4,4,4,4,4,4,3,0,4,4,4,4,4,4,4,4,4,4,4,4,4,4,4,4,4,4,4,4,4,2,3,2,1,1,3,1,0,3,0,0,0,1,3,1,1,4,2,2,0,4,0,3,2,0,1,2,1,0,4,4,4,4,2,0,2,1,1,2,4,4,3,3,3,0,1,2,2,3,2,1,3,3,0,3,1,2,3,1,1,4,0,1,3,2,0,4,1,0,2,0,3,2,3,1,4,4,4,4,4,4,4,4,4,2,1,3,3,0,3,4,4,4,2,1,1,4,4,4,4,4,4,4,4,4,4,4,4,4,4,4,4,4,4,4,4,4,4,4,4,4,4,4,4,4,4,4,4,4,3,4,4,1,0,3,1,0,4,2,0,1,0,1,4,4,1,0,4,3,2,2,0,1,0,1,0,0,1,2,3,3,2,0,4,4,4,4,4,2,3,2,0,0,2,1,0,1,1,1,0,1,3,3,4,4,4,4,4,4,4,4,4,4,4,4,4,4,4,4,4,4,4,4,4,4,4,4,4,4,4,4,4,4,4,4,4,4,4,4,4,4,4,4,4,4,4,4,4,4,4,4,4,4,4,4,4,4,4,4,4,4,4,4,4,4,4,4,4,4,4,4,4,4,4,4,4,4,4,4,4,4,4,4,4,4,4,4,4,4,4,4,4,4,4,4,4,4,4,4,4,4,4,4,4,4,4,4,4,4,4,4,4,4,4,4,4,4,4,4,4,4,4,4,4,4,4,4,4,4,4,4,4,4,4,4,4,4,4,4,4,4,4,4,4,4,4,4,4,4,4,4,4,4,4,4,4,4,4,4,4,4,4,4,4,4,4,4,4,4,4,4,4,4,4,4,4,4,4,4,4,4,4,4,4,4,4,4,4,4,4,4,4,4,4,4,4,4,4,AAMK02000016.1/66105-65957,1
1280,0,2,0,3,2,1,3,1,0,3,3,1,4,1,0,3,4,1,3,4,1,3,3,0,3,2,3,3,4,1,2,1,1,3,3,4,1,4,4,4,4,4,4,4,4,4,4,4,4,4,4,4,4,4,4,4,3,4,4,4,4,4,4,4,4,4,4,4,4,4,4,4,4,4,4,4,4,4,4,4,2,2,1,1,3,1,0,3,0,0,0,1,3,1,0,4,2,2,0,4,0,3,2,0,3,2,1,0,4,4,4,4,2,0,2,1,1,2,4,4,3,3,3,0,1,2,2,4,2,1,3,3,0,3,1,2,3,1,1,4,0,1,3,2,0,4,1,0,2,0,3,2,3,1,4,4,4,4,4,4,4,4,4,2,1,3,3,0,1,4,4,4,2,1,1,4,4,4,4,4,4,4,4,4,4,4,4,4,4,4,4,4,4,4,4,4,4,4,4,4,4,4,4,4,4,4,4,4,3,4,4,1,0,3,1,0,4,0,0,1,0,1,4,4,1,1,4,3,2,2,0,1,0,1,0,0,1,2,3,3,2,0,4,4,4,4,4,2,3,2,0,0,2,1,0,1,1,1,1,3,3,3,4,4,4,4,4,4,4,4,4,4,4,4,4,4,4,4,4,4,4,4,4,4,4,4,4,4,4,4,4,4,4,4,4,4,4,4,4,4,4,4,4,4,4,4,4,4,4,4,4,4,4,4,4,4,4,4,4,4,4,4,4,4,4,4,4,4,4,4,4,4,4,4,4,4,4,4,4,4,4,4,4,4,4,4,4,4,4,4,4,4,4,4,4,4,4,4,4,4,4,4,4,4,4,4,4,4,4,4,4,4,4,4,4,4,4,4,4,4,4,4,4,4,4,4,4,4,4,4,4,4,4,4,4,4,4,4,4,4,4,4,4,4,4,4,4,4,4,4,4,4,4,4,4,4,4,4,4,4,4,4,4,4,4,4,4,4,4,4,4,4,4,4,4,4,4,4,4,4,4,4,4,4,4,4,4,4,4,4,4,4,4,4,4,4,4,CAAZ01000080.1/8415-8562,1
1281,0,2,0,3,2,1,3,1,0,3,3,1,4,1,0,3,4,1,3,4,1,3,3,0,3,2,3,3,4,1,2,1,1,3,4,4,4,4,4,4,4,4,4,4,4,4,4,4,4,4,4,4,4,4,4,4,3,0,4,4,4,4,4,4,4,4,4,4,4,4,4,4,4,4,4,4,4,4,4,2,3,2,1,1,3,1,0,3,0,0,0,1,3,1,0,4,2,2,0,4,0,3,2,0,1,2,1,0,4,4,4,4,2,0,2,1,1,2,4,4,3,3,3,0,1,2,2,3,2,1,3,3,0,3,1,2,3,1,1,4,0,1,3,2,0,4,1,0,2,0,3,2,3,1,4,4,4,4,4,4,4,4,4,2,1,3,3,0,3,4,4,4,2,1,1,4,4,4,4,4,4,4,4,4,4,4,4,4,4,4,4,4,4,4,4,4,4,4,4,4,4,4,4,4,4,4,4,4,3,4,4,1,0,3,1,0,4,2,0,1,0,1,4,4,1,0,4,3,2,2,0,1,0,1,0,0,1,2,3,3,2,0,4,4,4,4,4,2,3,2,0,0,2,1,0,1,1,1,0,1,3,3,4,4,4,4,4,4,4,4,4,4,4,4,4,4,4,4,4,4,4,4,4,4,4,4,4,4,4,4,4,4,4,4,4,4,4,4,4,4,4,4,4,4,4,4,4,4,4,4,4,4,4,4,4,4,4,4,4,4,4,4,4,4,4,4,4,4,4,4,4,4,4,4,4,4,4,4,4,4,4,4,4,4,4,4,4,4,4,4,4,4,4,4,4,4,4,4,4,4,4,4,4,4,4,4,4,4,4,4,4,4,4,4,4,4,4,4,4,4,4,4,4,4,4,4,4,4,4,4,4,4,4,4,4,4,4,4,4,4,4,4,4,4,4,4,4,4,4,4,4,4,4,4,4,4,4,4,4,4,4,4,4,4,4,4,4,4,4,4,4,4,4,4,4,4,4,4,4,4,4,4,4,4,4,4,4,4,4,4,4,4,4,4,4,4,4,AEJU01000105.1/215-363,1
1282,0,2,0,3,2,1,3,1,0,3,3,1,4,1,0,3,4,1,3,4,1,3,3,0,3,2,3,3,4,1,2,1,1,3,3,4,1,4,4,4,4,4,4,4,4,4,4,4,4,4,4,4,4,4,4,4,3,4,4,4,4,4,4,4,4,4,4,4,4,4,4,4,4,4,4,4,4,4,4,4,2,2,1,1,3,1,0,3,0,0,0,1,3,1,0,4,2,2,0,4,0,3,2,0,3,2,1,0,4,4,4,4,2,0,2,1,1,2,4,4,3,3,3,0,1,2,2,3,2,1,3,3,0,3,1,2,3,1,1,4,0,1,3,2,0,4,1,0,2,0,3,2,3,1,4,4,4,4,4,4,4,4,4,2,1,3,3,0,1,4,4,4,2,1,1,4,4,4,4,4,4,4,4,4,4,4,4,4,4,4,4,4,4,4,4,4,4,4,4,4,4,4,4,4,4,4,4,4,3,4,4,1,0,3,1,0,4,0,0,1,0,1,4,4,1,1,4,3,2,2,0,1,0,1,0,0,1,2,3,3,2,0,4,4,4,4,4,2,3,2,0,0,2,1,0,1,1,1,1,3,3,3,4,4,4,4,4,4,4,4,4,4,4,4,4,4,4,4,4,4,4,4,4,4,4,4,4,4,4,4,4,4,4,4,4,4,4,4,4,4,4,4,4,4,4,4,4,4,4,4,4,4,4,4,4,4,4,4,4,4,4,4,4,4,4,4,4,4,4,4,4,4,4,4,4,4,4,4,4,4,4,4,4,4,4,4,4,4,4,4,4,4,4,4,4,4,4,4,4,4,4,4,4,4,4,4,4,4,4,4,4,4,4,4,4,4,4,4,4,4,4,4,4,4,4,4,4,4,4,4,4,4,4,4,4,4,4,4,4,4,4,4,4,4,4,4,4,4,4,4,4,4,4,4,4,4,4,4,4,4,4,4,4,4,4,4,4,4,4,4,4,4,4,4,4,4,4,4,4,4,4,4,4,4,4,4,4,4,4,4,4,4,4,4,4,4,4,CP000857.1/4116806-4116954,1
1283,0,2,3,2,2,1,3,1,0,3,3,1,4,0,1,1,4,2,0,4,1,3,3,0,3,2,3,1,4,0,2,1,4,4,4,4,1,1,1,3,3,4,1,2,2,4,4,4,4,4,4,2,0,1,2,3,4,4,4,4,4,4,4,4,4,4,4,4,4,4,4,4,4,4,4,4,4,4,4,4,4,2,1,3,0,1,0,3,0,0,0,0,3,4,3,4,1,2,0,4,0,3,2,0,1,2,1,0,4,4,4,4,1,0,0,4,4,4,4,4,4,4,1,0,0,2,2,3,2,1,1,3,2,1,1,2,3,1,1,0,0,1,3,3,4,4,1,3,2,0,3,0,3,1,0,4,4,4,4,4,4,4,4,2,1,2,3,0,4,4,4,4,2,1,3,4,4,4,4,4,4,4,4,4,4,4,4,4,4,4,4,4,4,4,4,4,4,4,4,4,4,4,4,4,4,4,4,4,0,4,4,3,0,3,1,0,4,0,1,1,0,3,4,4,1,4,4,4,2,2,2,1,2,0,0,0,1,2,3,1,2,0,4,4,4,4,4,2,3,3,0,2,2,1,0,1,1,2,1,1,3,3,4,4,4,4,4,4,4,4,4,4,4,4,4,4,4,4,4,4,4,4,4,4,4,4,4,4,4,4,4,4,4,4,4,4,4,4,4,4,4,4,4,4,4,4,4,4,4,4,4,4,4,4,4,4,4,4,4,4,4,4,4,4,4,4,4,4,4,4,4,4,4,4,4,4,4,4,4,4,4,4,4,4,4,4,4,4,4,4,4,4,4,4,4,4,4,4,4,4,4,4,4,4,4,4,4,4,4,4,4,4,4,4,4,4,4,4,4,4,4,4,4,4,4,4,4,4,4,4,4,4,4,4,4,4,4,4,4,4,4,4,4,4,4,4,4,4,4,4,4,4,4,4,4,4,4,4,4,4,4,4,4,4,4,4,4,4,4,4,4,4,4,4,4,4,4,4,4,4,4,4,4,4,4,4,4,4,4,4,4,4,4,4,4,4,4,AFOG01000172.1/34796-34943,1
1284,0,2,3,2,2,1,3,1,0,3,3,1,4,0,1,1,4,3,3,4,1,3,3,0,3,2,3,1,4,0,2,1,4,4,4,4,1,1,1,3,3,4,0,2,2,4,4,4,4,4,4,2,0,1,2,1,4,4,4,4,4,4,4,4,4,4,4,4,4,4,4,4,4,4,4,4,4,4,4,4,4,2,1,3,0,1,0,3,0,0,0,1,3,4,3,4,1,2,0,4,0,3,2,0,1,2,1,0,4,4,4,4,1,0,0,4,4,4,4,4,4,4,1,0,0,2,2,3,2,1,1,3,2,1,1,2,3,1,1,0,0,1,3,3,4,4,1,3,2,0,3,0,0,3,0,4,4,4,4,4,4,4,4,2,1,2,3,0,4,4,4,4,2,1,3,4,4,4,4,4,4,4,4,4,4,4,4,4,4,4,4,4,4,4,4,4,4,4,4,4,4,4,4,4,4,4,4,4,3,4,4,3,0,3,1,0,4,0,1,1,3,1,4,4,1,4,4,4,2,2,2,1,2,0,0,0,1,2,3,1,2,0,4,4,4,4,4,2,3,3,0,2,2,1,0,1,1,2,1,1,3,3,4,4,4,4,4,4,4,4,4,4,4,4,4,4,4,4,4,4,4,4,4,4,4,4,4,4,4,4,4,4,4,4,4,4,4,4,4,4,4,4,4,4,4,4,4,4,4,4,4,4,4,4,4,4,4,4,4,4,4,4,4,4,4,4,4,4,4,4,4,4,4,4,4,4,4,4,4,4,4,4,4,4,4,4,4,4,4,4,4,4,4,4,4,4,4,4,4,4,4,4,4,4,4,4,4,4,4,4,4,4,4,4,4,4,4,4,4,4,4,4,4,4,4,4,4,4,4,4,4,4,4,4,4,4,4,4,4,4,4,4,4,4,4,4,4,4,4,4,4,4,4,4,4,4,4,4,4,4,4,4,4,4,4,4,4,4,4,4,4,4,4,4,4,4,4,4,4,4,4,4,4,4,4,4,4,4,4,4,4,4,4,4,4,4,4,AESM01000020.1/40321-40468,1
1285,0,2,3,2,2,1,3,1,0,3,3,1,4,0,1,1,4,3,3,4,1,3,3,0,3,2,3,1,4,0,2,1,4,4,4,4,1,1,1,3,3,4,1,2,2,4,4,4,4,4,4,2,0,0,2,1,4,4,4,4,4,4,4,4,4,4,4,4,4,4,4,4,4,4,4,4,4,4,4,4,4,2,1,3,0,1,0,3,0,0,0,1,3,4,3,4,1,2,0,4,0,3,2,0,1,2,1,0,4,4,4,4,1,0,0,4,4,4,4,4,4,4,0,1,0,2,2,3,2,1,1,3,2,1,1,2,3,1,1,0,0,1,3,1,4,4,1,3,2,0,3,0,0,1,0,4,4,4,4,4,4,4,4,2,1,3,1,3,4,4,4,4,2,1,3,4,4,4,4,4,4,4,4,4,4,4,4,4,4,4,4,4,4,4,4,4,4,4,4,4,4,4,4,4,4,4,4,4,3,4,4,3,0,3,1,0,4,2,3,1,0,3,4,4,1,4,4,4,2,2,2,1,2,0,0,0,1,2,3,1,2,0,4,4,4,4,4,2,3,0,0,2,2,1,0,1,1,2,1,1,3,1,4,4,4,4,4,4,4,4,4,4,4,4,4,4,4,4,4,4,4,4,4,4,4,4,4,4,4,4,4,4,4,4,4,4,4,4,4,4,4,4,4,4,4,4,4,4,4,4,4,4,4,4,4,4,4,4,4,4,4,4,4,4,4,4,4,4,4,4,4,4,4,4,4,4,4,4,4,4,4,4,4,4,4,4,4,4,4,4,4,4,4,4,4,4,4,4,4,4,4,4,4,4,4,4,4,4,4,4,4,4,4,4,4,4,4,4,4,4,4,4,4,4,4,4,4,4,4,4,4,4,4,4,4,4,4,4,4,4,4,4,4,4,4,4,4,4,4,4,4,4,4,4,4,4,4,4,4,4,4,4,4,4,4,4,4,4,4,4,4,4,4,4,4,4,4,4,4,4,4,4,4,4,4,4,4,4,4,4,4,4,4,4,4,4,4,AGFT01112468.1/280-133,1
1286,0,2,0,3,2,1,3,1,0,3,3,1,4,2,1,1,4,1,1,4,1,3,3,0,3,2,3,3,4,3,2,1,2,1,4,4,4,4,4,4,4,4,4,4,4,4,4,4,4,4,4,4,4,4,4,4,0,4,4,4,4,4,4,4,4,4,4,4,4,4,4,4,4,4,4,4,4,4,4,4,0,2,1,3,3,1,0,3,0,0,0,3,1,3,2,4,0,2,0,4,0,3,2,0,3,2,1,0,4,4,4,4,2,0,2,1,1,2,4,0,1,3,3,2,3,2,2,3,2,1,1,3,0,3,1,2,3,1,1,2,0,0,3,1,4,4,2,3,2,1,3,2,3,1,1,4,4,4,4,4,4,4,4,4,4,1,3,4,0,4,4,4,0,1,2,4,4,4,4,4,4,4,4,4,4,4,4,4,4,4,4,4,4,4,4,4,4,4,4,4,4,4,4,4,4,4,4,4,3,4,4,1,0,2,3,0,4,3,2,1,1,0,4,4,1,4,4,4,2,2,0,1,0,1,2,3,1,2,3,3,2,0,4,4,4,4,4,2,3,2,0,2,2,1,0,1,1,2,0,3,1,0,4,4,4,4,4,4,4,4,4,4,4,4,4,4,4,4,4,4,4,4,4,4,4,4,4,4,4,4,4,4,4,4,4,4,4,4,4,4,4,4,4,4,4,4,4,4,4,4,4,4,4,4,4,4,4,4,4,4,4,4,4,4,4,4,4,4,4,4,4,4,4,4,4,4,4,4,4,4,4,4,4,4,4,4,4,4,4,4,4,4,4,4,4,4,4,4,4,4,4,4,4,4,4,4,4,4,4,4,4,4,4,4,4,4,4,4,4,4,4,4,4,4,4,4,4,4,4,4,4,4,4,4,4,4,4,4,4,4,4,4,4,4,4,4,4,4,4,4,4,4,4,4,4,4,4,4,4,4,4,4,4,4,4,4,4,4,4,4,4,4,4,4,4,4,4,4,4,4,4,4,4,4,4,4,4,4,4,4,4,4,4,4,4,4,4,CP001600.1/101249-101392,1
1287,0,2,3,3,2,1,3,1,0,3,3,1,4,0,1,1,4,3,1,4,3,3,3,0,3,2,0,3,4,0,2,3,1,1,1,2,1,3,2,3,3,4,0,0,2,1,2,2,0,0,4,3,0,3,2,1,4,4,4,4,4,4,4,4,4,4,4,4,4,4,4,4,4,4,4,4,4,4,4,4,4,2,1,3,3,1,0,3,0,0,2,1,1,0,1,4,1,2,0,4,0,3,2,0,3,2,1,1,4,4,4,4,3,0,0,2,4,4,4,4,4,4,0,1,3,2,2,3,2,1,1,3,0,3,1,2,3,1,1,0,1,1,3,0,0,0,1,1,2,0,3,0,3,3,2,3,2,3,4,4,4,4,4,2,0,0,3,2,1,4,4,4,0,1,0,4,4,4,4,4,4,4,4,4,4,4,4,4,4,4,4,4,4,4,4,4,4,4,4,4,4,4,4,4,4,4,4,4,3,4,4,3,0,3,1,0,4,0,0,1,0,3,4,4,1,4,4,4,2,2,0,1,2,0,1,0,1,2,3,3,2,0,4,4,4,4,4,2,3,2,0,2,2,1,0,1,1,2,1,1,3,0,4,4,4,4,4,4,4,4,4,4,4,4,4,4,4,4,4,4,4,4,4,4,4,4,4,4,4,4,4,4,4,4,4,4,4,4,4,4,4,4,4,4,4,4,4,4,4,4,4,4,4,4,4,4,4,4,4,4,4,4,4,4,4,4,4,4,4,4,4,4,4,4,4,4,4,4,4,4,4,4,4,4,4,4,4,4,4,4,4,4,4,4,4,4,4,4,4,4,4,4,4,4,4,4,4,4,4,4,4,4,4,4,4,4,4,4,4,4,4,4,4,4,4,4,4,4,4,4,4,4,4,4,4,4,4,4,4,4,4,4,4,4,4,4,4,4,4,4,4,4,4,4,4,4,4,4,4,4,4,4,4,4,4,4,4,4,4,4,4,4,4,4,4,4,4,4,4,4,4,4,4,4,4,4,4,4,4,4,4,4,4,4,4,4,4,AALC02000019.1/46319-46483,1
1288,0,2,3,2,2,1,3,1,0,3,3,1,4,0,1,1,4,2,0,4,1,3,3,0,3,2,3,1,4,0,2,1,4,4,4,4,1,1,1,3,3,4,1,2,2,4,4,4,4,4,4,2,0,1,2,3,4,4,4,4,4,4,4,4,4,4,4,4,4,4,4,4,4,4,4,4,4,4,4,4,4,2,1,3,0,1,0,3,0,0,0,0,3,4,3,4,1,2,0,4,0,3,2,0,1,2,1,0,4,4,4,4,1,0,0,4,4,4,4,4,4,4,1,0,0,2,2,3,2,1,1,3,2,1,1,2,3,1,1,0,0,1,3,3,4,4,1,3,2,0,3,0,3,1,0,4,4,4,4,4,4,4,4,2,1,2,3,0,4,4,4,4,2,1,3,4,4,4,4,4,4,4,4,4,4,4,4,4,4,4,4,4,4,4,4,4,4,4,4,4,4,4,4,4,4,4,4,4,0,4,4,3,0,3,1,0,4,0,1,1,0,3,4,4,1,4,4,4,2,2,2,1,2,0,0,0,1,2,3,1,2,0,4,4,4,4,4,2,3,3,0,2,2,1,0,1,1,2,1,1,3,3,4,4,4,4,4,4,4,4,4,4,4,4,4,4,4,4,4,4,4,4,4,4,4,4,4,4,4,4,4,4,4,4,4,4,4,4,4,4,4,4,4,4,4,4,4,4,4,4,4,4,4,4,4,4,4,4,4,4,4,4,4,4,4,4,4,4,4,4,4,4,4,4,4,4,4,4,4,4,4,4,4,4,4,4,4,4,4,4,4,4,4,4,4,4,4,4,4,4,4,4,4,4,4,4,4,4,4,4,4,4,4,4,4,4,4,4,4,4,4,4,4,4,4,4,4,4,4,4,4,4,4,4,4,4,4,4,4,4,4,4,4,4,4,4,4,4,4,4,4,4,4,4,4,4,4,4,4,4,4,4,4,4,4,4,4,4,4,4,4,4,4,4,4,4,4,4,4,4,4,4,4,4,4,4,4,4,4,4,4,4,4,4,4,4,4,AFDS01000063.1/230675-230528,1
1289,0,2,3,2,2,1,3,1,0,3,3,1,4,0,1,1,4,3,3,4,1,3,3,0,3,2,3,1,4,0,2,1,4,4,4,4,1,1,1,3,3,4,0,2,2,4,4,4,4,4,4,2,0,1,2,1,4,4,4,4,4,4,4,4,4,4,4,4,4,4,4,4,4,4,4,4,4,4,4,4,4,2,1,3,0,1,0,3,0,0,0,1,3,4,3,4,1,2,0,4,0,3,2,0,1,2,1,0,4,4,4,4,1,0,0,4,4,4,4,4,4,4,1,0,0,2,2,3,2,1,1,3,2,1,1,2,3,1,1,0,0,1,3,3,4,4,1,3,2,0,3,0,0,3,0,4,4,4,4,4,4,4,4,2,1,2,3,0,4,4,4,4,2,1,3,4,4,4,4,4,4,4,4,4,4,4,4,4,4,4,4,4,4,4,4,4,4,4,4,4,4,4,4,4,4,4,4,4,3,4,4,3,0,3,1,0,4,0,1,1,3,1,4,4,1,4,4,4,2,2,2,1,2,0,0,0,1,2,3,1,2,0,4,4,4,4,4,2,3,3,0,2,2,1,0,1,1,2,1,1,3,3,4,4,4,4,4,4,4,4,4,4,4,4,4,4,4,4,4,4,4,4,4,4,4,4,4,4,4,4,4,4,4,4,4,4,4,4,4,4,4,4,4,4,4,4,4,4,4,4,4,4,4,4,4,4,4,4,4,4,4,4,4,4,4,4,4,4,4,4,4,4,4,4,4,4,4,4,4,4,4,4,4,4,4,4,4,4,4,4,4,4,4,4,4,4,4,4,4,4,4,4,4,4,4,4,4,4,4,4,4,4,4,4,4,4,4,4,4,4,4,4,4,4,4,4,4,4,4,4,4,4,4,4,4,4,4,4,4,4,4,4,4,4,4,4,4,4,4,4,4,4,4,4,4,4,4,4,4,4,4,4,4,4,4,4,4,4,4,4,4,4,4,4,4,4,4,4,4,4,4,4,4,4,4,4,4,4,4,4,4,4,4,4,4,4,4,CP000026.1/338818-338965,1
1290,0,2,3,2,2,1,3,1,0,3,3,1,4,0,1,1,4,2,0,4,1,3,3,0,3,2,3,1,4,0,2,1,4,4,4,4,1,1,1,3,3,4,1,2,2,4,4,4,4,4,4,2,0,1,2,3,4,4,4,4,4,4,4,4,4,4,4,4,4,4,4,4,4,4,4,4,4,4,4,4,4,2,1,3,0,1,0,3,0,0,0,0,3,4,3,4,1,2,0,4,0,3,2,0,1,2,1,0,4,4,4,4,1,0,0,4,4,4,4,4,4,4,1,0,0,2,2,3,2,1,1,3,2,1,1,2,3,1,1,0,0,1,3,3,4,4,1,3,2,0,3,0,3,1,0,4,4,4,4,4,4,4,4,2,1,2,3,0,4,4,4,4,2,1,3,4,4,4,4,4,4,4,4,4,4,4,4,4,4,4,4,4,4,4,4,4,4,4,4,4,4,4,4,4,4,4,4,4,0,4,4,3,0,3,1,0,4,0,1,1,0,3,4,4,1,4,4,4,2,2,2,1,2,0,0,0,1,2,3,1,2,0,4,4,4,4,4,2,3,3,0,2,2,1,0,1,1,2,1,1,3,3,4,4,4,4,4,4,4,4,4,4,4,4,4,4,4,4,4,4,4,4,4,4,4,4,4,4,4,4,4,4,4,4,4,4,4,4,4,4,4,4,4,4,4,4,4,4,4,4,4,4,4,4,4,4,4,4,4,4,4,4,4,4,4,4,4,4,4,4,4,4,4,4,4,4,4,4,4,4,4,4,4,4,4,4,4,4,4,4,4,4,4,4,4,4,4,4,4,4,4,4,4,4,4,4,4,4,4,4,4,4,4,4,4,4,4,4,4,4,4,4,4,4,4,4,4,4,4,4,4,4,4,4,4,4,4,4,4,4,4,4,4,4,4,4,4,4,4,4,4,4,4,4,4,4,4,4,4,4,4,4,4,4,4,4,4,4,4,4,4,4,4,4,4,4,4,4,4,4,4,4,4,4,4,4,4,4,4,4,4,4,4,4,4,4,4,ACAC01000062.1/109315-109168,1
1291,0,2,0,3,2,1,3,1,0,3,3,1,4,1,0,3,4,1,3,4,1,3,3,0,3,2,3,3,4,1,2,1,1,3,4,4,4,4,4,4,4,4,4,4,4,4,4,4,4,4,4,4,4,4,4,4,3,0,4,4,4,4,4,4,4,4,4,4,4,4,4,4,4,4,4,4,4,4,4,2,3,2,1,1,3,1,0,3,0,0,0,1,3,1,1,4,2,2,0,4,0,3,2,0,1,2,1,0,4,4,4,4,2,0,2,1,1,2,4,4,3,3,3,0,1,2,2,3,2,1,3,3,0,3,1,2,3,1,1,4,0,1,3,2,0,4,1,0,2,0,3,2,3,1,4,4,4,4,4,4,4,4,4,2,1,3,3,0,3,4,4,4,2,1,1,4,4,4,4,4,4,4,4,4,4,4,4,4,4,4,4,4,4,4,4,4,4,4,4,4,4,4,4,4,4,4,4,4,3,4,4,1,0,3,1,0,4,2,0,1,0,1,4,4,1,0,4,3,2,2,0,1,0,1,0,0,1,2,3,3,2,0,4,4,4,4,4,2,3,2,0,0,2,1,0,1,1,1,0,1,3,3,4,4,4,4,4,4,4,4,4,4,4,4,4,4,4,4,4,4,4,4,4,4,4,4,4,4,4,4,4,4,4,4,4,4,4,4,4,4,4,4,4,4,4,4,4,4,4,4,4,4,4,4,4,4,4,4,4,4,4,4,4,4,4,4,4,4,4,4,4,4,4,4,4,4,4,4,4,4,4,4,4,4,4,4,4,4,4,4,4,4,4,4,4,4,4,4,4,4,4,4,4,4,4,4,4,4,4,4,4,4,4,4,4,4,4,4,4,4,4,4,4,4,4,4,4,4,4,4,4,4,4,4,4,4,4,4,4,4,4,4,4,4,4,4,4,4,4,4,4,4,4,4,4,4,4,4,4,4,4,4,4,4,4,4,4,4,4,4,4,4,4,4,4,4,4,4,4,4,4,4,4,4,4,4,4,4,4,4,4,4,4,4,4,4,4,ADBB01000151.1/28390-28538,1
1292,0,2,0,3,2,1,3,1,0,3,3,1,4,1,0,3,4,1,3,4,1,3,3,0,3,2,3,3,4,1,2,1,1,3,4,4,4,4,4,4,4,4,4,4,4,4,4,4,4,4,4,4,4,4,4,4,3,0,4,4,4,4,4,4,4,4,4,4,4,4,4,4,4,4,4,4,4,4,4,2,3,2,1,1,3,1,0,3,0,0,0,1,3,1,1,4,2,2,0,4,0,3,2,0,1,2,1,0,4,4,4,4,2,0,2,1,1,2,4,4,3,3,3,0,1,2,2,3,2,1,3,3,0,3,1,2,3,1,1,4,0,1,3,2,0,4,1,0,2,0,3,2,3,1,4,4,4,4,4,4,4,4,4,2,1,3,3,0,3,4,4,4,2,1,1,4,4,4,4,4,4,4,4,4,4,4,4,4,4,4,4,4,4,4,4,4,4,4,4,4,4,4,4,4,4,4,4,4,3,4,4,1,0,3,1,0,4,2,0,1,0,1,4,4,1,0,4,3,2,2,0,1,0,1,0,0,1,2,3,3,2,0,4,4,4,4,4,2,3,2,0,0,2,1,0,1,1,1,0,1,3,3,4,4,4,4,4,4,4,4,4,4,4,4,4,4,4,4,4,4,4,4,4,4,4,4,4,4,4,4,4,4,4,4,4,4,4,4,4,4,4,4,4,4,4,4,4,4,4,4,4,4,4,4,4,4,4,4,4,4,4,4,4,4,4,4,4,4,4,4,4,4,4,4,4,4,4,4,4,4,4,4,4,4,4,4,4,4,4,4,4,4,4,4,4,4,4,4,4,4,4,4,4,4,4,4,4,4,4,4,4,4,4,4,4,4,4,4,4,4,4,4,4,4,4,4,4,4,4,4,4,4,4,4,4,4,4,4,4,4,4,4,4,4,4,4,4,4,4,4,4,4,4,4,4,4,4,4,4,4,4,4,4,4,4,4,4,4,4,4,4,4,4,4,4,4,4,4,4,4,4,4,4,4,4,4,4,4,4,4,4,4,4,4,4,4,4,AAJT02000010.1/38850-38998,1
1293,0,2,3,3,2,1,3,1,0,3,3,1,4,0,1,1,4,3,3,4,3,3,3,0,3,2,0,3,4,0,2,1,1,1,1,2,1,0,0,3,3,4,0,0,2,1,2,2,0,3,4,2,0,3,2,1,4,4,4,4,4,4,4,4,4,4,4,4,4,4,4,4,4,4,4,4,4,4,4,4,4,2,1,3,3,1,0,3,0,0,2,1,1,3,1,4,1,2,0,4,0,3,2,0,3,2,1,1,4,4,4,4,3,0,0,2,4,4,4,4,4,4,0,1,3,2,2,3,2,1,1,3,0,3,1,2,3,1,1,0,1,1,3,0,0,0,1,1,2,0,1,0,3,3,2,3,2,3,4,4,4,4,4,2,0,0,0,2,1,4,4,4,0,1,0,4,4,4,4,4,4,4,4,4,4,4,4,4,4,4,4,4,4,4,4,4,4,4,4,4,4,4,4,4,4,4,4,4,3,4,4,3,0,3,1,0,4,0,0,1,0,3,4,4,1,4,4,4,2,2,0,1,2,0,1,0,1,2,3,3,2,0,4,4,4,4,4,2,3,2,0,2,2,1,0,1,1,2,1,1,3,0,4,4,4,4,4,4,4,4,4,4,4,4,4,4,4,4,4,4,4,4,4,4,4,4,4,4,4,4,4,4,4,4,4,4,4,4,4,4,4,4,4,4,4,4,4,4,4,4,4,4,4,4,4,4,4,4,4,4,4,4,4,4,4,4,4,4,4,4,4,4,4,4,4,4,4,4,4,4,4,4,4,4,4,4,4,4,4,4,4,4,4,4,4,4,4,4,4,4,4,4,4,4,4,4,4,4,4,4,4,4,4,4,4,4,4,4,4,4,4,4,4,4,4,4,4,4,4,4,4,4,4,4,4,4,4,4,4,4,4,4,4,4,4,4,4,4,4,4,4,4,4,4,4,4,4,4,4,4,4,4,4,4,4,4,4,4,4,4,4,4,4,4,4,4,4,4,4,4,4,4,4,4,4,4,4,4,4,4,4,4,4,4,4,4,4,BX936398.1/3405024-3404860,1
1294,0,2,3,2,2,1,3,1,0,3,3,1,4,0,1,1,4,3,3,4,1,3,3,0,3,2,3,1,4,0,2,1,4,4,4,4,1,1,1,3,3,4,0,2,2,4,4,4,4,4,4,2,0,1,2,1,4,4,4,4,4,4,4,4,4,4,4,4,4,4,4,4,4,4,4,4,4,4,4,4,4,2,1,3,0,1,0,3,0,0,0,1,3,4,3,4,1,2,0,4,0,3,2,0,1,2,1,0,4,4,4,4,1,0,0,4,4,4,4,4,4,4,1,0,0,2,2,3,2,1,1,3,2,1,1,2,3,1,1,0,0,1,3,3,4,4,1,3,2,0,3,0,0,3,0,4,4,4,4,4,4,4,4,2,1,2,3,0,4,4,4,4,2,1,3,4,4,4,4,4,4,4,4,4,4,4,4,4,4,4,4,4,4,4,4,4,4,4,4,4,4,4,4,4,4,4,4,4,3,4,4,3,0,3,1,0,4,0,1,1,3,1,4,4,1,4,4,4,2,2,2,1,2,0,0,0,1,2,3,1,2,0,4,4,4,4,4,2,3,3,0,2,2,1,0,1,1,2,1,1,3,3,4,4,4,4,4,4,4,4,4,4,4,4,4,4,4,4,4,4,4,4,4,4,4,4,4,4,4,4,4,4,4,4,4,4,4,4,4,4,4,4,4,4,4,4,4,4,4,4,4,4,4,4,4,4,4,4,4,4,4,4,4,4,4,4,4,4,4,4,4,4,4,4,4,4,4,4,4,4,4,4,4,4,4,4,4,4,4,4,4,4,4,4,4,4,4,4,4,4,4,4,4,4,4,4,4,4,4,4,4,4,4,4,4,4,4,4,4,4,4,4,4,4,4,4,4,4,4,4,4,4,4,4,4,4,4,4,4,4,4,4,4,4,4,4,4,4,4,4,4,4,4,4,4,4,4,4,4,4,4,4,4,4,4,4,4,4,4,4,4,4,4,4,4,4,4,4,4,4,4,4,4,4,4,4,4,4,4,4,4,4,4,4,4,4,4,AETQ01000009.1/164479-164332,1
1295,0,2,0,3,2,1,3,1,0,3,1,1,4,1,0,1,4,3,3,4,0,3,3,0,3,2,0,1,4,0,2,1,3,3,2,2,1,1,0,3,3,4,0,0,2,2,1,3,0,4,4,0,3,3,3,0,4,4,4,4,4,4,4,4,4,4,4,4,4,4,4,4,4,4,4,4,4,4,4,4,4,2,1,3,3,1,0,3,0,0,0,1,1,1,0,4,2,2,2,4,0,3,2,0,1,2,1,0,4,4,4,4,2,0,2,1,1,2,0,3,3,3,3,0,2,0,2,3,2,1,1,3,0,3,3,2,3,1,1,0,3,2,3,0,0,4,1,1,2,0,3,2,3,3,4,4,4,4,4,4,4,4,4,2,0,2,3,0,4,4,4,4,0,3,2,4,4,4,4,4,4,4,4,4,4,4,4,4,4,4,4,4,4,4,4,4,4,4,4,4,4,4,4,4,4,4,4,4,3,4,4,1,0,3,1,0,4,1,0,3,0,1,4,4,1,4,4,4,2,2,2,1,0,3,0,0,1,2,3,3,2,0,4,4,4,4,4,2,3,2,0,2,2,1,0,1,3,2,0,3,0,3,4,4,4,4,4,4,4,4,4,4,4,4,4,4,4,4,4,4,4,4,4,4,4,4,4,4,4,4,4,4,4,4,4,4,4,4,4,4,4,4,4,4,4,4,4,4,4,4,4,4,4,4,4,4,4,4,4,4,4,4,4,4,4,4,4,4,4,4,4,4,4,4,4,4,4,4,4,4,4,4,4,4,4,4,4,4,4,4,4,4,4,4,4,4,4,4,4,4,4,4,4,4,4,4,4,4,4,4,4,4,4,4,4,4,4,4,4,4,4,4,4,4,4,4,4,4,4,4,4,4,4,4,4,4,4,4,4,4,4,4,4,4,4,4,4,4,4,4,4,4,4,4,4,4,4,4,4,4,4,4,4,4,4,4,4,4,4,4,4,4,4,4,4,4,4,4,4,4,4,4,4,4,4,4,4,4,4,4,4,4,4,4,4,4,4,AL590842.1/4324744-4324581,1
1296,0,2,0,3,2,1,3,1,0,3,3,1,4,1,0,3,4,1,3,4,1,3,3,0,3,2,3,3,4,1,2,1,1,3,3,4,1,4,4,4,4,4,4,4,4,4,4,4,4,4,4,4,4,4,4,4,3,4,4,4,4,4,4,4,4,4,4,4,4,4,4,4,4,4,4,4,4,4,4,4,2,2,1,1,3,1,0,3,0,0,0,1,3,1,0,4,2,2,0,4,0,3,2,0,3,2,1,0,4,4,4,4,2,0,2,1,1,2,4,4,3,3,3,0,1,2,2,3,2,1,3,3,0,3,1,2,3,1,1,4,0,1,3,2,0,4,1,0,2,0,3,2,3,1,4,4,4,4,4,4,4,4,4,2,1,3,3,0,1,4,4,4,2,1,1,4,4,4,4,4,4,4,4,4,4,4,4,4,4,4,4,4,4,4,4,4,4,4,4,4,4,4,4,4,4,4,4,4,3,4,4,1,0,3,1,0,4,0,0,1,0,1,4,4,1,1,4,3,2,2,0,1,0,1,0,0,1,2,3,3,2,0,4,4,4,4,4,2,3,2,0,0,2,1,0,1,1,1,1,3,3,3,4,4,4,4,4,4,4,4,4,4,4,4,4,4,4,4,4,4,4,4,4,4,4,4,4,4,4,4,4,4,4,4,4,4,4,4,4,4,4,4,4,4,4,4,4,4,4,4,4,4,4,4,4,4,4,4,4,4,4,4,4,4,4,4,4,4,4,4,4,4,4,4,4,4,4,4,4,4,4,4,4,4,4,4,4,4,4,4,4,4,4,4,4,4,4,4,4,4,4,4,4,4,4,4,4,4,4,4,4,4,4,4,4,4,4,4,4,4,4,4,4,4,4,4,4,4,4,4,4,4,4,4,4,4,4,4,4,4,4,4,4,4,4,4,4,4,4,4,4,4,4,4,4,4,4,4,4,4,4,4,4,4,4,4,4,4,4,4,4,4,4,4,4,4,4,4,4,4,4,4,4,4,4,4,4,4,4,4,4,4,4,4,4,4,4,CAAU01003646.1/430-578,1
1297,0,2,3,2,2,1,3,1,0,3,3,1,4,0,1,1,4,3,3,4,1,3,3,0,3,2,3,1,4,0,2,1,4,4,4,4,1,1,1,3,3,4,1,2,2,4,4,4,4,4,4,2,0,1,2,3,4,4,4,4,4,4,4,4,4,4,4,4,4,4,4,4,4,4,4,4,4,4,4,4,4,2,1,3,0,1,0,3,0,0,0,1,3,4,3,4,1,2,0,4,0,3,2,0,1,2,1,0,4,4,4,4,1,0,0,4,4,4,4,4,4,4,0,0,0,2,2,3,2,1,1,3,2,1,1,2,3,1,1,0,0,1,3,0,4,4,1,3,2,0,3,1,0,3,0,4,4,4,4,4,4,4,4,2,1,2,3,3,4,4,4,4,2,1,3,4,4,4,4,4,4,4,4,4,4,4,4,4,4,4,4,4,4,4,4,4,4,4,4,4,4,4,4,4,4,4,4,4,3,4,4,3,0,3,1,0,4,2,4,2,0,1,4,4,0,4,4,4,2,2,2,1,2,0,0,0,1,2,3,1,2,0,4,4,4,4,4,2,3,3,0,2,2,1,0,1,1,2,1,1,3,1,4,4,4,4,4,4,4,4,4,4,4,4,4,4,4,4,4,4,4,4,4,4,4,4,4,4,4,4,4,4,4,4,4,4,4,4,4,4,4,4,4,4,4,4,4,4,4,4,4,4,4,4,4,4,4,4,4,4,4,4,4,4,4,4,4,4,4,4,4,4,4,4,4,4,4,4,4,4,4,4,4,4,4,4,4,4,4,4,4,4,4,4,4,4,4,4,4,4,4,4,4,4,4,4,4,4,4,4,4,4,4,4,4,4,4,4,4,4,4,4,4,4,4,4,4,4,4,4,4,4,4,4,4,4,4,4,4,4,4,4,4,4,4,4,4,4,4,4,4,4,4,4,4,4,4,4,4,4,4,4,4,4,4,4,4,4,4,4,4,4,4,4,4,4,4,4,4,4,4,4,4,4,4,4,4,4,4,4,4,4,4,4,4,4,4,AGSY01000150.1/2857-2711,1
1298,0,2,3,2,2,1,3,1,0,3,3,1,4,0,1,1,4,3,3,4,1,3,3,0,3,2,3,1,4,0,2,1,4,4,4,4,1,1,1,3,3,4,1,2,2,4,4,4,4,4,4,2,0,1,2,1,4,4,4,4,4,4,4,4,4,4,4,4,4,4,4,4,4,4,4,4,4,4,4,4,4,2,1,3,0,1,0,3,0,0,0,1,3,4,3,4,1,2,0,4,0,3,2,0,1,2,1,0,4,4,4,4,1,0,0,4,4,4,4,4,4,4,0,1,0,2,2,3,2,1,1,3,2,1,1,2,3,1,1,0,0,1,3,1,4,4,1,3,2,0,3,0,0,1,0,4,4,4,4,4,4,4,4,2,1,1,3,2,4,4,4,4,2,1,3,4,4,4,4,4,4,4,4,4,4,4,4,4,4,4,4,4,4,4,4,4,4,4,4,4,4,4,4,4,4,4,4,4,3,4,4,3,0,3,1,0,4,2,0,1,0,3,4,4,1,4,4,4,2,2,2,1,2,0,0,0,1,2,3,1,2,0,4,4,4,4,4,2,3,0,0,2,2,1,0,1,1,2,1,1,3,1,4,4,4,4,4,4,4,4,4,4,4,4,4,4,4,4,4,4,4,4,4,4,4,4,4,4,4,4,4,4,4,4,4,4,4,4,4,4,4,4,4,4,4,4,4,4,4,4,4,4,4,4,4,4,4,4,4,4,4,4,4,4,4,4,4,4,4,4,4,4,4,4,4,4,4,4,4,4,4,4,4,4,4,4,4,4,4,4,4,4,4,4,4,4,4,4,4,4,4,4,4,4,4,4,4,4,4,4,4,4,4,4,4,4,4,4,4,4,4,4,4,4,4,4,4,4,4,4,4,4,4,4,4,4,4,4,4,4,4,4,4,4,4,4,4,4,4,4,4,4,4,4,4,4,4,4,4,4,4,4,4,4,4,4,4,4,4,4,4,4,4,4,4,4,4,4,4,4,4,4,4,4,4,4,4,4,4,4,4,4,4,4,4,4,4,AFQK01000017.1/32289-32436,1
1299,0,2,3,3,2,1,3,1,0,3,3,1,4,0,1,1,4,3,1,4,3,3,3,0,3,2,0,3,4,0,2,3,1,1,1,2,1,1,2,3,0,4,1,0,2,1,2,2,0,0,4,3,0,3,2,1,4,4,4,4,4,4,4,4,4,4,4,4,4,4,4,4,4,4,4,4,4,4,4,4,4,2,1,3,3,1,0,3,0,0,0,1,1,0,1,4,1,2,0,4,0,3,2,0,3,2,1,1,4,4,4,4,3,0,0,2,4,4,4,4,4,4,0,1,3,2,2,3,2,1,1,3,0,3,1,2,3,1,1,0,1,1,1,0,0,0,1,1,2,0,3,0,3,3,2,3,2,3,4,4,4,4,4,2,0,0,3,2,1,4,4,4,0,1,0,4,4,4,4,4,4,4,4,4,4,4,4,4,4,4,4,4,4,4,4,4,4,4,4,4,4,4,4,4,4,4,4,4,3,4,4,3,0,3,1,0,4,0,0,1,0,3,4,4,1,4,4,4,2,2,0,1,2,0,1,0,1,2,3,3,2,0,4,4,4,4,4,2,3,2,0,2,2,3,2,1,1,2,1,1,3,0,4,4,4,4,4,4,4,4,4,4,4,4,4,4,4,4,4,4,4,4,4,4,4,4,4,4,4,4,4,4,4,4,4,4,4,4,4,4,4,4,4,4,4,4,4,4,4,4,4,4,4,4,4,4,4,4,4,4,4,4,4,4,4,4,4,4,4,4,4,4,4,4,4,4,4,4,4,4,4,4,4,4,4,4,4,4,4,4,4,4,4,4,4,4,4,4,4,4,4,4,4,4,4,4,4,4,4,4,4,4,4,4,4,4,4,4,4,4,4,4,4,4,4,4,4,4,4,4,4,4,4,4,4,4,4,4,4,4,4,4,4,4,4,4,4,4,4,4,4,4,4,4,4,4,4,4,4,4,4,4,4,4,4,4,4,4,4,4,4,4,4,4,4,4,4,4,4,4,4,4,4,4,4,4,4,4,4,4,4,4,4,4,4,4,4,CACV01000012.1/108226-108390,1
1300,0,2,3,2,2,1,3,1,0,3,3,1,4,0,1,1,4,2,0,4,1,3,3,0,3,2,3,1,4,0,2,1,4,4,4,4,1,1,1,3,3,4,1,2,2,4,4,4,4,4,4,2,0,1,2,3,4,4,4,4,4,4,4,4,4,4,4,4,4,4,4,4,4,4,4,4,4,4,4,4,4,2,1,3,0,1,0,3,0,0,0,0,3,4,3,4,1,2,0,4,0,3,2,0,1,2,1,0,4,4,4,4,1,0,0,4,4,4,4,4,4,4,1,0,0,2,2,3,2,1,1,3,2,1,1,2,3,1,1,0,0,1,3,3,4,4,1,3,2,0,3,0,3,1,0,4,4,4,4,4,4,4,4,2,1,2,3,0,4,4,4,4,2,1,3,4,4,4,4,4,4,4,4,4,4,4,4,4,4,4,4,4,4,4,4,4,4,4,4,4,4,4,4,4,4,4,4,4,0,4,4,3,0,3,1,0,4,0,1,1,0,3,4,4,1,4,4,4,2,2,2,1,2,0,0,0,1,2,3,1,2,0,4,4,4,4,4,2,3,3,0,2,2,1,0,1,1,2,1,1,3,3,4,4,4,4,4,4,4,4,4,4,4,4,4,4,4,4,4,4,4,4,4,4,4,4,4,4,4,4,4,4,4,4,4,4,4,4,4,4,4,4,4,4,4,4,4,4,4,4,4,4,4,4,4,4,4,4,4,4,4,4,4,4,4,4,4,4,4,4,4,4,4,4,4,4,4,4,4,4,4,4,4,4,4,4,4,4,4,4,4,4,4,4,4,4,4,4,4,4,4,4,4,4,4,4,4,4,4,4,4,4,4,4,4,4,4,4,4,4,4,4,4,4,4,4,4,4,4,4,4,4,4,4,4,4,4,4,4,4,4,4,4,4,4,4,4,4,4,4,4,4,4,4,4,4,4,4,4,4,4,4,4,4,4,4,4,4,4,4,4,4,4,4,4,4,4,4,4,4,4,4,4,4,4,4,4,4,4,4,4,4,4,4,4,4,4,ADMX01000265.1/34554-34701,1
1301,0,2,3,2,2,1,3,1,0,3,3,1,4,0,1,1,4,2,0,4,1,3,3,0,3,2,3,1,4,0,2,1,4,4,4,4,1,1,1,3,3,4,1,2,2,4,4,4,4,4,4,2,0,1,2,3,4,4,4,4,4,4,4,4,4,4,4,4,4,4,4,4,4,4,4,4,4,4,4,4,4,2,1,3,0,1,0,3,0,0,0,0,3,4,3,4,1,2,0,4,0,3,2,0,1,2,1,0,4,4,4,4,1,0,0,4,4,4,4,4,4,4,1,0,0,2,2,3,2,1,1,3,2,1,1,2,3,1,1,0,0,1,3,3,4,4,1,3,2,0,3,0,3,1,0,4,4,4,4,4,4,4,4,2,1,2,3,0,4,4,4,4,2,1,3,4,4,4,4,4,4,4,4,4,4,4,4,4,4,4,4,4,4,4,4,4,4,4,4,4,4,4,4,4,4,4,4,4,0,4,4,3,0,3,1,0,4,0,1,1,0,3,4,4,1,4,4,4,2,2,2,1,2,0,0,0,1,2,3,1,2,0,4,4,4,4,4,2,3,3,0,2,2,1,0,1,1,2,1,1,3,3,4,4,4,4,4,4,4,4,4,4,4,4,4,4,4,4,4,4,4,4,4,4,4,4,4,4,4,4,4,4,4,4,4,4,4,4,4,4,4,4,4,4,4,4,4,4,4,4,4,4,4,4,4,4,4,4,4,4,4,4,4,4,4,4,4,4,4,4,4,4,4,4,4,4,4,4,4,4,4,4,4,4,4,4,4,4,4,4,4,4,4,4,4,4,4,4,4,4,4,4,4,4,4,4,4,4,4,4,4,4,4,4,4,4,4,4,4,4,4,4,4,4,4,4,4,4,4,4,4,4,4,4,4,4,4,4,4,4,4,4,4,4,4,4,4,4,4,4,4,4,4,4,4,4,4,4,4,4,4,4,4,4,4,4,4,4,4,4,4,4,4,4,4,4,4,4,4,4,4,4,4,4,4,4,4,4,4,4,4,4,4,4,4,4,4,AFHC01000046.1/38524-38377,1
1302,0,2,3,2,2,1,3,1,0,3,3,1,4,0,1,1,4,3,3,4,1,3,3,0,3,2,3,1,4,0,2,1,4,4,4,4,1,1,1,3,3,4,1,2,2,4,4,4,4,4,4,2,0,1,2,3,4,4,4,4,4,4,4,4,4,4,4,4,4,4,4,4,4,4,4,4,4,4,4,4,4,2,1,3,0,1,0,3,0,0,0,1,3,4,3,4,1,2,0,4,0,3,2,0,1,2,1,0,4,4,4,4,1,0,0,4,4,4,4,4,4,4,1,0,0,2,2,3,2,1,1,3,2,1,1,2,3,1,1,0,0,1,0,3,4,4,1,3,2,0,3,0,3,3,0,4,4,4,4,4,4,4,4,2,1,2,3,0,4,4,4,4,2,1,3,4,4,4,4,4,4,4,4,4,4,4,4,4,4,4,4,4,4,4,4,4,4,4,4,4,4,4,4,4,4,4,4,4,0,4,4,3,0,3,1,0,4,0,1,1,3,3,4,4,1,4,4,4,2,2,2,1,2,0,0,0,1,2,3,1,2,0,4,4,4,4,4,2,3,3,0,2,2,1,0,1,1,2,1,1,3,3,4,4,4,4,4,4,4,4,4,4,4,4,4,4,4,4,4,4,4,4,4,4,4,4,4,4,4,4,4,4,4,4,4,4,4,4,4,4,4,4,4,4,4,4,4,4,4,4,4,4,4,4,4,4,4,4,4,4,4,4,4,4,4,4,4,4,4,4,4,4,4,4,4,4,4,4,4,4,4,4,4,4,4,4,4,4,4,4,4,4,4,4,4,4,4,4,4,4,4,4,4,4,4,4,4,4,4,4,4,4,4,4,4,4,4,4,4,4,4,4,4,4,4,4,4,4,4,4,4,4,4,4,4,4,4,4,4,4,4,4,4,4,4,4,4,4,4,4,4,4,4,4,4,4,4,4,4,4,4,4,4,4,4,4,4,4,4,4,4,4,4,4,4,4,4,4,4,4,4,4,4,4,4,4,4,4,4,4,4,4,4,4,4,4,4,AGFT01124097.1/83-230,1
1303,0,2,0,3,2,1,3,1,0,3,3,1,4,1,0,3,4,1,3,4,1,3,3,0,3,2,3,3,4,1,2,1,1,3,4,4,4,4,4,4,4,4,4,4,4,4,4,4,4,4,4,4,4,4,4,4,3,3,4,4,4,4,4,4,4,4,4,4,4,4,4,4,4,4,4,4,4,4,4,2,3,2,1,1,3,1,0,3,0,0,0,1,3,1,0,4,2,2,0,4,0,3,2,0,3,2,1,0,4,4,4,4,2,0,2,1,1,2,3,0,1,3,3,0,1,2,2,3,2,1,3,3,0,3,1,2,3,1,1,4,0,1,3,2,0,4,3,0,2,0,3,2,3,1,2,1,0,3,4,4,4,4,3,3,1,0,3,0,3,4,4,4,2,3,1,4,4,4,4,4,4,4,4,4,4,4,4,4,4,4,4,4,4,4,4,4,4,4,4,4,4,4,4,4,4,4,4,4,3,4,4,1,0,3,1,0,4,0,0,1,0,1,4,4,1,0,4,3,2,2,0,1,0,3,0,0,1,2,3,3,2,0,4,4,4,4,4,2,3,2,0,0,2,1,0,1,1,1,0,0,3,3,4,4,4,4,4,4,4,4,4,4,4,4,4,4,4,4,4,4,4,4,4,4,4,4,4,4,4,4,4,4,4,4,4,4,4,4,4,4,4,4,4,4,4,4,4,4,4,4,4,4,4,4,4,4,4,4,4,4,4,4,4,4,4,4,4,4,4,4,4,4,4,4,4,4,4,4,4,4,4,4,4,4,4,4,4,4,4,4,4,4,4,4,4,4,4,4,4,4,4,4,4,4,4,4,4,4,4,4,4,4,4,4,4,4,4,4,4,4,4,4,4,4,4,4,4,4,4,4,4,4,4,4,4,4,4,4,4,4,4,4,4,4,4,4,4,4,4,4,4,4,4,4,4,4,4,4,4,4,4,4,4,4,4,4,4,4,4,4,4,4,4,4,4,4,4,4,4,4,4,4,4,4,4,4,4,4,4,4,4,4,4,4,4,4,4,AEWW01015060.1/2630-2475,1
1304,0,2,0,3,2,1,3,1,0,3,3,1,4,1,0,3,4,1,3,4,1,3,3,0,3,2,3,3,4,1,2,1,1,3,3,4,1,4,4,4,4,4,4,4,4,4,4,4,4,4,4,4,4,4,4,4,3,4,4,4,4,4,4,4,4,4,4,4,4,4,4,4,4,4,4,4,4,4,4,4,2,2,1,1,3,1,0,3,0,0,0,1,3,1,0,4,2,2,0,4,0,3,2,0,3,2,1,0,4,4,4,4,2,0,2,1,1,2,4,4,3,3,3,0,1,2,2,3,2,1,3,3,0,3,1,2,3,1,1,4,0,1,3,2,0,4,1,0,2,0,3,2,3,1,4,4,4,4,4,4,4,4,4,2,1,3,3,0,1,4,4,4,2,1,1,4,4,4,4,4,4,4,4,4,4,4,4,4,4,4,4,4,4,4,4,4,4,4,4,4,4,4,4,4,4,4,4,4,3,4,4,1,0,3,1,0,4,0,0,1,0,1,4,4,1,1,4,3,2,2,0,1,0,1,0,0,1,2,3,3,2,0,4,4,4,4,4,2,3,2,0,0,2,1,0,1,1,1,1,3,3,3,4,4,4,4,4,4,4,4,4,4,4,4,4,4,4,4,4,4,4,4,4,4,4,4,4,4,4,4,4,4,4,4,4,4,4,4,4,4,4,4,4,4,4,4,4,4,4,4,4,4,4,4,4,4,4,4,4,4,4,4,4,4,4,4,4,4,4,4,4,4,4,4,4,4,4,4,4,4,4,4,4,4,4,4,4,4,4,4,4,4,4,4,4,4,4,4,4,4,4,4,4,4,4,4,4,4,4,4,4,4,4,4,4,4,4,4,4,4,4,4,4,4,4,4,4,4,4,4,4,4,4,4,4,4,4,4,4,4,4,4,4,4,4,4,4,4,4,4,4,4,4,4,4,4,4,4,4,4,4,4,4,4,4,4,4,4,4,4,4,4,4,4,4,4,4,4,4,4,4,4,4,4,4,4,4,4,4,4,4,4,4,4,4,4,4,AFCI01001800.1/291-439,1
1305,3,2,3,3,2,1,3,1,0,3,3,1,4,0,3,1,4,3,2,4,3,3,3,0,3,2,0,3,4,3,2,1,1,0,1,4,1,1,1,0,1,4,0,2,1,2,2,4,4,4,4,2,1,0,2,0,4,4,4,4,4,4,4,4,4,4,4,4,4,4,4,4,4,4,4,4,4,4,4,4,4,2,1,4,3,1,0,3,0,0,0,0,3,4,1,4,1,2,0,4,0,3,2,0,1,2,1,0,4,4,4,4,1,1,0,4,4,4,4,4,4,4,0,0,1,2,2,0,2,1,1,3,2,3,1,2,3,1,1,0,1,1,1,0,0,4,1,1,2,0,3,0,0,3,1,2,3,0,3,4,4,2,3,4,3,1,3,2,1,4,4,0,3,1,2,4,4,4,4,4,4,4,4,4,4,4,4,4,4,4,4,4,4,4,4,4,4,4,4,4,4,4,4,4,4,4,4,4,3,4,4,3,0,3,1,0,4,0,2,1,0,3,4,4,1,4,4,4,2,2,0,1,2,1,0,0,1,2,3,3,2,0,4,4,4,4,4,2,3,3,0,2,2,1,3,1,1,0,1,1,1,0,4,4,4,4,4,4,4,4,4,4,4,4,4,4,4,4,4,4,4,4,4,4,4,4,4,4,4,4,4,4,4,4,4,4,4,4,4,4,4,4,4,4,4,4,4,4,4,4,4,4,4,4,4,4,4,4,4,4,4,4,4,4,4,4,4,4,4,4,4,4,4,4,4,4,4,4,4,4,4,4,4,4,4,4,4,4,4,4,4,4,4,4,4,4,4,4,4,4,4,4,4,4,4,4,4,4,4,4,4,4,4,4,4,4,4,4,4,4,4,4,4,4,4,4,4,4,4,4,4,4,4,4,4,4,4,4,4,4,4,4,4,4,4,4,4,4,4,4,4,4,4,4,4,4,4,4,4,4,4,4,4,4,4,4,4,4,4,4,4,4,4,4,4,4,4,4,4,4,4,4,4,4,4,4,4,4,4,4,4,4,4,4,4,4,4,AP012032.1/2633413-2633254,1
1306,0,2,0,3,2,1,3,1,0,3,3,1,4,1,0,3,4,1,3,4,1,3,3,0,3,2,3,3,4,1,2,1,1,3,3,4,1,4,4,4,4,4,4,4,4,4,4,4,4,4,4,4,4,4,4,4,3,4,4,4,4,4,4,4,4,4,4,4,4,4,4,4,4,4,4,4,4,4,4,4,2,2,1,1,3,1,0,3,0,0,0,1,3,1,0,4,2,2,0,4,0,3,2,0,3,2,1,0,4,4,4,4,2,0,2,1,1,2,4,4,3,3,3,0,1,2,2,3,2,1,3,3,0,3,1,2,3,1,1,4,0,1,3,2,0,4,1,0,2,0,3,2,3,1,4,4,4,4,4,4,4,4,4,2,1,3,3,0,1,4,4,4,2,1,1,4,4,4,4,4,4,4,4,4,4,4,4,4,4,4,4,4,4,4,4,4,4,4,4,4,4,4,4,4,4,4,4,4,3,4,4,1,0,3,1,0,4,0,0,1,0,1,4,4,1,1,4,3,2,2,0,1,0,1,0,0,1,2,3,3,2,0,4,4,4,4,4,2,3,2,0,0,2,1,0,1,1,1,1,3,3,3,4,4,4,4,4,4,4,4,4,4,4,4,4,4,4,4,4,4,4,4,4,4,4,4,4,4,4,4,4,4,4,4,4,4,4,4,4,4,4,4,4,4,4,4,4,4,4,4,4,4,4,4,4,4,4,4,4,4,4,4,4,4,4,4,4,4,4,4,4,4,4,4,4,4,4,4,4,4,4,4,4,4,4,4,4,4,4,4,4,4,4,4,4,4,4,4,4,4,4,4,4,4,4,4,4,4,4,4,4,4,4,4,4,4,4,4,4,4,4,4,4,4,4,4,4,4,4,4,4,4,4,4,4,4,4,4,4,4,4,4,4,4,4,4,4,4,4,4,4,4,4,4,4,4,4,4,4,4,4,4,4,4,4,4,4,4,4,4,4,4,4,4,4,4,4,4,4,4,4,4,4,4,4,4,4,4,4,4,4,4,4,4,4,4,4,CAAQ01000313.1/430-578,1
1307,0,2,3,2,2,1,3,1,0,3,3,1,4,0,1,1,4,2,0,4,1,3,3,0,3,2,3,1,4,0,2,1,4,4,4,4,1,1,1,3,3,4,1,2,2,4,4,4,4,4,4,2,0,1,2,3,4,4,4,4,4,4,4,4,4,4,4,4,4,4,4,4,4,4,4,4,4,4,4,4,4,2,1,3,0,1,0,3,0,0,0,0,3,4,3,4,1,2,0,4,0,3,2,0,1,2,1,0,4,4,4,4,1,0,0,4,4,4,4,4,4,4,1,0,0,2,2,3,2,1,1,3,2,1,1,2,3,1,1,0,0,1,3,3,4,4,1,3,2,0,3,0,3,1,0,4,4,4,4,4,4,4,4,2,1,2,3,0,4,4,4,4,2,1,3,4,4,4,4,4,4,4,4,4,4,4,4,4,4,4,4,4,4,4,4,4,4,4,4,4,4,4,4,4,4,4,4,4,0,4,4,3,0,3,1,0,4,0,1,1,0,3,4,4,1,4,4,4,2,2,2,1,2,0,0,0,1,2,3,1,2,0,4,4,4,4,4,2,3,3,0,2,2,1,0,1,1,2,1,1,3,3,4,4,4,4,4,4,4,4,4,4,4,4,4,4,4,4,4,4,4,4,4,4,4,4,4,4,4,4,4,4,4,4,4,4,4,4,4,4,4,4,4,4,4,4,4,4,4,4,4,4,4,4,4,4,4,4,4,4,4,4,4,4,4,4,4,4,4,4,4,4,4,4,4,4,4,4,4,4,4,4,4,4,4,4,4,4,4,4,4,4,4,4,4,4,4,4,4,4,4,4,4,4,4,4,4,4,4,4,4,4,4,4,4,4,4,4,4,4,4,4,4,4,4,4,4,4,4,4,4,4,4,4,4,4,4,4,4,4,4,4,4,4,4,4,4,4,4,4,4,4,4,4,4,4,4,4,4,4,4,4,4,4,4,4,4,4,4,4,4,4,4,4,4,4,4,4,4,4,4,4,4,4,4,4,4,4,4,4,4,4,4,4,4,4,4,AAJV02000013.1/68564-68417,1
1308,0,2,0,3,2,1,3,1,0,3,3,1,4,1,0,1,4,3,3,4,0,3,3,0,3,2,3,3,4,3,2,1,3,1,4,4,4,4,4,4,4,4,4,4,4,4,4,4,4,4,4,4,4,4,4,4,1,4,4,4,4,4,4,4,4,4,4,4,4,4,4,4,4,4,4,4,4,4,4,4,2,2,1,3,3,1,0,3,0,0,0,1,1,1,0,4,2,2,0,4,0,3,2,0,1,2,1,0,4,4,4,4,2,0,2,1,1,2,4,4,3,3,3,0,1,2,2,3,2,1,3,3,0,3,1,2,3,1,1,4,0,1,0,2,0,4,1,0,2,0,3,2,3,1,4,4,4,4,4,4,4,4,4,2,1,3,3,1,2,4,4,4,2,1,1,4,4,4,4,4,4,4,4,4,4,4,4,4,4,4,4,4,4,4,4,4,4,4,4,4,4,4,4,4,4,4,4,4,3,4,4,1,0,3,1,0,4,0,0,1,0,1,4,4,1,0,4,3,2,2,0,1,0,3,0,0,1,2,3,3,2,0,4,4,4,4,4,2,3,2,0,0,2,1,0,1,1,0,1,0,3,3,4,4,4,4,4,4,4,4,4,4,4,4,4,4,4,4,4,4,4,4,4,4,4,4,4,4,4,4,4,4,4,4,4,4,4,4,4,4,4,4,4,4,4,4,4,4,4,4,4,4,4,4,4,4,4,4,4,4,4,4,4,4,4,4,4,4,4,4,4,4,4,4,4,4,4,4,4,4,4,4,4,4,4,4,4,4,4,4,4,4,4,4,4,4,4,4,4,4,4,4,4,4,4,4,4,4,4,4,4,4,4,4,4,4,4,4,4,4,4,4,4,4,4,4,4,4,4,4,4,4,4,4,4,4,4,4,4,4,4,4,4,4,4,4,4,4,4,4,4,4,4,4,4,4,4,4,4,4,4,4,4,4,4,4,4,4,4,4,4,4,4,4,4,4,4,4,4,4,4,4,4,4,4,4,4,4,4,4,4,4,4,4,4,4,4,AFMO01000226.1/3432-3286,1
1309,0,2,3,2,2,1,3,1,0,3,3,1,4,0,1,1,4,2,0,4,1,3,3,0,3,2,3,1,4,0,2,1,4,4,4,4,1,1,1,3,3,4,1,2,2,4,4,4,4,4,4,2,0,1,2,3,4,4,4,4,4,4,4,4,4,4,4,4,4,4,4,4,4,4,4,4,4,4,4,4,4,2,1,3,0,1,0,3,0,0,0,0,3,4,3,4,1,2,0,4,0,3,2,0,1,2,1,0,4,4,4,4,1,0,0,4,4,4,4,4,4,4,1,0,0,2,2,3,2,1,1,3,2,1,1,2,3,1,1,0,0,1,3,3,4,4,1,3,2,0,3,0,3,1,0,4,4,4,4,4,4,4,4,2,1,2,3,0,4,4,4,4,2,1,3,4,4,4,4,4,4,4,4,4,4,4,4,4,4,4,4,4,4,4,4,4,4,4,4,4,4,4,4,4,4,4,4,4,0,4,4,3,0,3,1,0,4,0,1,1,0,3,4,4,1,4,4,4,2,2,2,1,2,0,0,0,1,2,3,1,2,0,4,4,4,4,4,2,3,3,0,2,2,1,0,1,1,2,1,1,3,3,4,4,4,4,4,4,4,4,4,4,4,4,4,4,4,4,4,4,4,4,4,4,4,4,4,4,4,4,4,4,4,4,4,4,4,4,4,4,4,4,4,4,4,4,4,4,4,4,4,4,4,4,4,4,4,4,4,4,4,4,4,4,4,4,4,4,4,4,4,4,4,4,4,4,4,4,4,4,4,4,4,4,4,4,4,4,4,4,4,4,4,4,4,4,4,4,4,4,4,4,4,4,4,4,4,4,4,4,4,4,4,4,4,4,4,4,4,4,4,4,4,4,4,4,4,4,4,4,4,4,4,4,4,4,4,4,4,4,4,4,4,4,4,4,4,4,4,4,4,4,4,4,4,4,4,4,4,4,4,4,4,4,4,4,4,4,4,4,4,4,4,4,4,4,4,4,4,4,4,4,4,4,4,4,4,4,4,4,4,4,4,4,4,4,4,CP001063.1/2726455-2726308,1
1310,0,2,3,3,2,1,3,1,0,3,3,1,4,0,1,1,4,3,3,4,3,3,3,0,3,2,0,3,4,0,2,1,1,1,1,2,1,0,0,3,3,4,0,0,2,1,2,2,0,3,4,2,0,3,2,1,4,4,4,4,4,4,4,4,4,4,4,4,4,4,4,4,4,4,4,4,4,4,4,4,4,2,1,3,3,1,0,3,0,0,2,1,1,3,1,4,1,2,0,4,0,3,2,0,3,2,1,1,4,4,4,4,3,0,0,2,4,4,4,4,4,4,0,1,3,2,2,3,2,1,1,3,0,3,1,2,3,1,1,0,1,1,3,0,0,0,1,1,2,0,1,0,3,3,2,3,2,3,4,4,4,4,4,2,0,0,0,2,1,4,4,4,0,1,0,4,4,4,4,4,4,4,4,4,4,4,4,4,4,4,4,4,4,4,4,4,4,4,4,4,4,4,4,4,4,4,4,4,3,4,4,3,0,3,1,0,4,0,0,1,0,3,4,4,1,4,4,4,2,2,0,1,2,0,1,0,1,2,3,3,2,0,4,4,4,4,4,2,3,2,0,2,2,1,0,1,1,2,1,1,3,0,4,4,4,4,4,4,4,4,4,4,4,4,4,4,4,4,4,4,4,4,4,4,4,4,4,4,4,4,4,4,4,4,4,4,4,4,4,4,4,4,4,4,4,4,4,4,4,4,4,4,4,4,4,4,4,4,4,4,4,4,4,4,4,4,4,4,4,4,4,4,4,4,4,4,4,4,4,4,4,4,4,4,4,4,4,4,4,4,4,4,4,4,4,4,4,4,4,4,4,4,4,4,4,4,4,4,4,4,4,4,4,4,4,4,4,4,4,4,4,4,4,4,4,4,4,4,4,4,4,4,4,4,4,4,4,4,4,4,4,4,4,4,4,4,4,4,4,4,4,4,4,4,4,4,4,4,4,4,4,4,4,4,4,4,4,4,4,4,4,4,4,4,4,4,4,4,4,4,4,4,4,4,4,4,4,4,4,4,4,4,4,4,4,4,4,AAYR01000001.1/1122050-1122214,1
1311,0,2,0,3,2,1,3,1,0,3,3,1,4,1,0,3,4,1,3,4,1,3,3,0,3,2,3,3,4,1,2,1,1,3,4,4,4,4,4,4,4,4,4,4,4,4,4,4,4,4,4,4,4,4,4,4,3,0,4,4,4,4,4,4,4,4,4,4,4,4,4,4,4,4,4,4,4,4,4,2,3,2,1,1,3,1,0,3,0,0,0,1,3,1,1,4,2,2,0,4,0,3,2,0,1,2,1,0,4,4,4,4,2,0,2,1,1,2,4,4,3,3,3,0,1,2,2,3,2,1,3,3,0,3,1,2,3,1,1,4,0,1,3,2,0,4,1,0,2,0,3,2,3,1,4,4,4,4,4,4,4,4,4,2,1,3,3,0,3,4,4,4,2,1,1,4,4,4,4,4,4,4,4,4,4,4,4,4,4,4,4,4,4,4,4,4,4,4,4,4,4,4,4,4,4,4,4,4,3,4,4,1,0,3,1,0,4,2,0,1,0,1,4,4,1,0,4,3,2,2,0,1,0,1,0,0,1,2,3,3,2,0,4,4,4,4,4,2,3,2,0,0,2,1,0,1,1,1,0,1,3,3,4,4,4,4,4,4,4,4,4,4,4,4,4,4,4,4,4,4,4,4,4,4,4,4,4,4,4,4,4,4,4,4,4,4,4,4,4,4,4,4,4,4,4,4,4,4,4,4,4,4,4,4,4,4,4,4,4,4,4,4,4,4,4,4,4,4,4,4,4,4,4,4,4,4,4,4,4,4,4,4,4,4,4,4,4,4,4,4,4,4,4,4,4,4,4,4,4,4,4,4,4,4,4,4,4,4,4,4,4,4,4,4,4,4,4,4,4,4,4,4,4,4,4,4,4,4,4,4,4,4,4,4,4,4,4,4,4,4,4,4,4,4,4,4,4,4,4,4,4,4,4,4,4,4,4,4,4,4,4,4,4,4,4,4,4,4,4,4,4,4,4,4,4,4,4,4,4,4,4,4,4,4,4,4,4,4,4,4,4,4,4,4,4,4,4,ABHM02000001.1/3146737-3146885,1
1312,0,2,0,3,2,1,3,1,0,3,1,1,4,1,0,1,4,3,3,4,0,3,3,0,3,2,0,1,4,0,2,1,3,3,2,2,1,1,0,3,3,4,0,0,2,2,1,3,0,4,4,0,3,3,3,0,4,4,4,4,4,4,4,4,4,4,4,4,4,4,4,4,4,4,4,4,4,4,4,4,4,2,1,3,3,1,0,3,0,0,0,1,1,1,0,4,2,2,2,4,0,3,2,0,1,2,1,0,4,4,4,4,2,0,2,1,1,2,0,3,3,3,3,0,2,0,2,3,2,1,1,3,0,3,3,2,3,1,1,0,3,2,3,0,0,4,1,1,2,0,3,2,3,3,4,4,4,4,4,4,4,4,4,2,0,2,3,0,4,4,4,4,0,3,2,4,4,4,4,4,4,4,4,4,4,4,4,4,4,4,4,4,4,4,4,4,4,4,4,4,4,4,4,4,4,4,4,4,3,4,4,1,0,3,1,0,4,1,0,3,0,1,4,4,1,4,4,4,2,2,2,1,0,3,0,0,1,2,3,3,2,0,4,4,4,4,4,2,3,2,0,2,2,1,0,1,3,2,0,3,0,3,4,4,4,4,4,4,4,4,4,4,4,4,4,4,4,4,4,4,4,4,4,4,4,4,4,4,4,4,4,4,4,4,4,4,4,4,4,4,4,4,4,4,4,4,4,4,4,4,4,4,4,4,4,4,4,4,4,4,4,4,4,4,4,4,4,4,4,4,4,4,4,4,4,4,4,4,4,4,4,4,4,4,4,4,4,4,4,4,4,4,4,4,4,4,4,4,4,4,4,4,4,4,4,4,4,4,4,4,4,4,4,4,4,4,4,4,4,4,4,4,4,4,4,4,4,4,4,4,4,4,4,4,4,4,4,4,4,4,4,4,4,4,4,4,4,4,4,4,4,4,4,4,4,4,4,4,4,4,4,4,4,4,4,4,4,4,4,4,4,4,4,4,4,4,4,4,4,4,4,4,4,4,4,4,4,4,4,4,4,4,4,4,4,4,4,AAYV01000016.1/740-903,1
1313,0,2,0,3,2,1,3,1,0,3,3,1,4,1,0,3,4,1,3,4,1,3,3,0,3,2,3,3,4,1,2,1,1,3,4,4,4,4,4,4,4,4,4,4,4,4,4,4,4,4,4,4,4,4,4,4,3,0,4,4,4,4,4,4,4,4,4,4,4,4,4,4,4,4,4,4,4,4,4,2,3,2,1,1,3,1,0,3,0,0,0,1,3,1,1,4,2,2,0,4,0,3,2,0,1,2,1,0,4,4,4,4,2,0,2,1,1,2,4,4,3,3,3,0,1,2,2,3,2,1,3,3,0,3,1,2,3,1,1,4,0,1,3,2,0,4,1,0,2,0,3,2,3,1,4,4,4,4,4,4,4,4,4,2,1,3,3,0,3,4,4,4,2,1,1,4,4,4,4,4,4,4,4,4,4,4,4,4,4,4,4,4,4,4,4,4,4,4,4,4,4,4,4,4,4,4,4,4,3,4,4,1,0,3,1,0,4,2,0,1,0,1,4,4,1,0,4,3,2,2,0,1,0,1,0,0,1,2,3,3,2,0,4,4,4,4,4,2,3,2,0,0,2,1,0,1,1,1,0,1,3,3,4,4,4,4,4,4,4,4,4,4,4,4,4,4,4,4,4,4,4,4,4,4,4,4,4,4,4,4,4,4,4,4,4,4,4,4,4,4,4,4,4,4,4,4,4,4,4,4,4,4,4,4,4,4,4,4,4,4,4,4,4,4,4,4,4,4,4,4,4,4,4,4,4,4,4,4,4,4,4,4,4,4,4,4,4,4,4,4,4,4,4,4,4,4,4,4,4,4,4,4,4,4,4,4,4,4,4,4,4,4,4,4,4,4,4,4,4,4,4,4,4,4,4,4,4,4,4,4,4,4,4,4,4,4,4,4,4,4,4,4,4,4,4,4,4,4,4,4,4,4,4,4,4,4,4,4,4,4,4,4,4,4,4,4,4,4,4,4,4,4,4,4,4,4,4,4,4,4,4,4,4,4,4,4,4,4,4,4,4,4,4,4,4,4,4,AFDR01000028.1/45266-45414,1
1314,0,2,3,2,2,1,3,1,0,3,3,1,4,0,1,1,4,2,0,4,1,3,3,0,3,2,3,1,4,0,2,1,4,4,4,4,1,1,1,3,3,4,1,2,2,4,4,4,4,4,4,2,0,1,2,3,4,4,4,4,4,4,4,4,4,4,4,4,4,4,4,4,4,4,4,4,4,4,4,4,4,2,1,3,0,1,0,3,0,0,0,0,3,4,0,4,1,2,0,4,0,3,2,0,1,2,1,0,4,4,4,4,1,0,0,4,4,4,4,4,4,4,1,0,0,2,2,3,2,1,1,3,2,1,1,2,3,1,1,0,0,1,3,3,4,4,1,3,2,0,3,0,3,1,0,4,4,4,4,4,4,4,4,2,1,2,3,0,4,4,4,4,2,1,3,4,4,4,4,4,4,4,4,4,4,4,4,4,4,4,4,4,4,4,4,4,4,4,4,4,4,4,4,4,4,4,4,4,0,4,4,3,0,3,1,0,4,0,1,1,0,3,4,4,1,4,4,4,2,2,2,1,2,0,0,0,1,2,3,1,2,0,4,4,4,4,4,2,3,3,0,2,2,1,0,1,1,2,1,1,3,3,4,4,4,4,4,4,4,4,4,4,4,4,4,4,4,4,4,4,4,4,4,4,4,4,4,4,4,4,4,4,4,4,4,4,4,4,4,4,4,4,4,4,4,4,4,4,4,4,4,4,4,4,4,4,4,4,4,4,4,4,4,4,4,4,4,4,4,4,4,4,4,4,4,4,4,4,4,4,4,4,4,4,4,4,4,4,4,4,4,4,4,4,4,4,4,4,4,4,4,4,4,4,4,4,4,4,4,4,4,4,4,4,4,4,4,4,4,4,4,4,4,4,4,4,4,4,4,4,4,4,4,4,4,4,4,4,4,4,4,4,4,4,4,4,4,4,4,4,4,4,4,4,4,4,4,4,4,4,4,4,4,4,4,4,4,4,4,4,4,4,4,4,4,4,4,4,4,4,4,4,4,4,4,4,4,4,4,4,4,4,4,4,4,4,4,CP000802.1/2729674-2729527,1
1315,0,2,3,2,2,1,3,1,0,3,3,1,4,0,1,1,4,3,3,4,1,3,3,0,3,2,3,1,4,0,2,1,4,4,4,4,1,1,1,3,3,4,0,2,2,4,4,4,4,4,4,2,0,1,2,1,4,4,4,4,4,4,4,4,4,4,4,4,4,4,4,4,4,4,4,4,4,4,4,4,4,2,1,3,0,1,0,3,0,0,0,1,3,4,3,4,1,2,0,4,0,3,2,0,1,2,1,0,4,4,4,4,1,0,0,4,4,4,4,4,4,4,1,0,0,2,2,3,2,1,1,3,2,1,1,2,3,1,1,0,0,1,3,3,4,4,1,3,2,0,3,0,0,3,0,4,4,4,4,4,4,4,4,2,1,2,3,0,4,4,4,4,2,1,3,4,4,4,4,4,4,4,4,4,4,4,4,4,4,4,4,4,4,4,4,4,4,4,4,4,4,4,4,4,4,4,4,4,3,4,4,3,0,3,1,0,4,0,1,1,3,1,4,4,1,4,4,4,2,2,2,1,2,0,0,0,1,2,3,1,2,0,4,4,4,4,4,2,3,3,0,2,2,1,0,1,1,2,1,1,3,3,4,4,4,4,4,4,4,4,4,4,4,4,4,4,4,4,4,4,4,4,4,4,4,4,4,4,4,4,4,4,4,4,4,4,4,4,4,4,4,4,4,4,4,4,4,4,4,4,4,4,4,4,4,4,4,4,4,4,4,4,4,4,4,4,4,4,4,4,4,4,4,4,4,4,4,4,4,4,4,4,4,4,4,4,4,4,4,4,4,4,4,4,4,4,4,4,4,4,4,4,4,4,4,4,4,4,4,4,4,4,4,4,4,4,4,4,4,4,4,4,4,4,4,4,4,4,4,4,4,4,4,4,4,4,4,4,4,4,4,4,4,4,4,4,4,4,4,4,4,4,4,4,4,4,4,4,4,4,4,4,4,4,4,4,4,4,4,4,4,4,4,4,4,4,4,4,4,4,4,4,4,4,4,4,4,4,4,4,4,4,4,4,4,4,4,AETT01000008.1/40317-40464,1
1316,0,2,3,2,2,1,3,1,0,3,3,1,4,0,1,1,4,3,3,4,1,3,3,0,3,2,3,1,4,0,2,1,4,4,4,4,1,1,1,3,3,4,0,2,2,4,4,4,4,4,4,2,0,1,2,1,4,4,4,4,4,4,4,4,4,4,4,4,4,4,4,4,4,4,4,4,4,4,4,4,4,2,1,3,0,1,0,3,0,0,0,1,3,4,3,4,1,2,0,4,0,3,2,0,1,2,1,0,4,4,4,4,1,0,0,4,4,4,4,4,4,4,1,0,0,2,2,3,2,1,1,3,2,1,1,2,3,1,1,0,0,1,3,3,4,4,1,3,2,0,3,0,0,3,0,4,4,4,4,4,4,4,4,2,1,2,3,0,4,4,4,4,2,1,3,4,4,4,4,4,4,4,4,4,4,4,4,4,4,4,4,4,4,4,4,4,4,4,4,4,4,4,4,4,4,4,4,4,3,4,4,3,0,3,1,0,4,0,1,1,3,1,4,4,1,4,4,4,2,2,2,1,2,0,0,0,1,2,3,1,2,0,4,4,4,4,4,2,3,3,0,2,2,1,0,1,1,2,1,1,3,3,4,4,4,4,4,4,4,4,4,4,4,4,4,4,4,4,4,4,4,4,4,4,4,4,4,4,4,4,4,4,4,4,4,4,4,4,4,4,4,4,4,4,4,4,4,4,4,4,4,4,4,4,4,4,4,4,4,4,4,4,4,4,4,4,4,4,4,4,4,4,4,4,4,4,4,4,4,4,4,4,4,4,4,4,4,4,4,4,4,4,4,4,4,4,4,4,4,4,4,4,4,4,4,4,4,4,4,4,4,4,4,4,4,4,4,4,4,4,4,4,4,4,4,4,4,4,4,4,4,4,4,4,4,4,4,4,4,4,4,4,4,4,4,4,4,4,4,4,4,4,4,4,4,4,4,4,4,4,4,4,4,4,4,4,4,4,4,4,4,4,4,4,4,4,4,4,4,4,4,4,4,4,4,4,4,4,4,4,4,4,4,4,4,4,4,AESV01000046.1/40318-40465,1
1317,0,2,0,3,2,1,3,1,0,3,3,1,4,1,0,3,4,1,3,4,1,3,3,0,3,2,3,3,4,1,2,1,1,3,3,4,4,4,4,4,4,4,4,4,4,4,4,4,4,4,4,4,4,4,4,4,1,4,4,4,4,4,4,4,4,4,4,4,4,4,4,4,4,4,4,4,4,4,4,2,3,2,1,1,3,1,0,3,0,0,0,1,3,1,1,4,2,2,0,4,0,3,2,0,3,2,1,0,4,4,4,4,2,0,2,1,1,2,3,3,1,3,3,0,1,2,2,3,2,1,3,3,0,3,1,2,3,1,1,4,0,1,3,2,0,4,1,0,2,0,3,2,3,1,2,1,0,3,4,4,4,4,4,3,3,0,3,4,4,4,4,4,2,1,1,4,4,4,4,4,4,4,4,4,4,4,4,4,4,4,4,4,4,4,4,4,4,4,4,4,4,4,4,4,4,4,4,4,3,4,4,1,0,3,1,0,4,0,0,1,0,1,4,4,1,0,4,3,2,2,0,1,0,3,3,0,1,2,3,3,2,0,4,4,4,4,4,2,3,2,0,0,2,1,0,1,1,1,0,0,3,3,4,4,4,4,4,4,4,4,4,4,4,4,4,4,4,4,4,4,4,4,4,4,4,4,4,4,4,4,4,4,4,4,4,4,4,4,4,4,4,4,4,4,4,4,4,4,4,4,4,4,4,4,4,4,4,4,4,4,4,4,4,4,4,4,4,4,4,4,4,4,4,4,4,4,4,4,4,4,4,4,4,4,4,4,4,4,4,4,4,4,4,4,4,4,4,4,4,4,4,4,4,4,4,4,4,4,4,4,4,4,4,4,4,4,4,4,4,4,4,4,4,4,4,4,4,4,4,4,4,4,4,4,4,4,4,4,4,4,4,4,4,4,4,4,4,4,4,4,4,4,4,4,4,4,4,4,4,4,4,4,4,4,4,4,4,4,4,4,4,4,4,4,4,4,4,4,4,4,4,4,4,4,4,4,4,4,4,4,4,4,4,4,4,4,4,CP001891.1/5261906-5261754,1
1318,0,2,0,3,2,1,3,1,0,3,3,1,4,1,0,3,4,1,3,4,1,3,3,0,3,2,3,3,4,1,2,1,1,3,4,4,4,4,4,4,4,4,4,4,4,4,4,4,4,4,4,4,4,4,4,4,3,0,4,4,4,4,4,4,4,4,4,4,4,4,4,4,4,4,4,4,4,4,4,2,3,2,1,1,3,1,0,3,0,0,0,1,3,1,0,4,2,2,0,4,0,3,2,0,1,2,1,0,4,4,4,4,2,0,2,1,1,2,4,4,3,3,3,0,1,2,2,3,2,1,3,3,0,3,1,2,3,1,1,4,0,1,3,2,0,4,1,0,2,0,3,2,3,1,4,4,4,4,4,4,4,4,4,2,1,3,3,0,3,4,4,4,2,1,1,4,4,4,4,4,4,4,4,4,4,4,4,4,4,4,4,4,4,4,4,4,4,4,4,4,4,4,4,4,4,4,4,4,3,4,4,1,0,3,1,0,4,0,0,1,0,1,4,4,1,0,4,3,2,2,0,1,0,3,0,0,1,2,3,3,2,0,4,4,4,4,4,2,3,2,0,0,2,1,0,1,1,1,0,0,3,3,4,4,4,4,4,4,4,4,4,4,4,4,4,4,4,4,4,4,4,4,4,4,4,4,4,4,4,4,4,4,4,4,4,4,4,4,4,4,4,4,4,4,4,4,4,4,4,4,4,4,4,4,4,4,4,4,4,4,4,4,4,4,4,4,4,4,4,4,4,4,4,4,4,4,4,4,4,4,4,4,4,4,4,4,4,4,4,4,4,4,4,4,4,4,4,4,4,4,4,4,4,4,4,4,4,4,4,4,4,4,4,4,4,4,4,4,4,4,4,4,4,4,4,4,4,4,4,4,4,4,4,4,4,4,4,4,4,4,4,4,4,4,4,4,4,4,4,4,4,4,4,4,4,4,4,4,4,4,4,4,4,4,4,4,4,4,4,4,4,4,4,4,4,4,4,4,4,4,4,4,4,4,4,4,4,4,4,4,4,4,4,4,4,4,4,CU928158.2/3797370-3797222,1
1319,0,2,3,2,2,1,3,1,0,3,3,1,4,0,1,1,4,2,0,4,1,3,3,0,3,2,3,1,4,0,2,1,4,4,4,4,1,1,1,3,3,4,1,2,2,4,4,4,4,4,4,2,0,1,2,3,4,4,4,4,4,4,4,4,4,4,4,4,4,4,4,4,4,4,4,4,4,4,4,4,4,2,1,3,0,1,0,3,0,0,0,0,3,4,3,4,1,2,0,4,0,3,2,0,1,2,1,0,4,4,4,4,1,0,0,4,4,4,4,4,4,4,1,0,0,2,2,3,2,1,1,3,2,1,1,2,3,1,1,0,0,1,3,3,4,4,1,3,2,0,3,0,3,1,0,4,4,4,4,4,4,4,4,2,1,2,3,0,4,4,4,4,2,1,3,4,4,4,4,4,4,4,4,4,4,4,4,4,4,4,4,4,4,4,4,4,4,4,4,4,4,4,4,4,4,4,4,4,0,4,4,3,0,3,1,0,4,0,1,1,0,3,4,4,1,4,4,4,2,2,2,1,2,0,0,0,1,2,3,1,2,0,4,4,4,4,4,2,3,3,0,2,2,1,0,1,1,2,1,1,3,3,4,4,4,4,4,4,4,4,4,4,4,4,4,4,4,4,4,4,4,4,4,4,4,4,4,4,4,4,4,4,4,4,4,4,4,4,4,4,4,4,4,4,4,4,4,4,4,4,4,4,4,4,4,4,4,4,4,4,4,4,4,4,4,4,4,4,4,4,4,4,4,4,4,4,4,4,4,4,4,4,4,4,4,4,4,4,4,4,4,4,4,4,4,4,4,4,4,4,4,4,4,4,4,4,4,4,4,4,4,4,4,4,4,4,4,4,4,4,4,4,4,4,4,4,4,4,4,4,4,4,4,4,4,4,4,4,4,4,4,4,4,4,4,4,4,4,4,4,4,4,4,4,4,4,4,4,4,4,4,4,4,4,4,4,4,4,4,4,4,4,4,4,4,4,4,4,4,4,4,4,4,4,4,4,4,4,4,4,4,4,4,4,4,4,4,AEZL01000051.1/13447-13594,1
1320,0,2,0,3,2,1,3,1,0,3,3,1,4,1,0,3,4,1,3,4,1,3,3,0,3,2,3,3,4,1,2,1,1,3,3,4,1,4,4,4,4,4,4,4,4,4,4,4,4,4,4,4,4,4,4,4,3,4,4,4,4,4,4,4,4,4,4,4,4,4,4,4,4,4,4,4,4,4,4,4,2,2,1,1,3,1,0,3,0,0,0,1,3,1,0,4,2,2,0,4,0,3,2,0,3,2,1,0,4,4,4,4,2,0,2,1,1,2,4,4,3,3,3,0,1,2,2,3,2,1,3,3,0,3,1,2,3,1,1,4,0,1,3,2,0,4,1,0,2,0,3,2,3,1,4,4,4,4,4,4,4,4,4,2,1,3,3,0,1,4,4,4,2,1,1,4,4,4,4,4,4,4,4,4,4,4,4,4,4,4,4,4,4,4,4,4,4,4,4,4,4,4,4,4,4,4,4,4,3,4,4,1,0,3,1,0,4,0,0,1,0,1,4,4,1,1,4,3,2,2,0,1,0,1,0,0,1,2,3,3,2,0,4,4,4,4,4,2,3,2,0,0,2,1,0,1,1,1,1,3,3,3,4,4,4,4,4,4,4,4,4,4,4,4,4,4,4,4,4,4,4,4,4,4,4,4,4,4,4,4,4,4,4,4,4,4,4,4,4,4,4,4,4,4,4,4,4,4,4,4,4,4,4,4,4,4,4,4,4,4,4,4,4,4,4,4,4,4,4,4,4,4,4,4,4,4,4,4,4,4,4,4,4,4,4,4,4,4,4,4,4,4,4,4,4,4,4,4,4,4,4,4,4,4,4,4,4,4,4,4,4,4,4,4,4,4,4,4,4,4,4,4,4,4,4,4,4,4,4,4,4,4,4,4,4,4,4,4,4,4,4,4,4,4,4,4,4,4,4,4,4,4,4,4,4,4,4,4,4,4,4,4,4,4,4,4,4,4,4,4,4,4,4,4,4,4,4,4,4,4,4,4,4,4,4,4,4,4,4,4,4,4,4,4,4,4,4,AETH01000045.1/39576-39724,1
1321,0,2,0,3,2,1,3,1,0,3,3,1,4,1,0,3,4,1,3,4,1,3,3,0,3,2,3,3,4,1,2,1,1,3,4,4,4,4,4,4,4,4,4,4,4,4,4,4,4,4,4,4,4,4,4,4,3,0,4,4,4,4,4,4,4,4,4,4,4,4,4,4,4,4,4,4,4,4,4,2,3,2,1,1,3,1,0,3,0,0,0,1,3,1,1,4,2,2,0,4,0,3,2,0,1,2,1,0,4,4,4,4,2,0,2,1,1,2,4,4,3,3,3,0,1,2,2,3,2,1,3,3,0,3,1,2,3,1,1,4,0,1,3,2,0,4,1,0,2,0,3,2,3,1,4,4,4,4,4,4,4,4,4,2,1,3,3,0,3,4,4,4,2,1,1,4,4,4,4,4,4,4,4,4,4,4,4,4,4,4,4,4,4,4,4,4,4,4,4,4,4,4,4,4,4,4,4,4,3,4,4,1,0,3,1,0,4,2,0,1,0,1,4,4,1,0,4,3,2,2,0,1,0,1,0,0,1,2,3,3,2,0,4,4,4,4,4,2,3,2,0,0,2,1,0,1,1,1,0,1,3,3,4,4,4,4,4,4,4,4,4,4,4,4,4,4,4,4,4,4,4,4,4,4,4,4,4,4,4,4,4,4,4,4,4,4,4,4,4,4,4,4,4,4,4,4,4,4,4,4,4,4,4,4,4,4,4,4,4,4,4,4,4,4,4,4,4,4,4,4,4,4,4,4,4,4,4,4,4,4,4,4,4,4,4,4,4,4,4,4,4,4,4,4,4,4,4,4,4,4,4,4,4,4,4,4,4,4,4,4,4,4,4,4,4,4,4,4,4,4,4,4,4,4,4,4,4,4,4,4,4,4,4,4,4,4,4,4,4,4,4,4,4,4,4,4,4,4,4,4,4,4,4,4,4,4,4,4,4,4,4,4,4,4,4,4,4,4,4,4,4,4,4,4,4,4,4,4,4,4,4,4,4,4,4,4,4,4,4,4,4,4,4,4,4,4,4,U00096.2/3984457-3984605,1
1322,0,2,0,3,2,1,3,1,0,3,3,1,4,1,0,3,4,1,3,4,1,3,3,0,3,2,3,3,4,1,2,1,1,3,4,4,4,4,4,4,4,4,4,4,4,4,4,4,4,4,4,4,4,4,4,4,3,0,4,4,4,4,4,4,4,4,4,4,4,4,4,4,4,4,4,4,4,4,4,2,3,2,1,1,3,1,0,3,0,0,0,1,3,1,1,4,2,2,0,4,0,3,2,0,1,2,1,0,4,4,4,4,2,0,2,1,1,2,4,4,3,3,3,0,1,2,2,3,2,1,3,3,0,3,1,2,3,1,1,4,0,1,3,2,0,4,1,0,2,0,3,2,3,1,4,4,4,4,4,4,4,4,4,2,1,3,3,0,3,4,4,4,2,1,1,4,4,4,4,4,4,4,4,4,4,4,4,4,4,4,4,4,4,4,4,4,4,4,4,4,4,4,4,4,4,4,4,4,3,4,4,1,0,3,1,0,4,2,0,1,0,1,4,4,1,0,4,3,2,2,0,1,0,1,0,0,1,2,3,3,2,0,4,4,4,4,4,2,3,2,0,0,2,1,0,1,1,1,0,1,3,3,4,4,4,4,4,4,4,4,4,4,4,4,4,4,4,4,4,4,4,4,4,4,4,4,4,4,4,4,4,4,4,4,4,4,4,4,4,4,4,4,4,4,4,4,4,4,4,4,4,4,4,4,4,4,4,4,4,4,4,4,4,4,4,4,4,4,4,4,4,4,4,4,4,4,4,4,4,4,4,4,4,4,4,4,4,4,4,4,4,4,4,4,4,4,4,4,4,4,4,4,4,4,4,4,4,4,4,4,4,4,4,4,4,4,4,4,4,4,4,4,4,4,4,4,4,4,4,4,4,4,4,4,4,4,4,4,4,4,4,4,4,4,4,4,4,4,4,4,4,4,4,4,4,4,4,4,4,4,4,4,4,4,4,4,4,4,4,4,4,4,4,4,4,4,4,4,4,4,4,4,4,4,4,4,4,4,4,4,4,4,4,4,4,4,4,AEZQ01000051.1/1316054-1316202,1
1323,0,2,0,3,2,1,3,1,0,3,3,1,4,1,0,3,4,1,3,4,1,3,3,0,3,2,3,3,4,1,2,1,1,3,4,4,4,4,4,4,4,4,4,4,4,4,4,4,4,4,4,4,4,4,4,4,3,0,4,4,4,4,4,4,4,4,4,4,4,4,4,4,4,4,4,4,4,4,4,2,3,2,1,1,3,1,0,3,0,0,0,1,3,1,1,4,2,2,0,4,0,3,2,0,1,2,1,0,4,4,4,4,2,0,2,1,1,2,4,4,3,3,3,0,1,2,2,3,2,1,3,3,0,3,1,2,3,1,1,4,0,1,3,2,0,4,1,0,2,0,3,2,3,1,4,4,4,4,4,4,4,4,4,2,1,3,3,0,3,4,4,4,2,1,1,4,4,4,4,4,4,4,4,4,4,4,4,4,4,4,4,4,4,4,4,4,4,4,4,4,4,4,4,4,4,4,4,4,3,4,4,1,0,3,1,0,4,2,0,1,0,1,4,4,1,0,4,3,2,2,0,1,0,1,0,0,1,2,3,3,2,0,4,4,4,4,4,2,3,2,0,0,2,1,0,1,1,1,0,1,3,3,4,4,4,4,4,4,4,4,4,4,4,4,4,4,4,4,4,4,4,4,4,4,4,4,4,4,4,4,4,4,4,4,4,4,4,4,4,4,4,4,4,4,4,4,4,4,4,4,4,4,4,4,4,4,4,4,4,4,4,4,4,4,4,4,4,4,4,4,4,4,4,4,4,4,4,4,4,4,4,4,4,4,4,4,4,4,4,4,4,4,4,4,4,4,4,4,4,4,4,4,4,4,4,4,4,4,4,4,4,4,4,4,4,4,4,4,4,4,4,4,4,4,4,4,4,4,4,4,4,4,4,4,4,4,4,4,4,4,4,4,4,4,4,4,4,4,4,4,4,4,4,4,4,4,4,4,4,4,4,4,4,4,4,4,4,4,4,4,4,4,4,4,4,4,4,4,4,4,4,4,4,4,4,4,4,4,4,4,4,4,4,4,4,4,4,AFGZ01000030.1/18148-18000,1
1324,0,2,0,3,2,1,3,1,0,3,3,1,4,1,0,3,4,1,3,4,1,3,3,0,3,2,3,3,4,1,2,1,1,3,4,4,4,4,4,4,4,4,4,4,4,4,4,4,4,4,4,4,4,4,4,4,3,0,4,4,4,4,4,4,4,4,4,4,4,4,4,4,4,4,4,4,4,4,4,2,3,2,1,1,3,1,0,3,0,0,0,1,3,1,1,4,2,2,0,4,0,3,2,0,1,2,1,0,4,4,4,4,2,0,2,1,1,2,4,4,3,3,3,0,1,2,2,3,2,1,3,3,0,3,1,2,3,1,1,4,0,1,3,2,0,4,1,0,2,0,3,2,3,1,4,4,4,4,4,4,4,4,4,2,1,3,3,0,3,4,4,4,2,1,1,4,4,4,4,4,4,4,4,4,4,4,4,4,4,4,4,4,4,4,4,4,4,4,4,4,4,4,4,4,4,4,4,4,3,4,4,1,0,3,1,0,4,2,0,1,0,1,4,4,1,0,4,3,2,2,0,1,0,1,0,0,1,2,3,3,2,0,4,4,4,4,4,2,3,2,0,0,2,1,0,1,1,1,0,1,3,3,4,4,4,4,4,4,4,4,4,4,4,4,4,4,4,4,4,4,4,4,4,4,4,4,4,4,4,4,4,4,4,4,4,4,4,4,4,4,4,4,4,4,4,4,4,4,4,4,4,4,4,4,4,4,4,4,4,4,4,4,4,4,4,4,4,4,4,4,4,4,4,4,4,4,4,4,4,4,4,4,4,4,4,4,4,4,4,4,4,4,4,4,4,4,4,4,4,4,4,4,4,4,4,4,4,4,4,4,4,4,4,4,4,4,4,4,4,4,4,4,4,4,4,4,4,4,4,4,4,4,4,4,4,4,4,4,4,4,4,4,4,4,4,4,4,4,4,4,4,4,4,4,4,4,4,4,4,4,4,4,4,4,4,4,4,4,4,4,4,4,4,4,4,4,4,4,4,4,4,4,4,4,4,4,4,4,4,4,4,4,4,4,4,4,4,ADUS01000025.1/6279-6131,1
1325,0,2,3,2,2,1,3,1,0,3,3,1,4,0,1,1,4,2,0,4,1,3,3,0,3,2,3,1,4,0,2,1,4,4,4,4,1,1,1,3,3,4,1,2,2,4,4,4,4,4,4,2,0,1,2,3,4,4,4,4,4,4,4,4,4,4,4,4,4,4,4,4,4,4,4,4,4,4,4,4,4,2,1,3,0,1,0,3,0,0,0,0,3,4,0,4,1,2,0,4,0,3,2,0,1,2,1,0,4,4,4,4,1,0,0,4,4,4,4,4,4,4,1,0,0,2,2,3,2,1,1,3,2,1,1,2,3,1,1,0,0,1,3,3,4,4,1,3,2,0,3,0,3,1,0,4,4,4,4,4,4,4,4,2,1,2,3,0,4,4,4,4,2,1,3,4,4,4,4,4,4,4,4,4,4,4,4,4,4,4,4,4,4,4,4,4,4,4,4,4,4,4,4,4,4,4,4,4,0,4,4,3,0,3,1,0,4,0,1,1,0,3,4,4,1,4,4,4,2,2,2,1,2,0,0,0,1,2,3,1,2,0,4,4,4,4,4,2,3,3,0,2,2,1,0,1,1,2,1,1,3,3,4,4,4,4,4,4,4,4,4,4,4,4,4,4,4,4,4,4,4,4,4,4,4,4,4,4,4,4,4,4,4,4,4,4,4,4,4,4,4,4,4,4,4,4,4,4,4,4,4,4,4,4,4,4,4,4,4,4,4,4,4,4,4,4,4,4,4,4,4,4,4,4,4,4,4,4,4,4,4,4,4,4,4,4,4,4,4,4,4,4,4,4,4,4,4,4,4,4,4,4,4,4,4,4,4,4,4,4,4,4,4,4,4,4,4,4,4,4,4,4,4,4,4,4,4,4,4,4,4,4,4,4,4,4,4,4,4,4,4,4,4,4,4,4,4,4,4,4,4,4,4,4,4,4,4,4,4,4,4,4,4,4,4,4,4,4,4,4,4,4,4,4,4,4,4,4,4,4,4,4,4,4,4,4,4,4,4,4,4,4,4,4,4,4,4,U36841.1/2584-2437,1
1326,0,2,0,3,2,1,3,1,0,3,3,1,4,1,0,3,4,1,3,4,1,3,3,0,3,2,3,3,4,1,2,1,1,3,4,4,4,4,4,4,4,4,4,4,4,4,4,4,4,4,4,4,4,4,4,4,3,0,4,4,4,4,4,4,4,4,4,4,4,4,4,4,4,4,4,4,4,4,4,2,3,2,1,1,3,1,0,3,0,0,0,1,3,1,1,4,2,2,0,4,0,3,2,0,1,2,1,0,4,4,4,4,2,0,2,1,1,2,4,4,3,3,3,0,1,2,2,3,2,1,3,3,0,3,1,2,3,1,1,4,0,1,3,2,0,4,1,0,2,0,3,2,3,1,4,4,4,4,4,4,4,4,4,2,1,3,3,0,3,4,4,4,2,1,1,4,4,4,4,4,4,4,4,4,4,4,4,4,4,4,4,4,4,4,4,4,4,4,4,4,4,4,4,4,4,4,4,4,3,4,4,1,0,3,1,0,4,2,0,1,0,1,4,4,1,0,4,3,2,2,0,1,0,1,0,0,1,2,3,3,2,0,4,4,4,4,4,2,3,2,0,0,2,1,0,1,1,1,0,1,3,3,4,4,4,4,4,4,4,4,4,4,4,4,4,4,4,4,4,4,4,4,4,4,4,4,4,4,4,4,4,4,4,4,4,4,4,4,4,4,4,4,4,4,4,4,4,4,4,4,4,4,4,4,4,4,4,4,4,4,4,4,4,4,4,4,4,4,4,4,4,4,4,4,4,4,4,4,4,4,4,4,4,4,4,4,4,4,4,4,4,4,4,4,4,4,4,4,4,4,4,4,4,4,4,4,4,4,4,4,4,4,4,4,4,4,4,4,4,4,4,4,4,4,4,4,4,4,4,4,4,4,4,4,4,4,4,4,4,4,4,4,4,4,4,4,4,4,4,4,4,4,4,4,4,4,4,4,4,4,4,4,4,4,4,4,4,4,4,4,4,4,4,4,4,4,4,4,4,4,4,4,4,4,4,4,4,4,4,4,4,4,4,4,4,4,4,CP002516.1/4816946-4816798,1
1327,0,2,3,3,2,1,3,1,0,3,3,1,4,0,0,1,4,3,3,4,3,3,3,0,3,2,3,1,4,2,2,3,1,1,0,4,1,0,0,3,0,4,3,2,2,2,3,2,2,2,4,0,0,1,0,3,4,4,4,4,4,4,4,4,4,4,4,4,4,4,4,4,4,4,4,4,4,4,4,4,4,0,1,1,0,1,0,3,0,0,2,1,1,4,0,4,0,2,0,4,0,3,2,0,1,2,1,1,4,4,4,4,0,2,0,2,4,4,4,4,4,4,3,0,0,2,2,3,2,1,1,3,0,1,1,2,3,1,1,0,0,1,0,3,1,4,0,3,2,0,3,0,1,3,1,2,1,1,4,4,4,4,4,4,4,4,3,3,1,2,4,2,2,1,1,4,4,4,4,4,4,4,4,4,4,4,4,4,4,4,4,4,4,4,4,4,4,4,4,4,4,4,4,4,4,4,4,4,3,4,4,3,0,3,1,0,4,0,0,1,0,1,4,4,0,4,4,4,2,2,2,1,2,0,1,0,1,2,3,2,2,0,4,4,4,4,4,2,3,2,0,2,2,1,0,1,1,0,1,1,3,3,4,4,4,4,4,4,4,4,4,4,4,4,4,4,4,4,4,4,4,4,4,4,4,4,4,4,4,4,4,4,4,4,4,4,4,4,4,4,4,4,4,4,4,4,4,4,4,4,4,4,4,4,4,4,4,4,4,4,4,4,4,4,4,4,4,4,4,4,4,4,4,4,4,4,4,4,4,4,4,4,4,4,4,4,4,4,4,4,4,4,4,4,4,4,4,4,4,4,4,4,4,4,4,4,4,4,4,4,4,4,4,4,4,4,4,4,4,4,4,4,4,4,4,4,4,4,4,4,4,4,4,4,4,4,4,4,4,4,4,4,4,4,4,4,4,4,4,4,4,4,4,4,4,4,4,4,4,4,4,4,4,4,4,4,4,4,4,4,4,4,4,4,4,4,4,4,4,4,4,4,4,4,4,4,4,4,4,4,4,4,4,4,4,4,4,AM942759.1/2018034-2017874,1
1328,0,2,3,2,2,1,3,1,0,3,3,1,4,0,1,1,4,2,0,4,1,3,3,0,3,2,3,1,4,0,2,1,4,4,4,4,1,1,1,3,3,4,1,2,2,4,4,4,4,4,4,2,0,1,2,3,4,4,4,4,4,4,4,4,4,4,4,4,4,4,4,4,4,4,4,4,4,4,4,4,4,2,1,3,0,1,0,3,0,0,0,0,3,4,3,4,1,2,0,4,0,3,2,0,1,2,1,0,4,4,4,4,1,0,0,4,4,4,4,4,4,4,1,0,0,2,2,3,2,1,1,3,2,1,1,2,3,1,1,0,0,1,3,3,4,4,1,3,2,2,3,0,3,1,0,4,4,4,4,4,4,4,4,2,1,2,3,0,4,4,4,4,2,1,3,4,4,4,4,4,4,4,4,4,4,4,4,4,4,4,4,4,4,4,4,4,4,4,4,4,4,4,4,4,4,4,4,4,0,4,4,3,0,3,1,0,4,0,1,1,0,3,4,4,1,4,4,4,2,2,2,1,2,0,0,0,1,2,3,1,2,0,4,4,4,4,4,2,3,3,0,2,2,1,0,1,1,2,1,1,3,3,4,4,4,4,4,4,4,4,4,4,4,4,4,4,4,4,4,4,4,4,4,4,4,4,4,4,4,4,4,4,4,4,4,4,4,4,4,4,4,4,4,4,4,4,4,4,4,4,4,4,4,4,4,4,4,4,4,4,4,4,4,4,4,4,4,4,4,4,4,4,4,4,4,4,4,4,4,4,4,4,4,4,4,4,4,4,4,4,4,4,4,4,4,4,4,4,4,4,4,4,4,4,4,4,4,4,4,4,4,4,4,4,4,4,4,4,4,4,4,4,4,4,4,4,4,4,4,4,4,4,4,4,4,4,4,4,4,4,4,4,4,4,4,4,4,4,4,4,4,4,4,4,4,4,4,4,4,4,4,4,4,4,4,4,4,4,4,4,4,4,4,4,4,4,4,4,4,4,4,4,4,4,4,4,4,4,4,4,4,4,4,4,4,4,4,AFDU01000019.1/1057369-1057222,1
1329,0,2,3,2,2,1,3,1,0,3,3,1,4,0,1,1,4,3,3,4,1,3,3,0,3,2,3,1,4,0,2,1,4,4,4,4,1,1,1,3,3,4,0,2,2,4,4,4,4,4,4,2,0,3,2,1,4,4,4,4,4,4,4,4,4,4,4,4,4,4,4,4,4,4,4,4,4,4,4,4,4,2,1,3,0,1,0,3,0,0,0,1,3,4,3,4,1,2,0,4,0,3,2,0,1,2,1,0,4,4,4,4,1,0,0,4,4,4,4,4,4,4,1,0,0,2,2,3,2,1,1,3,2,1,1,2,3,1,1,0,0,1,3,3,4,4,1,3,2,0,3,0,0,3,0,4,4,4,4,4,4,4,4,2,1,2,3,0,4,4,4,4,2,1,3,4,4,4,4,4,4,4,4,4,4,4,4,4,4,4,4,4,4,4,4,4,4,4,4,4,4,4,4,4,4,4,4,4,3,4,4,3,0,3,1,0,4,0,1,1,3,1,4,4,1,4,4,4,2,2,2,1,2,0,0,0,1,2,3,1,2,0,4,4,4,4,4,2,3,3,0,2,2,1,0,1,1,2,1,1,3,3,4,4,4,4,4,4,4,4,4,4,4,4,4,4,4,4,4,4,4,4,4,4,4,4,4,4,4,4,4,4,4,4,4,4,4,4,4,4,4,4,4,4,4,4,4,4,4,4,4,4,4,4,4,4,4,4,4,4,4,4,4,4,4,4,4,4,4,4,4,4,4,4,4,4,4,4,4,4,4,4,4,4,4,4,4,4,4,4,4,4,4,4,4,4,4,4,4,4,4,4,4,4,4,4,4,4,4,4,4,4,4,4,4,4,4,4,4,4,4,4,4,4,4,4,4,4,4,4,4,4,4,4,4,4,4,4,4,4,4,4,4,4,4,4,4,4,4,4,4,4,4,4,4,4,4,4,4,4,4,4,4,4,4,4,4,4,4,4,4,4,4,4,4,4,4,4,4,4,4,4,4,4,4,4,4,4,4,4,4,4,4,4,4,4,4,ABEH02000006.1/207957-208104,1
1330,0,2,3,2,2,1,3,1,0,3,3,1,4,0,1,1,4,2,0,4,1,3,3,0,3,2,3,1,4,0,2,1,4,4,4,4,1,1,1,3,3,4,1,2,2,4,4,4,4,4,4,2,0,1,2,3,4,4,4,4,4,4,4,4,4,4,4,4,4,4,4,4,4,4,4,4,4,4,4,4,4,2,1,3,0,1,0,3,0,0,0,0,3,4,3,4,1,2,0,4,0,3,2,0,1,2,1,0,4,4,4,4,1,0,0,4,4,4,4,4,4,4,1,0,0,2,2,3,2,1,1,3,2,1,1,2,3,1,1,0,0,1,3,3,4,4,1,3,2,0,3,0,3,1,0,4,4,4,4,4,4,4,4,2,1,2,3,0,4,4,4,4,2,1,3,4,4,4,4,4,4,4,4,4,4,4,4,4,4,4,4,4,4,4,4,4,4,4,4,4,4,4,4,4,4,4,4,4,0,4,4,3,0,3,1,0,4,0,1,1,0,3,4,4,1,4,4,4,2,2,2,1,2,0,0,0,1,2,3,1,2,0,4,4,4,4,4,2,3,3,0,2,2,1,0,1,1,2,1,1,3,3,4,4,4,4,4,4,4,4,4,4,4,4,4,4,4,4,4,4,4,4,4,4,4,4,4,4,4,4,4,4,4,4,4,4,4,4,4,4,4,4,4,4,4,4,4,4,4,4,4,4,4,4,4,4,4,4,4,4,4,4,4,4,4,4,4,4,4,4,4,4,4,4,4,4,4,4,4,4,4,4,4,4,4,4,4,4,4,4,4,4,4,4,4,4,4,4,4,4,4,4,4,4,4,4,4,4,4,4,4,4,4,4,4,4,4,4,4,4,4,4,4,4,4,4,4,4,4,4,4,4,4,4,4,4,4,4,4,4,4,4,4,4,4,4,4,4,4,4,4,4,4,4,4,4,4,4,4,4,4,4,4,4,4,4,4,4,4,4,4,4,4,4,4,4,4,4,4,4,4,4,4,4,4,4,4,4,4,4,4,4,4,4,4,4,4,AFGW01000053.1/38927-38780,1
1331,0,2,3,2,2,1,3,1,0,3,3,1,4,0,1,1,4,2,0,4,1,3,3,0,3,2,3,1,4,0,2,1,4,4,4,4,1,1,1,3,3,4,1,2,2,4,4,4,4,4,4,2,0,1,2,3,4,4,4,4,4,4,4,4,4,4,4,4,4,4,4,4,4,4,4,4,4,4,4,4,4,2,1,3,0,1,0,3,0,0,0,0,3,4,3,4,1,2,0,4,0,3,2,0,1,2,1,0,4,4,4,4,1,0,0,4,4,4,4,4,4,4,1,0,0,2,2,3,2,1,1,3,2,1,1,2,3,1,1,0,0,1,3,3,4,4,1,3,2,0,3,0,3,1,0,4,4,4,4,4,4,4,4,2,1,2,3,0,4,4,4,4,2,1,3,4,4,4,4,4,4,4,4,4,4,4,4,4,4,4,4,4,4,4,4,4,4,4,4,4,4,4,4,4,4,4,4,4,0,4,4,3,0,3,1,0,4,0,1,1,0,3,4,4,1,4,4,4,2,2,2,1,2,0,0,0,1,2,3,1,2,0,4,4,4,4,4,2,3,3,0,2,2,1,0,1,1,2,1,1,3,3,4,4,4,4,4,4,4,4,4,4,4,4,4,4,4,4,4,4,4,4,4,4,4,4,4,4,4,4,4,4,4,4,4,4,4,4,4,4,4,4,4,4,4,4,4,4,4,4,4,4,4,4,4,4,4,4,4,4,4,4,4,4,4,4,4,4,4,4,4,4,4,4,4,4,4,4,4,4,4,4,4,4,4,4,4,4,4,4,4,4,4,4,4,4,4,4,4,4,4,4,4,4,4,4,4,4,4,4,4,4,4,4,4,4,4,4,4,4,4,4,4,4,4,4,4,4,4,4,4,4,4,4,4,4,4,4,4,4,4,4,4,4,4,4,4,4,4,4,4,4,4,4,4,4,4,4,4,4,4,4,4,4,4,4,4,4,4,4,4,4,4,4,4,4,4,4,4,4,4,4,4,4,4,4,4,4,4,4,4,4,4,4,4,4,4,ADUX01000856.1/34510-34657,1
1332,0,2,0,3,2,1,3,1,0,3,3,1,4,1,0,3,4,1,3,4,1,3,3,0,3,2,3,3,4,1,2,1,1,3,4,4,4,4,4,4,4,4,4,4,4,4,4,4,4,4,4,4,4,4,4,4,3,0,4,4,4,4,4,4,4,4,4,4,4,4,4,4,4,4,4,4,4,4,4,2,3,2,1,1,3,1,0,3,0,0,0,1,3,1,1,4,2,2,0,4,0,3,2,0,1,2,1,0,4,4,4,4,2,0,2,1,1,2,4,4,3,3,3,0,1,2,2,3,2,1,3,3,0,3,1,2,3,1,1,4,0,1,3,2,0,4,1,0,2,0,3,2,3,1,4,4,4,4,4,4,4,4,4,2,1,3,3,0,3,4,4,4,2,1,1,4,4,4,4,4,4,4,4,4,4,4,4,4,4,4,4,4,4,4,4,4,4,4,4,4,4,4,4,4,4,4,4,4,3,4,4,1,0,3,1,0,4,2,0,1,0,1,4,4,1,0,4,3,2,2,0,1,0,1,0,0,1,2,3,3,2,0,4,4,4,4,4,2,3,2,0,0,2,1,0,1,1,1,0,1,3,3,4,4,4,4,4,4,4,4,4,4,4,4,4,4,4,4,4,4,4,4,4,4,4,4,4,4,4,4,4,4,4,4,4,4,4,4,4,4,4,4,4,4,4,4,4,4,4,4,4,4,4,4,4,4,4,4,4,4,4,4,4,4,4,4,4,4,4,4,4,4,4,4,4,4,4,4,4,4,4,4,4,4,4,4,4,4,4,4,4,4,4,4,4,4,4,4,4,4,4,4,4,4,4,4,4,4,4,4,4,4,4,4,4,4,4,4,4,4,4,4,4,4,4,4,4,4,4,4,4,4,4,4,4,4,4,4,4,4,4,4,4,4,4,4,4,4,4,4,4,4,4,4,4,4,4,4,4,4,4,4,4,4,4,4,4,4,4,4,4,4,4,4,4,4,4,4,4,4,4,4,4,4,4,4,4,4,4,4,4,4,4,4,4,4,4,AERR01000019.1/40204-40352,1
1333,0,2,0,3,2,1,3,1,0,3,3,1,4,1,0,3,4,1,3,4,1,3,3,0,3,2,3,3,4,1,2,1,1,3,4,4,4,4,4,4,4,4,4,4,4,4,4,4,4,4,4,4,4,4,4,4,3,0,4,4,4,4,4,4,4,4,4,4,4,4,4,4,4,4,4,4,4,4,4,2,3,2,1,1,3,1,0,3,0,0,0,1,3,1,1,4,2,2,0,4,0,3,2,0,1,2,1,0,4,4,4,4,2,0,2,1,1,2,4,4,3,3,3,0,1,2,2,3,2,1,3,3,0,3,1,2,3,1,1,4,0,1,3,2,0,4,1,0,2,0,3,2,3,1,4,4,4,4,4,4,4,4,4,2,1,3,3,0,3,4,4,4,2,1,1,4,4,4,4,4,4,4,4,4,4,4,4,4,4,4,4,4,4,4,4,4,4,4,4,4,4,4,4,4,4,4,4,4,3,4,4,1,0,3,1,0,4,2,0,1,0,1,4,4,1,0,4,3,2,2,0,1,0,1,0,0,1,2,3,3,2,0,4,4,4,4,4,2,3,2,0,0,2,1,0,1,1,1,0,1,3,3,4,4,4,4,4,4,4,4,4,4,4,4,4,4,4,4,4,4,4,4,4,4,4,4,4,4,4,4,4,4,4,4,4,4,4,4,4,4,4,4,4,4,4,4,4,4,4,4,4,4,4,4,4,4,4,4,4,4,4,4,4,4,4,4,4,4,4,4,4,4,4,4,4,4,4,4,4,4,4,4,4,4,4,4,4,4,4,4,4,4,4,4,4,4,4,4,4,4,4,4,4,4,4,4,4,4,4,4,4,4,4,4,4,4,4,4,4,4,4,4,4,4,4,4,4,4,4,4,4,4,4,4,4,4,4,4,4,4,4,4,4,4,4,4,4,4,4,4,4,4,4,4,4,4,4,4,4,4,4,4,4,4,4,4,4,4,4,4,4,4,4,4,4,4,4,4,4,4,4,4,4,4,4,4,4,4,4,4,4,4,4,4,4,4,4,AELD01000006.1/388244-388392,1
1334,0,2,3,2,2,1,3,1,0,3,3,1,4,0,1,1,4,3,3,4,1,3,3,0,3,2,3,1,4,0,2,1,4,4,4,4,1,1,1,3,3,4,0,2,2,4,4,4,4,4,4,2,0,1,2,1,4,4,4,4,4,4,4,4,4,4,4,4,4,4,4,4,4,4,4,4,4,4,4,4,4,2,1,3,0,1,0,3,0,0,0,1,3,4,3,4,1,2,0,4,0,3,2,0,1,2,1,0,4,4,4,4,1,0,0,4,4,4,4,4,4,4,1,0,0,2,2,3,2,1,1,3,2,1,1,2,3,1,3,0,0,1,3,3,4,4,1,3,2,0,3,0,0,3,0,4,4,4,4,4,4,4,4,2,1,2,3,0,4,4,4,4,2,1,3,4,4,4,4,4,4,4,4,4,4,4,4,4,4,4,4,4,4,4,4,4,4,4,4,4,4,4,4,4,4,4,4,4,3,4,4,3,0,3,1,0,4,0,1,1,3,1,4,4,1,4,4,4,2,2,2,1,2,0,0,0,1,2,3,1,2,0,4,4,4,4,4,2,3,3,0,2,2,1,0,1,1,2,1,1,3,3,4,4,4,4,4,4,4,4,4,4,4,4,4,4,4,4,4,4,4,4,4,4,4,4,4,4,4,4,4,4,4,4,4,4,4,4,4,4,4,4,4,4,4,4,4,4,4,4,4,4,4,4,4,4,4,4,4,4,4,4,4,4,4,4,4,4,4,4,4,4,4,4,4,4,4,4,4,4,4,4,4,4,4,4,4,4,4,4,4,4,4,4,4,4,4,4,4,4,4,4,4,4,4,4,4,4,4,4,4,4,4,4,4,4,4,4,4,4,4,4,4,4,4,4,4,4,4,4,4,4,4,4,4,4,4,4,4,4,4,4,4,4,4,4,4,4,4,4,4,4,4,4,4,4,4,4,4,4,4,4,4,4,4,4,4,4,4,4,4,4,4,4,4,4,4,4,4,4,4,4,4,4,4,4,4,4,4,4,4,4,4,4,4,4,4,AL627275.1/114935-114788,1
1335,0,2,3,2,2,1,3,1,0,3,3,1,4,0,1,1,4,2,0,4,1,3,3,0,3,2,3,1,4,0,2,1,4,4,4,4,1,1,1,3,3,4,1,2,2,4,4,4,4,4,4,2,0,1,2,3,4,4,4,4,4,4,4,4,4,4,4,4,4,4,4,4,4,4,4,4,4,4,4,4,4,2,1,3,0,1,0,3,0,0,0,0,3,4,0,4,1,2,0,4,0,3,2,0,1,2,1,0,4,4,4,4,1,0,0,4,4,4,4,4,4,4,1,0,0,2,2,3,2,1,1,3,2,1,1,2,3,1,1,0,0,1,3,3,4,4,1,3,2,0,3,0,3,1,0,4,4,4,4,4,4,4,4,2,1,2,3,0,4,4,4,4,2,1,3,4,4,4,4,4,4,4,4,4,4,4,4,4,4,4,4,4,4,4,4,4,4,4,4,4,4,4,4,4,4,4,4,4,0,4,4,3,0,3,1,0,4,0,1,1,0,3,4,4,1,4,4,4,2,2,2,1,2,0,0,0,1,2,3,1,2,0,4,4,4,4,4,2,3,3,0,2,2,1,0,1,1,2,1,1,3,3,4,4,4,4,4,4,4,4,4,4,4,4,4,4,4,4,4,4,4,4,4,4,4,4,4,4,4,4,4,4,4,4,4,4,4,4,4,4,4,4,4,4,4,4,4,4,4,4,4,4,4,4,4,4,4,4,4,4,4,4,4,4,4,4,4,4,4,4,4,4,4,4,4,4,4,4,4,4,4,4,4,4,4,4,4,4,4,4,4,4,4,4,4,4,4,4,4,4,4,4,4,4,4,4,4,4,4,4,4,4,4,4,4,4,4,4,4,4,4,4,4,4,4,4,4,4,4,4,4,4,4,4,4,4,4,4,4,4,4,4,4,4,4,4,4,4,4,4,4,4,4,4,4,4,4,4,4,4,4,4,4,4,4,4,4,4,4,4,4,4,4,4,4,4,4,4,4,4,4,4,4,4,4,4,4,4,4,4,4,4,4,4,4,4,4,AAMJ02000005.1/154153-154006,1
1336,2,2,3,3,2,1,3,1,0,3,3,1,4,2,2,1,4,1,1,4,3,3,3,0,3,2,3,1,4,0,2,1,2,1,1,4,0,2,3,3,0,4,3,2,2,4,4,4,4,4,4,4,4,1,1,4,4,4,4,4,4,4,4,4,4,4,4,4,4,4,4,4,4,4,4,4,4,4,4,4,2,2,1,3,1,1,0,3,0,0,0,0,1,0,3,4,3,2,0,4,0,3,2,0,1,2,1,1,4,4,4,4,0,3,3,0,4,4,4,4,4,2,1,0,1,2,2,3,2,1,1,3,0,1,1,2,3,1,1,2,2,0,0,0,3,0,3,1,2,0,3,0,0,1,0,2,3,1,4,4,4,4,4,2,1,3,3,1,2,2,4,1,2,1,3,4,4,4,4,4,4,4,4,4,4,4,4,4,4,4,4,4,4,4,4,4,4,4,4,4,4,4,4,4,4,4,4,4,3,4,4,3,0,3,1,0,4,2,2,1,0,1,4,4,0,4,4,4,2,2,0,1,2,0,1,0,1,2,3,3,2,0,4,4,4,4,4,2,3,2,0,2,2,1,2,1,1,0,1,1,3,0,4,4,4,4,4,4,4,4,4,4,4,4,4,4,4,4,4,4,4,4,4,4,4,4,4,4,4,4,4,4,4,4,4,4,4,4,4,4,4,4,4,4,4,4,4,4,4,4,4,4,4,4,4,4,4,4,4,4,4,4,4,4,4,4,4,4,4,4,4,4,4,4,4,4,4,4,4,4,4,4,4,4,4,4,4,4,4,4,4,4,4,4,4,4,4,4,4,4,4,4,4,4,4,4,4,4,4,4,4,4,4,4,4,4,4,4,4,4,4,4,4,4,4,4,4,4,4,4,4,4,4,4,4,4,4,4,4,4,4,4,4,4,4,4,4,4,4,4,4,4,4,4,4,4,4,4,4,4,4,4,4,4,4,4,4,4,4,4,4,4,4,4,4,4,4,4,4,4,4,4,4,4,4,4,4,4,4,4,4,4,4,4,4,4,4,CP002154.1/836328-836487,1
1337,0,2,0,3,2,1,3,1,0,3,3,1,4,1,0,3,4,1,3,4,1,3,3,0,3,2,3,2,4,2,2,1,2,1,4,4,4,4,4,4,4,4,4,4,4,4,4,4,4,4,4,4,4,4,4,4,0,4,4,4,4,4,4,4,4,4,4,4,4,4,4,4,4,4,4,4,4,4,4,4,0,2,1,2,2,1,0,3,0,0,0,1,1,2,2,4,2,2,0,4,0,3,2,0,1,2,1,0,4,4,4,4,2,0,2,1,1,4,4,4,0,3,3,0,1,2,2,3,0,1,1,3,2,3,3,2,3,1,1,0,0,1,1,0,4,4,2,1,1,0,0,3,0,3,2,4,4,4,4,4,4,4,4,2,3,3,1,0,1,4,4,2,1,1,3,4,4,4,4,4,4,4,4,4,4,4,4,4,4,4,4,4,4,4,4,4,4,4,4,4,4,4,4,4,4,4,4,4,3,4,4,0,3,3,2,2,4,0,3,3,0,3,4,4,1,4,4,4,2,2,0,1,0,0,0,0,1,2,3,3,2,0,4,4,4,4,4,2,3,1,2,2,2,3,0,1,1,4,1,0,3,1,4,4,4,4,4,4,4,4,4,4,4,4,4,4,4,4,4,4,4,4,4,4,4,4,4,4,4,4,4,4,4,4,4,4,4,4,4,4,4,4,4,4,4,4,4,4,4,4,4,4,4,4,4,4,4,4,4,4,4,4,4,4,4,4,4,4,4,4,4,4,4,4,4,4,4,4,4,4,4,4,4,4,4,4,4,4,4,4,4,4,4,4,4,4,4,4,4,4,4,4,4,4,4,4,4,4,4,4,4,4,4,4,4,4,4,4,4,4,4,4,4,4,4,4,4,4,4,4,4,4,4,4,4,4,4,4,4,4,4,4,4,4,4,4,4,4,4,4,4,4,4,4,4,4,4,4,4,4,4,4,4,4,4,4,4,4,4,4,4,4,4,4,4,4,4,4,4,4,4,4,4,4,4,4,4,4,4,4,4,4,4,4,4,4,4,FR719183.1/35232-35376,1
1338,0,2,3,2,2,1,3,1,0,3,3,1,4,0,1,1,4,2,0,4,1,3,3,0,3,2,3,1,4,0,2,1,4,4,4,4,1,1,1,3,3,4,1,2,2,4,4,4,4,4,4,2,0,1,2,3,4,4,4,4,4,4,4,4,4,4,4,4,4,4,4,4,4,4,4,4,4,4,4,4,4,2,1,3,0,1,0,3,0,0,0,0,3,4,3,4,1,2,0,4,0,3,2,0,1,2,1,0,4,4,4,4,1,0,0,4,4,4,4,4,4,4,1,0,0,2,2,3,2,1,1,3,2,1,1,2,3,1,1,0,0,1,3,3,4,4,1,3,2,0,3,0,3,1,0,4,4,4,4,4,4,4,4,2,1,2,3,0,4,4,4,4,2,1,3,4,4,4,4,4,4,4,4,4,4,4,4,4,4,4,4,4,4,4,4,4,4,4,4,4,4,4,4,4,4,4,4,4,0,4,4,3,0,3,1,0,4,0,1,1,0,3,4,4,1,4,4,4,2,2,2,1,2,0,0,0,1,2,3,1,2,0,4,4,4,4,4,2,3,3,0,2,2,1,0,1,1,2,1,1,3,3,4,4,4,4,4,4,4,4,4,4,4,4,4,4,4,4,4,4,4,4,4,4,4,4,4,4,4,4,4,4,4,4,4,4,4,4,4,4,4,4,4,4,4,4,4,4,4,4,4,4,4,4,4,4,4,4,4,4,4,4,4,4,4,4,4,4,4,4,4,4,4,4,4,4,4,4,4,4,4,4,4,4,4,4,4,4,4,4,4,4,4,4,4,4,4,4,4,4,4,4,4,4,4,4,4,4,4,4,4,4,4,4,4,4,4,4,4,4,4,4,4,4,4,4,4,4,4,4,4,4,4,4,4,4,4,4,4,4,4,4,4,4,4,4,4,4,4,4,4,4,4,4,4,4,4,4,4,4,4,4,4,4,4,4,4,4,4,4,4,4,4,4,4,4,4,4,4,4,4,4,4,4,4,4,4,4,4,4,4,4,4,4,4,4,4,AFVE01000039.1/213888-213741,1
1339,0,2,0,3,2,1,3,1,0,3,3,1,4,1,0,3,4,1,3,4,1,3,3,0,3,2,3,3,4,1,2,1,1,3,3,4,1,4,4,4,4,4,4,4,4,4,4,4,4,4,4,4,4,4,4,4,3,4,4,4,4,4,4,4,4,4,4,4,4,4,4,4,4,4,4,4,4,4,4,4,2,2,1,1,3,1,0,3,0,0,0,1,3,1,0,4,2,2,0,4,0,3,2,0,3,2,1,0,4,4,4,4,2,0,2,1,1,2,4,4,3,3,3,0,1,2,2,3,2,1,3,3,0,3,1,2,3,1,1,4,0,1,3,2,0,4,1,0,2,0,3,2,3,1,4,4,4,4,4,4,4,4,4,2,1,3,3,0,1,4,4,4,2,1,1,4,4,4,4,4,4,4,4,4,4,4,4,4,4,4,4,4,4,4,4,4,4,4,4,4,4,4,4,4,4,4,4,4,3,4,4,1,0,3,1,0,4,0,0,1,0,1,4,4,1,1,4,3,2,2,0,1,0,1,0,0,1,2,3,3,2,0,4,4,4,4,4,2,3,2,0,0,2,1,0,1,1,1,1,3,3,3,4,4,4,4,4,4,4,4,4,4,4,4,4,4,4,4,4,4,4,4,4,4,4,4,4,4,4,4,4,4,4,4,4,4,4,4,4,4,4,4,4,4,4,4,4,4,4,4,4,4,4,4,4,4,4,4,4,4,4,4,4,4,4,4,4,4,4,4,4,4,4,4,4,4,4,4,4,4,4,4,4,4,4,4,4,4,4,4,4,4,4,4,4,4,4,4,4,4,4,4,4,4,4,4,4,4,4,4,4,4,4,4,4,4,4,4,4,4,4,4,4,4,4,4,4,4,4,4,4,4,4,4,4,4,4,4,4,4,4,4,4,4,4,4,4,4,4,4,4,4,4,4,4,4,4,4,4,4,4,4,4,4,4,4,4,4,4,4,4,4,4,4,4,4,4,4,4,4,4,4,4,4,4,4,4,4,4,4,4,4,4,4,4,4,4,FN424405.1/4164523-4164671,1
1340,1,2,1,3,2,1,3,1,0,3,3,1,4,0,0,1,4,3,2,4,2,3,3,0,3,2,0,3,4,0,2,1,0,4,4,4,4,4,4,4,4,4,0,3,2,3,0,0,0,0,4,0,0,1,0,3,4,4,4,4,4,4,4,4,4,4,4,4,4,4,4,4,4,4,4,4,4,4,4,4,4,2,1,4,3,1,0,3,0,0,1,2,1,3,1,4,2,2,0,4,0,3,2,0,3,2,1,1,4,4,4,4,0,0,0,0,2,4,4,4,4,0,3,0,0,2,2,3,2,1,1,3,0,3,1,2,3,1,1,0,2,1,0,3,3,0,3,3,2,0,3,0,0,1,3,2,1,1,4,4,4,4,4,1,3,1,2,2,4,4,4,4,2,1,3,4,4,4,4,4,4,4,4,4,4,4,4,4,4,4,4,4,4,4,4,4,4,4,4,4,4,4,4,4,4,4,4,4,3,4,4,3,0,3,1,0,4,1,0,1,0,3,4,4,1,4,4,4,2,2,2,1,2,0,1,0,1,2,3,3,2,0,4,4,4,4,4,2,3,2,0,2,2,1,0,1,1,2,1,1,3,0,4,4,4,4,4,4,4,4,4,4,4,4,4,4,4,4,4,4,4,4,4,4,4,4,4,4,4,4,4,4,4,4,4,4,4,4,4,4,4,4,4,4,4,4,4,4,4,4,4,4,4,4,4,4,4,4,4,4,4,4,4,4,4,4,4,4,4,4,4,4,4,4,4,4,4,4,4,4,4,4,4,4,4,4,4,4,4,4,4,4,4,4,4,4,4,4,4,4,4,4,4,4,4,4,4,4,4,4,4,4,4,4,4,4,4,4,4,4,4,4,4,4,4,4,4,4,4,4,4,4,4,4,4,4,4,4,4,4,4,4,4,4,4,4,4,4,4,4,4,4,4,4,4,4,4,4,4,4,4,4,4,4,4,4,4,4,4,4,4,4,4,4,4,4,4,4,4,4,4,4,4,4,4,4,4,4,4,4,4,4,4,4,4,4,4,CP001836.1/3517812-3517656,1
1341,0,2,0,3,2,1,3,1,0,3,3,1,4,1,0,3,4,1,3,4,1,3,3,0,3,2,3,3,4,1,2,1,1,3,4,4,4,4,4,4,4,4,4,4,4,4,4,4,4,4,4,4,4,4,4,4,3,0,4,4,4,4,4,4,4,4,4,4,4,4,4,4,4,4,4,4,4,4,4,2,3,2,1,1,3,1,0,3,0,0,0,1,3,1,1,4,2,2,0,4,0,3,2,0,1,2,1,0,4,4,4,4,2,0,2,1,1,2,4,4,3,3,3,0,1,2,2,3,2,1,3,3,0,3,1,2,3,1,1,4,0,1,3,2,0,4,1,0,2,0,3,2,3,1,4,4,4,4,4,4,4,4,4,2,1,3,3,0,3,4,4,4,2,1,1,4,4,4,4,4,4,4,4,4,4,4,4,4,4,4,4,4,4,4,4,4,4,4,4,4,4,4,4,4,4,4,4,4,3,4,4,1,0,3,1,0,4,2,0,1,0,1,4,4,1,0,4,3,2,2,0,1,0,1,0,0,1,2,3,3,2,0,4,4,4,4,4,2,3,2,0,0,2,1,0,1,1,1,0,1,3,3,4,4,4,4,4,4,4,4,4,4,4,4,4,4,4,4,4,4,4,4,4,4,4,4,4,4,4,4,4,4,4,4,4,4,4,4,4,4,4,4,4,4,4,4,4,4,4,4,4,4,4,4,4,4,4,4,4,4,4,4,4,4,4,4,4,4,4,4,4,4,4,4,4,4,4,4,4,4,4,4,4,4,4,4,4,4,4,4,4,4,4,4,4,4,4,4,4,4,4,4,4,4,4,4,4,4,4,4,4,4,4,4,4,4,4,4,4,4,4,4,4,4,4,4,4,4,4,4,4,4,4,4,4,4,4,4,4,4,4,4,4,4,4,4,4,4,4,4,4,4,4,4,4,4,4,4,4,4,4,4,4,4,4,4,4,4,4,4,4,4,4,4,4,4,4,4,4,4,4,4,4,4,4,4,4,4,4,4,4,4,4,4,4,4,4,AFUY01000025.1/41264-41412,1
1342,0,2,3,2,2,1,3,1,0,3,3,1,4,0,1,1,4,2,0,4,1,3,3,0,3,2,3,1,4,0,2,1,4,4,4,4,1,1,1,3,3,4,1,2,2,4,4,4,4,4,4,2,0,1,2,3,4,4,4,4,4,4,4,4,4,4,4,4,4,4,4,4,4,4,4,4,4,4,4,4,4,2,1,3,0,1,0,3,0,0,0,0,3,4,3,4,1,2,0,4,0,3,2,0,1,2,1,0,4,4,4,4,1,0,0,4,4,4,4,4,4,4,1,0,0,2,2,3,2,1,1,3,2,1,1,2,3,1,1,0,0,1,3,3,4,4,1,3,2,0,3,0,3,1,0,4,4,4,4,4,4,4,4,2,1,2,3,0,4,4,4,4,2,1,3,4,4,4,4,4,4,4,4,4,4,4,4,4,4,4,4,4,4,4,4,4,4,4,4,4,4,4,4,4,4,4,4,4,0,4,4,3,0,3,1,0,4,0,1,1,0,3,4,4,1,4,4,4,2,2,2,1,2,0,0,0,1,2,3,1,2,0,4,4,4,4,4,2,3,3,0,2,2,1,0,1,1,2,1,1,3,3,4,4,4,4,4,4,4,4,4,4,4,4,4,4,4,4,4,4,4,4,4,4,4,4,4,4,4,4,4,4,4,4,4,4,4,4,4,4,4,4,4,4,4,4,4,4,4,4,4,4,4,4,4,4,4,4,4,4,4,4,4,4,4,4,4,4,4,4,4,4,4,4,4,4,4,4,4,4,4,4,4,4,4,4,4,4,4,4,4,4,4,4,4,4,4,4,4,4,4,4,4,4,4,4,4,4,4,4,4,4,4,4,4,4,4,4,4,4,4,4,4,4,4,4,4,4,4,4,4,4,4,4,4,4,4,4,4,4,4,4,4,4,4,4,4,4,4,4,4,4,4,4,4,4,4,4,4,4,4,4,4,4,4,4,4,4,4,4,4,4,4,4,4,4,4,4,4,4,4,4,4,4,4,4,4,4,4,4,4,4,4,4,4,4,4,ACXG01000034.1/37523-37376,1
1343,0,2,3,3,2,1,3,1,0,3,3,1,4,0,1,1,4,3,1,4,3,3,3,0,3,2,0,3,4,0,2,3,1,1,1,2,1,1,2,3,0,4,1,0,2,1,2,2,0,0,4,3,0,3,2,1,4,4,4,4,4,4,4,4,4,4,4,4,4,4,4,4,4,4,4,4,4,4,4,4,4,0,1,3,3,1,0,3,0,0,2,1,1,0,1,4,1,2,0,4,0,3,2,0,3,2,1,1,4,4,4,4,3,0,0,2,4,4,4,4,4,4,0,1,3,2,2,3,2,1,1,3,0,3,1,2,3,1,1,0,1,1,1,0,0,0,1,1,2,0,3,0,3,3,2,3,2,3,4,4,4,4,4,2,0,0,3,2,1,4,4,4,0,1,0,4,4,4,4,4,4,4,4,4,4,4,4,4,4,4,4,4,4,4,4,4,4,4,4,4,4,4,4,4,4,4,4,4,3,4,4,3,0,3,1,0,4,0,0,1,0,3,4,4,1,4,4,4,2,2,0,1,2,0,1,0,1,2,3,3,2,0,4,4,4,4,4,2,3,2,0,2,2,1,2,1,1,2,1,1,3,0,4,4,4,4,4,4,4,4,4,4,4,4,4,4,4,4,4,4,4,4,4,4,4,4,4,4,4,4,4,4,4,4,4,4,4,4,4,4,4,4,4,4,4,4,4,4,4,4,4,4,4,4,4,4,4,4,4,4,4,4,4,4,4,4,4,4,4,4,4,4,4,4,4,4,4,4,4,4,4,4,4,4,4,4,4,4,4,4,4,4,4,4,4,4,4,4,4,4,4,4,4,4,4,4,4,4,4,4,4,4,4,4,4,4,4,4,4,4,4,4,4,4,4,4,4,4,4,4,4,4,4,4,4,4,4,4,4,4,4,4,4,4,4,4,4,4,4,4,4,4,4,4,4,4,4,4,4,4,4,4,4,4,4,4,4,4,4,4,4,4,4,4,4,4,4,4,4,4,4,4,4,4,4,4,4,4,4,4,4,4,4,4,4,4,4,AM286415.1/1156074-1156238,1
1344,0,2,3,2,2,1,3,1,0,3,3,1,4,2,1,1,4,2,0,4,1,3,3,0,3,2,3,1,4,0,2,1,4,4,4,4,1,1,1,3,3,4,1,2,2,4,4,4,4,4,4,2,0,1,2,3,4,4,4,4,4,4,4,4,4,4,4,4,4,4,4,4,4,4,4,4,4,4,4,4,4,2,1,3,0,1,0,3,0,0,0,0,3,4,3,4,1,2,0,4,0,3,2,0,1,2,1,0,4,4,4,4,1,0,0,4,4,4,4,4,4,4,1,0,0,2,2,3,2,1,1,3,2,1,1,2,3,1,1,0,0,1,3,3,4,4,1,3,2,0,3,0,3,1,0,4,4,4,4,4,4,4,4,2,1,2,3,0,4,4,4,4,2,1,3,4,4,4,4,4,4,4,4,4,4,4,4,4,4,4,4,4,4,4,4,4,4,4,4,4,4,4,4,4,4,4,4,4,0,4,4,3,0,3,1,0,4,0,1,1,0,3,4,4,1,4,4,4,2,2,2,1,2,0,0,0,1,2,3,1,2,0,4,4,4,4,4,2,3,3,0,2,2,1,0,1,1,2,1,1,3,3,4,4,4,4,4,4,4,4,4,4,4,4,4,4,4,4,4,4,4,4,4,4,4,4,4,4,4,4,4,4,4,4,4,4,4,4,4,4,4,4,4,4,4,4,4,4,4,4,4,4,4,4,4,4,4,4,4,4,4,4,4,4,4,4,4,4,4,4,4,4,4,4,4,4,4,4,4,4,4,4,4,4,4,4,4,4,4,4,4,4,4,4,4,4,4,4,4,4,4,4,4,4,4,4,4,4,4,4,4,4,4,4,4,4,4,4,4,4,4,4,4,4,4,4,4,4,4,4,4,4,4,4,4,4,4,4,4,4,4,4,4,4,4,4,4,4,4,4,4,4,4,4,4,4,4,4,4,4,4,4,4,4,4,4,4,4,4,4,4,4,4,4,4,4,4,4,4,4,4,4,4,4,4,4,4,4,4,4,4,4,4,4,4,4,4,CU928162.2/2948348-2948201,1
1345,0,2,3,2,2,1,3,1,0,3,3,1,4,0,1,1,4,2,0,4,1,3,3,0,3,2,3,1,4,0,2,1,4,4,4,4,1,1,1,3,3,4,1,2,2,4,4,4,4,4,4,2,0,1,2,3,4,4,4,4,4,4,4,4,4,4,4,4,4,4,4,4,4,4,4,4,4,4,4,4,4,2,1,3,0,1,0,3,0,0,0,0,3,4,3,4,1,2,0,4,0,3,2,0,1,2,1,0,4,4,4,4,1,0,0,4,4,4,4,4,4,4,1,0,0,2,2,3,2,1,1,3,2,1,1,2,3,1,1,0,0,1,3,3,4,4,1,3,2,0,3,0,3,1,0,4,4,4,4,4,4,4,4,2,1,2,3,0,4,4,4,4,2,1,3,4,4,4,4,4,4,4,4,4,4,4,4,4,4,4,4,4,4,4,4,4,4,4,4,4,4,4,4,4,4,4,4,4,0,4,4,3,0,3,1,0,4,0,1,1,0,3,4,4,1,4,4,4,2,2,2,1,2,0,0,0,1,2,3,1,2,0,4,4,4,4,4,2,3,3,0,2,2,1,0,1,1,2,1,1,3,3,4,4,4,4,4,4,4,4,4,4,4,4,4,4,4,4,4,4,4,4,4,4,4,4,4,4,4,4,4,4,4,4,4,4,4,4,4,4,4,4,4,4,4,4,4,4,4,4,4,4,4,4,4,4,4,4,4,4,4,4,4,4,4,4,4,4,4,4,4,4,4,4,4,4,4,4,4,4,4,4,4,4,4,4,4,4,4,4,4,4,4,4,4,4,4,4,4,4,4,4,4,4,4,4,4,4,4,4,4,4,4,4,4,4,4,4,4,4,4,4,4,4,4,4,4,4,4,4,4,4,4,4,4,4,4,4,4,4,4,4,4,4,4,4,4,4,4,4,4,4,4,4,4,4,4,4,4,4,4,4,4,4,4,4,4,4,4,4,4,4,4,4,4,4,4,4,4,4,4,4,4,4,4,4,4,4,4,4,4,4,4,4,4,4,4,AFDZ01000019.1/426081-425934,1
1346,0,2,3,3,2,1,3,1,0,3,3,1,4,0,1,1,4,3,1,4,3,3,3,0,3,2,0,3,4,0,2,3,1,1,1,2,1,1,2,3,0,4,1,0,2,1,2,2,0,0,4,3,0,3,2,1,4,4,4,4,4,4,4,4,4,4,4,4,4,4,4,4,4,4,4,4,4,4,4,4,4,2,1,3,3,1,0,3,0,0,0,1,1,0,1,4,1,2,0,4,0,3,2,0,3,2,1,1,4,4,4,4,3,0,0,2,4,4,4,4,4,4,0,1,3,2,2,3,2,1,1,3,0,3,1,2,3,1,1,0,1,1,1,0,0,0,1,1,2,0,3,0,3,3,2,3,2,3,4,4,4,4,4,2,0,0,3,2,1,4,4,4,0,1,0,4,4,4,4,4,4,4,4,4,4,4,4,4,4,4,4,4,4,4,4,4,4,4,4,4,4,4,4,4,4,4,4,4,3,4,4,3,0,3,1,0,4,0,0,1,0,3,4,4,1,4,4,4,2,2,0,1,2,0,1,0,1,2,3,3,2,0,4,4,4,4,4,2,3,2,0,2,2,3,2,1,1,2,1,1,3,0,4,4,4,4,4,4,4,4,4,4,4,4,4,4,4,4,4,4,4,4,4,4,4,4,4,4,4,4,4,4,4,4,4,4,4,4,4,4,4,4,4,4,4,4,4,4,4,4,4,4,4,4,4,4,4,4,4,4,4,4,4,4,4,4,4,4,4,4,4,4,4,4,4,4,4,4,4,4,4,4,4,4,4,4,4,4,4,4,4,4,4,4,4,4,4,4,4,4,4,4,4,4,4,4,4,4,4,4,4,4,4,4,4,4,4,4,4,4,4,4,4,4,4,4,4,4,4,4,4,4,4,4,4,4,4,4,4,4,4,4,4,4,4,4,4,4,4,4,4,4,4,4,4,4,4,4,4,4,4,4,4,4,4,4,4,4,4,4,4,4,4,4,4,4,4,4,4,4,4,4,4,4,4,4,4,4,4,4,4,4,4,4,4,4,4,CACU01000010.1/96074-96238,1
1347,0,2,3,3,2,1,3,1,0,3,3,1,4,0,0,1,4,3,3,4,3,3,3,0,3,2,0,1,4,2,2,1,1,1,1,4,2,3,0,3,3,4,3,0,2,0,1,2,2,0,4,0,2,3,3,3,4,4,4,4,4,4,4,4,4,4,4,4,4,4,4,4,4,4,4,4,4,4,4,4,4,2,1,1,3,1,0,3,0,0,2,1,1,3,1,4,1,2,0,4,0,3,2,0,3,2,1,1,4,4,4,4,0,0,0,2,4,4,4,4,4,0,0,0,3,2,2,3,2,1,1,3,0,3,1,2,3,1,1,0,0,1,3,0,0,0,1,1,2,0,3,0,0,1,0,2,0,1,2,4,4,4,1,2,1,0,0,2,1,4,4,2,2,1,3,4,4,4,4,4,4,4,4,4,4,4,4,4,4,4,4,4,4,4,4,4,4,4,4,4,4,4,4,4,4,4,4,4,3,4,4,3,0,3,1,0,4,0,2,1,0,3,4,4,1,4,4,4,2,2,2,1,2,0,1,0,1,2,3,2,2,0,4,4,4,4,4,2,3,2,0,2,2,1,0,1,1,2,1,1,3,2,4,4,4,4,4,4,4,4,4,4,4,4,4,4,4,4,4,4,4,4,4,4,4,4,4,4,4,4,4,4,4,4,4,4,4,4,4,4,4,4,4,4,4,4,4,4,4,4,4,4,4,4,4,4,4,4,4,4,4,4,4,4,4,4,4,4,4,4,4,4,4,4,4,4,4,4,4,4,4,4,4,4,4,4,4,4,4,4,4,4,4,4,4,4,4,4,4,4,4,4,4,4,4,4,4,4,4,4,4,4,4,4,4,4,4,4,4,4,4,4,4,4,4,4,4,4,4,4,4,4,4,4,4,4,4,4,4,4,4,4,4,4,4,4,4,4,4,4,4,4,4,4,4,4,4,4,4,4,4,4,4,4,4,4,4,4,4,4,4,4,4,4,4,4,4,4,4,4,4,4,4,4,4,4,4,4,4,4,4,4,4,4,4,4,4,ADBX01000009.1/236032-235865,1
1348,0,2,3,2,2,1,3,1,0,3,3,1,4,0,1,1,4,3,3,4,1,3,3,0,3,2,3,1,4,0,2,1,4,4,4,4,1,1,1,3,3,4,1,2,2,4,4,4,4,4,4,2,0,1,2,3,4,4,4,4,4,4,4,4,4,4,4,4,4,4,4,4,4,4,4,4,4,4,4,4,4,2,1,3,0,1,0,3,0,0,0,1,3,4,3,4,1,2,0,4,0,3,2,0,1,2,1,0,4,4,4,4,1,0,0,4,4,4,4,4,4,4,1,0,0,2,2,3,2,1,1,3,2,1,1,2,3,1,1,0,0,1,0,3,4,4,1,3,2,0,3,0,3,3,0,4,4,4,4,4,4,4,4,2,1,2,0,0,2,4,4,4,1,3,1,4,4,4,4,4,4,4,4,4,4,4,4,4,4,4,4,4,4,4,4,4,4,4,4,4,4,4,4,4,4,4,4,4,0,4,4,3,0,3,1,0,4,0,1,1,3,1,4,4,1,4,4,4,2,2,2,1,2,0,0,0,1,2,3,1,2,0,4,4,4,4,4,2,3,3,0,2,2,1,0,1,1,2,1,1,3,3,4,4,4,4,4,4,4,4,4,4,4,4,4,4,4,4,4,4,4,4,4,4,4,4,4,4,4,4,4,4,4,4,4,4,4,4,4,4,4,4,4,4,4,4,4,4,4,4,4,4,4,4,4,4,4,4,4,4,4,4,4,4,4,4,4,4,4,4,4,4,4,4,4,4,4,4,4,4,4,4,4,4,4,4,4,4,4,4,4,4,4,4,4,4,4,4,4,4,4,4,4,4,4,4,4,4,4,4,4,4,4,4,4,4,4,4,4,4,4,4,4,4,4,4,4,4,4,4,4,4,4,4,4,4,4,4,4,4,4,4,4,4,4,4,4,4,4,4,4,4,4,4,4,4,4,4,4,4,4,4,4,4,4,4,4,4,4,4,4,4,4,4,4,4,4,4,4,4,4,4,4,4,4,4,4,4,4,4,4,4,4,4,4,4,4,BAAW01002863.1/65-213,1
1349,0,2,0,3,2,1,3,1,0,3,1,1,4,1,0,1,4,3,3,4,0,3,3,0,3,2,0,1,4,0,2,1,3,3,2,2,1,1,0,3,3,4,0,0,2,2,1,3,0,4,4,0,3,3,3,0,4,4,4,4,4,4,4,4,4,4,4,4,4,4,4,4,4,4,4,4,4,4,4,4,4,2,1,3,3,1,0,3,0,0,0,1,1,1,0,4,2,2,2,4,0,3,2,0,1,2,1,0,4,4,4,4,2,0,2,1,1,2,0,3,3,3,3,0,2,0,2,3,2,1,1,3,0,3,3,2,3,1,1,0,3,2,3,0,0,4,1,1,2,0,3,2,3,3,4,4,4,4,4,4,4,4,4,2,0,2,3,0,4,4,4,4,0,3,2,4,4,4,4,4,4,4,4,4,4,4,4,4,4,4,4,4,4,4,4,4,4,4,4,4,4,4,4,4,4,4,4,4,3,4,4,1,0,3,1,0,4,1,0,3,0,1,4,4,1,4,4,4,2,2,2,1,0,3,0,0,1,2,3,3,2,0,4,4,4,4,4,2,3,2,0,2,2,1,0,1,3,2,0,3,0,3,4,4,4,4,4,4,4,4,4,4,4,4,4,4,4,4,4,4,4,4,4,4,4,4,4,4,4,4,4,4,4,4,4,4,4,4,4,4,4,4,4,4,4,4,4,4,4,4,4,4,4,4,4,4,4,4,4,4,4,4,4,4,4,4,4,4,4,4,4,4,4,4,4,4,4,4,4,4,4,4,4,4,4,4,4,4,4,4,4,4,4,4,4,4,4,4,4,4,4,4,4,4,4,4,4,4,4,4,4,4,4,4,4,4,4,4,4,4,4,4,4,4,4,4,4,4,4,4,4,4,4,4,4,4,4,4,4,4,4,4,4,4,4,4,4,4,4,4,4,4,4,4,4,4,4,4,4,4,4,4,4,4,4,4,4,4,4,4,4,4,4,4,4,4,4,4,4,4,4,4,4,4,4,4,4,4,4,4,4,4,4,4,4,4,4,ADDC01000001.1/2341861-2342024,1
1350,0,2,0,3,2,1,3,1,0,3,1,1,4,1,0,1,4,3,3,4,0,3,3,0,3,2,0,1,4,0,2,1,1,3,2,4,2,1,3,3,3,4,0,1,3,3,2,1,1,0,4,0,1,3,2,0,4,4,4,4,4,4,4,4,4,4,4,4,4,4,4,4,4,4,4,4,4,4,4,4,4,2,1,3,3,1,0,3,0,0,0,1,1,1,0,4,2,2,2,4,0,3,2,0,3,2,1,0,4,4,4,4,2,0,2,1,1,0,0,3,3,3,3,0,2,2,2,3,2,1,1,3,0,3,3,2,3,1,1,0,3,2,3,0,0,4,0,1,2,0,3,2,3,3,4,4,4,4,4,4,4,4,4,2,1,0,3,0,4,4,4,4,3,1,3,4,4,4,4,4,4,4,4,4,4,4,4,4,4,4,4,4,4,4,4,4,4,4,4,4,4,4,4,4,4,4,4,4,3,4,4,1,0,3,1,0,4,1,0,3,0,1,4,4,1,4,4,4,2,2,2,1,0,3,0,0,1,2,3,3,2,0,4,4,4,4,4,2,3,2,0,2,2,1,0,1,1,2,0,1,0,3,4,4,4,4,4,4,4,4,4,4,4,4,4,4,4,4,4,4,4,4,4,4,4,4,4,4,4,4,4,4,4,4,4,4,4,4,4,4,4,4,4,4,4,4,4,4,4,4,4,4,4,4,4,4,4,4,4,4,4,4,4,4,4,4,4,4,4,4,4,4,4,4,4,4,4,4,4,4,4,4,4,4,4,4,4,4,4,4,4,4,4,4,4,4,4,4,4,4,4,4,4,4,4,4,4,4,4,4,4,4,4,4,4,4,4,4,4,4,4,4,4,4,4,4,4,4,4,4,4,4,4,4,4,4,4,4,4,4,4,4,4,4,4,4,4,4,4,4,4,4,4,4,4,4,4,4,4,4,4,4,4,4,4,4,4,4,4,4,4,4,4,4,4,4,4,4,4,4,4,4,4,4,4,4,4,4,4,4,4,4,4,4,4,4,4,ACCD01000007.1/51037-51200,1
1351,0,2,0,3,2,1,3,1,0,3,3,1,4,1,0,3,4,1,3,4,1,3,3,0,3,2,3,3,4,1,2,1,1,3,4,4,4,4,4,4,4,4,4,4,4,4,4,4,4,4,4,4,4,4,4,4,3,0,4,4,4,4,4,4,4,4,4,4,4,4,4,4,4,4,4,4,4,4,4,2,3,2,1,1,3,1,0,3,0,0,0,1,3,1,1,4,2,2,0,4,0,3,2,0,1,2,1,0,4,4,4,4,2,0,2,1,1,2,4,4,3,3,3,0,1,2,2,3,2,1,3,3,0,3,1,2,3,1,1,4,0,1,3,2,0,4,1,0,2,0,3,2,3,1,4,4,4,4,4,4,4,4,4,2,1,3,3,0,3,4,4,4,2,1,1,4,4,4,4,4,4,4,4,4,4,4,4,4,4,4,4,4,4,4,4,4,4,4,4,4,4,4,4,4,4,4,4,4,3,4,4,1,0,3,1,0,4,2,0,1,0,1,4,4,1,0,4,3,2,2,0,1,0,1,0,0,1,2,3,3,2,0,4,4,4,4,4,2,3,2,0,0,2,1,0,1,1,1,0,1,3,3,4,4,4,4,4,4,4,4,4,4,4,4,4,4,4,4,4,4,4,4,4,4,4,4,4,4,4,4,4,4,4,4,4,4,4,4,4,4,4,4,4,4,4,4,4,4,4,4,4,4,4,4,4,4,4,4,4,4,4,4,4,4,4,4,4,4,4,4,4,4,4,4,4,4,4,4,4,4,4,4,4,4,4,4,4,4,4,4,4,4,4,4,4,4,4,4,4,4,4,4,4,4,4,4,4,4,4,4,4,4,4,4,4,4,4,4,4,4,4,4,4,4,4,4,4,4,4,4,4,4,4,4,4,4,4,4,4,4,4,4,4,4,4,4,4,4,4,4,4,4,4,4,4,4,4,4,4,4,4,4,4,4,4,4,4,4,4,4,4,4,4,4,4,4,4,4,4,4,4,4,4,4,4,4,4,4,4,4,4,4,4,4,4,4,4,ADWU01000022.1/28182-28330,1
1352,0,2,3,3,2,1,3,1,0,3,3,1,4,0,0,1,4,3,3,4,3,3,3,0,3,2,3,1,4,2,2,3,1,1,0,4,1,0,0,3,0,4,3,2,2,2,3,2,2,2,4,0,0,1,0,3,4,4,4,4,4,4,4,4,4,4,4,4,4,4,4,4,4,4,4,4,4,4,4,4,4,0,1,1,0,1,0,3,0,0,2,1,1,4,0,4,0,2,0,4,0,3,2,0,1,2,1,1,4,4,4,4,0,2,0,2,4,4,4,4,4,4,3,0,0,2,2,3,2,1,1,3,0,1,1,2,3,1,1,0,0,1,0,3,1,4,0,3,2,0,3,0,1,3,1,2,1,1,4,4,4,4,4,4,4,4,3,3,1,2,4,2,2,1,1,4,4,4,4,4,4,4,4,4,4,4,4,4,4,4,4,4,4,4,4,4,4,4,4,4,4,4,4,4,4,4,4,4,3,4,4,3,0,3,1,0,4,0,0,1,0,1,4,4,0,4,4,4,2,2,2,1,2,0,1,0,1,2,3,2,2,0,4,4,4,4,4,2,3,2,0,2,2,1,0,1,1,0,1,1,3,3,4,4,4,4,4,4,4,4,4,4,4,4,4,4,4,4,4,4,4,4,4,4,4,4,4,4,4,4,4,4,4,4,4,4,4,4,4,4,4,4,4,4,4,4,4,4,4,4,4,4,4,4,4,4,4,4,4,4,4,4,4,4,4,4,4,4,4,4,4,4,4,4,4,4,4,4,4,4,4,4,4,4,4,4,4,4,4,4,4,4,4,4,4,4,4,4,4,4,4,4,4,4,4,4,4,4,4,4,4,4,4,4,4,4,4,4,4,4,4,4,4,4,4,4,4,4,4,4,4,4,4,4,4,4,4,4,4,4,4,4,4,4,4,4,4,4,4,4,4,4,4,4,4,4,4,4,4,4,4,4,4,4,4,4,4,4,4,4,4,4,4,4,4,4,4,4,4,4,4,4,4,4,4,4,4,4,4,4,4,4,4,4,4,4,4,CACX01001843.1/165-5,1
1353,0,2,1,3,2,1,3,1,0,3,3,1,4,0,1,1,4,3,2,4,3,3,3,0,3,2,0,3,4,3,2,1,1,4,4,4,4,1,3,2,1,4,2,0,0,2,1,2,2,0,4,3,0,0,2,0,4,4,4,4,4,4,4,4,4,4,4,4,4,4,4,4,4,4,4,4,4,4,4,4,4,2,1,4,3,1,0,3,0,0,0,2,3,4,1,4,1,2,0,4,0,3,2,0,1,2,1,0,4,4,4,4,1,1,0,4,4,4,4,4,4,4,0,0,1,2,2,0,2,1,1,3,2,1,1,2,3,1,1,0,1,1,3,2,0,4,1,1,2,0,3,0,0,3,1,4,4,4,4,4,4,4,4,2,1,3,3,2,4,4,4,4,4,1,2,4,4,4,4,4,4,4,4,4,4,4,4,4,4,4,4,4,4,4,4,4,4,4,4,4,4,4,4,4,4,4,4,4,3,4,4,3,0,3,1,0,4,0,0,1,0,1,4,4,1,4,4,4,2,2,0,1,2,3,0,0,1,2,3,3,2,0,4,4,4,4,4,2,3,0,0,2,2,1,3,1,1,0,1,1,1,0,4,4,4,4,4,4,4,4,4,4,4,4,4,4,4,4,4,4,4,4,4,4,4,4,4,4,4,4,4,4,4,4,4,4,4,4,4,4,4,4,4,4,4,4,4,4,4,4,4,4,4,4,4,4,4,4,4,4,4,4,4,4,4,4,4,4,4,4,4,4,4,4,4,4,4,4,4,4,4,4,4,4,4,4,4,4,4,4,4,4,4,4,4,4,4,4,4,4,4,4,4,4,4,4,4,4,4,4,4,4,4,4,4,4,4,4,4,4,4,4,4,4,4,4,4,4,4,4,4,4,4,4,4,4,4,4,4,4,4,4,4,4,4,4,4,4,4,4,4,4,4,4,4,4,4,4,4,4,4,4,4,4,4,4,4,4,4,4,4,4,4,4,4,4,4,4,4,4,4,4,4,4,4,4,4,4,4,4,4,4,4,4,4,4,4,AEDL01000013.1/57589-57438,1
1354,0,2,3,3,2,1,3,1,0,3,3,1,4,0,1,3,4,1,3,4,3,3,3,0,3,2,3,1,4,0,2,1,2,0,1,4,1,2,1,0,0,4,3,0,2,1,2,0,2,3,4,4,4,1,0,2,4,4,4,4,4,4,4,4,4,4,4,4,4,4,4,4,4,4,4,4,4,4,4,4,4,2,1,3,0,1,0,3,0,0,2,1,1,0,3,4,1,2,0,4,0,3,2,0,1,2,1,1,4,4,4,4,0,0,0,2,4,4,4,4,4,4,3,0,0,2,2,3,2,1,1,3,0,1,1,2,3,1,1,0,0,1,3,0,3,4,1,1,2,0,3,0,0,1,0,2,3,1,4,4,4,4,4,2,1,3,3,0,1,2,4,1,2,1,3,4,4,4,4,4,4,4,4,4,4,4,4,4,4,4,4,4,4,4,4,4,4,4,4,4,4,4,4,4,4,4,4,4,3,4,4,3,0,3,1,0,4,0,0,1,3,1,4,4,1,4,4,4,2,2,0,1,2,0,1,0,1,2,3,3,2,0,4,4,4,4,4,2,3,2,0,2,2,1,2,1,1,0,1,1,3,0,4,4,4,4,4,4,4,4,4,4,4,4,4,4,4,4,4,4,4,4,4,4,4,4,4,4,4,4,4,4,4,4,4,4,4,4,4,4,4,4,4,4,4,4,4,4,4,4,4,4,4,4,4,4,4,4,4,4,4,4,4,4,4,4,4,4,4,4,4,4,4,4,4,4,4,4,4,4,4,4,4,4,4,4,4,4,4,4,4,4,4,4,4,4,4,4,4,4,4,4,4,4,4,4,4,4,4,4,4,4,4,4,4,4,4,4,4,4,4,4,4,4,4,4,4,4,4,4,4,4,4,4,4,4,4,4,4,4,4,4,4,4,4,4,4,4,4,4,4,4,4,4,4,4,4,4,4,4,4,4,4,4,4,4,4,4,4,4,4,4,4,4,4,4,4,4,4,4,4,4,4,4,4,4,4,4,4,4,4,4,4,4,4,4,4,ADCU01000014.1/37224-37062,1
1355,0,2,3,2,2,1,3,1,0,3,3,1,4,0,1,1,4,2,0,4,1,3,3,0,3,2,3,1,4,0,2,1,4,4,4,4,1,1,1,3,3,4,1,2,2,4,4,4,4,4,4,2,0,1,2,3,4,4,4,4,4,4,4,4,4,4,4,4,4,4,4,4,4,4,4,4,4,4,4,4,4,2,1,3,0,1,0,3,0,0,0,0,3,4,3,4,1,2,0,4,0,3,2,0,1,2,1,0,4,4,4,4,1,0,0,4,4,4,4,4,4,4,1,0,0,2,2,3,2,1,1,3,2,1,1,2,3,1,1,0,0,1,3,3,4,4,1,3,2,0,3,0,3,1,0,4,4,4,4,4,4,4,4,2,1,2,3,0,4,4,4,4,2,1,3,4,4,4,4,4,4,4,4,4,4,4,4,4,4,4,4,4,4,4,4,4,4,4,4,4,4,4,4,4,4,4,4,4,0,4,4,3,0,3,1,0,4,0,1,1,0,3,4,4,1,4,4,4,2,2,2,1,2,0,0,0,1,2,3,1,2,0,4,4,4,4,4,2,3,3,0,2,2,1,0,1,1,2,1,1,3,3,4,4,4,4,4,4,4,4,4,4,4,4,4,4,4,4,4,4,4,4,4,4,4,4,4,4,4,4,4,4,4,4,4,4,4,4,4,4,4,4,4,4,4,4,4,4,4,4,4,4,4,4,4,4,4,4,4,4,4,4,4,4,4,4,4,4,4,4,4,4,4,4,4,4,4,4,4,4,4,4,4,4,4,4,4,4,4,4,4,4,4,4,4,4,4,4,4,4,4,4,4,4,4,4,4,4,4,4,4,4,4,4,4,4,4,4,4,4,4,4,4,4,4,4,4,4,4,4,4,4,4,4,4,4,4,4,4,4,4,4,4,4,4,4,4,4,4,4,4,4,4,4,4,4,4,4,4,4,4,4,4,4,4,4,4,4,4,4,4,4,4,4,4,4,4,4,4,4,4,4,4,4,4,4,4,4,4,4,4,4,4,4,4,4,4,AGTL01000007.1/34636-34783,1
1356,2,2,3,3,2,1,3,1,0,3,3,3,4,2,2,1,4,1,1,4,3,3,3,0,3,2,3,1,4,0,2,1,2,1,1,4,3,0,3,1,0,4,1,2,4,4,4,4,4,4,4,4,4,4,4,4,2,1,4,4,4,4,4,4,4,4,4,4,4,4,4,4,4,4,4,4,4,4,4,1,2,2,1,3,1,1,0,3,0,0,0,0,1,0,3,4,1,2,0,4,0,3,2,0,1,2,1,1,4,4,4,4,0,3,3,0,4,4,4,4,4,2,1,0,1,2,2,1,2,1,1,3,0,1,1,2,3,1,1,2,2,0,0,0,3,0,3,1,2,0,3,0,0,1,0,2,1,1,4,4,4,4,4,2,1,1,3,1,2,2,4,1,2,1,3,4,4,4,4,4,4,4,4,4,4,4,4,4,4,4,4,4,4,4,4,4,4,4,4,4,4,4,4,4,4,4,4,4,3,4,4,3,0,3,1,0,4,2,2,1,0,1,4,4,0,4,4,4,2,2,0,1,2,0,1,0,1,2,3,3,2,0,4,4,4,4,4,2,3,2,0,2,2,1,2,1,1,0,1,1,3,0,4,4,4,4,4,4,4,4,4,4,4,4,4,4,4,4,4,4,4,4,4,4,4,4,4,4,4,4,4,4,4,4,4,4,4,4,4,4,4,4,4,4,4,4,4,4,4,4,4,4,4,4,4,4,4,4,4,4,4,4,4,4,4,4,4,4,4,4,4,4,4,4,4,4,4,4,4,4,4,4,4,4,4,4,4,4,4,4,4,4,4,4,4,4,4,4,4,4,4,4,4,4,4,4,4,4,4,4,4,4,4,4,4,4,4,4,4,4,4,4,4,4,4,4,4,4,4,4,4,4,4,4,4,4,4,4,4,4,4,4,4,4,4,4,4,4,4,4,4,4,4,4,4,4,4,4,4,4,4,4,4,4,4,4,4,4,4,4,4,4,4,4,4,4,4,4,4,4,4,4,4,4,4,4,4,4,4,4,4,4,4,4,4,4,4,CP001600.1/884398-884557,1
1357,0,2,0,3,2,1,3,1,0,3,3,1,4,1,0,3,4,1,3,4,1,3,3,0,3,2,3,3,4,1,2,1,1,3,3,4,1,4,4,4,4,4,4,4,4,4,4,4,4,4,4,4,4,4,4,4,3,4,4,4,4,4,4,4,4,4,4,4,4,4,4,4,4,4,4,4,4,4,4,4,2,2,1,1,3,1,0,3,0,0,0,1,3,1,0,4,2,2,0,4,0,3,2,0,3,2,1,0,4,4,4,4,2,0,2,1,1,2,4,4,3,3,3,0,1,2,2,3,2,1,3,3,0,3,1,2,3,1,1,4,0,1,3,2,0,4,1,0,2,0,3,2,3,1,4,4,4,4,4,4,4,4,4,2,1,3,3,0,1,4,4,4,2,1,1,4,4,4,4,4,4,4,4,4,4,4,4,4,4,4,4,4,4,4,4,4,4,4,4,4,4,4,4,4,4,4,4,4,3,4,4,1,0,3,1,0,4,0,0,1,0,1,4,4,1,1,4,3,2,2,0,1,0,1,0,0,1,2,3,3,2,0,4,4,4,4,4,2,3,2,0,0,2,1,0,1,1,1,1,3,3,3,4,4,4,4,4,4,4,4,4,4,4,4,4,4,4,4,4,4,4,4,4,4,4,4,4,4,4,4,4,4,4,4,4,4,4,4,4,4,4,4,4,4,4,4,4,4,4,4,4,4,4,4,4,4,4,4,4,4,4,4,4,4,4,4,4,4,4,4,4,4,4,4,4,4,4,4,4,4,4,4,4,4,4,4,4,4,4,4,4,4,4,4,4,4,4,4,4,4,4,4,4,4,4,4,4,4,4,4,4,4,4,4,4,4,4,4,4,4,4,4,4,4,4,4,4,4,4,4,4,4,4,4,4,4,4,4,4,4,4,4,4,4,4,4,4,4,4,4,4,4,4,4,4,4,4,4,4,4,4,4,4,4,4,4,4,4,4,4,4,4,4,4,4,4,4,4,4,4,4,4,4,4,4,4,4,4,4,4,4,4,4,4,4,4,4,AETD01000016.1/39709-39857,1
1358,0,2,3,2,2,1,3,1,0,3,3,1,4,0,1,1,4,3,3,4,1,3,3,0,3,2,3,1,4,0,2,1,4,4,4,4,1,1,1,3,3,4,0,2,2,4,4,4,4,4,4,2,0,1,2,1,4,4,4,4,4,4,4,4,4,4,4,4,4,4,4,4,4,4,4,4,4,4,4,4,4,2,1,3,0,1,0,3,0,0,0,1,3,4,3,4,1,2,0,4,0,3,2,0,1,2,1,0,4,4,4,4,1,0,0,4,4,4,4,4,4,4,1,0,0,2,2,3,2,1,1,3,2,1,1,2,3,1,3,0,0,1,3,3,4,4,1,3,2,0,3,0,0,3,0,4,4,4,4,4,4,4,4,2,1,2,3,0,4,4,4,4,2,1,3,4,4,4,4,4,4,4,4,4,4,4,4,4,4,4,4,4,4,4,4,4,4,4,4,4,4,4,4,4,4,4,4,4,3,4,4,3,0,3,1,0,4,0,1,1,3,1,4,4,1,4,4,4,2,2,2,1,2,0,0,0,1,2,3,1,2,0,4,4,4,4,4,2,3,3,0,2,2,1,0,1,1,2,1,1,3,3,4,4,4,4,4,4,4,4,4,4,4,4,4,4,4,4,4,4,4,4,4,4,4,4,4,4,4,4,4,4,4,4,4,4,4,4,4,4,4,4,4,4,4,4,4,4,4,4,4,4,4,4,4,4,4,4,4,4,4,4,4,4,4,4,4,4,4,4,4,4,4,4,4,4,4,4,4,4,4,4,4,4,4,4,4,4,4,4,4,4,4,4,4,4,4,4,4,4,4,4,4,4,4,4,4,4,4,4,4,4,4,4,4,4,4,4,4,4,4,4,4,4,4,4,4,4,4,4,4,4,4,4,4,4,4,4,4,4,4,4,4,4,4,4,4,4,4,4,4,4,4,4,4,4,4,4,4,4,4,4,4,4,4,4,4,4,4,4,4,4,4,4,4,4,4,4,4,4,4,4,4,4,4,4,4,4,4,4,4,4,4,4,4,4,4,AE014613.1/332914-333061,1
1359,0,2,0,3,2,1,3,1,0,3,3,1,4,1,0,3,4,1,3,4,1,3,3,0,3,2,3,3,4,1,2,1,1,3,3,4,1,4,4,4,4,4,4,4,4,4,4,4,4,4,4,4,4,4,4,4,3,4,4,4,4,4,4,4,4,4,4,4,4,4,4,4,4,4,4,4,4,4,4,4,2,2,1,1,3,1,0,3,0,0,0,1,3,1,0,4,2,2,0,4,0,3,2,0,3,2,1,0,4,4,4,4,2,0,2,1,1,2,4,4,3,3,3,0,1,2,2,3,2,1,3,3,0,3,1,2,3,1,1,4,0,1,3,2,0,4,1,0,2,0,3,2,3,1,4,4,4,4,4,4,4,4,4,2,1,3,3,0,1,4,4,4,2,1,1,4,4,4,4,4,4,4,4,4,4,4,4,4,4,4,4,4,4,4,4,4,4,4,4,4,4,4,4,4,4,4,4,4,3,4,4,1,0,3,1,0,4,0,0,1,0,1,4,4,1,1,4,3,2,2,0,1,0,1,0,0,1,2,3,3,2,0,4,4,4,4,4,2,3,2,0,0,2,1,0,1,1,1,1,3,3,3,4,4,4,4,4,4,4,4,4,4,4,4,4,4,4,4,4,4,4,4,4,4,4,4,4,4,4,4,4,4,4,4,4,4,4,4,4,4,4,4,4,4,4,4,4,4,4,4,4,4,4,4,4,4,4,4,4,4,4,4,4,4,4,4,4,4,4,4,4,4,4,4,4,4,4,4,4,4,4,4,4,4,4,4,4,4,4,4,4,4,4,4,4,4,4,4,4,4,4,4,4,4,4,4,4,4,4,4,4,4,4,4,4,4,4,4,4,4,4,4,4,4,4,4,4,4,4,4,4,4,4,4,4,4,4,4,4,4,4,4,4,4,4,4,4,4,4,4,4,4,4,4,4,4,4,4,4,4,4,4,4,4,4,4,4,4,4,4,4,4,4,4,4,4,4,4,4,4,4,4,4,4,4,4,4,4,4,4,4,4,4,4,4,4,4,AFCS01001227.1/7170-7318,1
1360,0,2,3,2,2,1,3,1,0,3,3,1,4,0,1,1,4,2,0,4,1,3,3,0,3,2,3,1,4,0,2,1,4,4,4,4,1,1,1,3,3,4,1,2,2,4,4,4,4,4,4,2,0,1,2,3,4,4,4,4,4,4,4,4,4,4,4,4,4,4,4,4,4,4,4,4,4,4,4,4,4,2,1,3,0,1,0,3,0,0,0,0,3,4,3,4,1,2,0,4,0,3,2,0,1,2,1,0,4,4,4,4,1,0,0,4,4,4,4,4,4,4,1,0,0,2,2,3,2,1,1,3,2,1,1,2,3,1,1,0,0,1,3,3,4,4,1,3,2,0,3,0,3,1,0,4,4,4,4,4,4,4,4,2,1,2,3,0,4,4,4,4,2,1,3,4,4,4,4,4,4,4,4,4,4,4,4,4,4,4,4,4,4,4,4,4,4,4,4,4,4,4,4,4,4,4,4,4,0,4,4,3,0,3,1,0,4,0,1,1,0,3,4,4,1,4,4,4,2,2,2,1,2,0,0,0,1,2,3,1,2,0,4,4,4,4,4,2,3,3,0,2,2,1,0,1,1,2,1,1,3,3,4,4,4,4,4,4,4,4,4,4,4,4,4,4,4,4,4,4,4,4,4,4,4,4,4,4,4,4,4,4,4,4,4,4,4,4,4,4,4,4,4,4,4,4,4,4,4,4,4,4,4,4,4,4,4,4,4,4,4,4,4,4,4,4,4,4,4,4,4,4,4,4,4,4,4,4,4,4,4,4,4,4,4,4,4,4,4,4,4,4,4,4,4,4,4,4,4,4,4,4,4,4,4,4,4,4,4,4,4,4,4,4,4,4,4,4,4,4,4,4,4,4,4,4,4,4,4,4,4,4,4,4,4,4,4,4,4,4,4,4,4,4,4,4,4,4,4,4,4,4,4,4,4,4,4,4,4,4,4,4,4,4,4,4,4,4,4,4,4,4,4,4,4,4,4,4,4,4,4,4,4,4,4,4,4,4,4,4,4,4,4,4,4,4,4,CP000468.1/2845399-2845252,1
1361,0,2,0,3,2,1,3,1,0,3,3,1,4,1,0,3,4,1,3,4,1,3,3,0,3,2,3,3,4,1,2,1,1,3,4,4,4,4,4,4,4,4,4,4,4,4,4,4,4,4,4,4,4,4,4,4,3,0,4,4,4,4,4,4,4,4,4,4,4,4,4,4,4,4,4,4,4,4,4,2,3,2,1,1,3,1,0,3,0,0,0,1,3,1,1,4,2,2,0,4,0,3,2,0,1,2,1,0,4,4,4,4,2,0,2,1,1,2,4,4,3,3,3,0,1,2,2,3,2,1,3,3,0,3,1,2,3,1,1,4,0,1,3,2,0,4,1,0,2,0,3,2,3,1,4,4,4,4,4,4,4,4,4,2,1,3,3,0,3,4,4,4,2,1,1,4,4,4,4,4,4,4,4,4,4,4,4,4,4,4,4,4,4,4,4,4,4,4,4,4,4,4,4,4,4,4,4,4,3,4,4,1,0,3,1,0,4,2,0,1,0,1,4,4,1,0,4,3,2,2,0,1,0,1,0,0,1,2,3,3,2,0,4,4,4,4,4,2,3,2,0,0,2,1,0,1,1,1,0,1,3,3,4,4,4,4,4,4,4,4,4,4,4,4,4,4,4,4,4,4,4,4,4,4,4,4,4,4,4,4,4,4,4,4,4,4,4,4,4,4,4,4,4,4,4,4,4,4,4,4,4,4,4,4,4,4,4,4,4,4,4,4,4,4,4,4,4,4,4,4,4,4,4,4,4,4,4,4,4,4,4,4,4,4,4,4,4,4,4,4,4,4,4,4,4,4,4,4,4,4,4,4,4,4,4,4,4,4,4,4,4,4,4,4,4,4,4,4,4,4,4,4,4,4,4,4,4,4,4,4,4,4,4,4,4,4,4,4,4,4,4,4,4,4,4,4,4,4,4,4,4,4,4,4,4,4,4,4,4,4,4,4,4,4,4,4,4,4,4,4,4,4,4,4,4,4,4,4,4,4,4,4,4,4,4,4,4,4,4,4,4,4,4,4,4,4,4,AE014073.1/3778528-3778380,1
1362,0,2,0,3,2,1,3,1,0,3,3,1,4,1,0,3,4,1,3,4,1,3,3,0,3,2,3,3,4,1,2,1,1,3,4,4,4,4,4,4,4,4,4,4,4,4,4,4,4,4,4,4,4,4,4,4,3,0,4,4,4,4,4,4,4,4,4,4,4,4,4,4,4,4,4,4,4,4,4,2,3,2,1,1,3,1,0,3,0,0,0,1,3,1,1,4,2,2,0,4,0,3,2,0,1,2,1,0,4,4,4,4,2,0,2,1,1,2,4,4,3,3,3,0,1,2,2,3,2,1,3,3,0,3,1,2,3,1,1,4,0,1,3,2,0,4,1,0,2,0,3,2,3,1,4,4,4,4,4,4,4,4,4,2,1,3,3,0,3,4,4,4,2,1,1,4,4,4,4,4,4,4,4,4,4,4,4,4,4,4,4,4,4,4,4,4,4,4,4,4,4,4,4,4,4,4,4,4,3,4,4,1,0,3,1,0,4,2,0,1,0,1,4,4,1,0,4,3,2,2,0,1,0,1,0,0,1,2,3,3,2,0,4,4,4,4,4,2,3,2,0,0,2,1,0,1,1,1,0,1,3,3,4,4,4,4,4,4,4,4,4,4,4,4,4,4,4,4,4,4,4,4,4,4,4,4,4,4,4,4,4,4,4,4,4,4,4,4,4,4,4,4,4,4,4,4,4,4,4,4,4,4,4,4,4,4,4,4,4,4,4,4,4,4,4,4,4,4,4,4,4,4,4,4,4,4,4,4,4,4,4,4,4,4,4,4,4,4,4,4,4,4,4,4,4,4,4,4,4,4,4,4,4,4,4,4,4,4,4,4,4,4,4,4,4,4,4,4,4,4,4,4,4,4,4,4,4,4,4,4,4,4,4,4,4,4,4,4,4,4,4,4,4,4,4,4,4,4,4,4,4,4,4,4,4,4,4,4,4,4,4,4,4,4,4,4,4,4,4,4,4,4,4,4,4,4,4,4,4,4,4,4,4,4,4,4,4,4,4,4,4,4,4,4,4,4,4,ADUA01000302.1/8812-8960,1
1363,0,2,3,2,2,1,3,1,0,3,3,1,4,0,1,1,4,2,0,4,1,3,3,0,3,2,3,1,4,0,2,1,4,4,4,4,1,1,1,3,3,4,1,2,2,4,4,4,4,4,4,2,0,3,2,3,4,4,4,4,4,4,4,4,4,4,4,4,4,4,4,4,4,4,4,4,4,4,4,4,4,2,1,3,0,1,0,3,0,0,0,0,3,4,3,4,1,2,0,4,0,3,2,0,1,2,1,0,4,4,4,4,1,0,0,4,4,4,4,4,4,4,1,0,0,2,2,3,2,1,1,3,2,1,1,2,3,1,1,0,0,1,3,3,4,4,1,3,2,0,3,0,3,1,0,4,4,4,4,4,4,4,4,2,1,2,3,0,4,4,4,4,2,1,3,4,4,4,4,4,4,4,4,4,4,4,4,4,4,4,4,4,4,4,4,4,4,4,4,4,4,4,4,4,4,4,4,4,0,4,4,3,0,3,1,0,4,0,1,1,0,3,4,4,1,4,4,4,2,2,2,1,2,0,0,0,1,2,3,1,2,0,4,4,4,4,4,2,3,3,0,2,2,1,0,1,1,2,1,1,3,3,4,4,4,4,4,4,4,4,4,4,4,4,4,4,4,4,4,4,4,4,4,4,4,4,4,4,4,4,4,4,4,4,4,4,4,4,4,4,4,4,4,4,4,4,4,4,4,4,4,4,4,4,4,4,4,4,4,4,4,4,4,4,4,4,4,4,4,4,4,4,4,4,4,4,4,4,4,4,4,4,4,4,4,4,4,4,4,4,4,4,4,4,4,4,4,4,4,4,4,4,4,4,4,4,4,4,4,4,4,4,4,4,4,4,4,4,4,4,4,4,4,4,4,4,4,4,4,4,4,4,4,4,4,4,4,4,4,4,4,4,4,4,4,4,4,4,4,4,4,4,4,4,4,4,4,4,4,4,4,4,4,4,4,4,4,4,4,4,4,4,4,4,4,4,4,4,4,4,4,4,4,4,4,4,4,4,4,4,4,4,4,4,4,4,4,AP010953.1/3540260-3540113,1
1364,0,2,0,3,2,1,3,1,0,3,3,1,4,3,0,3,4,1,3,4,1,3,3,0,3,2,3,3,4,1,2,1,1,3,4,4,4,4,4,4,4,4,4,4,4,4,4,4,4,4,4,4,4,4,4,4,3,0,4,4,4,4,4,4,4,4,4,4,4,4,4,4,4,4,4,4,4,4,4,2,3,2,1,1,3,1,0,3,0,0,0,1,3,1,1,4,2,2,0,4,0,3,2,0,1,2,1,0,4,4,4,4,2,0,2,1,1,2,4,4,3,3,3,0,1,2,2,3,2,1,3,3,0,3,1,2,3,1,1,4,0,1,3,2,0,4,1,0,2,0,3,2,3,1,4,4,4,4,4,4,4,4,4,2,1,3,3,0,3,4,4,4,2,1,1,4,4,4,4,4,4,4,4,4,4,4,4,4,4,4,4,4,4,4,4,4,4,4,4,4,4,4,4,4,4,4,4,4,3,4,4,1,0,3,1,0,4,2,0,1,0,1,4,4,1,0,4,3,2,2,0,1,0,1,0,0,1,2,3,3,2,0,4,4,4,4,4,2,3,2,0,0,2,1,0,1,1,1,0,1,3,3,4,4,4,4,4,4,4,4,4,4,4,4,4,4,4,4,4,4,4,4,4,4,4,4,4,4,4,4,4,4,4,4,4,4,4,4,4,4,4,4,4,4,4,4,4,4,4,4,4,4,4,4,4,4,4,4,4,4,4,4,4,4,4,4,4,4,4,4,4,4,4,4,4,4,4,4,4,4,4,4,4,4,4,4,4,4,4,4,4,4,4,4,4,4,4,4,4,4,4,4,4,4,4,4,4,4,4,4,4,4,4,4,4,4,4,4,4,4,4,4,4,4,4,4,4,4,4,4,4,4,4,4,4,4,4,4,4,4,4,4,4,4,4,4,4,4,4,4,4,4,4,4,4,4,4,4,4,4,4,4,4,4,4,4,4,4,4,4,4,4,4,4,4,4,4,4,4,4,4,4,4,4,4,4,4,4,4,4,4,4,4,4,4,4,4,AEHX01000113.1/40098-40246,1
1365,0,2,3,2,2,1,3,1,0,3,3,1,4,2,1,1,4,2,0,4,1,3,3,0,3,2,3,1,4,0,2,1,4,4,4,4,1,1,1,3,3,4,1,2,2,4,4,4,4,4,4,2,0,1,2,3,4,4,4,4,4,4,4,4,4,4,4,4,4,4,4,4,4,4,4,4,4,4,4,4,4,2,1,3,0,1,0,3,0,0,0,0,3,4,3,4,1,2,0,4,0,3,2,0,1,2,1,0,4,4,4,4,1,0,0,4,4,4,4,4,4,4,1,0,0,2,2,3,2,1,1,3,2,1,1,2,3,1,1,0,0,1,3,3,4,4,1,3,2,0,3,0,3,1,0,4,4,4,4,4,4,4,4,2,1,2,3,0,4,4,4,4,2,1,3,4,4,4,4,4,4,4,4,4,4,4,4,4,4,4,4,4,4,4,4,4,4,4,4,4,4,4,4,4,4,4,4,4,0,4,4,3,0,3,1,0,4,0,1,1,0,3,4,4,1,4,4,4,2,2,2,1,2,0,0,0,1,2,3,1,2,0,4,4,4,4,4,2,3,3,0,2,2,1,0,1,1,2,1,1,3,3,4,4,4,4,4,4,4,4,4,4,4,4,4,4,4,4,4,4,4,4,4,4,4,4,4,4,4,4,4,4,4,4,4,4,4,4,4,4,4,4,4,4,4,4,4,4,4,4,4,4,4,4,4,4,4,4,4,4,4,4,4,4,4,4,4,4,4,4,4,4,4,4,4,4,4,4,4,4,4,4,4,4,4,4,4,4,4,4,4,4,4,4,4,4,4,4,4,4,4,4,4,4,4,4,4,4,4,4,4,4,4,4,4,4,4,4,4,4,4,4,4,4,4,4,4,4,4,4,4,4,4,4,4,4,4,4,4,4,4,4,4,4,4,4,4,4,4,4,4,4,4,4,4,4,4,4,4,4,4,4,4,4,4,4,4,4,4,4,4,4,4,4,4,4,4,4,4,4,4,4,4,4,4,4,4,4,4,4,4,4,4,4,4,4,4,ADUC01000034.1/12980-13127,1
1366,0,2,0,3,2,1,3,1,0,3,3,1,4,1,0,3,4,1,3,4,1,3,3,0,3,2,3,3,4,1,2,1,1,3,4,4,4,4,4,4,4,4,4,4,4,4,4,4,4,4,4,4,4,4,4,4,3,0,4,4,4,4,4,4,4,4,4,4,4,4,4,4,4,4,4,4,4,4,4,2,3,2,1,1,3,1,0,3,0,0,0,1,3,1,1,4,2,2,0,4,0,3,2,0,1,2,1,0,4,4,4,4,2,0,2,1,1,2,4,4,3,3,3,0,1,2,2,3,2,1,3,3,0,3,1,2,3,1,1,4,0,1,3,2,0,4,1,0,2,0,3,2,3,1,4,4,4,4,4,4,4,4,4,2,1,3,3,0,3,4,4,4,2,1,1,4,4,4,4,4,4,4,4,4,4,4,4,4,4,4,4,4,4,4,4,4,4,4,4,4,4,4,4,4,4,4,4,4,3,4,4,1,0,3,1,0,4,2,0,1,0,1,4,4,1,0,4,3,2,2,0,1,0,1,0,0,1,2,3,3,2,0,4,4,4,4,4,2,3,2,0,0,2,1,0,1,1,1,0,1,3,3,4,4,4,4,4,4,4,4,4,4,4,4,4,4,4,4,4,4,4,4,4,4,4,4,4,4,4,4,4,4,4,4,4,4,4,4,4,4,4,4,4,4,4,4,4,4,4,4,4,4,4,4,4,4,4,4,4,4,4,4,4,4,4,4,4,4,4,4,4,4,4,4,4,4,4,4,4,4,4,4,4,4,4,4,4,4,4,4,4,4,4,4,4,4,4,4,4,4,4,4,4,4,4,4,4,4,4,4,4,4,4,4,4,4,4,4,4,4,4,4,4,4,4,4,4,4,4,4,4,4,4,4,4,4,4,4,4,4,4,4,4,4,4,4,4,4,4,4,4,4,4,4,4,4,4,4,4,4,4,4,4,4,4,4,4,4,4,4,4,4,4,4,4,4,4,4,4,4,4,4,4,4,4,4,4,4,4,4,4,4,4,4,4,4,4,ADUY01000393.1/16733-16585,1
1367,0,2,3,2,2,1,3,1,0,3,3,1,4,0,1,1,4,3,3,4,1,3,3,0,3,2,3,1,4,0,2,1,4,4,4,4,1,1,1,3,3,4,1,2,2,4,4,4,4,4,4,2,0,1,2,3,4,4,4,4,4,4,4,4,4,4,4,4,4,4,4,4,4,4,4,4,4,4,4,4,4,2,1,3,0,1,0,3,0,0,0,1,3,4,3,4,1,2,0,4,0,3,2,0,1,2,1,0,4,4,4,4,1,0,0,4,4,4,4,4,4,4,1,0,0,2,2,3,2,1,1,3,2,1,1,2,3,1,1,0,0,1,3,0,4,4,1,3,2,0,3,1,0,3,0,4,4,4,4,4,4,4,4,2,1,2,0,3,4,4,4,4,2,1,3,4,4,4,4,4,4,4,4,4,4,4,4,4,4,4,4,4,4,4,4,4,4,4,4,4,4,4,4,4,4,4,4,4,3,4,4,3,0,3,1,0,4,2,2,1,4,1,4,4,0,4,4,4,2,2,2,1,2,0,0,0,1,2,3,1,2,0,4,4,4,4,4,2,3,3,0,2,2,1,0,1,1,2,1,1,3,1,4,4,4,4,4,4,4,4,4,4,4,4,4,4,4,4,4,4,4,4,4,4,4,4,4,4,4,4,4,4,4,4,4,4,4,4,4,4,4,4,4,4,4,4,4,4,4,4,4,4,4,4,4,4,4,4,4,4,4,4,4,4,4,4,4,4,4,4,4,4,4,4,4,4,4,4,4,4,4,4,4,4,4,4,4,4,4,4,4,4,4,4,4,4,4,4,4,4,4,4,4,4,4,4,4,4,4,4,4,4,4,4,4,4,4,4,4,4,4,4,4,4,4,4,4,4,4,4,4,4,4,4,4,4,4,4,4,4,4,4,4,4,4,4,4,4,4,4,4,4,4,4,4,4,4,4,4,4,4,4,4,4,4,4,4,4,4,4,4,4,4,4,4,4,4,4,4,4,4,4,4,4,4,4,4,4,4,4,4,4,4,4,4,4,4,AGFT01034099.1/4255-4109,1
1368,0,2,3,2,2,1,3,1,0,3,3,1,4,0,1,1,4,2,0,4,1,3,3,0,3,2,3,1,4,0,2,1,4,4,4,4,1,1,1,3,3,4,1,2,2,4,4,4,4,4,4,2,0,1,2,3,4,4,4,4,4,4,4,4,4,4,4,4,4,4,4,4,4,4,4,4,4,4,4,4,4,2,1,3,0,1,0,3,0,0,0,0,3,4,3,4,1,2,0,4,0,3,2,0,1,2,1,0,4,4,4,4,1,0,0,4,4,4,4,4,4,4,1,0,0,2,2,3,2,1,1,3,2,1,1,2,3,1,1,0,0,1,3,3,4,4,1,3,2,0,3,0,3,1,0,4,4,4,4,4,4,4,4,2,1,2,3,0,4,4,4,4,2,1,3,4,4,4,4,4,4,4,4,4,4,4,4,4,4,4,4,4,4,4,4,4,4,4,4,4,4,4,4,4,4,4,4,4,0,4,4,3,0,3,1,0,4,0,1,1,0,3,4,4,1,4,4,4,2,2,2,1,2,0,0,0,1,2,3,1,2,0,4,4,4,4,4,2,3,3,0,2,2,1,0,1,1,2,1,1,3,3,4,4,4,4,4,4,4,4,4,4,4,4,4,4,4,4,4,4,4,4,4,4,4,4,4,4,4,4,4,4,4,4,4,4,4,4,4,4,4,4,4,4,4,4,4,4,4,4,4,4,4,4,4,4,4,4,4,4,4,4,4,4,4,4,4,4,4,4,4,4,4,4,4,4,4,4,4,4,4,4,4,4,4,4,4,4,4,4,4,4,4,4,4,4,4,4,4,4,4,4,4,4,4,4,4,4,4,4,4,4,4,4,4,4,4,4,4,4,4,4,4,4,4,4,4,4,4,4,4,4,4,4,4,4,4,4,4,4,4,4,4,4,4,4,4,4,4,4,4,4,4,4,4,4,4,4,4,4,4,4,4,4,4,4,4,4,4,4,4,4,4,4,4,4,4,4,4,4,4,4,4,4,4,4,4,4,4,4,4,4,4,4,4,4,4,AFVS01001170.1/1734-1587,1
1369,0,2,3,2,2,1,3,1,0,3,3,1,4,0,1,1,4,2,0,4,1,3,3,0,3,2,3,1,4,0,2,1,4,4,4,4,1,1,1,3,3,4,1,2,2,4,4,4,4,4,4,2,0,1,2,3,4,4,4,4,4,4,4,4,4,4,4,4,4,4,4,4,4,4,4,4,4,4,4,4,4,2,1,3,0,1,0,3,0,0,0,0,3,4,3,4,1,2,0,4,0,3,2,0,1,2,1,0,4,4,4,4,1,0,0,4,4,4,4,4,4,4,1,0,0,2,2,3,2,1,1,3,2,1,1,2,3,1,1,0,0,1,3,3,4,4,1,3,2,0,3,0,3,1,0,4,4,4,4,4,4,4,4,2,1,2,3,0,4,4,4,4,2,1,3,4,4,4,4,4,4,4,4,4,4,4,4,4,4,4,4,4,4,4,4,4,4,4,4,4,4,4,4,4,4,4,4,4,0,4,4,3,0,3,1,0,4,0,1,1,0,3,4,4,1,4,4,4,2,2,2,1,2,0,0,0,1,2,3,1,2,0,4,4,4,4,4,2,3,3,0,2,2,1,0,1,1,2,1,1,3,3,4,4,4,4,4,4,4,4,4,4,4,4,4,4,4,4,4,4,4,4,4,4,4,4,4,4,4,4,4,4,4,4,4,4,4,4,4,4,4,4,4,4,4,4,4,4,4,4,4,4,4,4,4,4,4,4,4,4,4,4,4,4,4,4,4,4,4,4,4,4,4,4,4,4,4,4,4,4,4,4,4,4,4,4,4,4,4,4,4,4,4,4,4,4,4,4,4,4,4,4,4,4,4,4,4,4,4,4,4,4,4,4,4,4,4,4,4,4,4,4,4,4,4,4,4,4,4,4,4,4,4,4,4,4,4,4,4,4,4,4,4,4,4,4,4,4,4,4,4,4,4,4,4,4,4,4,4,4,4,4,4,4,4,4,4,4,4,4,4,4,4,4,4,4,4,4,4,4,4,4,4,4,4,4,4,4,4,4,4,4,4,4,4,4,4,ABHQ01000001.1/159898-159751,1
1370,0,2,0,3,2,1,3,1,0,3,3,1,4,1,0,3,4,1,3,4,1,3,3,0,3,2,3,3,4,1,2,1,1,3,4,4,4,4,4,4,4,4,4,4,4,4,4,4,4,4,4,4,4,4,4,4,3,0,4,4,4,4,4,4,4,4,4,4,4,4,4,4,4,4,4,4,4,4,4,2,3,2,1,1,3,1,0,3,0,0,0,1,3,1,1,4,2,2,0,4,0,3,2,0,1,2,1,0,4,4,4,4,2,0,2,1,1,2,4,4,3,3,3,0,1,2,2,3,2,1,3,3,0,3,1,2,3,1,1,4,0,1,3,2,0,4,1,0,2,0,3,2,3,1,4,4,4,4,4,4,4,4,4,2,1,3,3,0,3,4,4,4,2,1,1,4,4,4,4,4,4,4,4,4,4,4,4,4,4,4,4,4,4,4,4,4,4,4,4,4,4,4,4,4,4,4,4,4,3,4,4,1,0,3,1,0,4,2,0,1,0,1,4,4,1,0,4,3,2,2,0,1,0,1,0,0,1,2,3,3,2,0,4,4,4,4,4,2,3,2,0,0,2,1,0,1,1,1,0,1,3,3,4,4,4,4,4,4,4,4,4,4,4,4,4,4,4,4,4,4,4,4,4,4,4,4,4,4,4,4,4,4,4,4,4,4,4,4,4,4,4,4,4,4,4,4,4,4,4,4,4,4,4,4,4,4,4,4,4,4,4,4,4,4,4,4,4,4,4,4,4,4,4,4,4,4,4,4,4,4,4,4,4,4,4,4,4,4,4,4,4,4,4,4,4,4,4,4,4,4,4,4,4,4,4,4,4,4,4,4,4,4,4,4,4,4,4,4,4,4,4,4,4,4,4,4,4,4,4,4,4,4,4,4,4,4,4,4,4,4,4,4,4,4,4,4,4,4,4,4,4,4,4,4,4,4,4,4,4,4,4,4,4,4,4,4,4,4,4,4,4,4,4,4,4,4,4,4,4,4,4,4,4,4,4,4,4,4,4,4,4,4,4,4,4,4,4,AFWC01000257.1/38002-38150,1
1371,0,2,0,3,2,1,3,1,0,3,3,1,4,1,0,3,4,1,3,4,1,3,3,0,3,2,3,3,4,1,2,1,1,3,4,4,4,4,4,4,4,4,4,4,4,4,4,4,4,4,4,4,4,4,4,4,3,3,4,4,4,4,4,4,4,4,4,4,4,4,4,4,4,4,4,4,4,4,4,2,3,2,1,1,3,1,0,3,0,0,0,1,3,1,0,4,2,2,0,4,0,3,2,0,3,2,1,0,4,4,4,4,2,0,2,1,1,2,3,0,1,3,3,0,1,2,2,3,2,1,3,3,0,3,1,2,3,1,1,4,0,1,3,2,0,4,3,0,2,0,3,2,3,1,2,1,0,3,4,4,4,4,3,3,1,0,3,0,3,4,4,4,2,3,1,4,4,4,4,4,4,4,4,4,4,4,4,4,4,4,4,4,4,4,4,4,4,4,4,4,4,4,4,4,4,4,4,4,3,4,4,1,0,3,1,0,4,0,0,1,0,1,4,4,1,0,4,3,2,2,0,1,0,3,0,0,1,2,3,3,2,0,4,4,4,4,4,2,3,2,0,0,2,1,0,1,1,1,0,0,3,3,4,4,4,4,4,4,4,4,4,4,4,4,4,4,4,4,4,4,4,4,4,4,4,4,4,4,4,4,4,4,4,4,4,4,4,4,4,4,4,4,4,4,4,4,4,4,4,4,4,4,4,4,4,4,4,4,4,4,4,4,4,4,4,4,4,4,4,4,4,4,4,4,4,4,4,4,4,4,4,4,4,4,4,4,4,4,4,4,4,4,4,4,4,4,4,4,4,4,4,4,4,4,4,4,4,4,4,4,4,4,4,4,4,4,4,4,4,4,4,4,4,4,4,4,4,4,4,4,4,4,4,4,4,4,4,4,4,4,4,4,4,4,4,4,4,4,4,4,4,4,4,4,4,4,4,4,4,4,4,4,4,4,4,4,4,4,4,4,4,4,4,4,4,4,4,4,4,4,4,4,4,4,4,4,4,4,4,4,4,4,4,4,4,4,4,AGFT01138126.1/150-305,1
1372,0,2,0,3,2,1,3,1,0,3,3,1,4,1,0,3,4,1,3,4,1,3,3,0,3,2,3,3,4,1,2,1,1,3,4,4,4,4,4,4,4,4,4,4,4,4,4,4,4,4,4,4,4,4,4,4,3,0,4,4,4,4,4,4,4,4,4,4,4,4,4,4,4,4,4,4,4,4,4,2,3,2,1,1,3,1,0,3,0,0,0,1,3,1,1,4,2,2,0,4,0,3,2,0,1,2,1,0,4,4,4,4,2,0,2,1,1,2,4,4,3,3,3,0,1,2,2,3,2,1,3,3,0,3,1,2,3,1,1,4,0,1,3,2,0,4,1,0,2,0,3,2,3,1,4,4,4,4,4,4,4,4,4,2,1,3,3,0,3,4,4,4,2,1,1,4,4,4,4,4,4,4,4,4,4,4,4,4,4,4,4,4,4,4,4,4,4,4,4,4,4,4,4,4,4,4,4,4,3,4,4,1,0,3,1,0,4,2,0,1,0,1,4,4,1,0,4,3,2,2,0,1,0,1,0,0,1,2,3,3,2,0,4,4,4,4,4,2,3,2,0,0,2,1,0,1,1,1,0,1,3,3,4,4,4,4,4,4,4,4,4,4,4,4,4,4,4,4,4,4,4,4,4,4,4,4,4,4,4,4,4,4,4,4,4,4,4,4,4,4,4,4,4,4,4,4,4,4,4,4,4,4,4,4,4,4,4,4,4,4,4,4,4,4,4,4,4,4,4,4,4,4,4,4,4,4,4,4,4,4,4,4,4,4,4,4,4,4,4,4,4,4,4,4,4,4,4,4,4,4,4,4,4,4,4,4,4,4,4,4,4,4,4,4,4,4,4,4,4,4,4,4,4,4,4,4,4,4,4,4,4,4,4,4,4,4,4,4,4,4,4,4,4,4,4,4,4,4,4,4,4,4,4,4,4,4,4,4,4,4,4,4,4,4,4,4,4,4,4,4,4,4,4,4,4,4,4,4,4,4,4,4,4,4,4,4,4,4,4,4,4,4,4,4,4,4,4,AP010958.1/4478194-4478046,1
1373,0,2,0,3,2,1,3,1,0,3,3,1,4,1,0,3,4,1,3,4,1,3,3,0,3,2,3,3,4,1,2,1,1,3,4,4,4,4,4,4,4,4,4,4,4,4,4,4,4,4,4,4,4,4,4,4,3,0,4,4,4,4,4,4,4,4,4,4,4,4,4,4,4,4,4,4,4,4,4,2,3,2,1,1,3,1,0,3,0,0,0,1,3,1,1,4,2,2,0,4,0,3,2,0,1,2,1,0,4,4,4,4,2,0,2,1,1,2,4,4,3,3,3,0,1,2,2,3,2,1,3,3,0,3,1,2,3,1,1,4,0,1,3,2,0,4,1,0,2,0,3,2,3,1,4,4,4,4,4,4,4,4,4,2,1,3,3,0,3,4,4,4,2,1,1,4,4,4,4,4,4,4,4,4,4,4,4,4,4,4,4,4,4,4,4,4,4,4,4,4,4,4,4,4,4,4,4,4,3,4,4,1,0,3,1,0,4,2,0,1,0,1,4,4,1,0,4,3,2,2,0,1,0,1,0,0,1,2,3,3,2,0,4,4,4,4,4,2,3,2,0,0,2,1,0,1,1,1,0,1,3,3,4,4,4,4,4,4,4,4,4,4,4,4,4,4,4,4,4,4,4,4,4,4,4,4,4,4,4,4,4,4,4,4,4,4,4,4,4,4,4,4,4,4,4,4,4,4,4,4,4,4,4,4,4,4,4,4,4,4,4,4,4,4,4,4,4,4,4,4,4,4,4,4,4,4,4,4,4,4,4,4,4,4,4,4,4,4,4,4,4,4,4,4,4,4,4,4,4,4,4,4,4,4,4,4,4,4,4,4,4,4,4,4,4,4,4,4,4,4,4,4,4,4,4,4,4,4,4,4,4,4,4,4,4,4,4,4,4,4,4,4,4,4,4,4,4,4,4,4,4,4,4,4,4,4,4,4,4,4,4,4,4,4,4,4,4,4,4,4,4,4,4,4,4,4,4,4,4,4,4,4,4,4,4,4,4,4,4,4,4,4,4,4,4,4,4,CP001969.1/4359325-4359473,1
1374,0,2,3,2,2,1,3,1,0,3,3,1,4,0,1,1,4,2,0,4,1,3,3,0,3,2,3,1,4,0,2,1,4,4,4,4,1,1,1,3,3,4,1,2,2,4,4,4,4,4,4,2,0,1,2,3,4,4,4,4,4,4,4,4,4,4,4,4,4,4,4,4,4,4,4,4,4,4,4,4,4,2,1,3,0,1,0,3,0,0,0,0,3,4,0,4,1,2,0,4,0,3,2,0,1,2,1,0,4,4,4,4,1,0,0,4,4,4,4,4,4,4,1,0,0,2,2,3,2,1,1,3,2,1,1,2,3,1,1,0,0,1,3,3,4,4,1,3,2,0,3,0,3,1,0,4,4,4,4,4,4,4,4,2,1,2,3,0,4,4,4,4,2,1,3,4,4,4,4,4,4,4,4,4,4,4,4,4,4,4,4,4,4,4,4,4,4,4,4,4,4,4,4,4,4,4,4,4,0,4,4,3,0,3,1,0,4,0,1,1,0,3,4,4,1,4,4,4,2,2,2,1,2,0,0,0,1,2,3,1,2,0,4,4,4,4,4,2,3,3,0,2,2,1,0,1,1,2,1,1,3,3,4,4,4,4,4,4,4,4,4,4,4,4,4,4,4,4,4,4,4,4,4,4,4,4,4,4,4,4,4,4,4,4,4,4,4,4,4,4,4,4,4,4,4,4,4,4,4,4,4,4,4,4,4,4,4,4,4,4,4,4,4,4,4,4,4,4,4,4,4,4,4,4,4,4,4,4,4,4,4,4,4,4,4,4,4,4,4,4,4,4,4,4,4,4,4,4,4,4,4,4,4,4,4,4,4,4,4,4,4,4,4,4,4,4,4,4,4,4,4,4,4,4,4,4,4,4,4,4,4,4,4,4,4,4,4,4,4,4,4,4,4,4,4,4,4,4,4,4,4,4,4,4,4,4,4,4,4,4,4,4,4,4,4,4,4,4,4,4,4,4,4,4,4,4,4,4,4,4,4,4,4,4,4,4,4,4,4,4,4,4,4,4,4,4,4,AELA01000016.1/37183-37330,1
1375,0,2,0,3,2,1,3,1,0,3,3,1,4,1,0,3,4,1,3,4,1,3,3,0,3,2,3,3,4,1,2,1,1,3,4,4,4,4,4,4,4,4,4,4,4,4,4,4,4,4,4,4,4,4,4,4,3,0,4,4,4,4,4,4,4,4,4,4,4,4,4,4,4,4,4,4,4,4,4,2,3,2,1,1,3,1,0,3,0,0,0,1,3,1,1,4,2,2,0,4,0,3,2,0,1,2,1,0,4,4,4,4,2,0,2,1,1,2,4,4,3,3,3,0,1,2,2,3,2,1,3,3,0,3,1,2,3,1,1,4,0,1,3,2,0,4,1,0,2,0,3,2,3,1,4,4,4,4,4,4,4,4,4,2,1,3,3,0,3,4,4,4,2,1,1,4,4,4,4,4,4,4,4,4,4,4,4,4,4,4,4,4,4,4,4,4,4,4,4,4,4,4,4,4,4,4,4,4,3,4,4,1,0,3,1,0,4,2,0,1,0,1,4,4,1,0,4,3,2,2,0,1,0,1,0,0,1,2,3,3,2,0,4,4,4,4,4,2,3,2,0,0,2,1,0,1,1,1,0,1,3,3,4,4,4,4,4,4,4,4,4,4,4,4,4,4,4,4,4,4,4,4,4,4,4,4,4,4,4,4,4,4,4,4,4,4,4,4,4,4,4,4,4,4,4,4,4,4,4,4,4,4,4,4,4,4,4,4,4,4,4,4,4,4,4,4,4,4,4,4,4,4,4,4,4,4,4,4,4,4,4,4,4,4,4,4,4,4,4,4,4,4,4,4,4,4,4,4,4,4,4,4,4,4,4,4,4,4,4,4,4,4,4,4,4,4,4,4,4,4,4,4,4,4,4,4,4,4,4,4,4,4,4,4,4,4,4,4,4,4,4,4,4,4,4,4,4,4,4,4,4,4,4,4,4,4,4,4,4,4,4,4,4,4,4,4,4,4,4,4,4,4,4,4,4,4,4,4,4,4,4,4,4,4,4,4,4,4,4,4,4,4,4,4,4,4,4,AEUA01000080.1/39974-40122,1
1376,0,2,3,2,2,1,3,1,0,3,3,1,4,2,1,1,4,2,0,4,1,3,3,0,3,2,3,1,4,0,2,1,4,4,4,4,1,1,1,3,3,4,1,2,2,4,4,4,4,4,4,2,0,1,2,3,4,4,4,4,4,4,4,4,4,4,4,4,4,4,4,4,4,4,4,4,4,4,4,4,4,2,1,3,0,1,0,3,0,0,0,0,3,4,3,4,1,2,0,4,0,3,2,0,1,2,1,0,4,4,4,4,1,0,0,4,4,4,4,4,4,4,1,0,0,2,2,3,2,1,1,3,2,1,1,2,3,1,1,0,0,1,3,3,4,4,1,3,2,0,3,0,3,1,0,4,4,4,4,4,4,4,4,2,1,2,3,0,4,4,4,4,2,1,3,4,4,4,4,4,4,4,4,4,4,4,4,4,4,4,4,4,4,4,4,4,4,4,4,4,4,4,4,4,4,4,4,4,0,4,4,3,0,3,1,0,4,0,1,1,0,3,4,4,1,4,4,4,2,2,2,1,2,0,0,0,1,2,3,1,2,0,4,4,4,4,4,2,3,3,0,2,2,1,0,1,1,2,1,1,3,3,4,4,4,4,4,4,4,4,4,4,4,4,4,4,4,4,4,4,4,4,4,4,4,4,4,4,4,4,4,4,4,4,4,4,4,4,4,4,4,4,4,4,4,4,4,4,4,4,4,4,4,4,4,4,4,4,4,4,4,4,4,4,4,4,4,4,4,4,4,4,4,4,4,4,4,4,4,4,4,4,4,4,4,4,4,4,4,4,4,4,4,4,4,4,4,4,4,4,4,4,4,4,4,4,4,4,4,4,4,4,4,4,4,4,4,4,4,4,4,4,4,4,4,4,4,4,4,4,4,4,4,4,4,4,4,4,4,4,4,4,4,4,4,4,4,4,4,4,4,4,4,4,4,4,4,4,4,4,4,4,4,4,4,4,4,4,4,4,4,4,4,4,4,4,4,4,4,4,4,4,4,4,4,4,4,4,4,4,4,4,4,4,4,4,4,CP000247.1/2696737-2696590,1
1377,0,2,0,3,2,1,3,1,0,3,3,1,4,1,0,3,4,1,3,4,1,3,3,0,3,2,3,3,4,1,2,1,1,3,4,4,4,4,4,4,4,4,4,4,4,4,4,4,4,4,4,4,4,4,4,4,3,0,4,4,4,4,4,4,4,4,4,4,4,4,4,4,4,4,4,4,4,4,4,2,3,2,1,1,3,1,0,3,0,0,0,1,3,1,1,4,2,2,0,4,0,3,2,0,1,2,1,0,4,4,4,4,2,0,2,1,1,2,4,4,3,3,3,0,1,2,2,3,2,1,3,3,0,3,1,2,3,1,1,4,0,1,3,2,0,4,1,0,2,0,3,2,3,1,4,4,4,4,4,4,4,4,4,2,1,3,3,0,3,4,4,4,2,1,1,4,4,4,4,4,4,4,4,4,4,4,4,4,4,4,4,4,4,4,4,4,4,4,4,4,4,4,4,4,4,4,4,4,3,4,4,1,0,3,1,0,4,2,0,1,0,1,4,4,1,0,4,3,2,2,0,1,0,1,0,0,1,2,3,3,2,0,4,4,4,4,4,2,3,2,0,0,2,1,0,1,1,1,0,1,3,3,4,4,4,4,4,4,4,4,4,4,4,4,4,4,4,4,4,4,4,4,4,4,4,4,4,4,4,4,4,4,4,4,4,4,4,4,4,4,4,4,4,4,4,4,4,4,4,4,4,4,4,4,4,4,4,4,4,4,4,4,4,4,4,4,4,4,4,4,4,4,4,4,4,4,4,4,4,4,4,4,4,4,4,4,4,4,4,4,4,4,4,4,4,4,4,4,4,4,4,4,4,4,4,4,4,4,4,4,4,4,4,4,4,4,4,4,4,4,4,4,4,4,4,4,4,4,4,4,4,4,4,4,4,4,4,4,4,4,4,4,4,4,4,4,4,4,4,4,4,4,4,4,4,4,4,4,4,4,4,4,4,4,4,4,4,4,4,4,4,4,4,4,4,4,4,4,4,4,4,4,4,4,4,4,4,4,4,4,4,4,4,4,4,4,4,AFAB01000206.1/71292-71440,1
1378,0,2,0,3,2,1,3,1,0,3,3,1,4,1,0,3,4,1,3,4,1,3,3,0,3,2,3,3,4,1,2,1,1,3,4,4,4,4,4,4,4,4,4,4,4,4,4,4,4,4,4,4,4,4,4,4,3,0,4,4,4,4,4,4,4,4,4,4,4,4,4,4,4,4,4,4,4,4,4,2,3,2,1,1,3,1,0,3,0,0,0,1,3,1,0,4,2,2,0,4,0,3,2,0,1,2,1,0,4,4,4,4,2,0,2,1,1,2,4,4,3,3,3,0,1,2,2,3,2,1,3,3,0,3,1,2,3,1,1,4,0,1,3,2,0,4,1,0,2,0,3,2,3,1,4,4,4,4,4,4,4,4,4,2,1,3,3,3,3,4,4,4,2,1,1,4,4,4,4,4,4,4,4,4,4,4,4,4,4,4,4,4,4,4,4,4,4,4,4,4,4,4,4,4,4,4,4,4,3,4,4,1,0,3,1,0,4,2,0,1,0,1,4,4,1,0,4,3,2,2,0,1,0,1,0,0,1,2,3,3,2,0,4,4,4,4,4,2,3,2,0,0,2,1,0,1,1,1,0,1,3,3,4,4,4,4,4,4,4,4,4,4,4,4,4,4,4,4,4,4,4,4,4,4,4,4,4,4,4,4,4,4,4,4,4,4,4,4,4,4,4,4,4,4,4,4,4,4,4,4,4,4,4,4,4,4,4,4,4,4,4,4,4,4,4,4,4,4,4,4,4,4,4,4,4,4,4,4,4,4,4,4,4,4,4,4,4,4,4,4,4,4,4,4,4,4,4,4,4,4,4,4,4,4,4,4,4,4,4,4,4,4,4,4,4,4,4,4,4,4,4,4,4,4,4,4,4,4,4,4,4,4,4,4,4,4,4,4,4,4,4,4,4,4,4,4,4,4,4,4,4,4,4,4,4,4,4,4,4,4,4,4,4,4,4,4,4,4,4,4,4,4,4,4,4,4,4,4,4,4,4,4,4,4,4,4,4,4,4,4,4,4,4,4,4,4,4,AEME01000001.1/1639281-1639429,1
1379,0,2,0,3,2,1,3,1,0,3,3,1,4,1,0,3,4,1,3,4,1,3,3,0,3,2,3,3,4,1,2,1,1,3,4,4,4,4,4,4,4,4,4,4,4,4,4,4,4,4,4,4,4,4,4,4,3,0,4,4,4,4,4,4,4,4,4,4,4,4,4,4,4,4,4,4,4,4,4,2,3,2,1,1,3,1,0,3,0,0,0,1,3,1,1,4,2,2,0,4,0,3,2,0,1,2,1,0,4,4,4,4,2,0,2,1,1,2,4,4,3,3,3,0,1,2,2,3,2,1,3,3,0,3,1,2,3,1,1,4,0,1,3,2,0,4,1,0,2,0,3,2,3,1,4,4,4,4,4,4,4,4,4,2,1,3,3,0,3,4,4,4,2,1,1,4,4,4,4,4,4,4,4,4,4,4,4,4,4,4,4,4,4,4,4,4,4,4,4,4,4,4,4,4,4,4,4,4,3,4,4,1,0,3,1,0,4,2,0,1,0,1,4,4,1,0,4,3,2,2,0,1,0,1,0,0,1,2,3,3,2,0,4,4,4,4,4,2,3,2,0,0,2,1,0,1,1,1,0,1,3,3,4,4,4,4,4,4,4,4,4,4,4,4,4,4,4,4,4,4,4,4,4,4,4,4,4,4,4,4,4,4,4,4,4,4,4,4,4,4,4,4,4,4,4,4,4,4,4,4,4,4,4,4,4,4,4,4,4,4,4,4,4,4,4,4,4,4,4,4,4,4,4,4,4,4,4,4,4,4,4,4,4,4,4,4,4,4,4,4,4,4,4,4,4,4,4,4,4,4,4,4,4,4,4,4,4,4,4,4,4,4,4,4,4,4,4,4,4,4,4,4,4,4,4,4,4,4,4,4,4,4,4,4,4,4,4,4,4,4,4,4,4,4,4,4,4,4,4,4,4,4,4,4,4,4,4,4,4,4,4,4,4,4,4,4,4,4,4,4,4,4,4,4,4,4,4,4,4,4,4,4,4,4,4,4,4,4,4,4,4,4,4,4,4,4,4,AETX01000106.1/39975-40123,1
1380,0,2,0,3,2,1,3,1,0,3,3,1,4,1,0,3,4,1,3,4,1,3,3,0,3,2,3,3,4,1,2,1,1,3,3,4,1,4,4,4,4,4,4,4,4,4,4,4,4,4,4,4,4,4,4,4,3,4,4,4,4,4,4,4,4,4,4,4,4,4,4,4,4,4,4,4,4,4,4,4,2,2,1,1,3,1,0,3,0,0,0,1,3,1,0,4,2,2,0,4,0,3,2,0,3,2,1,0,4,4,4,4,2,0,2,1,1,2,4,4,3,3,3,0,1,2,2,3,2,1,3,3,0,3,1,2,3,1,1,4,0,1,3,2,0,4,1,0,2,0,3,2,3,1,4,4,4,4,4,4,4,4,4,2,1,3,3,0,1,4,4,4,2,1,1,4,4,4,4,4,4,4,4,4,4,4,4,4,4,4,4,4,4,4,4,4,4,4,4,4,4,4,4,4,4,4,4,4,3,4,4,1,0,3,1,0,4,0,0,1,0,1,4,4,1,1,4,3,2,2,0,1,0,1,0,0,1,2,3,3,2,0,4,4,4,4,4,2,3,2,0,0,2,1,0,1,1,1,1,3,3,3,4,4,4,4,4,4,4,4,4,4,4,4,4,4,4,4,4,4,4,4,4,4,4,4,4,4,4,4,4,4,4,4,4,4,4,4,4,4,4,4,4,4,4,4,4,4,4,4,4,4,4,4,4,4,4,4,4,4,4,4,4,4,4,4,4,4,4,4,4,4,4,4,4,4,4,4,4,4,4,4,4,4,4,4,4,4,4,4,4,4,4,4,4,4,4,4,4,4,4,4,4,4,4,4,4,4,4,4,4,4,4,4,4,4,4,4,4,4,4,4,4,4,4,4,4,4,4,4,4,4,4,4,4,4,4,4,4,4,4,4,4,4,4,4,4,4,4,4,4,4,4,4,4,4,4,4,4,4,4,4,4,4,4,4,4,4,4,4,4,4,4,4,4,4,4,4,4,4,4,4,4,4,4,4,4,4,4,4,4,4,4,4,4,4,4,ABAK02000001.1/3449647-3449795,1
1381,0,2,0,3,2,1,3,1,0,3,3,1,4,1,0,3,4,1,3,4,1,3,3,0,3,2,3,3,4,1,2,1,1,3,4,4,4,4,4,4,4,4,4,4,4,4,4,4,4,4,4,4,4,4,4,4,3,0,4,4,4,4,4,4,4,4,4,4,4,4,4,4,4,4,4,4,4,4,4,2,3,2,1,1,3,1,0,3,0,0,0,1,3,1,1,4,2,2,0,4,0,3,2,0,1,2,1,0,4,4,4,4,2,0,2,1,1,2,4,4,3,3,3,0,1,2,2,3,2,1,3,3,0,3,1,2,3,1,1,4,0,1,3,2,0,4,1,0,2,0,3,2,3,1,4,4,4,4,4,4,4,4,4,2,1,3,3,0,3,4,4,4,2,1,1,4,4,4,4,4,4,4,4,4,4,4,4,4,4,4,4,4,4,4,4,4,4,4,4,4,4,4,4,4,4,4,4,4,3,4,4,1,0,3,1,0,4,2,0,1,0,1,4,4,1,0,4,3,2,2,0,1,0,1,0,0,1,2,3,3,2,0,4,4,4,4,4,2,3,2,0,0,2,1,0,1,1,1,0,1,3,3,4,4,4,4,4,4,4,4,4,4,4,4,4,4,4,4,4,4,4,4,4,4,4,4,4,4,4,4,4,4,4,4,4,4,4,4,4,4,4,4,4,4,4,4,4,4,4,4,4,4,4,4,4,4,4,4,4,4,4,4,4,4,4,4,4,4,4,4,4,4,4,4,4,4,4,4,4,4,4,4,4,4,4,4,4,4,4,4,4,4,4,4,4,4,4,4,4,4,4,4,4,4,4,4,4,4,4,4,4,4,4,4,4,4,4,4,4,4,4,4,4,4,4,4,4,4,4,4,4,4,4,4,4,4,4,4,4,4,4,4,4,4,4,4,4,4,4,4,4,4,4,4,4,4,4,4,4,4,4,4,4,4,4,4,4,4,4,4,4,4,4,4,4,4,4,4,4,4,4,4,4,4,4,4,4,4,4,4,4,4,4,4,4,4,4,AEFJ01000100.1/5850-5998,1
1382,0,2,0,3,2,1,3,1,0,3,3,1,4,1,0,3,4,1,3,4,1,3,3,0,3,2,3,3,4,1,2,1,1,3,3,4,4,4,4,4,4,4,4,4,4,4,4,4,4,4,4,4,4,4,4,4,1,4,4,4,4,4,4,4,4,4,4,4,4,4,4,4,4,4,4,4,4,4,4,2,3,2,1,1,3,1,0,3,0,0,0,1,3,1,1,4,2,2,0,4,0,3,2,0,3,2,1,0,4,4,4,4,2,0,2,1,1,2,3,3,1,3,3,0,1,2,2,3,2,1,3,3,0,3,1,2,3,1,1,4,0,1,3,2,0,4,1,0,2,0,3,2,3,1,2,1,0,3,4,4,4,4,4,3,3,0,3,4,4,4,4,4,2,1,1,4,4,4,4,4,4,4,4,4,4,4,4,4,4,4,4,4,4,4,4,4,4,4,4,4,4,4,4,4,4,4,4,4,3,4,4,1,0,3,1,0,4,0,0,1,0,1,4,4,1,0,4,3,2,2,0,1,0,3,3,0,1,2,3,3,2,0,4,4,4,4,4,2,3,2,0,0,2,1,0,1,1,1,0,0,3,3,4,4,4,4,4,4,4,4,4,4,4,4,4,4,4,4,4,4,4,4,4,4,4,4,4,4,4,4,4,4,4,4,4,4,4,4,4,4,4,4,4,4,4,4,4,4,4,4,4,4,4,4,4,4,4,4,4,4,4,4,4,4,4,4,4,4,4,4,4,4,4,4,4,4,4,4,4,4,4,4,4,4,4,4,4,4,4,4,4,4,4,4,4,4,4,4,4,4,4,4,4,4,4,4,4,4,4,4,4,4,4,4,4,4,4,4,4,4,4,4,4,4,4,4,4,4,4,4,4,4,4,4,4,4,4,4,4,4,4,4,4,4,4,4,4,4,4,4,4,4,4,4,4,4,4,4,4,4,4,4,4,4,4,4,4,4,4,4,4,4,4,4,4,4,4,4,4,4,4,4,4,4,4,4,4,4,4,4,4,4,4,4,4,4,4,CP000964.1/5445894-5445742,1
1383,0,2,0,3,2,1,3,1,0,3,3,1,4,1,0,3,4,1,3,4,1,3,3,0,3,2,3,3,4,1,2,1,1,3,4,4,4,4,4,4,4,4,4,4,4,4,4,4,4,4,4,4,4,4,4,4,3,0,4,4,4,4,4,4,4,4,4,4,4,4,4,4,4,4,4,4,4,4,4,2,3,2,1,1,3,1,0,3,0,0,0,1,3,1,1,4,2,2,0,4,0,3,2,0,1,2,1,0,4,4,4,4,2,0,2,1,1,2,4,4,3,3,3,0,1,2,2,3,2,1,3,3,0,3,1,2,3,1,1,4,0,1,3,2,0,4,1,0,2,0,3,2,3,1,4,4,4,4,4,4,4,4,4,2,1,3,3,0,3,4,4,4,2,1,1,4,4,4,4,4,4,4,4,4,4,4,4,4,4,4,4,4,4,4,4,4,4,4,4,4,4,4,4,4,4,4,4,4,3,4,4,1,0,3,1,0,4,2,0,1,0,1,4,4,1,0,4,3,2,2,0,1,0,1,0,0,1,2,3,3,2,0,4,4,4,4,4,2,3,2,0,0,2,1,0,1,1,1,0,1,3,3,4,4,4,4,4,4,4,4,4,4,4,4,4,4,4,4,4,4,4,4,4,4,4,4,4,4,4,4,4,4,4,4,4,4,4,4,4,4,4,4,4,4,4,4,4,4,4,4,4,4,4,4,4,4,4,4,4,4,4,4,4,4,4,4,4,4,4,4,4,4,4,4,4,4,4,4,4,4,4,4,4,4,4,4,4,4,4,4,4,4,4,4,4,4,4,4,4,4,4,4,4,4,4,4,4,4,4,4,4,4,4,4,4,4,4,4,4,4,4,4,4,4,4,4,4,4,4,4,4,4,4,4,4,4,4,4,4,4,4,4,4,4,4,4,4,4,4,4,4,4,4,4,4,4,4,4,4,4,4,4,4,4,4,4,4,4,4,4,4,4,4,4,4,4,4,4,4,4,4,4,4,4,4,4,4,4,4,4,4,4,4,4,4,4,4,AAJU02000046.1/24162-24014,1
1384,0,2,3,2,2,1,3,1,0,3,3,1,4,0,1,1,4,2,0,4,1,3,3,0,3,2,3,1,4,0,2,1,4,4,4,4,1,1,1,3,3,4,1,2,2,4,4,4,4,4,4,2,0,1,2,3,4,4,4,4,4,4,4,4,4,4,4,4,4,4,4,4,4,4,4,4,4,4,4,4,4,2,1,3,0,1,0,3,0,0,0,0,3,4,3,4,1,2,0,4,0,3,2,0,1,2,1,0,4,4,4,4,1,0,0,4,4,4,4,4,4,4,1,0,0,2,2,3,2,1,1,3,2,1,1,2,3,1,1,0,0,1,3,3,4,4,1,3,2,0,3,0,3,1,0,4,4,4,4,4,4,4,4,2,1,2,3,0,4,4,4,4,2,1,3,4,4,4,4,4,4,4,4,4,4,4,4,4,4,4,4,4,4,4,4,4,4,4,4,4,4,4,4,4,4,4,4,4,0,4,4,3,0,3,1,0,4,0,1,1,0,3,4,4,1,4,4,4,2,2,2,1,2,0,0,0,1,2,3,1,2,0,4,4,4,4,4,2,3,3,0,2,2,1,0,1,1,2,1,1,3,3,4,4,4,4,4,4,4,4,4,4,4,4,4,4,4,4,4,4,4,4,4,4,4,4,4,4,4,4,4,4,4,4,4,4,4,4,4,4,4,4,4,4,4,4,4,4,4,4,4,4,4,4,4,4,4,4,4,4,4,4,4,4,4,4,4,4,4,4,4,4,4,4,4,4,4,4,4,4,4,4,4,4,4,4,4,4,4,4,4,4,4,4,4,4,4,4,4,4,4,4,4,4,4,4,4,4,4,4,4,4,4,4,4,4,4,4,4,4,4,4,4,4,4,4,4,4,4,4,4,4,4,4,4,4,4,4,4,4,4,4,4,4,4,4,4,4,4,4,4,4,4,4,4,4,4,4,4,4,4,4,4,4,4,4,4,4,4,4,4,4,4,4,4,4,4,4,4,4,4,4,4,4,4,4,4,4,4,4,4,4,4,4,4,4,4,AFWC01000202.1/756-609,1
1385,0,2,0,3,2,1,3,1,0,3,3,1,4,1,0,3,4,1,3,4,1,3,3,0,3,2,3,3,4,1,2,1,1,3,4,4,4,4,4,4,4,4,4,4,4,4,4,4,4,4,4,4,4,4,4,4,3,0,4,4,4,4,4,4,4,4,4,4,4,4,4,4,4,4,4,4,4,4,4,2,3,2,1,1,3,1,0,3,0,0,0,1,3,1,1,4,2,2,0,4,0,3,2,0,1,2,1,0,4,4,4,4,2,0,2,1,1,2,4,4,3,3,3,0,1,2,2,3,2,1,3,3,0,3,1,2,3,1,1,4,0,1,3,2,0,4,1,0,2,0,3,2,3,1,4,4,4,4,4,4,4,4,4,2,1,3,3,0,3,4,4,4,2,1,1,4,4,4,4,4,4,4,4,4,4,4,4,4,4,4,4,4,4,4,4,4,4,4,4,4,4,4,4,4,4,4,4,4,3,4,4,1,0,3,1,0,4,2,0,1,0,1,4,4,1,0,4,3,2,2,0,1,0,1,0,0,1,2,3,3,2,0,4,4,4,4,4,2,3,2,0,0,2,1,0,1,1,1,0,1,3,3,4,4,4,4,4,4,4,4,4,4,4,4,4,4,4,4,4,4,4,4,4,4,4,4,4,4,4,4,4,4,4,4,4,4,4,4,4,4,4,4,4,4,4,4,4,4,4,4,4,4,4,4,4,4,4,4,4,4,4,4,4,4,4,4,4,4,4,4,4,4,4,4,4,4,4,4,4,4,4,4,4,4,4,4,4,4,4,4,4,4,4,4,4,4,4,4,4,4,4,4,4,4,4,4,4,4,4,4,4,4,4,4,4,4,4,4,4,4,4,4,4,4,4,4,4,4,4,4,4,4,4,4,4,4,4,4,4,4,4,4,4,4,4,4,4,4,4,4,4,4,4,4,4,4,4,4,4,4,4,4,4,4,4,4,4,4,4,4,4,4,4,4,4,4,4,4,4,4,4,4,4,4,4,4,4,4,4,4,4,4,4,4,4,4,4,ADWS01000019.1/54299-54151,1
1386,0,2,0,3,2,1,3,1,0,3,3,1,4,1,0,3,4,1,3,4,1,3,3,0,3,2,3,3,4,1,2,1,1,3,4,4,4,4,4,4,4,4,4,4,4,4,4,4,4,4,4,4,4,4,4,4,3,0,4,4,4,4,4,4,4,4,4,4,4,4,4,4,4,4,4,4,4,4,4,2,3,2,1,1,3,1,0,3,0,0,0,1,3,1,1,4,2,2,0,4,0,3,2,0,1,2,1,0,4,4,4,4,2,0,2,1,1,2,4,4,3,3,3,0,1,2,2,3,2,1,3,3,0,3,1,2,3,1,1,4,0,1,3,2,0,4,1,0,2,0,3,2,3,1,4,4,4,4,4,4,4,4,4,2,1,3,3,1,3,4,4,4,2,1,1,4,4,4,4,4,4,4,4,4,4,4,4,4,4,4,4,4,4,4,4,4,4,4,4,4,4,4,4,4,4,4,4,4,3,4,4,1,0,3,1,0,4,2,0,1,0,1,4,4,1,0,4,3,2,2,0,1,0,1,0,0,1,2,3,3,2,0,4,4,4,4,4,2,3,2,0,0,2,1,0,1,1,1,0,1,3,3,4,4,4,4,4,4,4,4,4,4,4,4,4,4,4,4,4,4,4,4,4,4,4,4,4,4,4,4,4,4,4,4,4,4,4,4,4,4,4,4,4,4,4,4,4,4,4,4,4,4,4,4,4,4,4,4,4,4,4,4,4,4,4,4,4,4,4,4,4,4,4,4,4,4,4,4,4,4,4,4,4,4,4,4,4,4,4,4,4,4,4,4,4,4,4,4,4,4,4,4,4,4,4,4,4,4,4,4,4,4,4,4,4,4,4,4,4,4,4,4,4,4,4,4,4,4,4,4,4,4,4,4,4,4,4,4,4,4,4,4,4,4,4,4,4,4,4,4,4,4,4,4,4,4,4,4,4,4,4,4,4,4,4,4,4,4,4,4,4,4,4,4,4,4,4,4,4,4,4,4,4,4,4,4,4,4,4,4,4,4,4,4,4,4,4,CP002797.2/4064052-4064200,1
1387,0,2,3,2,2,1,3,1,0,3,3,1,4,0,1,1,4,2,0,4,1,3,3,0,3,2,3,1,4,0,2,1,4,4,4,4,1,1,1,3,3,4,1,2,2,4,4,4,4,4,4,2,0,1,2,3,4,4,4,4,4,4,4,4,4,4,4,4,4,4,4,4,4,4,4,4,4,4,4,4,4,2,1,3,0,1,0,3,0,0,0,0,3,4,3,4,1,2,0,4,0,3,2,0,1,2,1,0,4,4,4,4,1,0,0,4,4,4,4,4,4,4,1,0,0,2,2,3,2,1,1,3,2,1,1,2,3,1,1,0,0,1,3,3,4,4,1,3,2,0,3,0,3,1,0,4,4,4,4,4,4,4,4,2,1,2,3,0,4,4,4,4,2,1,3,4,4,4,4,4,4,4,4,4,4,4,4,4,4,4,4,4,4,4,4,4,4,4,4,4,4,4,4,4,4,4,4,4,0,4,4,3,0,3,1,0,4,0,1,1,0,3,4,4,1,4,4,4,2,2,2,1,2,0,0,0,1,2,3,1,2,0,4,4,4,4,4,2,3,3,0,2,2,1,0,1,1,2,1,1,3,3,4,4,4,4,4,4,4,4,4,4,4,4,4,4,4,4,4,4,4,4,4,4,4,4,4,4,4,4,4,4,4,4,4,4,4,4,4,4,4,4,4,4,4,4,4,4,4,4,4,4,4,4,4,4,4,4,4,4,4,4,4,4,4,4,4,4,4,4,4,4,4,4,4,4,4,4,4,4,4,4,4,4,4,4,4,4,4,4,4,4,4,4,4,4,4,4,4,4,4,4,4,4,4,4,4,4,4,4,4,4,4,4,4,4,4,4,4,4,4,4,4,4,4,4,4,4,4,4,4,4,4,4,4,4,4,4,4,4,4,4,4,4,4,4,4,4,4,4,4,4,4,4,4,4,4,4,4,4,4,4,4,4,4,4,4,4,4,4,4,4,4,4,4,4,4,4,4,4,4,4,4,4,4,4,4,4,4,4,4,4,4,4,4,4,4,ADWS01000006.1/35041-35188,1
1388,0,2,3,2,2,1,3,1,0,3,3,1,4,0,1,1,4,2,0,4,1,3,3,0,3,2,3,1,4,0,2,1,4,4,4,4,1,1,1,3,3,4,1,2,2,4,4,4,4,4,4,2,0,1,2,3,4,4,4,4,4,4,4,4,4,4,4,4,4,4,4,4,4,4,4,4,4,4,4,4,4,2,1,3,0,1,0,3,0,0,0,0,3,4,0,4,1,2,0,4,0,3,2,0,1,2,1,0,4,4,4,4,1,0,0,4,4,4,4,4,4,4,1,0,0,2,2,3,2,1,1,3,2,1,1,2,3,1,1,0,0,1,3,3,4,4,1,3,2,0,3,0,3,1,0,4,4,4,4,4,4,4,4,2,1,2,3,0,4,4,4,4,2,1,3,4,4,4,4,4,4,4,4,4,4,4,4,4,4,4,4,4,4,4,4,4,4,4,4,4,4,4,4,4,4,4,4,4,0,4,4,3,0,3,1,0,4,0,1,1,0,3,4,4,1,4,4,4,2,2,2,1,2,0,0,0,1,2,3,1,2,0,4,4,4,4,4,2,3,3,0,2,2,1,0,1,1,2,1,1,3,3,4,4,4,4,4,4,4,4,4,4,4,4,4,4,4,4,4,4,4,4,4,4,4,4,4,4,4,4,4,4,4,4,4,4,4,4,4,4,4,4,4,4,4,4,4,4,4,4,4,4,4,4,4,4,4,4,4,4,4,4,4,4,4,4,4,4,4,4,4,4,4,4,4,4,4,4,4,4,4,4,4,4,4,4,4,4,4,4,4,4,4,4,4,4,4,4,4,4,4,4,4,4,4,4,4,4,4,4,4,4,4,4,4,4,4,4,4,4,4,4,4,4,4,4,4,4,4,4,4,4,4,4,4,4,4,4,4,4,4,4,4,4,4,4,4,4,4,4,4,4,4,4,4,4,4,4,4,4,4,4,4,4,4,4,4,4,4,4,4,4,4,4,4,4,4,4,4,4,4,4,4,4,4,4,4,4,4,4,4,4,4,4,4,4,4,CP002729.1/3103308-3103161,1
1389,0,2,0,3,2,1,3,1,0,3,3,1,4,1,0,3,4,1,3,4,1,3,3,0,3,2,3,3,4,1,2,1,1,3,4,4,4,4,4,4,4,4,4,4,4,4,4,4,4,4,4,4,4,4,4,4,3,0,4,4,4,4,4,4,4,4,4,4,4,4,4,4,4,4,4,4,4,4,4,2,3,2,1,1,3,1,0,3,0,0,0,1,3,1,1,4,2,2,0,4,0,3,2,0,1,2,1,0,4,4,4,4,2,0,2,1,1,2,4,4,3,3,3,0,1,2,2,3,2,1,3,3,0,3,1,2,3,1,1,4,0,1,3,2,0,4,1,0,2,0,3,2,3,1,4,4,4,4,4,4,4,4,4,2,1,3,3,0,3,4,4,4,2,1,1,4,4,4,4,4,4,4,4,4,4,4,4,4,4,4,4,4,4,4,4,4,4,4,4,4,4,4,4,4,4,4,4,4,3,4,4,1,0,3,1,0,4,2,0,1,0,1,4,4,1,0,4,3,2,2,0,1,0,1,0,0,1,2,3,3,2,0,4,4,4,4,4,2,3,2,0,0,2,1,0,1,1,1,0,1,3,3,4,4,4,4,4,4,4,4,4,4,4,4,4,4,4,4,4,4,4,4,4,4,4,4,4,4,4,4,4,4,4,4,4,4,4,4,4,4,4,4,4,4,4,4,4,4,4,4,4,4,4,4,4,4,4,4,4,4,4,4,4,4,4,4,4,4,4,4,4,4,4,4,4,4,4,4,4,4,4,4,4,4,4,4,4,4,4,4,4,4,4,4,4,4,4,4,4,4,4,4,4,4,4,4,4,4,4,4,4,4,4,4,4,4,4,4,4,4,4,4,4,4,4,4,4,4,4,4,4,4,4,4,4,4,4,4,4,4,4,4,4,4,4,4,4,4,4,4,4,4,4,4,4,4,4,4,4,4,4,4,4,4,4,4,4,4,4,4,4,4,4,4,4,4,4,4,4,4,4,4,4,4,4,4,4,4,4,4,4,4,4,4,4,4,4,AFDQ01000029.1/41793-41941,1
1390,0,2,0,3,2,1,3,1,0,3,1,1,4,1,0,1,4,3,3,4,0,3,3,0,3,2,0,3,4,0,2,1,1,3,2,4,2,3,3,3,3,4,3,0,3,0,2,1,1,0,4,0,3,3,3,0,4,4,4,4,4,4,4,4,4,4,4,4,4,4,4,4,4,4,4,4,4,4,4,4,4,2,1,3,3,1,0,3,0,0,0,1,1,1,0,4,2,2,2,4,0,3,2,0,1,2,1,0,4,4,4,4,2,0,2,1,1,2,0,3,3,3,3,0,2,2,2,3,2,1,1,3,0,3,3,2,3,1,1,0,3,2,3,0,0,4,0,1,2,0,3,2,3,3,4,4,4,4,4,4,4,4,4,2,0,0,3,0,4,4,4,4,3,1,3,4,4,4,4,4,4,4,4,4,4,4,4,4,4,4,4,4,4,4,4,4,4,4,4,4,4,4,4,4,4,4,4,4,3,4,4,1,0,3,1,0,4,1,0,3,0,1,4,4,1,4,4,4,2,2,2,1,0,3,0,0,1,2,3,3,2,0,4,4,4,4,4,2,3,2,0,2,2,1,0,1,1,2,0,1,0,3,4,4,4,4,4,4,4,4,4,4,4,4,4,4,4,4,4,4,4,4,4,4,4,4,4,4,4,4,4,4,4,4,4,4,4,4,4,4,4,4,4,4,4,4,4,4,4,4,4,4,4,4,4,4,4,4,4,4,4,4,4,4,4,4,4,4,4,4,4,4,4,4,4,4,4,4,4,4,4,4,4,4,4,4,4,4,4,4,4,4,4,4,4,4,4,4,4,4,4,4,4,4,4,4,4,4,4,4,4,4,4,4,4,4,4,4,4,4,4,4,4,4,4,4,4,4,4,4,4,4,4,4,4,4,4,4,4,4,4,4,4,4,4,4,4,4,4,4,4,4,4,4,4,4,4,4,4,4,4,4,4,4,4,4,4,4,4,4,4,4,4,4,4,4,4,4,4,4,4,4,4,4,4,4,4,4,4,4,4,4,4,4,4,4,4,CACU01000005.1/232691-232854,1
1391,0,2,3,2,2,1,3,1,0,3,3,1,4,0,1,1,4,2,0,4,1,3,3,0,3,2,3,1,4,0,2,1,4,4,4,4,1,1,1,3,3,4,1,2,2,4,4,4,4,4,4,2,0,1,2,3,4,4,4,4,4,4,4,4,4,4,4,4,4,4,4,4,4,4,4,4,4,4,4,4,4,2,1,3,0,1,0,3,0,0,0,0,3,4,3,4,1,2,0,4,0,3,2,0,1,2,1,0,4,4,4,4,1,0,0,4,4,4,4,4,4,4,1,0,0,2,2,3,2,1,1,3,2,1,1,2,3,1,1,0,0,1,3,3,4,4,1,3,2,0,3,0,3,1,0,4,4,4,4,4,4,4,4,2,1,2,3,0,4,4,4,4,2,1,3,4,4,4,4,4,4,4,4,4,4,4,4,4,4,4,4,4,4,4,4,4,4,4,4,4,4,4,4,4,4,4,4,4,0,4,4,3,0,3,1,0,4,0,1,1,0,3,4,4,1,4,4,4,2,2,2,1,2,0,0,0,1,2,3,1,2,0,4,4,4,4,4,2,3,3,0,2,2,1,0,1,1,2,1,1,3,3,4,4,4,4,4,4,4,4,4,4,4,4,4,4,4,4,4,4,4,4,4,4,4,4,4,4,4,4,4,4,4,4,4,4,4,4,4,4,4,4,4,4,4,4,4,4,4,4,4,4,4,4,4,4,4,4,4,4,4,4,4,4,4,4,4,4,4,4,4,4,4,4,4,4,4,4,4,4,4,4,4,4,4,4,4,4,4,4,4,4,4,4,4,4,4,4,4,4,4,4,4,4,4,4,4,4,4,4,4,4,4,4,4,4,4,4,4,4,4,4,4,4,4,4,4,4,4,4,4,4,4,4,4,4,4,4,4,4,4,4,4,4,4,4,4,4,4,4,4,4,4,4,4,4,4,4,4,4,4,4,4,4,4,4,4,4,4,4,4,4,4,4,4,4,4,4,4,4,4,4,4,4,4,4,4,4,4,4,4,4,4,4,4,4,4,ADBB01000122.1/161769-161622,1
1392,0,2,0,3,2,1,3,1,0,3,3,1,4,1,0,3,4,1,3,4,1,3,3,0,3,2,3,3,4,1,2,1,1,3,4,4,4,4,4,4,4,4,4,4,4,4,4,4,4,4,4,4,4,4,4,4,3,0,4,4,4,4,4,4,4,4,4,4,4,4,4,4,4,4,4,4,4,4,4,2,3,2,1,1,3,1,0,3,0,0,0,1,3,1,1,4,2,2,0,4,0,3,2,0,1,2,1,0,4,4,4,4,2,0,2,1,1,2,4,4,3,3,3,0,1,2,2,3,2,1,3,3,0,3,1,2,3,1,1,4,0,1,3,2,0,4,1,0,2,0,3,2,3,1,4,4,4,4,4,4,4,4,4,2,1,3,3,0,3,4,4,4,2,1,1,4,4,4,4,4,4,4,4,4,4,4,4,4,4,4,4,4,4,4,4,4,4,4,4,4,4,4,4,4,4,4,4,4,3,4,4,1,0,3,1,0,4,2,0,1,0,1,4,4,1,0,4,3,2,2,0,1,0,1,0,0,1,2,3,3,2,0,4,4,4,4,4,2,3,2,0,0,2,1,0,1,1,1,0,1,3,3,4,4,4,4,4,4,4,4,4,4,4,4,4,4,4,4,4,4,4,4,4,4,4,4,4,4,4,4,4,4,4,4,4,4,4,4,4,4,4,4,4,4,4,4,4,4,4,4,4,4,4,4,4,4,4,4,4,4,4,4,4,4,4,4,4,4,4,4,4,4,4,4,4,4,4,4,4,4,4,4,4,4,4,4,4,4,4,4,4,4,4,4,4,4,4,4,4,4,4,4,4,4,4,4,4,4,4,4,4,4,4,4,4,4,4,4,4,4,4,4,4,4,4,4,4,4,4,4,4,4,4,4,4,4,4,4,4,4,4,4,4,4,4,4,4,4,4,4,4,4,4,4,4,4,4,4,4,4,4,4,4,4,4,4,4,4,4,4,4,4,4,4,4,4,4,4,4,4,4,4,4,4,4,4,4,4,4,4,4,4,4,4,4,4,4,ABHP01000024.1/63011-62863,1
1393,0,2,0,3,2,1,3,1,0,3,1,1,4,1,0,1,4,3,3,4,0,3,3,0,3,2,0,1,4,0,2,1,3,3,2,2,1,1,0,3,3,4,0,0,2,2,1,3,0,4,4,0,3,3,3,0,4,4,4,4,4,4,4,4,4,4,4,4,4,4,4,4,4,4,4,4,4,4,4,4,4,2,1,3,3,1,0,3,0,0,0,1,1,1,0,4,2,2,2,4,0,3,2,0,1,2,1,0,4,4,4,4,2,0,2,1,1,2,0,3,3,3,3,0,2,0,2,3,2,1,1,3,0,3,3,2,3,1,1,0,3,2,3,0,0,4,1,1,2,0,3,2,3,3,4,4,4,4,4,4,4,4,4,2,0,2,3,0,4,4,4,4,0,3,2,4,4,4,4,4,4,4,4,4,4,4,4,4,4,4,4,4,4,4,4,4,4,4,4,4,4,4,4,4,4,4,4,4,3,4,4,1,0,3,1,0,4,1,0,3,0,1,4,4,1,4,4,4,2,2,2,1,0,3,0,0,1,2,3,3,2,0,4,4,4,4,4,2,3,2,0,2,2,1,0,1,3,2,0,3,0,3,4,4,4,4,4,4,4,4,4,4,4,4,4,4,4,4,4,4,4,4,4,4,4,4,4,4,4,4,4,4,4,4,4,4,4,4,4,4,4,4,4,4,4,4,4,4,4,4,4,4,4,4,4,4,4,4,4,4,4,4,4,4,4,4,4,4,4,4,4,4,4,4,4,4,4,4,4,4,4,4,4,4,4,4,4,4,4,4,4,4,4,4,4,4,4,4,4,4,4,4,4,4,4,4,4,4,4,4,4,4,4,4,4,4,4,4,4,4,4,4,4,4,4,4,4,4,4,4,4,4,4,4,4,4,4,4,4,4,4,4,4,4,4,4,4,4,4,4,4,4,4,4,4,4,4,4,4,4,4,4,4,4,4,4,4,4,4,4,4,4,4,4,4,4,4,4,4,4,4,4,4,4,4,4,4,4,4,4,4,4,4,4,4,4,4,ACNT01000005.1/595020-594857,1
1394,0,2,3,2,2,1,3,1,0,3,3,1,4,0,1,1,4,2,0,4,1,3,3,0,3,2,3,1,4,0,2,1,4,4,4,4,1,1,1,3,3,4,1,2,2,4,4,4,4,4,4,2,0,1,2,3,4,4,4,4,4,4,4,4,4,4,4,4,4,4,4,4,4,4,4,4,4,4,4,4,4,2,1,3,0,1,0,3,0,0,0,0,3,4,3,4,1,2,0,4,0,3,2,0,1,2,1,0,4,4,4,4,1,0,0,4,4,4,4,4,4,4,1,0,0,2,2,3,2,1,1,3,2,1,1,2,3,1,1,0,0,1,3,3,4,4,1,3,2,0,3,0,3,1,0,4,4,4,4,4,4,4,4,2,1,2,3,0,4,4,4,4,2,1,3,4,4,4,4,4,4,4,4,4,4,4,4,4,4,4,4,4,4,4,4,4,4,4,4,4,4,4,4,4,4,4,4,4,0,4,4,3,0,3,1,0,4,0,1,1,0,3,4,4,1,4,4,4,2,2,2,1,2,0,0,0,1,2,3,1,2,0,4,4,4,4,4,2,3,3,0,2,2,1,0,1,1,2,1,1,3,3,4,4,4,4,4,4,4,4,4,4,4,4,4,4,4,4,4,4,4,4,4,4,4,4,4,4,4,4,4,4,4,4,4,4,4,4,4,4,4,4,4,4,4,4,4,4,4,4,4,4,4,4,4,4,4,4,4,4,4,4,4,4,4,4,4,4,4,4,4,4,4,4,4,4,4,4,4,4,4,4,4,4,4,4,4,4,4,4,4,4,4,4,4,4,4,4,4,4,4,4,4,4,4,4,4,4,4,4,4,4,4,4,4,4,4,4,4,4,4,4,4,4,4,4,4,4,4,4,4,4,4,4,4,4,4,4,4,4,4,4,4,4,4,4,4,4,4,4,4,4,4,4,4,4,4,4,4,4,4,4,4,4,4,4,4,4,4,4,4,4,4,4,4,4,4,4,4,4,4,4,4,4,4,4,4,4,4,4,4,4,4,4,4,4,4,AP009240.1/2950122-2949975,1
1395,0,2,0,3,2,1,3,1,0,3,3,1,4,1,0,3,4,1,3,4,1,3,3,0,3,2,3,3,4,1,2,1,1,3,4,4,4,4,4,4,4,4,4,4,4,4,4,4,4,4,4,4,4,4,4,4,3,0,4,4,4,4,4,4,4,4,4,4,4,4,4,4,4,4,4,4,4,4,4,2,3,2,1,1,3,1,0,3,0,0,0,1,3,1,1,4,2,2,0,4,0,3,2,0,1,2,1,0,4,4,4,4,2,0,2,1,1,2,4,4,3,3,3,0,1,2,2,3,2,1,3,3,0,3,1,2,3,1,1,4,0,1,3,2,0,4,1,0,2,0,3,2,3,1,4,4,4,4,4,4,4,4,4,2,1,3,3,0,3,4,4,4,2,1,1,4,4,4,4,4,4,4,4,4,4,4,4,4,4,4,4,4,4,4,4,4,4,4,4,4,4,4,4,4,4,4,4,4,3,4,4,1,0,3,1,0,4,2,0,1,0,1,4,4,1,0,4,3,2,2,0,1,0,1,0,0,1,2,3,3,2,0,4,4,4,4,4,2,3,2,0,0,2,1,0,1,1,1,0,1,3,3,4,4,4,4,4,4,4,4,4,4,4,4,4,4,4,4,4,4,4,4,4,4,4,4,4,4,4,4,4,4,4,4,4,4,4,4,4,4,4,4,4,4,4,4,4,4,4,4,4,4,4,4,4,4,4,4,4,4,4,4,4,4,4,4,4,4,4,4,4,4,4,4,4,4,4,4,4,4,4,4,4,4,4,4,4,4,4,4,4,4,4,4,4,4,4,4,4,4,4,4,4,4,4,4,4,4,4,4,4,4,4,4,4,4,4,4,4,4,4,4,4,4,4,4,4,4,4,4,4,4,4,4,4,4,4,4,4,4,4,4,4,4,4,4,4,4,4,4,4,4,4,4,4,4,4,4,4,4,4,4,4,4,4,4,4,4,4,4,4,4,4,4,4,4,4,4,4,4,4,4,4,4,4,4,4,4,4,4,4,4,4,4,4,4,4,AFDZ01000024.1/42011-42159,1
1396,0,2,0,3,2,1,3,1,0,3,3,1,4,1,0,3,4,1,3,4,1,3,3,0,3,2,3,3,4,1,2,1,1,3,4,4,4,4,4,4,4,4,4,4,4,4,4,4,4,4,4,4,4,4,4,4,3,0,4,4,4,4,4,4,4,4,4,4,4,4,4,4,4,4,4,4,4,4,4,2,3,2,1,1,3,1,0,3,0,0,0,1,3,1,1,4,2,2,0,4,0,3,2,0,1,2,1,0,4,4,4,4,2,0,2,1,1,2,4,4,3,3,3,0,1,2,2,3,2,1,3,3,0,3,1,2,3,1,1,4,0,1,3,2,0,4,1,0,2,0,3,2,3,1,4,4,4,4,4,4,4,4,4,2,1,3,3,0,3,4,4,4,2,1,1,4,4,4,4,4,4,4,4,4,4,4,4,4,4,4,4,4,4,4,4,4,4,4,4,4,4,4,4,4,4,4,4,4,3,4,4,1,0,3,1,0,4,2,0,1,0,1,4,4,1,0,4,3,2,2,0,1,0,1,0,0,1,2,3,3,2,0,4,4,4,4,4,2,3,2,0,0,2,1,0,1,1,1,0,1,3,3,4,4,4,4,4,4,4,4,4,4,4,4,4,4,4,4,4,4,4,4,4,4,4,4,4,4,4,4,4,4,4,4,4,4,4,4,4,4,4,4,4,4,4,4,4,4,4,4,4,4,4,4,4,4,4,4,4,4,4,4,4,4,4,4,4,4,4,4,4,4,4,4,4,4,4,4,4,4,4,4,4,4,4,4,4,4,4,4,4,4,4,4,4,4,4,4,4,4,4,4,4,4,4,4,4,4,4,4,4,4,4,4,4,4,4,4,4,4,4,4,4,4,4,4,4,4,4,4,4,4,4,4,4,4,4,4,4,4,4,4,4,4,4,4,4,4,4,4,4,4,4,4,4,4,4,4,4,4,4,4,4,4,4,4,4,4,4,4,4,4,4,4,4,4,4,4,4,4,4,4,4,4,4,4,4,4,4,4,4,4,4,4,4,4,4,AFWB01000488.1/23777-23925,1
1397,0,2,3,3,2,1,3,1,0,3,3,1,4,0,1,1,4,3,3,4,3,3,3,0,3,2,0,3,4,0,2,1,1,1,1,2,1,0,0,3,3,4,0,0,2,1,2,2,0,3,4,2,0,3,2,1,4,4,4,4,4,4,4,4,4,4,4,4,4,4,4,4,4,4,4,4,4,4,4,4,4,2,1,3,3,1,0,3,0,0,2,1,1,3,1,4,1,2,0,4,0,3,2,0,3,2,1,1,4,4,4,4,3,0,0,2,4,4,4,4,4,4,0,1,3,2,2,3,2,1,1,3,0,3,1,2,3,1,1,0,1,1,3,0,0,0,1,1,2,0,1,0,3,3,2,3,2,3,4,4,4,4,4,2,0,0,0,2,1,4,4,4,0,1,0,4,4,4,4,4,4,4,4,4,4,4,4,4,4,4,4,4,4,4,4,4,4,4,4,4,4,4,4,4,4,4,4,4,3,4,4,3,0,3,1,0,4,0,0,1,0,3,4,4,1,4,4,4,2,2,0,1,2,0,1,0,1,2,3,3,2,0,4,4,4,4,4,2,3,2,0,2,2,1,0,1,1,2,1,1,3,0,4,4,4,4,4,4,4,4,4,4,4,4,4,4,4,4,4,4,4,4,4,4,4,4,4,4,4,4,4,4,4,4,4,4,4,4,4,4,4,4,4,4,4,4,4,4,4,4,4,4,4,4,4,4,4,4,4,4,4,4,4,4,4,4,4,4,4,4,4,4,4,4,4,4,4,4,4,4,4,4,4,4,4,4,4,4,4,4,4,4,4,4,4,4,4,4,4,4,4,4,4,4,4,4,4,4,4,4,4,4,4,4,4,4,4,4,4,4,4,4,4,4,4,4,4,4,4,4,4,4,4,4,4,4,4,4,4,4,4,4,4,4,4,4,4,4,4,4,4,4,4,4,4,4,4,4,4,4,4,4,4,4,4,4,4,4,4,4,4,4,4,4,4,4,4,4,4,4,4,4,4,4,4,4,4,4,4,4,4,4,4,4,4,4,4,ADDC01000001.1/3378810-3378974,1
1398,0,2,3,2,2,1,3,1,0,3,3,1,4,0,1,1,4,3,3,4,1,3,3,0,3,2,3,1,4,0,2,1,4,4,4,4,1,1,1,3,3,4,1,2,2,4,4,4,4,4,4,2,0,1,2,1,4,4,4,4,4,4,4,4,4,4,4,4,4,4,4,4,4,4,4,4,4,4,4,4,4,2,1,3,0,1,0,3,0,0,0,1,3,4,3,4,1,2,0,4,0,3,2,0,1,2,1,0,4,4,4,4,1,0,0,4,4,4,4,4,4,4,1,0,0,2,2,3,2,1,1,3,2,1,1,2,3,1,1,0,0,1,3,3,4,4,1,3,2,0,3,0,0,1,0,4,4,4,4,4,4,4,4,2,1,3,3,3,4,4,4,4,2,1,3,4,4,4,4,4,4,4,4,4,4,4,4,4,4,4,4,4,4,4,4,4,4,4,4,4,4,4,4,4,4,4,4,4,3,4,4,3,0,3,1,0,4,0,1,1,0,3,4,4,1,4,4,4,2,2,2,1,2,0,0,0,1,2,3,1,2,0,4,4,4,4,4,2,3,3,0,2,2,1,0,1,1,2,1,1,3,3,4,4,4,4,4,4,4,4,4,4,4,4,4,4,4,4,4,4,4,4,4,4,4,4,4,4,4,4,4,4,4,4,4,4,4,4,4,4,4,4,4,4,4,4,4,4,4,4,4,4,4,4,4,4,4,4,4,4,4,4,4,4,4,4,4,4,4,4,4,4,4,4,4,4,4,4,4,4,4,4,4,4,4,4,4,4,4,4,4,4,4,4,4,4,4,4,4,4,4,4,4,4,4,4,4,4,4,4,4,4,4,4,4,4,4,4,4,4,4,4,4,4,4,4,4,4,4,4,4,4,4,4,4,4,4,4,4,4,4,4,4,4,4,4,4,4,4,4,4,4,4,4,4,4,4,4,4,4,4,4,4,4,4,4,4,4,4,4,4,4,4,4,4,4,4,4,4,4,4,4,4,4,4,4,4,4,4,4,4,4,4,4,4,4,4,BAAW01000285.1/4670-4817,1
1399,0,2,0,3,2,1,3,1,0,3,3,1,4,1,0,3,4,1,3,4,1,3,3,0,3,2,3,3,4,1,2,1,1,3,4,4,4,4,4,4,4,4,4,4,4,4,4,4,4,4,4,4,4,4,4,4,3,0,4,4,4,4,4,4,4,4,4,4,4,4,4,4,4,4,4,4,4,4,4,2,3,2,1,1,3,1,0,3,0,0,0,1,3,1,1,4,2,2,0,4,0,3,2,0,1,2,1,0,4,4,4,4,2,0,2,1,1,2,4,4,3,3,3,0,1,2,2,3,2,1,3,3,0,3,1,2,3,1,1,4,0,1,3,2,0,4,1,0,2,0,3,2,3,1,4,4,4,4,4,4,4,4,4,2,1,3,3,0,3,4,4,4,2,1,1,4,4,4,4,4,4,4,4,4,4,4,4,4,4,4,4,4,4,4,4,4,4,4,4,4,4,4,4,4,4,4,4,4,3,4,4,1,0,3,1,0,4,2,0,1,0,1,4,4,1,0,4,3,2,2,0,1,0,1,0,0,1,2,3,3,2,0,4,4,4,4,4,2,3,2,0,0,2,1,0,1,1,1,0,1,3,3,4,4,4,4,4,4,4,4,4,4,4,4,4,4,4,4,4,4,4,4,4,4,4,4,4,4,4,4,4,4,4,4,4,4,4,4,4,4,4,4,4,4,4,4,4,4,4,4,4,4,4,4,4,4,4,4,4,4,4,4,4,4,4,4,4,4,4,4,4,4,4,4,4,4,4,4,4,4,4,4,4,4,4,4,4,4,4,4,4,4,4,4,4,4,4,4,4,4,4,4,4,4,4,4,4,4,4,4,4,4,4,4,4,4,4,4,4,4,4,4,4,4,4,4,4,4,4,4,4,4,4,4,4,4,4,4,4,4,4,4,4,4,4,4,4,4,4,4,4,4,4,4,4,4,4,4,4,4,4,4,4,4,4,4,4,4,4,4,4,4,4,4,4,4,4,4,4,4,4,4,4,4,4,4,4,4,4,4,4,4,4,4,4,4,4,ACXH01000111.1/38999-39147,1
1400,0,2,3,2,2,1,3,1,0,3,3,1,4,0,1,1,4,3,3,4,1,3,3,0,3,2,3,1,4,0,2,1,4,4,4,4,1,1,1,3,3,4,0,2,2,4,4,4,4,4,4,2,0,1,2,1,4,4,4,4,4,4,4,4,4,4,4,4,4,4,4,4,4,4,4,4,4,4,4,4,4,2,1,3,0,1,0,3,0,0,0,1,3,4,3,4,1,2,0,4,0,3,2,0,1,2,1,0,4,4,4,4,1,0,0,4,4,4,4,4,4,4,1,0,0,2,2,3,2,1,1,3,2,1,1,2,3,1,3,0,0,1,3,3,4,4,1,3,2,0,3,0,0,3,0,4,4,4,4,4,4,4,4,2,1,2,3,0,4,4,4,4,2,1,3,4,4,4,4,4,4,4,4,4,4,4,4,4,4,4,4,4,4,4,4,4,4,4,4,4,4,4,4,4,4,4,4,4,3,4,4,3,0,3,1,0,4,0,1,1,3,1,4,4,1,4,4,4,2,2,2,1,2,0,0,0,1,2,3,1,2,0,4,4,4,4,4,2,3,3,0,2,2,1,0,1,1,2,1,1,3,3,4,4,4,4,4,4,4,4,4,4,4,4,4,4,4,4,4,4,4,4,4,4,4,4,4,4,4,4,4,4,4,4,4,4,4,4,4,4,4,4,4,4,4,4,4,4,4,4,4,4,4,4,4,4,4,4,4,4,4,4,4,4,4,4,4,4,4,4,4,4,4,4,4,4,4,4,4,4,4,4,4,4,4,4,4,4,4,4,4,4,4,4,4,4,4,4,4,4,4,4,4,4,4,4,4,4,4,4,4,4,4,4,4,4,4,4,4,4,4,4,4,4,4,4,4,4,4,4,4,4,4,4,4,4,4,4,4,4,4,4,4,4,4,4,4,4,4,4,4,4,4,4,4,4,4,4,4,4,4,4,4,4,4,4,4,4,4,4,4,4,4,4,4,4,4,4,4,4,4,4,4,4,4,4,4,4,4,4,4,4,4,4,4,4,4,CAAS01000222.1/1357-1504,1
1401,0,2,0,3,2,1,3,1,0,3,3,1,4,1,0,1,4,1,3,4,1,3,3,0,3,2,3,3,4,1,2,1,1,3,4,4,4,4,4,4,4,4,4,4,4,4,4,4,4,4,4,4,4,4,4,4,3,0,4,4,4,4,4,4,4,4,4,4,4,4,4,4,4,4,4,4,4,4,4,2,3,2,1,1,3,1,0,3,0,0,0,1,3,1,0,4,2,2,0,4,0,3,2,0,1,2,1,0,4,4,4,4,2,0,2,1,1,0,4,4,3,3,3,0,1,2,2,3,2,1,3,3,0,3,1,2,3,1,1,0,1,1,2,0,4,4,1,0,2,0,3,2,3,1,4,4,4,4,4,4,4,4,4,2,1,3,3,1,2,4,4,4,2,1,1,4,4,4,4,4,4,4,4,4,4,4,4,4,4,4,4,4,4,4,4,4,4,4,4,4,4,4,4,4,4,4,4,4,3,4,4,1,0,3,1,0,4,0,0,1,0,1,4,4,1,0,4,3,2,2,0,1,0,1,0,0,1,2,3,3,2,0,4,4,4,4,4,2,3,2,0,0,2,1,0,1,1,0,0,0,3,0,4,4,4,4,4,4,4,4,4,4,4,4,4,4,4,4,4,4,4,4,4,4,4,4,4,4,4,4,4,4,4,4,4,4,4,4,4,4,4,4,4,4,4,4,4,4,4,4,4,4,4,4,4,4,4,4,4,4,4,4,4,4,4,4,4,4,4,4,4,4,4,4,4,4,4,4,4,4,4,4,4,4,4,4,4,4,4,4,4,4,4,4,4,4,4,4,4,4,4,4,4,4,4,4,4,4,4,4,4,4,4,4,4,4,4,4,4,4,4,4,4,4,4,4,4,4,4,4,4,4,4,4,4,4,4,4,4,4,4,4,4,4,4,4,4,4,4,4,4,4,4,4,4,4,4,4,4,4,4,4,4,4,4,4,4,4,4,4,4,4,4,4,4,4,4,4,4,4,4,4,4,4,4,4,4,4,4,4,4,4,4,4,4,4,4,CP000653.1/4326969-4326821,1
1402,0,2,0,3,2,1,3,1,0,3,3,1,4,1,0,3,4,1,3,4,1,3,3,0,3,2,3,3,4,1,2,1,1,3,4,4,4,4,4,4,4,4,4,4,4,4,4,4,4,4,4,4,4,4,4,4,3,0,4,4,4,4,4,4,4,4,4,4,4,4,4,4,4,4,4,4,4,4,4,2,3,2,1,1,3,1,0,3,0,0,0,1,3,1,1,4,2,2,0,4,0,3,2,0,1,2,1,0,4,4,4,4,2,0,2,1,1,2,4,4,3,3,3,0,1,2,2,3,2,1,3,3,0,3,1,2,3,1,1,4,0,1,3,2,0,4,1,0,2,0,3,2,3,1,4,4,4,4,4,4,4,4,4,2,1,3,3,0,3,4,4,4,2,1,1,4,4,4,4,4,4,4,4,4,4,4,4,4,4,4,4,4,4,4,4,4,4,4,4,4,4,4,4,4,4,4,4,4,3,4,4,1,0,3,1,0,4,2,0,1,0,1,4,4,1,0,4,3,2,2,0,1,0,1,0,0,1,2,3,3,2,0,4,4,4,4,4,2,3,2,0,0,2,1,0,1,1,1,0,1,3,3,4,4,4,4,4,4,4,4,4,4,4,4,4,4,4,4,4,4,4,4,4,4,4,4,4,4,4,4,4,4,4,4,4,4,4,4,4,4,4,4,4,4,4,4,4,4,4,4,4,4,4,4,4,4,4,4,4,4,4,4,4,4,4,4,4,4,4,4,4,4,4,4,4,4,4,4,4,4,4,4,4,4,4,4,4,4,4,4,4,4,4,4,4,4,4,4,4,4,4,4,4,4,4,4,4,4,4,4,4,4,4,4,4,4,4,4,4,4,4,4,4,4,4,4,4,4,4,4,4,4,4,4,4,4,4,4,4,4,4,4,4,4,4,4,4,4,4,4,4,4,4,4,4,4,4,4,4,4,4,4,4,4,4,4,4,4,4,4,4,4,4,4,4,4,4,4,4,4,4,4,4,4,4,4,4,4,4,4,4,4,4,4,4,4,4,AEZV01000154.1/251218-251366,1
1403,0,2,3,2,2,1,3,1,0,3,3,1,4,0,1,1,4,2,0,4,1,3,3,0,3,2,3,1,4,0,2,1,4,4,4,4,1,1,1,3,3,4,1,2,2,4,4,4,4,4,4,2,0,1,2,3,4,4,4,4,4,4,4,4,4,4,4,4,4,4,4,4,4,4,4,4,4,4,4,4,4,2,1,3,0,1,0,3,0,0,0,0,3,4,3,4,1,2,0,4,0,3,2,0,1,2,1,0,4,4,4,4,1,0,0,4,4,4,4,4,4,4,1,0,0,2,2,3,2,1,1,3,2,1,1,2,3,1,1,0,0,1,3,3,4,4,1,3,2,0,3,0,3,1,0,4,4,4,4,4,4,4,4,2,1,2,3,0,4,4,4,4,2,1,3,4,4,4,4,4,4,4,4,4,4,4,4,4,4,4,4,4,4,4,4,4,4,4,4,4,4,4,4,4,4,4,4,4,0,4,4,3,0,3,1,0,4,0,1,1,0,3,4,4,1,4,4,4,2,2,2,1,2,0,0,0,1,2,3,1,2,0,4,4,4,4,4,2,3,3,0,2,2,1,0,1,1,2,1,1,3,3,4,4,4,4,4,4,4,4,4,4,4,4,4,4,4,4,4,4,4,4,4,4,4,4,4,4,4,4,4,4,4,4,4,4,4,4,4,4,4,4,4,4,4,4,4,4,4,4,4,4,4,4,4,4,4,4,4,4,4,4,4,4,4,4,4,4,4,4,4,4,4,4,4,4,4,4,4,4,4,4,4,4,4,4,4,4,4,4,4,4,4,4,4,4,4,4,4,4,4,4,4,4,4,4,4,4,4,4,4,4,4,4,4,4,4,4,4,4,4,4,4,4,4,4,4,4,4,4,4,4,4,4,4,4,4,4,4,4,4,4,4,4,4,4,4,4,4,4,4,4,4,4,4,4,4,4,4,4,4,4,4,4,4,4,4,4,4,4,4,4,4,4,4,4,4,4,4,4,4,4,4,4,4,4,4,4,4,4,4,4,4,4,4,4,4,ADBA01000098.1/124721-124574,1
1404,0,2,0,3,2,1,3,1,0,3,3,1,4,1,0,3,4,1,3,4,1,3,3,0,3,2,3,3,4,1,2,1,1,3,4,4,4,4,4,4,4,4,4,4,4,4,4,4,4,4,4,4,4,4,4,4,3,0,4,4,4,4,4,4,4,4,4,4,4,4,4,4,4,4,4,4,4,4,4,2,3,2,1,1,3,1,0,3,0,0,0,1,3,1,1,4,2,2,0,4,0,3,2,0,1,2,1,0,4,4,4,4,2,0,2,1,1,2,4,4,3,3,3,0,1,2,2,3,2,1,3,3,0,3,1,2,3,1,1,4,0,1,3,2,0,4,1,0,2,0,3,2,3,1,4,4,4,4,4,4,4,4,4,2,1,3,3,0,3,4,4,4,2,1,1,4,4,4,4,4,4,4,4,4,4,4,4,4,4,4,4,4,4,4,4,4,4,4,4,4,4,4,4,4,4,4,4,4,3,4,4,1,0,3,1,0,4,2,0,1,0,1,4,4,1,0,4,3,2,2,0,1,0,1,0,0,1,2,3,3,2,0,4,4,4,4,4,2,3,2,0,0,2,1,0,1,1,1,0,1,3,3,4,4,4,4,4,4,4,4,4,4,4,4,4,4,4,4,4,4,4,4,4,4,4,4,4,4,4,4,4,4,4,4,4,4,4,4,4,4,4,4,4,4,4,4,4,4,4,4,4,4,4,4,4,4,4,4,4,4,4,4,4,4,4,4,4,4,4,4,4,4,4,4,4,4,4,4,4,4,4,4,4,4,4,4,4,4,4,4,4,4,4,4,4,4,4,4,4,4,4,4,4,4,4,4,4,4,4,4,4,4,4,4,4,4,4,4,4,4,4,4,4,4,4,4,4,4,4,4,4,4,4,4,4,4,4,4,4,4,4,4,4,4,4,4,4,4,4,4,4,4,4,4,4,4,4,4,4,4,4,4,4,4,4,4,4,4,4,4,4,4,4,4,4,4,4,4,4,4,4,4,4,4,4,4,4,4,4,4,4,4,4,4,4,4,4,AEHZ01000087.1/39887-40035,1
1405,0,2,0,3,2,1,3,1,0,3,1,1,4,1,0,1,4,3,3,4,0,3,3,0,3,2,0,1,4,0,2,1,3,3,2,2,1,1,0,3,3,4,0,0,2,2,1,3,0,4,4,0,3,3,3,0,4,4,4,4,4,4,4,4,4,4,4,4,4,4,4,4,4,4,4,4,4,4,4,4,4,2,1,3,3,1,0,3,0,0,0,1,1,1,0,4,2,2,2,4,0,3,2,0,1,2,1,0,4,4,4,4,2,0,2,1,1,2,0,3,3,3,3,0,2,0,2,3,2,1,1,3,0,3,3,2,3,1,1,0,3,2,3,0,0,4,1,1,2,0,3,2,3,3,4,4,4,4,4,4,4,4,4,2,0,2,3,0,4,4,4,4,0,3,2,4,4,4,4,4,4,4,4,4,4,4,4,4,4,4,4,4,4,4,4,4,4,4,4,4,4,4,4,4,4,4,4,4,3,4,4,1,0,3,1,0,4,1,0,3,0,1,4,4,1,4,4,4,2,2,2,1,0,3,0,0,1,2,3,3,2,0,4,4,4,4,4,2,3,2,0,2,2,1,0,1,3,2,0,3,0,3,4,4,4,4,4,4,4,4,4,4,4,4,4,4,4,4,4,4,4,4,4,4,4,4,4,4,4,4,4,4,4,4,4,4,4,4,4,4,4,4,4,4,4,4,4,4,4,4,4,4,4,4,4,4,4,4,4,4,4,4,4,4,4,4,4,4,4,4,4,4,4,4,4,4,4,4,4,4,4,4,4,4,4,4,4,4,4,4,4,4,4,4,4,4,4,4,4,4,4,4,4,4,4,4,4,4,4,4,4,4,4,4,4,4,4,4,4,4,4,4,4,4,4,4,4,4,4,4,4,4,4,4,4,4,4,4,4,4,4,4,4,4,4,4,4,4,4,4,4,4,4,4,4,4,4,4,4,4,4,4,4,4,4,4,4,4,4,4,4,4,4,4,4,4,4,4,4,4,4,4,4,4,4,4,4,4,4,4,4,4,4,4,4,4,4,BX936398.1/217921-218084,1
1406,0,2,3,2,2,1,3,1,0,3,3,1,4,0,1,1,4,2,0,4,1,3,3,0,3,2,3,1,4,0,2,1,4,4,4,4,1,1,1,3,3,4,1,2,2,4,4,4,4,4,4,2,0,1,2,3,4,4,4,4,4,4,4,4,4,4,4,4,4,4,4,4,4,4,4,4,4,4,4,4,4,2,1,3,0,1,0,3,0,0,0,0,3,4,0,4,1,2,0,4,0,3,2,0,1,2,1,0,4,4,4,4,1,0,0,4,4,4,4,4,4,4,1,0,0,2,2,3,2,1,1,3,2,1,1,2,3,1,1,0,0,1,3,3,4,4,1,3,2,0,3,0,3,1,0,4,4,4,4,4,4,4,4,2,1,2,3,0,4,4,4,4,2,1,3,4,4,4,4,4,4,4,4,4,4,4,4,4,4,4,4,4,4,4,4,4,4,4,4,4,4,4,4,4,4,4,4,4,0,4,4,3,0,3,1,0,4,0,1,1,0,3,4,4,1,4,4,4,2,2,2,1,2,0,0,0,1,2,3,1,2,0,4,4,4,4,4,2,3,3,0,2,2,1,0,1,1,2,1,1,3,3,4,4,4,4,4,4,4,4,4,4,4,4,4,4,4,4,4,4,4,4,4,4,4,4,4,4,4,4,4,4,4,4,4,4,4,4,4,4,4,4,4,4,4,4,4,4,4,4,4,4,4,4,4,4,4,4,4,4,4,4,4,4,4,4,4,4,4,4,4,4,4,4,4,4,4,4,4,4,4,4,4,4,4,4,4,4,4,4,4,4,4,4,4,4,4,4,4,4,4,4,4,4,4,4,4,4,4,4,4,4,4,4,4,4,4,4,4,4,4,4,4,4,4,4,4,4,4,4,4,4,4,4,4,4,4,4,4,4,4,4,4,4,4,4,4,4,4,4,4,4,4,4,4,4,4,4,4,4,4,4,4,4,4,4,4,4,4,4,4,4,4,4,4,4,4,4,4,4,4,4,4,4,4,4,4,4,4,4,4,4,4,4,4,4,4,AFAB01000136.1/56222-56369,1
1407,0,2,3,2,2,1,3,1,0,3,3,1,4,0,1,1,4,2,0,4,1,3,3,0,3,2,3,1,4,0,2,1,4,4,4,4,1,1,1,3,3,4,1,2,2,4,4,4,4,4,4,2,0,1,2,3,4,4,4,4,4,4,4,4,4,4,4,4,4,4,4,4,4,4,4,4,4,4,4,4,4,2,1,3,0,1,0,3,0,0,0,0,3,4,0,4,1,2,0,4,0,3,2,0,1,2,1,0,4,4,4,4,1,0,0,4,4,4,4,4,4,4,1,0,0,2,2,3,2,1,1,3,2,1,1,2,3,1,1,0,0,1,3,3,4,4,1,3,2,0,3,0,3,1,0,4,4,4,4,4,4,4,4,2,1,2,3,0,4,4,4,4,2,1,3,4,4,4,4,4,4,4,4,4,4,4,4,4,4,4,4,4,4,4,4,4,4,4,4,4,4,4,4,4,4,4,4,4,0,4,4,3,0,3,1,0,4,0,1,1,0,3,4,4,1,4,4,4,2,2,3,1,2,0,0,0,1,2,3,1,2,0,4,4,4,4,4,2,3,3,0,2,2,1,0,1,1,2,1,1,3,3,4,4,4,4,4,4,4,4,4,4,4,4,4,4,4,4,4,4,4,4,4,4,4,4,4,4,4,4,4,4,4,4,4,4,4,4,4,4,4,4,4,4,4,4,4,4,4,4,4,4,4,4,4,4,4,4,4,4,4,4,4,4,4,4,4,4,4,4,4,4,4,4,4,4,4,4,4,4,4,4,4,4,4,4,4,4,4,4,4,4,4,4,4,4,4,4,4,4,4,4,4,4,4,4,4,4,4,4,4,4,4,4,4,4,4,4,4,4,4,4,4,4,4,4,4,4,4,4,4,4,4,4,4,4,4,4,4,4,4,4,4,4,4,4,4,4,4,4,4,4,4,4,4,4,4,4,4,4,4,4,4,4,4,4,4,4,4,4,4,4,4,4,4,4,4,4,4,4,4,4,4,4,4,4,4,4,4,4,4,4,4,4,4,4,4,AERN01000049.1/219752-219605,1
1408,0,2,0,3,2,1,3,1,0,3,3,1,4,1,0,3,4,1,3,4,1,3,3,0,3,2,3,3,4,1,2,1,1,3,4,4,4,4,4,4,4,4,4,4,4,4,4,4,4,4,4,4,4,4,4,4,3,0,4,4,4,4,4,4,4,4,4,4,4,4,4,4,4,4,4,4,4,4,4,2,3,2,1,1,3,1,0,3,0,0,0,1,3,1,1,4,2,2,0,4,0,3,2,0,1,2,1,0,4,4,4,4,2,0,2,1,1,2,4,4,3,3,3,0,1,2,2,3,2,1,3,3,0,3,1,2,3,1,1,4,0,1,3,2,0,4,1,0,2,0,3,2,3,1,4,4,4,4,4,4,4,4,4,2,1,3,3,0,3,4,4,4,2,1,1,4,4,4,4,4,4,4,4,4,4,4,4,4,4,4,4,4,4,4,4,4,4,4,4,4,4,4,4,4,4,4,4,4,3,4,4,1,0,3,1,0,4,2,0,1,0,1,4,4,1,0,4,3,2,2,0,1,0,1,0,0,1,2,3,3,2,0,4,4,4,4,4,2,3,2,0,0,2,1,0,1,1,1,0,1,3,3,4,4,4,4,4,4,4,4,4,4,4,4,4,4,4,4,4,4,4,4,4,4,4,4,4,4,4,4,4,4,4,4,4,4,4,4,4,4,4,4,4,4,4,4,4,4,4,4,4,4,4,4,4,4,4,4,4,4,4,4,4,4,4,4,4,4,4,4,4,4,4,4,4,4,4,4,4,4,4,4,4,4,4,4,4,4,4,4,4,4,4,4,4,4,4,4,4,4,4,4,4,4,4,4,4,4,4,4,4,4,4,4,4,4,4,4,4,4,4,4,4,4,4,4,4,4,4,4,4,4,4,4,4,4,4,4,4,4,4,4,4,4,4,4,4,4,4,4,4,4,4,4,4,4,4,4,4,4,4,4,4,4,4,4,4,4,4,4,4,4,4,4,4,4,4,4,4,4,4,4,4,4,4,4,4,4,4,4,4,4,4,4,4,4,4,AEXD01000023.1/42739-42887,1
1409,0,2,3,2,2,1,3,1,0,3,3,1,4,0,1,1,4,3,3,4,1,3,3,0,3,2,3,1,4,0,2,1,4,4,4,4,1,1,1,3,3,4,0,2,2,4,4,4,4,4,4,2,0,1,2,1,4,4,4,4,4,4,4,4,4,4,4,4,4,4,4,4,4,4,4,4,4,4,4,4,4,2,1,3,0,1,0,3,0,0,0,1,3,4,3,4,1,2,0,4,0,3,2,0,1,2,1,0,4,4,4,4,1,0,0,4,4,4,4,4,4,4,1,0,0,2,2,3,2,1,1,3,2,1,1,2,3,1,1,0,0,1,3,3,4,4,1,3,2,0,3,0,0,3,0,4,4,4,4,4,4,4,4,2,1,2,3,0,4,4,4,4,2,1,3,4,4,4,4,4,4,4,4,4,4,4,4,4,4,4,4,4,4,4,4,4,4,4,4,4,4,4,4,4,4,4,4,4,3,4,4,3,0,3,1,0,4,0,1,1,3,1,4,4,1,4,4,4,2,2,2,1,2,0,0,0,1,2,3,1,2,0,4,4,4,4,4,2,3,3,0,2,2,1,0,1,1,2,1,1,3,3,4,4,4,4,4,4,4,4,4,4,4,4,4,4,4,4,4,4,4,4,4,4,4,4,4,4,4,4,4,4,4,4,4,4,4,4,4,4,4,4,4,4,4,4,4,4,4,4,4,4,4,4,4,4,4,4,4,4,4,4,4,4,4,4,4,4,4,4,4,4,4,4,4,4,4,4,4,4,4,4,4,4,4,4,4,4,4,4,4,4,4,4,4,4,4,4,4,4,4,4,4,4,4,4,4,4,4,4,4,4,4,4,4,4,4,4,4,4,4,4,4,4,4,4,4,4,4,4,4,4,4,4,4,4,4,4,4,4,4,4,4,4,4,4,4,4,4,4,4,4,4,4,4,4,4,4,4,4,4,4,4,4,4,4,4,4,4,4,4,4,4,4,4,4,4,4,4,4,4,4,4,4,4,4,4,4,4,4,4,4,4,4,4,4,4,AESL01000013.1/40318-40465,1
1410,0,2,3,2,2,1,3,1,0,3,3,1,4,0,1,1,4,2,0,4,1,3,3,0,3,2,3,1,4,0,2,1,4,4,4,4,1,1,1,3,3,4,1,2,2,4,4,4,4,4,4,2,0,1,2,3,4,4,4,4,4,4,4,4,4,4,4,4,4,4,4,4,4,4,4,4,4,4,4,4,4,2,1,3,0,1,0,3,0,0,0,0,3,4,3,4,1,2,0,4,0,3,2,0,1,2,1,0,4,4,4,4,1,0,0,4,4,4,4,4,4,4,1,0,0,2,2,3,2,1,1,3,2,1,1,2,3,1,1,0,0,1,3,3,4,4,1,3,2,0,3,0,3,1,0,4,4,4,4,4,4,4,4,2,1,2,3,0,4,4,4,4,2,1,3,4,4,4,4,4,4,4,4,4,4,4,4,4,4,4,4,4,4,4,4,4,4,4,4,4,4,4,4,4,4,4,4,4,0,4,4,3,0,3,1,0,4,0,1,1,0,3,4,4,1,4,4,4,2,2,2,1,2,0,0,0,1,2,3,1,2,0,4,4,4,4,4,2,3,3,0,2,2,1,0,1,1,2,1,1,3,3,4,4,4,4,4,4,4,4,4,4,4,4,4,4,4,4,4,4,4,4,4,4,4,4,4,4,4,4,4,4,4,4,4,4,4,4,4,4,4,4,4,4,4,4,4,4,4,4,4,4,4,4,4,4,4,4,4,4,4,4,4,4,4,4,4,4,4,4,4,4,4,4,4,4,4,4,4,4,4,4,4,4,4,4,4,4,4,4,4,4,4,4,4,4,4,4,4,4,4,4,4,4,4,4,4,4,4,4,4,4,4,4,4,4,4,4,4,4,4,4,4,4,4,4,4,4,4,4,4,4,4,4,4,4,4,4,4,4,4,4,4,4,4,4,4,4,4,4,4,4,4,4,4,4,4,4,4,4,4,4,4,4,4,4,4,4,4,4,4,4,4,4,4,4,4,4,4,4,4,4,4,4,4,4,4,4,4,4,4,4,4,4,4,4,4,AFVA01000048.1/162374-162227,1
1411,0,2,0,3,2,1,3,1,0,3,3,1,4,3,0,3,4,1,3,4,1,3,3,0,3,2,3,3,4,1,2,1,1,3,4,4,4,4,4,4,4,4,4,4,4,4,4,4,4,4,4,4,4,4,4,4,3,0,4,4,4,4,4,4,4,4,4,4,4,4,4,4,4,4,4,4,4,4,4,2,3,2,1,1,3,1,0,3,0,0,0,1,3,1,1,4,2,2,0,4,0,3,2,0,1,2,1,0,4,4,4,4,2,0,2,1,1,2,4,4,3,3,3,0,1,2,2,3,2,1,3,3,0,3,1,2,3,1,1,4,0,1,3,2,0,4,1,0,2,0,3,2,3,1,4,4,4,4,4,4,4,4,4,2,1,3,3,0,3,4,4,4,2,1,1,4,4,4,4,4,4,4,4,4,4,4,4,4,4,4,4,4,4,4,4,4,4,4,4,4,4,4,4,4,4,4,4,4,3,4,4,1,0,3,1,0,4,2,0,1,0,1,4,4,1,0,4,3,2,2,0,1,0,1,0,0,1,2,3,3,2,0,4,4,4,4,4,2,3,2,0,0,2,1,0,1,1,1,0,1,3,3,4,4,4,4,4,4,4,4,4,4,4,4,4,4,4,4,4,4,4,4,4,4,4,4,4,4,4,4,4,4,4,4,4,4,4,4,4,4,4,4,4,4,4,4,4,4,4,4,4,4,4,4,4,4,4,4,4,4,4,4,4,4,4,4,4,4,4,4,4,4,4,4,4,4,4,4,4,4,4,4,4,4,4,4,4,4,4,4,4,4,4,4,4,4,4,4,4,4,4,4,4,4,4,4,4,4,4,4,4,4,4,4,4,4,4,4,4,4,4,4,4,4,4,4,4,4,4,4,4,4,4,4,4,4,4,4,4,4,4,4,4,4,4,4,4,4,4,4,4,4,4,4,4,4,4,4,4,4,4,4,4,4,4,4,4,4,4,4,4,4,4,4,4,4,4,4,4,4,4,4,4,4,4,4,4,4,4,4,4,4,4,4,4,4,4,ADBT01000794.1/753-901,1
1412,0,2,0,3,2,1,3,1,0,3,3,1,4,1,0,3,4,1,3,4,1,3,3,0,3,2,3,3,4,1,2,1,1,3,4,4,4,4,4,4,4,4,4,4,4,4,4,4,4,4,4,4,4,4,4,4,3,0,4,4,4,4,4,4,4,4,4,4,4,4,4,4,4,4,4,4,4,4,4,2,3,2,1,1,3,1,0,3,0,0,0,1,3,1,1,4,2,2,0,4,0,3,2,0,1,2,1,0,4,4,4,4,2,0,2,1,1,2,4,4,3,3,3,0,1,2,2,3,2,1,3,3,0,3,1,2,3,1,1,4,0,1,3,2,0,4,1,0,2,0,3,2,3,1,4,4,4,4,4,4,4,4,4,2,1,3,3,0,3,4,4,4,2,1,1,4,4,4,4,4,4,4,4,4,4,4,4,4,4,4,4,4,4,4,4,4,4,4,4,4,4,4,4,4,4,4,4,4,3,4,4,1,0,3,1,0,4,2,0,1,0,1,4,4,1,0,4,3,2,2,0,1,0,1,0,0,1,2,3,3,2,0,4,4,4,4,4,2,3,2,0,0,2,1,0,1,1,1,0,1,3,3,4,4,4,4,4,4,4,4,4,4,4,4,4,4,4,4,4,4,4,4,4,4,4,4,4,4,4,4,4,4,4,4,4,4,4,4,4,4,4,4,4,4,4,4,4,4,4,4,4,4,4,4,4,4,4,4,4,4,4,4,4,4,4,4,4,4,4,4,4,4,4,4,4,4,4,4,4,4,4,4,4,4,4,4,4,4,4,4,4,4,4,4,4,4,4,4,4,4,4,4,4,4,4,4,4,4,4,4,4,4,4,4,4,4,4,4,4,4,4,4,4,4,4,4,4,4,4,4,4,4,4,4,4,4,4,4,4,4,4,4,4,4,4,4,4,4,4,4,4,4,4,4,4,4,4,4,4,4,4,4,4,4,4,4,4,4,4,4,4,4,4,4,4,4,4,4,4,4,4,4,4,4,4,4,4,4,4,4,4,4,4,4,4,4,4,ADTY01000245.1/15313-15165,1
1413,0,2,0,3,2,1,3,1,0,3,3,1,4,1,0,3,4,1,3,4,1,3,3,0,3,2,3,3,4,1,2,1,1,3,4,4,4,4,4,4,4,4,4,4,4,4,4,4,4,4,4,4,4,4,4,4,3,0,4,4,4,4,4,4,4,4,4,4,4,4,4,4,4,4,4,4,4,4,4,2,3,2,1,1,3,1,0,3,0,0,0,1,3,1,1,4,2,2,0,4,0,3,2,0,1,2,1,0,4,4,4,4,2,0,2,1,1,2,4,4,3,3,3,0,1,2,2,3,2,1,3,3,0,3,1,2,3,1,1,4,0,1,3,2,0,4,1,0,2,0,3,2,3,1,4,4,4,4,4,4,4,4,4,2,1,3,3,0,3,4,4,4,2,1,1,4,4,4,4,4,4,4,4,4,4,4,4,4,4,4,4,4,4,4,4,4,4,4,4,4,4,4,4,4,4,4,4,4,3,4,4,1,0,3,1,0,4,2,0,1,0,1,4,4,1,0,4,3,2,2,0,1,0,1,0,0,1,2,3,3,2,0,4,4,4,4,4,2,3,2,0,0,2,1,0,1,1,1,0,1,3,3,4,4,4,4,4,4,4,4,4,4,4,4,4,4,4,4,4,4,4,4,4,4,4,4,4,4,4,4,4,4,4,4,4,4,4,4,4,4,4,4,4,4,4,4,4,4,4,4,4,4,4,4,4,4,4,4,4,4,4,4,4,4,4,4,4,4,4,4,4,4,4,4,4,4,4,4,4,4,4,4,4,4,4,4,4,4,4,4,4,4,4,4,4,4,4,4,4,4,4,4,4,4,4,4,4,4,4,4,4,4,4,4,4,4,4,4,4,4,4,4,4,4,4,4,4,4,4,4,4,4,4,4,4,4,4,4,4,4,4,4,4,4,4,4,4,4,4,4,4,4,4,4,4,4,4,4,4,4,4,4,4,4,4,4,4,4,4,4,4,4,4,4,4,4,4,4,4,4,4,4,4,4,4,4,4,4,4,4,4,4,4,4,4,4,4,CP001846.1/4667370-4667518,1
1414,0,2,3,2,2,1,3,1,0,3,3,1,4,0,1,1,4,2,0,4,1,3,3,0,3,2,3,1,4,0,2,1,4,4,4,4,1,1,1,3,3,4,1,2,2,4,4,4,4,4,4,2,0,1,2,3,4,4,4,4,4,4,4,4,4,4,4,4,4,4,4,4,4,4,4,4,4,4,4,4,4,2,1,3,0,1,0,3,0,0,0,0,3,4,3,4,1,2,0,4,0,3,2,0,1,2,1,0,4,4,4,4,1,0,0,4,4,4,4,4,4,4,1,0,0,2,2,3,2,1,1,3,2,1,1,2,3,1,1,0,0,1,3,3,4,4,1,3,2,0,3,0,3,1,0,4,4,4,4,4,4,4,4,2,1,3,3,0,4,4,4,4,2,1,3,4,4,4,4,4,4,4,4,4,4,4,4,4,4,4,4,4,4,4,4,4,4,4,4,4,4,4,4,4,4,4,4,4,0,4,4,3,0,3,1,0,4,0,1,1,0,3,4,4,1,4,4,4,2,2,2,1,2,0,0,0,1,2,3,1,2,0,4,4,4,4,4,2,3,3,0,2,2,1,0,1,1,2,1,1,3,3,4,4,4,4,4,4,4,4,4,4,4,4,4,4,4,4,4,4,4,4,4,4,4,4,4,4,4,4,4,4,4,4,4,4,4,4,4,4,4,4,4,4,4,4,4,4,4,4,4,4,4,4,4,4,4,4,4,4,4,4,4,4,4,4,4,4,4,4,4,4,4,4,4,4,4,4,4,4,4,4,4,4,4,4,4,4,4,4,4,4,4,4,4,4,4,4,4,4,4,4,4,4,4,4,4,4,4,4,4,4,4,4,4,4,4,4,4,4,4,4,4,4,4,4,4,4,4,4,4,4,4,4,4,4,4,4,4,4,4,4,4,4,4,4,4,4,4,4,4,4,4,4,4,4,4,4,4,4,4,4,4,4,4,4,4,4,4,4,4,4,4,4,4,4,4,4,4,4,4,4,4,4,4,4,4,4,4,4,4,4,4,4,4,4,4,CAFL01000073.1/138942-138795,1
1415,0,2,0,3,2,1,3,1,0,3,3,1,4,1,0,3,4,1,3,4,1,3,3,0,3,2,3,3,4,1,2,1,1,3,4,4,4,4,4,4,4,4,4,4,4,4,4,4,4,4,4,4,4,4,4,4,3,0,4,4,4,4,4,4,4,4,4,4,4,4,4,4,4,4,4,4,4,4,4,2,3,2,1,1,3,1,0,3,0,0,0,1,3,1,1,4,2,2,0,4,0,3,2,0,1,2,1,0,4,4,4,4,2,0,2,1,1,2,4,4,3,3,3,0,1,2,2,3,2,1,3,3,0,3,1,2,3,1,1,4,0,1,3,2,0,4,1,0,2,0,3,2,3,1,4,4,4,4,4,4,4,4,4,2,1,3,3,0,3,4,4,4,2,1,1,4,4,4,4,4,4,4,4,4,4,4,4,4,4,4,4,4,4,4,4,4,4,4,4,4,4,4,4,4,4,4,4,4,3,4,4,1,0,3,1,0,4,2,0,1,0,1,4,4,1,0,4,3,2,2,0,1,0,1,0,0,1,2,3,3,2,0,4,4,4,4,4,2,3,2,0,0,2,1,0,1,1,1,0,1,3,3,4,4,4,4,4,4,4,4,4,4,4,4,4,4,4,4,4,4,4,4,4,4,4,4,4,4,4,4,4,4,4,4,4,4,4,4,4,4,4,4,4,4,4,4,4,4,4,4,4,4,4,4,4,4,4,4,4,4,4,4,4,4,4,4,4,4,4,4,4,4,4,4,4,4,4,4,4,4,4,4,4,4,4,4,4,4,4,4,4,4,4,4,4,4,4,4,4,4,4,4,4,4,4,4,4,4,4,4,4,4,4,4,4,4,4,4,4,4,4,4,4,4,4,4,4,4,4,4,4,4,4,4,4,4,4,4,4,4,4,4,4,4,4,4,4,4,4,4,4,4,4,4,4,4,4,4,4,4,4,4,4,4,4,4,4,4,4,4,4,4,4,4,4,4,4,4,4,4,4,4,4,4,4,4,4,4,4,4,4,4,4,4,4,4,4,AEDF01000019.1/50361-50213,1
1416,0,2,0,3,2,1,3,1,0,3,3,1,4,1,0,3,4,1,3,4,1,3,3,0,3,2,3,3,4,1,2,1,1,3,4,4,4,4,4,4,4,4,4,4,4,4,4,4,4,4,4,4,4,4,4,4,3,0,4,4,4,4,4,4,4,4,4,4,4,4,4,4,4,4,4,4,4,4,4,2,3,2,1,1,3,1,0,3,0,0,0,1,3,1,1,4,2,2,0,4,0,3,2,0,1,2,1,0,4,4,4,4,2,0,2,1,1,2,4,4,3,3,3,0,1,2,2,3,2,1,3,3,0,3,1,2,3,1,1,4,0,1,3,2,0,4,1,0,2,0,3,2,3,1,4,4,4,4,4,4,4,4,4,2,1,3,3,0,3,4,4,4,2,1,1,4,4,4,4,4,4,4,4,4,4,4,4,4,4,4,4,4,4,4,4,4,4,4,4,4,4,4,4,4,4,4,4,4,3,4,4,1,0,3,1,0,4,2,0,1,0,1,4,4,1,0,4,3,2,2,0,1,0,1,0,0,1,2,3,3,2,0,4,4,4,4,4,2,3,2,0,0,2,1,0,1,1,1,0,1,3,3,4,4,4,4,4,4,4,4,4,4,4,4,4,4,4,4,4,4,4,4,4,4,4,4,4,4,4,4,4,4,4,4,4,4,4,4,4,4,4,4,4,4,4,4,4,4,4,4,4,4,4,4,4,4,4,4,4,4,4,4,4,4,4,4,4,4,4,4,4,4,4,4,4,4,4,4,4,4,4,4,4,4,4,4,4,4,4,4,4,4,4,4,4,4,4,4,4,4,4,4,4,4,4,4,4,4,4,4,4,4,4,4,4,4,4,4,4,4,4,4,4,4,4,4,4,4,4,4,4,4,4,4,4,4,4,4,4,4,4,4,4,4,4,4,4,4,4,4,4,4,4,4,4,4,4,4,4,4,4,4,4,4,4,4,4,4,4,4,4,4,4,4,4,4,4,4,4,4,4,4,4,4,4,4,4,4,4,4,4,4,4,4,4,4,4,AFAI01000049.1/586355-586503,1
1417,0,2,3,2,2,1,3,1,0,3,3,1,4,0,1,1,4,2,0,4,1,3,3,0,3,2,3,1,4,0,2,1,4,4,4,4,1,1,1,3,3,4,1,2,2,4,4,4,4,4,4,2,0,1,2,3,4,4,4,4,4,4,4,4,4,4,4,4,4,4,4,4,4,4,4,4,4,4,4,4,4,2,1,3,0,1,0,3,0,0,0,0,3,4,3,4,1,2,0,4,0,3,2,0,1,2,1,0,4,4,4,4,1,0,0,4,4,4,4,4,4,4,1,0,0,2,2,3,2,1,1,3,2,1,1,2,3,1,1,0,0,1,3,3,4,4,1,3,2,0,3,0,3,1,0,4,4,4,4,4,4,4,4,2,1,2,3,0,4,4,4,4,2,1,3,4,4,4,4,4,4,4,4,4,4,4,4,4,4,4,4,4,4,4,4,4,4,4,4,4,4,4,4,4,4,4,4,4,0,4,4,3,0,3,1,0,4,0,1,1,0,3,4,4,1,4,4,4,2,2,2,1,2,0,0,0,1,2,3,1,2,0,4,4,4,4,4,2,3,3,0,2,2,1,0,1,1,2,1,1,3,3,4,4,4,4,4,4,4,4,4,4,4,4,4,4,4,4,4,4,4,4,4,4,4,4,4,4,4,4,4,4,4,4,4,4,4,4,4,4,4,4,4,4,4,4,4,4,4,4,4,4,4,4,4,4,4,4,4,4,4,4,4,4,4,4,4,4,4,4,4,4,4,4,4,4,4,4,4,4,4,4,4,4,4,4,4,4,4,4,4,4,4,4,4,4,4,4,4,4,4,4,4,4,4,4,4,4,4,4,4,4,4,4,4,4,4,4,4,4,4,4,4,4,4,4,4,4,4,4,4,4,4,4,4,4,4,4,4,4,4,4,4,4,4,4,4,4,4,4,4,4,4,4,4,4,4,4,4,4,4,4,4,4,4,4,4,4,4,4,4,4,4,4,4,4,4,4,4,4,4,4,4,4,4,4,4,4,4,4,4,4,4,4,4,4,4,AAMK02000008.1/39729-39876,1
1418,0,2,0,3,2,1,3,1,0,3,3,1,4,1,0,3,4,1,3,4,1,3,3,0,3,2,3,3,4,1,2,1,1,3,4,4,4,4,4,4,4,4,4,4,4,4,4,4,4,4,4,4,4,4,4,4,3,0,4,4,4,4,4,4,4,4,4,4,4,4,4,4,4,4,4,4,4,4,4,2,3,2,1,1,3,1,0,3,0,0,0,1,3,1,1,4,2,2,0,4,0,3,2,0,1,2,1,0,4,4,4,4,2,0,2,1,1,2,4,4,3,3,3,0,1,2,2,3,2,1,3,3,0,3,1,2,3,1,1,4,0,1,3,2,0,4,1,0,2,0,3,2,3,1,4,4,4,4,4,4,4,4,4,2,1,3,3,0,3,4,4,4,2,1,1,4,4,4,4,4,4,4,4,4,4,4,4,4,4,4,4,4,4,4,4,4,4,4,4,4,4,4,4,4,4,4,4,4,3,4,4,1,0,3,1,0,4,2,0,1,0,1,4,4,1,0,4,3,2,2,0,1,0,1,0,0,1,2,3,3,2,0,4,4,4,4,4,2,3,2,0,0,2,1,0,1,1,1,0,1,3,3,4,4,4,4,4,4,4,4,4,4,4,4,4,4,4,4,4,4,4,4,4,4,4,4,4,4,4,4,4,4,4,4,4,4,4,4,4,4,4,4,4,4,4,4,4,4,4,4,4,4,4,4,4,4,4,4,4,4,4,4,4,4,4,4,4,4,4,4,4,4,4,4,4,4,4,4,4,4,4,4,4,4,4,4,4,4,4,4,4,4,4,4,4,4,4,4,4,4,4,4,4,4,4,4,4,4,4,4,4,4,4,4,4,4,4,4,4,4,4,4,4,4,4,4,4,4,4,4,4,4,4,4,4,4,4,4,4,4,4,4,4,4,4,4,4,4,4,4,4,4,4,4,4,4,4,4,4,4,4,4,4,4,4,4,4,4,4,4,4,4,4,4,4,4,4,4,4,4,4,4,4,4,4,4,4,4,4,4,4,4,4,4,4,4,4,AGTD01000001.1/4529908-4530056,1
1419,4,4,4,4,4,4,4,4,4,4,4,4,4,4,4,4,4,4,4,4,4,4,4,4,4,4,4,4,4,4,4,4,4,4,4,4,4,4,4,4,4,4,4,4,4,4,4,4,4,4,4,4,4,4,4,4,4,4,4,4,4,4,4,4,4,4,4,4,4,4,4,4,4,4,4,4,4,4,4,4,4,4,4,4,4,4,4,4,4,4,4,4,4,4,4,4,4,4,4,4,4,4,4,4,4,4,4,4,4,4,4,4,4,4,4,4,4,4,4,4,4,4,3,0,2,2,2,3,2,1,1,3,0,3,1,2,1,1,1,0,1,2,0,2,0,4,0,1,2,0,3,2,0,1,3,4,4,4,4,4,4,4,4,4,4,4,0,0,1,4,4,4,1,1,2,4,4,4,4,4,4,4,4,4,4,4,4,4,4,4,4,4,4,4,4,4,4,4,4,4,4,4,4,4,4,4,4,4,3,4,4,1,0,3,1,0,4,1,2,1,3,1,4,4,0,4,4,4,2,2,2,1,0,2,0,0,1,2,3,3,2,0,4,4,4,4,4,2,3,2,0,2,2,1,0,1,1,4,4,4,4,4,4,4,4,4,4,4,4,4,4,4,4,4,4,4,4,4,4,4,4,4,4,4,4,4,4,4,4,4,4,4,4,4,4,4,4,4,4,4,4,4,4,4,4,4,4,4,4,4,4,4,4,4,4,4,4,4,4,4,4,4,4,4,4,4,4,4,4,4,4,4,4,4,4,4,4,4,4,4,4,4,4,4,4,4,4,4,4,4,4,4,4,4,4,4,4,4,4,4,4,4,4,4,4,4,4,4,4,4,4,4,4,4,4,4,4,4,4,4,4,4,4,4,4,4,4,4,4,4,4,4,4,4,4,4,4,4,4,4,4,4,4,4,4,4,4,4,4,4,4,4,4,4,4,4,4,4,4,4,4,4,4,4,4,4,4,4,4,4,4,4,4,4,4,4,4,4,4,4,4,4,4,4,4,4,4,4,4,4,4,4,4,4,4,4,4,ABMX01018202.1/101-28,1
1420,0,2,3,2,2,1,3,1,0,3,3,1,4,0,1,1,4,2,0,4,1,3,3,0,3,2,3,1,4,0,2,1,4,4,4,4,1,1,1,3,3,4,1,2,2,4,4,4,4,4,4,2,0,1,2,3,4,4,4,4,4,4,4,4,4,4,4,4,4,4,4,4,4,4,4,4,4,4,4,4,4,2,1,3,0,1,0,3,0,0,0,0,3,4,3,4,1,2,0,4,0,3,2,0,1,2,1,0,4,4,4,4,1,0,0,4,4,4,4,4,4,4,1,0,0,2,2,3,2,1,1,3,2,1,1,2,3,1,1,0,0,1,3,3,4,4,1,3,2,0,3,0,3,1,0,4,4,4,4,4,4,4,4,2,1,2,3,0,4,4,4,4,2,1,3,4,4,4,4,4,4,4,4,4,4,4,4,4,4,4,4,4,4,4,4,4,4,4,4,4,4,4,4,4,4,4,4,4,0,4,4,3,0,3,1,0,4,0,1,1,0,3,4,4,1,4,4,4,2,2,2,1,2,0,0,0,1,2,3,1,2,0,4,4,4,4,4,2,3,3,0,2,2,1,0,1,1,2,1,1,3,3,4,4,4,4,4,4,4,4,4,4,4,4,4,4,4,4,4,4,4,4,4,4,4,4,4,4,4,4,4,4,4,4,4,4,4,4,4,4,4,4,4,4,4,4,4,4,4,4,4,4,4,4,4,4,4,4,4,4,4,4,4,4,4,4,4,4,4,4,4,4,4,4,4,4,4,4,4,4,4,4,4,4,4,4,4,4,4,4,4,4,4,4,4,4,4,4,4,4,4,4,4,4,4,4,4,4,4,4,4,4,4,4,4,4,4,4,4,4,4,4,4,4,4,4,4,4,4,4,4,4,4,4,4,4,4,4,4,4,4,4,4,4,4,4,4,4,4,4,4,4,4,4,4,4,4,4,4,4,4,4,4,4,4,4,4,4,4,4,4,4,4,4,4,4,4,4,4,4,4,4,4,4,4,4,4,4,4,4,4,4,4,4,4,4,4,AFRL01000008.1/209803-209656,1
1421,0,2,0,3,2,1,3,1,0,3,3,1,4,1,0,3,4,1,3,4,1,3,3,0,3,2,3,3,4,1,2,1,1,3,3,4,1,4,4,4,4,4,4,4,4,4,4,4,4,4,4,4,4,4,4,4,3,4,4,4,4,4,4,4,4,4,4,4,4,4,4,4,4,4,4,4,4,4,4,4,2,2,1,1,3,1,0,3,0,0,0,1,3,1,0,4,2,2,0,4,0,3,2,0,3,2,1,0,4,4,4,4,2,0,2,1,1,2,4,4,3,3,3,0,1,2,2,3,2,1,3,3,0,3,1,2,3,1,1,4,0,1,3,2,0,4,1,0,2,0,3,2,3,1,4,4,4,4,4,4,4,4,4,2,1,3,3,0,1,4,4,4,2,1,1,4,4,4,4,4,4,4,4,4,4,4,4,4,4,4,4,4,4,4,4,4,4,4,4,4,4,4,4,4,4,4,4,4,3,4,4,1,0,3,1,0,4,0,0,1,0,1,4,4,1,1,4,3,2,2,0,1,0,1,0,0,1,2,3,3,2,0,4,4,4,4,4,2,3,2,0,0,2,1,0,1,1,1,1,3,3,3,4,4,4,4,4,4,4,4,4,4,4,4,4,4,4,4,4,4,4,4,4,4,4,4,4,4,4,4,4,4,4,4,4,4,4,4,4,4,4,4,4,4,4,4,4,4,4,4,4,4,4,4,4,4,4,4,4,4,4,4,4,4,4,4,4,4,4,4,4,4,4,4,4,4,4,4,4,4,4,4,4,4,4,4,4,4,4,4,4,4,4,4,4,4,4,4,4,4,4,4,4,4,4,4,4,4,4,4,4,4,4,4,4,4,4,4,4,4,4,4,4,4,4,4,4,4,4,4,4,4,4,4,4,4,4,4,4,4,4,4,4,4,4,4,4,4,4,4,4,4,4,4,4,4,4,4,4,4,4,4,4,4,4,4,4,4,4,4,4,4,4,4,4,4,4,4,4,4,4,4,4,4,4,4,4,4,4,4,4,4,4,4,4,4,4,AETP01000015.1/53125-52977,1
1422,0,2,3,2,2,1,3,1,0,3,3,1,4,0,1,1,4,3,3,4,1,3,3,0,3,2,3,1,4,0,2,1,4,4,4,4,1,1,1,3,3,4,0,2,2,4,4,4,4,4,4,2,0,1,2,3,4,4,4,4,4,4,4,4,4,4,4,4,4,4,4,4,4,4,4,4,4,4,4,4,4,2,1,3,0,1,0,3,0,0,0,1,3,4,3,4,1,2,0,4,0,3,2,0,1,2,1,0,4,4,4,4,1,0,0,4,4,4,4,4,4,4,1,0,0,2,2,3,2,1,1,3,2,1,1,2,3,1,1,0,0,1,3,3,4,4,1,3,2,0,3,0,0,3,0,4,4,4,4,4,4,4,4,2,1,2,3,0,4,4,4,4,2,1,3,4,4,4,4,4,4,4,4,4,4,4,4,4,4,4,4,4,4,4,4,4,4,4,4,4,4,4,4,4,4,4,4,4,3,4,4,3,0,3,1,0,4,0,1,1,3,1,4,4,1,4,4,4,2,2,2,1,2,0,0,0,1,2,3,1,2,0,4,4,4,4,4,2,3,3,0,2,2,1,0,1,1,2,1,1,3,3,4,4,4,4,4,4,4,4,4,4,4,4,4,4,4,4,4,4,4,4,4,4,4,4,4,4,4,4,4,4,4,4,4,4,4,4,4,4,4,4,4,4,4,4,4,4,4,4,4,4,4,4,4,4,4,4,4,4,4,4,4,4,4,4,4,4,4,4,4,4,4,4,4,4,4,4,4,4,4,4,4,4,4,4,4,4,4,4,4,4,4,4,4,4,4,4,4,4,4,4,4,4,4,4,4,4,4,4,4,4,4,4,4,4,4,4,4,4,4,4,4,4,4,4,4,4,4,4,4,4,4,4,4,4,4,4,4,4,4,4,4,4,4,4,4,4,4,4,4,4,4,4,4,4,4,4,4,4,4,4,4,4,4,4,4,4,4,4,4,4,4,4,4,4,4,4,4,4,4,4,4,4,4,4,4,4,4,4,4,4,4,4,4,4,4,CP001138.1/2669601-2669454,1
1423,0,2,0,3,2,1,3,1,0,3,3,1,4,1,0,3,4,1,3,4,1,3,3,0,3,2,3,3,4,1,2,1,1,3,4,4,4,4,4,4,4,4,4,4,4,4,4,4,4,4,4,4,4,4,4,4,3,0,4,4,4,4,4,4,4,4,4,4,4,4,4,4,4,4,4,4,4,4,4,2,3,2,1,1,3,1,0,3,0,0,0,1,3,1,1,4,2,2,0,4,0,3,2,0,1,2,1,0,4,4,4,4,2,0,2,1,1,2,4,4,3,3,3,0,1,2,2,3,2,1,3,3,0,3,1,2,3,1,1,4,0,1,3,2,0,4,1,0,2,0,3,2,3,1,4,4,4,4,4,4,4,4,4,2,1,3,3,0,3,4,4,4,2,1,1,4,4,4,4,4,4,4,4,4,4,4,4,4,4,4,4,4,4,4,4,4,4,4,4,4,4,4,4,4,4,4,4,4,3,4,4,1,0,3,1,0,4,2,0,1,0,1,4,4,1,0,4,3,2,2,0,1,0,1,0,0,1,2,3,3,2,0,4,4,4,4,4,2,3,2,0,0,2,1,0,1,1,1,0,1,3,3,4,4,4,4,4,4,4,4,4,4,4,4,4,4,4,4,4,4,4,4,4,4,4,4,4,4,4,4,4,4,4,4,4,4,4,4,4,4,4,4,4,4,4,4,4,4,4,4,4,4,4,4,4,4,4,4,4,4,4,4,4,4,4,4,4,4,4,4,4,4,4,4,4,4,4,4,4,4,4,4,4,4,4,4,4,4,4,4,4,4,4,4,4,4,4,4,4,4,4,4,4,4,4,4,4,4,4,4,4,4,4,4,4,4,4,4,4,4,4,4,4,4,4,4,4,4,4,4,4,4,4,4,4,4,4,4,4,4,4,4,4,4,4,4,4,4,4,4,4,4,4,4,4,4,4,4,4,4,4,4,4,4,4,4,4,4,4,4,4,4,4,4,4,4,4,4,4,4,4,4,4,4,4,4,4,4,4,4,4,4,4,4,4,4,4,CU651637.1/4031588-4031736,1
1424,0,2,0,3,2,1,3,1,0,3,3,1,4,1,0,3,4,1,3,4,1,3,3,0,3,2,3,3,4,1,2,1,1,3,4,4,4,4,4,4,4,4,4,4,4,4,4,4,4,4,4,4,4,4,4,4,3,0,4,4,4,4,4,4,4,4,4,4,4,4,4,4,4,4,4,4,4,4,4,2,3,2,1,1,3,1,0,3,0,0,0,1,3,1,1,4,2,2,0,4,0,3,2,0,1,2,1,0,4,4,4,4,2,0,2,1,1,2,4,4,3,3,3,0,1,2,2,3,2,1,3,3,0,3,1,2,3,1,1,4,0,1,3,2,0,4,1,0,2,0,3,2,3,1,4,4,4,4,4,4,4,4,4,2,1,3,3,0,3,4,4,4,2,1,1,4,4,4,4,4,4,4,4,4,4,4,4,4,4,4,4,4,4,4,4,4,4,4,4,4,4,4,4,4,4,4,4,4,3,4,4,1,0,3,1,0,4,2,0,1,0,1,4,4,1,0,4,3,2,2,0,1,0,1,0,0,1,2,3,3,2,0,4,4,4,4,4,2,3,2,0,0,2,1,0,1,1,1,0,1,3,3,4,4,4,4,4,4,4,4,4,4,4,4,4,4,4,4,4,4,4,4,4,4,4,4,4,4,4,4,4,4,4,4,4,4,4,4,4,4,4,4,4,4,4,4,4,4,4,4,4,4,4,4,4,4,4,4,4,4,4,4,4,4,4,4,4,4,4,4,4,4,4,4,4,4,4,4,4,4,4,4,4,4,4,4,4,4,4,4,4,4,4,4,4,4,4,4,4,4,4,4,4,4,4,4,4,4,4,4,4,4,4,4,4,4,4,4,4,4,4,4,4,4,4,4,4,4,4,4,4,4,4,4,4,4,4,4,4,4,4,4,4,4,4,4,4,4,4,4,4,4,4,4,4,4,4,4,4,4,4,4,4,4,4,4,4,4,4,4,4,4,4,4,4,4,4,4,4,4,4,4,4,4,4,4,4,4,4,4,4,4,4,4,4,4,4,ADTS01000426.1/195-47,1
1425,0,2,0,3,2,1,3,1,0,3,3,1,4,1,0,3,4,1,3,4,1,3,3,0,3,2,3,3,4,1,2,1,1,3,3,4,4,4,4,4,4,4,4,4,4,4,4,4,4,4,4,4,4,4,4,4,1,4,4,4,4,4,4,4,4,4,4,4,4,4,4,4,4,4,4,4,4,4,4,2,3,2,1,1,3,1,0,3,0,0,0,1,3,1,0,4,2,2,0,4,0,3,2,0,3,2,1,0,4,4,4,4,2,0,2,1,1,0,4,4,3,3,3,0,1,2,2,3,2,1,3,3,0,3,1,2,3,1,1,4,0,1,3,2,0,4,1,0,2,0,3,2,3,1,4,4,4,4,4,4,4,4,4,2,1,3,3,1,2,4,4,4,2,1,1,4,4,4,4,4,4,4,4,4,4,4,4,4,4,4,4,4,4,4,4,4,4,4,4,4,4,4,4,4,4,4,4,4,3,4,4,1,0,3,1,0,4,2,0,1,0,1,4,4,1,0,4,3,2,2,2,1,0,3,0,0,1,2,3,3,2,0,4,4,4,4,4,2,3,2,0,0,2,1,0,1,1,0,0,0,3,0,4,4,4,4,4,4,4,4,4,4,4,4,4,4,4,4,4,4,4,4,4,4,4,4,4,4,4,4,4,4,4,4,4,4,4,4,4,4,4,4,4,4,4,4,4,4,4,4,4,4,4,4,4,4,4,4,4,4,4,4,4,4,4,4,4,4,4,4,4,4,4,4,4,4,4,4,4,4,4,4,4,4,4,4,4,4,4,4,4,4,4,4,4,4,4,4,4,4,4,4,4,4,4,4,4,4,4,4,4,4,4,4,4,4,4,4,4,4,4,4,4,4,4,4,4,4,4,4,4,4,4,4,4,4,4,4,4,4,4,4,4,4,4,4,4,4,4,4,4,4,4,4,4,4,4,4,4,4,4,4,4,4,4,4,4,4,4,4,4,4,4,4,4,4,4,4,4,4,4,4,4,4,4,4,4,4,4,4,4,4,4,4,4,4,4,CACR01001551.1/8840-8988,1
1426,0,2,0,3,2,1,3,1,0,3,1,1,4,1,0,1,4,3,3,4,0,3,3,0,3,2,0,3,4,0,2,1,1,3,2,4,2,3,3,3,3,4,3,0,3,0,2,1,1,0,4,0,3,3,3,0,4,4,4,4,4,4,4,4,4,4,4,4,4,4,4,4,4,4,4,4,4,4,4,4,4,2,1,3,3,1,0,3,0,0,0,1,1,1,0,4,2,2,2,4,0,3,2,0,1,2,1,0,4,4,4,4,2,0,2,1,1,2,0,3,3,3,3,0,2,2,2,3,2,1,1,3,0,3,3,2,3,1,1,0,3,2,3,0,0,4,0,1,2,0,3,2,3,3,4,4,4,4,4,4,4,4,4,2,0,0,3,0,4,4,4,4,3,1,3,4,4,4,4,4,4,4,4,4,4,4,4,4,4,4,4,4,4,4,4,4,4,4,4,4,4,4,4,4,4,4,4,4,3,4,4,1,0,3,1,0,4,1,0,3,0,1,4,4,1,4,4,4,2,2,2,1,0,3,0,0,1,2,3,3,2,0,4,4,4,4,4,2,3,2,0,2,2,1,0,1,1,2,0,1,0,3,4,4,4,4,4,4,4,4,4,4,4,4,4,4,4,4,4,4,4,4,4,4,4,4,4,4,4,4,4,4,4,4,4,4,4,4,4,4,4,4,4,4,4,4,4,4,4,4,4,4,4,4,4,4,4,4,4,4,4,4,4,4,4,4,4,4,4,4,4,4,4,4,4,4,4,4,4,4,4,4,4,4,4,4,4,4,4,4,4,4,4,4,4,4,4,4,4,4,4,4,4,4,4,4,4,4,4,4,4,4,4,4,4,4,4,4,4,4,4,4,4,4,4,4,4,4,4,4,4,4,4,4,4,4,4,4,4,4,4,4,4,4,4,4,4,4,4,4,4,4,4,4,4,4,4,4,4,4,4,4,4,4,4,4,4,4,4,4,4,4,4,4,4,4,4,4,4,4,4,4,4,4,4,4,4,4,4,4,4,4,4,4,4,4,4,CACZ01000059.1/364-201,1
1427,0,2,0,3,2,1,3,1,0,3,3,1,4,1,0,3,4,1,3,4,1,3,3,0,3,2,3,3,4,1,2,1,1,3,4,4,4,4,4,4,4,4,4,4,4,4,4,4,4,4,4,4,4,4,4,4,3,0,4,4,4,4,4,4,4,4,4,4,4,4,4,4,4,4,4,4,4,4,4,2,3,2,1,1,3,1,0,3,0,0,0,1,3,1,1,4,2,2,0,4,0,3,2,0,1,2,1,0,4,4,4,4,2,0,2,1,1,2,4,4,3,3,3,0,1,2,2,3,2,1,3,3,0,3,1,2,3,1,1,4,0,1,3,2,0,4,1,0,2,0,3,2,3,1,4,4,4,4,4,4,4,4,4,2,1,3,3,0,3,4,4,4,2,1,1,4,4,4,4,4,4,4,4,4,4,4,4,4,4,4,4,4,4,4,4,4,4,4,4,4,4,4,4,4,4,4,4,4,3,4,4,1,0,3,1,0,4,2,0,1,0,1,4,4,1,0,4,3,2,2,0,1,0,1,0,0,1,2,3,3,2,0,4,4,4,4,4,2,3,2,0,0,2,1,0,1,1,1,0,1,3,3,4,4,4,4,4,4,4,4,4,4,4,4,4,4,4,4,4,4,4,4,4,4,4,4,4,4,4,4,4,4,4,4,4,4,4,4,4,4,4,4,4,4,4,4,4,4,4,4,4,4,4,4,4,4,4,4,4,4,4,4,4,4,4,4,4,4,4,4,4,4,4,4,4,4,4,4,4,4,4,4,4,4,4,4,4,4,4,4,4,4,4,4,4,4,4,4,4,4,4,4,4,4,4,4,4,4,4,4,4,4,4,4,4,4,4,4,4,4,4,4,4,4,4,4,4,4,4,4,4,4,4,4,4,4,4,4,4,4,4,4,4,4,4,4,4,4,4,4,4,4,4,4,4,4,4,4,4,4,4,4,4,4,4,4,4,4,4,4,4,4,4,4,4,4,4,4,4,4,4,4,4,4,4,4,4,4,4,4,4,4,4,4,4,4,4,ADUP01000032.1/241156-241304,1
1428,0,2,0,3,2,1,3,1,0,3,3,1,4,1,0,3,4,1,3,4,1,3,3,0,3,2,3,3,4,1,2,1,1,3,4,4,4,4,4,4,4,4,4,4,4,4,4,4,4,4,4,4,4,4,4,4,3,0,4,4,4,4,4,4,4,4,4,4,4,4,4,4,4,4,4,4,4,4,4,2,3,2,1,1,3,1,0,3,0,0,0,1,3,1,1,4,2,2,0,4,0,3,2,0,1,2,1,0,4,4,4,4,2,0,2,1,1,2,4,4,3,3,3,0,1,2,2,3,2,1,3,3,0,3,1,2,3,1,1,4,0,1,3,2,0,4,1,0,2,0,3,2,3,1,4,4,4,4,4,4,4,4,4,2,1,3,3,0,3,4,4,4,2,1,1,4,4,4,4,4,4,4,4,4,4,4,4,4,4,4,4,4,4,4,4,4,4,4,4,4,4,4,4,4,4,4,4,4,3,4,4,1,0,3,1,0,4,2,0,1,0,1,4,4,1,0,4,3,2,2,0,1,0,1,0,0,1,2,3,3,2,0,4,4,4,4,4,2,3,2,0,0,2,1,0,1,1,1,0,1,3,3,4,4,4,4,4,4,4,4,4,4,4,4,4,4,4,4,4,4,4,4,4,4,4,4,4,4,4,4,4,4,4,4,4,4,4,4,4,4,4,4,4,4,4,4,4,4,4,4,4,4,4,4,4,4,4,4,4,4,4,4,4,4,4,4,4,4,4,4,4,4,4,4,4,4,4,4,4,4,4,4,4,4,4,4,4,4,4,4,4,4,4,4,4,4,4,4,4,4,4,4,4,4,4,4,4,4,4,4,4,4,4,4,4,4,4,4,4,4,4,4,4,4,4,4,4,4,4,4,4,4,4,4,4,4,4,4,4,4,4,4,4,4,4,4,4,4,4,4,4,4,4,4,4,4,4,4,4,4,4,4,4,4,4,4,4,4,4,4,4,4,4,4,4,4,4,4,4,4,4,4,4,4,4,4,4,4,4,4,4,4,4,4,4,4,4,ACDM01000094.1/39488-39636,1
1429,0,2,0,3,2,1,3,1,0,3,3,1,4,1,0,3,4,1,3,4,1,3,3,0,3,2,3,3,4,1,2,1,1,3,4,4,4,4,4,4,4,4,4,4,4,4,4,4,4,4,4,4,4,4,4,4,3,0,4,4,4,4,4,4,4,4,4,4,4,4,4,4,4,4,4,4,4,4,4,2,3,2,1,1,3,1,0,3,0,0,0,1,3,1,1,4,2,2,0,4,0,3,2,0,1,2,1,0,4,4,4,4,2,0,2,1,1,2,4,4,3,3,3,0,1,2,2,3,2,1,3,3,0,3,1,2,3,1,1,4,0,1,3,2,0,4,1,0,2,0,3,2,3,1,4,4,4,4,4,4,4,4,4,2,1,3,3,0,3,4,4,4,2,1,1,4,4,4,4,4,4,4,4,4,4,4,4,4,4,4,4,4,4,4,4,4,4,4,4,4,4,4,4,4,4,4,4,4,3,4,4,1,0,3,1,0,4,2,0,1,0,1,4,4,1,0,4,3,2,2,0,1,0,1,0,0,1,2,3,3,2,0,4,4,4,4,4,2,3,2,0,0,2,1,0,1,1,1,0,1,3,3,4,4,4,4,4,4,4,4,4,4,4,4,4,4,4,4,4,4,4,4,4,4,4,4,4,4,4,4,4,4,4,4,4,4,4,4,4,4,4,4,4,4,4,4,4,4,4,4,4,4,4,4,4,4,4,4,4,4,4,4,4,4,4,4,4,4,4,4,4,4,4,4,4,4,4,4,4,4,4,4,4,4,4,4,4,4,4,4,4,4,4,4,4,4,4,4,4,4,4,4,4,4,4,4,4,4,4,4,4,4,4,4,4,4,4,4,4,4,4,4,4,4,4,4,4,4,4,4,4,4,4,4,4,4,4,4,4,4,4,4,4,4,4,4,4,4,4,4,4,4,4,4,4,4,4,4,4,4,4,4,4,4,4,4,4,4,4,4,4,4,4,4,4,4,4,4,4,4,4,4,4,4,4,4,4,4,4,4,4,4,4,4,4,4,4,AEZU01000119.1/151227-151079,1
1430,0,2,3,2,2,1,3,1,0,3,3,1,4,0,1,1,4,3,3,4,1,3,3,0,3,2,3,1,4,0,2,1,4,4,4,4,1,1,1,3,3,4,0,2,2,4,4,4,4,4,4,2,0,1,2,1,4,4,4,4,4,4,4,4,4,4,4,4,4,4,4,4,4,4,4,4,4,4,4,4,4,2,1,3,0,1,0,3,0,0,0,1,3,4,3,4,1,2,0,4,0,3,2,0,1,2,1,0,4,4,4,4,1,0,0,4,4,4,4,4,4,4,1,0,0,2,2,3,2,1,1,3,2,1,1,2,3,1,3,0,0,1,3,3,4,4,1,3,2,0,3,0,0,3,0,4,4,4,4,4,4,4,4,2,1,2,3,0,4,4,4,4,2,1,3,4,4,4,4,4,4,4,4,4,4,4,4,4,4,4,4,4,4,4,4,4,4,4,4,4,4,4,4,4,4,4,4,4,3,4,4,3,0,3,1,0,4,0,1,1,3,1,4,4,1,4,4,4,2,2,2,1,2,0,0,0,1,2,3,1,2,0,4,4,4,4,4,2,3,3,0,2,2,1,0,1,1,2,1,1,3,3,4,4,4,4,4,4,4,4,4,4,4,4,4,4,4,4,4,4,4,4,4,4,4,4,4,4,4,4,4,4,4,4,4,4,4,4,4,4,4,4,4,4,4,4,4,4,4,4,4,4,4,4,4,4,4,4,4,4,4,4,4,4,4,4,4,4,4,4,4,4,4,4,4,4,4,4,4,4,4,4,4,4,4,4,4,4,4,4,4,4,4,4,4,4,4,4,4,4,4,4,4,4,4,4,4,4,4,4,4,4,4,4,4,4,4,4,4,4,4,4,4,4,4,4,4,4,4,4,4,4,4,4,4,4,4,4,4,4,4,4,4,4,4,4,4,4,4,4,4,4,4,4,4,4,4,4,4,4,4,4,4,4,4,4,4,4,4,4,4,4,4,4,4,4,4,4,4,4,4,4,4,4,4,4,4,4,4,4,4,4,4,4,4,4,4,CAAQ01005660.1/1526-1673,1
1431,0,2,0,3,2,1,3,1,0,3,3,1,4,1,0,3,4,1,3,4,1,3,3,0,3,2,3,3,4,1,2,1,1,3,3,4,1,4,4,4,4,4,4,4,4,4,4,4,4,4,4,4,4,4,4,4,3,4,4,4,4,4,4,4,4,4,4,4,4,4,4,4,4,4,4,4,4,4,4,4,2,2,1,1,3,1,0,3,0,0,0,1,3,1,0,4,2,2,0,4,0,3,2,0,3,2,1,0,4,4,4,4,2,0,2,1,1,2,4,4,3,3,3,0,1,2,2,3,2,1,3,3,0,3,1,2,3,1,1,4,0,1,3,2,0,4,1,0,2,0,3,2,3,1,4,4,4,4,4,4,4,4,4,2,1,3,3,0,1,4,4,4,2,1,1,4,4,4,4,4,4,4,4,4,4,4,4,4,4,4,4,4,4,4,4,4,4,4,4,4,4,4,4,4,4,4,4,4,3,4,4,1,0,3,1,0,4,0,0,1,0,1,4,4,1,1,4,3,2,2,0,1,0,1,0,0,1,2,3,3,2,0,4,4,4,4,4,2,3,2,0,0,2,1,0,1,1,1,1,3,3,3,4,4,4,4,4,4,4,4,4,4,4,4,4,4,4,4,4,4,4,4,4,4,4,4,4,4,4,4,4,4,4,4,4,4,4,4,4,4,4,4,4,4,4,4,4,4,4,4,4,4,4,4,4,4,4,4,4,4,4,4,4,4,4,4,4,4,4,4,4,4,4,4,4,4,4,4,4,4,4,4,4,4,4,4,4,4,4,4,4,4,4,4,4,4,4,4,4,4,4,4,4,4,4,4,4,4,4,4,4,4,4,4,4,4,4,4,4,4,4,4,4,4,4,4,4,4,4,4,4,4,4,4,4,4,4,4,4,4,4,4,4,4,4,4,4,4,4,4,4,4,4,4,4,4,4,4,4,4,4,4,4,4,4,4,4,4,4,4,4,4,4,4,4,4,4,4,4,4,4,4,4,4,4,4,4,4,4,4,4,4,4,4,4,4,4,CP001127.1/4020966-4021114,1
1432,0,2,0,3,2,1,3,1,0,3,3,1,4,1,0,3,4,1,3,4,1,3,3,0,3,2,3,3,4,1,2,1,1,3,4,4,4,4,4,4,4,4,4,4,4,4,4,4,4,4,4,4,4,4,4,4,3,0,4,4,4,4,4,4,4,4,4,4,4,4,4,4,4,4,4,4,4,4,4,2,3,2,1,1,3,1,0,3,0,0,0,1,3,1,1,4,2,2,0,4,0,3,2,0,1,2,1,0,4,4,4,4,2,0,2,1,1,2,4,4,3,3,3,0,1,2,2,3,2,1,3,3,0,3,1,2,3,1,1,4,0,1,3,2,0,4,1,0,2,0,3,2,3,1,4,4,4,4,4,4,4,4,4,2,1,3,3,0,3,4,4,4,2,1,1,4,4,4,4,4,4,4,4,4,4,4,4,4,4,4,4,4,4,4,4,4,4,4,4,4,4,4,4,4,4,4,4,4,3,4,4,1,0,3,1,0,4,2,0,1,0,1,4,4,1,0,4,3,2,2,0,1,0,1,0,0,1,2,3,3,2,0,4,4,4,4,4,2,3,2,0,0,2,1,0,1,1,1,0,1,3,3,4,4,4,4,4,4,4,4,4,4,4,4,4,4,4,4,4,4,4,4,4,4,4,4,4,4,4,4,4,4,4,4,4,4,4,4,4,4,4,4,4,4,4,4,4,4,4,4,4,4,4,4,4,4,4,4,4,4,4,4,4,4,4,4,4,4,4,4,4,4,4,4,4,4,4,4,4,4,4,4,4,4,4,4,4,4,4,4,4,4,4,4,4,4,4,4,4,4,4,4,4,4,4,4,4,4,4,4,4,4,4,4,4,4,4,4,4,4,4,4,4,4,4,4,4,4,4,4,4,4,4,4,4,4,4,4,4,4,4,4,4,4,4,4,4,4,4,4,4,4,4,4,4,4,4,4,4,4,4,4,4,4,4,4,4,4,4,4,4,4,4,4,4,4,4,4,4,4,4,4,4,4,4,4,4,4,4,4,4,4,4,4,4,4,4,AGTK01000019.1/38103-38251,1
1433,0,2,3,2,2,1,3,1,0,3,3,1,4,0,1,1,4,2,0,4,1,3,3,0,3,2,3,1,4,0,2,1,4,4,4,4,1,1,1,3,3,4,1,2,2,4,4,4,4,4,4,2,0,1,2,3,4,4,4,4,4,4,4,4,4,4,4,4,4,4,4,4,4,4,4,4,4,4,4,4,4,2,1,3,0,1,0,3,0,0,0,0,3,4,3,4,1,2,0,4,0,3,2,0,1,2,1,0,4,4,4,4,1,0,0,4,4,4,4,4,4,4,1,0,0,2,2,3,2,1,1,3,2,1,1,2,3,1,1,0,0,1,3,3,4,4,1,3,2,0,3,0,3,1,0,4,4,4,4,4,4,4,4,2,1,2,3,0,4,4,4,4,2,1,3,4,4,4,4,4,4,4,4,4,4,4,4,4,4,4,4,4,4,4,4,4,4,4,4,4,4,4,4,4,4,4,4,4,0,4,4,3,0,3,1,0,4,0,1,1,0,3,4,4,1,4,4,4,2,2,2,1,2,0,0,0,1,2,3,1,2,0,4,4,4,4,4,2,3,3,0,2,2,1,0,1,1,2,1,1,3,3,4,4,4,4,4,4,4,4,4,4,4,4,4,4,4,4,4,4,4,4,4,4,4,4,4,4,4,4,4,4,4,4,4,4,4,4,4,4,4,4,4,4,4,4,4,4,4,4,4,4,4,4,4,4,4,4,4,4,4,4,4,4,4,4,4,4,4,4,4,4,4,4,4,4,4,4,4,4,4,4,4,4,4,4,4,4,4,4,4,4,4,4,4,4,4,4,4,4,4,4,4,4,4,4,4,4,4,4,4,4,4,4,4,4,4,4,4,4,4,4,4,4,4,4,4,4,4,4,4,4,4,4,4,4,4,4,4,4,4,4,4,4,4,4,4,4,4,4,4,4,4,4,4,4,4,4,4,4,4,4,4,4,4,4,4,4,4,4,4,4,4,4,4,4,4,4,4,4,4,4,4,4,4,4,4,4,4,4,4,4,4,4,4,4,4,ABKY02000002.1/750596-750743,1
1434,0,2,3,2,2,1,3,1,0,3,3,1,4,0,1,1,4,2,0,4,1,3,3,0,3,2,3,1,4,0,2,1,4,4,4,4,1,1,1,3,3,4,1,2,2,4,4,4,4,4,4,2,0,1,2,3,4,4,4,4,4,4,4,4,4,4,4,4,4,4,4,4,4,4,4,4,4,4,4,4,4,2,1,3,0,1,0,3,0,0,0,0,3,4,3,4,1,2,0,4,0,3,2,0,1,2,1,0,4,4,4,4,1,0,0,4,4,4,4,4,4,4,1,0,0,2,2,3,2,1,1,3,2,1,1,2,3,1,1,0,0,1,3,3,4,4,1,3,2,0,3,0,3,1,0,4,4,4,4,4,4,4,4,2,1,2,3,0,4,4,4,4,2,1,3,4,4,4,4,4,4,4,4,4,4,4,4,4,4,4,4,4,4,4,4,4,4,4,4,4,4,4,4,4,4,4,4,4,0,4,4,3,0,3,1,0,4,0,1,1,0,3,4,4,1,4,4,4,2,2,2,1,2,0,0,0,1,2,3,1,2,0,4,4,4,4,4,2,3,3,0,2,2,1,0,1,1,2,1,1,3,3,4,4,4,4,4,4,4,4,4,4,4,4,4,4,4,4,4,4,4,4,4,4,4,4,4,4,4,4,4,4,4,4,4,4,4,4,4,4,4,4,4,4,4,4,4,4,4,4,4,4,4,4,4,4,4,4,4,4,4,4,4,4,4,4,4,4,4,4,4,4,4,4,4,4,4,4,4,4,4,4,4,4,4,4,4,4,4,4,4,4,4,4,4,4,4,4,4,4,4,4,4,4,4,4,4,4,4,4,4,4,4,4,4,4,4,4,4,4,4,4,4,4,4,4,4,4,4,4,4,4,4,4,4,4,4,4,4,4,4,4,4,4,4,4,4,4,4,4,4,4,4,4,4,4,4,4,4,4,4,4,4,4,4,4,4,4,4,4,4,4,4,4,4,4,4,4,4,4,4,4,4,4,4,4,4,4,4,4,4,4,4,4,4,4,4,AB426059.1/2719-2572,1
1435,0,2,0,3,2,1,3,1,0,3,3,1,4,1,0,3,4,1,3,4,1,3,3,0,3,2,3,3,4,1,2,1,1,3,3,4,1,4,4,4,4,4,4,4,4,4,4,4,4,4,4,4,4,4,4,4,3,4,4,4,4,4,4,4,4,4,4,4,4,4,4,4,4,4,4,4,4,4,4,4,2,2,1,1,3,1,0,3,0,0,0,1,3,1,0,4,2,2,0,4,0,3,2,0,3,2,1,0,4,4,4,4,2,0,2,1,1,2,4,4,3,3,3,0,1,2,2,3,2,1,3,3,0,3,1,2,3,1,1,4,0,1,3,2,0,4,1,0,2,0,3,2,3,1,4,4,4,4,4,4,4,4,4,2,1,3,3,0,1,4,4,4,2,1,1,4,4,4,4,4,4,4,4,4,4,4,4,4,4,4,4,4,4,4,4,4,4,4,4,4,4,4,4,4,4,4,4,4,3,4,4,1,0,3,1,0,4,0,0,1,0,1,4,4,1,1,4,3,2,2,0,1,0,1,0,0,1,2,3,3,2,0,4,4,4,4,4,2,3,2,0,0,2,1,0,1,1,1,1,3,3,3,4,4,4,4,4,4,4,4,4,4,4,4,4,4,4,4,4,4,4,4,4,4,4,4,4,4,4,4,4,4,4,4,4,4,4,4,4,4,4,4,4,4,4,4,4,4,4,4,4,4,4,4,4,4,4,4,4,4,4,4,4,4,4,4,4,4,4,4,4,4,4,4,4,4,4,4,4,4,4,4,4,4,4,4,4,4,4,4,4,4,4,4,4,4,4,4,4,4,4,4,4,4,4,4,4,4,4,4,4,4,4,4,4,4,4,4,4,4,4,4,4,4,4,4,4,4,4,4,4,4,4,4,4,4,4,4,4,4,4,4,4,4,4,4,4,4,4,4,4,4,4,4,4,4,4,4,4,4,4,4,4,4,4,4,4,4,4,4,4,4,4,4,4,4,4,4,4,4,4,4,4,4,4,4,4,4,4,4,4,4,4,4,4,4,4,AETB01000042.1/53203-53055,1
1436,0,2,3,2,2,1,3,1,0,3,3,1,4,0,1,1,4,2,0,4,1,3,3,0,3,2,3,1,4,0,2,1,4,4,4,4,1,1,1,3,3,4,1,2,2,4,4,4,4,4,4,2,0,1,2,3,4,4,4,4,4,4,4,4,4,4,4,4,4,4,4,4,4,4,4,4,4,4,4,4,4,2,1,3,0,1,0,3,0,0,0,0,3,4,3,4,1,2,0,4,0,3,2,0,1,2,1,0,4,4,4,4,1,0,0,4,4,4,4,4,4,4,1,0,0,2,2,3,2,1,1,3,2,1,1,2,3,1,1,0,0,1,3,3,4,4,1,3,2,0,3,0,3,1,0,4,4,4,4,4,4,4,4,2,1,2,3,0,4,4,4,4,2,1,3,4,4,4,4,4,4,4,4,4,4,4,4,4,4,4,4,4,4,4,4,4,4,4,4,4,4,4,4,4,4,4,4,4,0,4,4,3,0,3,1,0,4,0,1,1,0,3,4,4,1,4,4,4,2,2,2,1,2,0,0,0,1,2,3,1,2,0,4,4,4,4,4,2,3,3,0,2,2,1,0,1,1,2,1,1,3,3,4,4,4,4,4,4,4,4,4,4,4,4,4,4,4,4,4,4,4,4,4,4,4,4,4,4,4,4,4,4,4,4,4,4,4,4,4,4,4,4,4,4,4,4,4,4,4,4,4,4,4,4,4,4,4,4,4,4,4,4,4,4,4,4,4,4,4,4,4,4,4,4,4,4,4,4,4,4,4,4,4,4,4,4,4,4,4,4,4,4,4,4,4,4,4,4,4,4,4,4,4,4,4,4,4,4,4,4,4,4,4,4,4,4,4,4,4,4,4,4,4,4,4,4,4,4,4,4,4,4,4,4,4,4,4,4,4,4,4,4,4,4,4,4,4,4,4,4,4,4,4,4,4,4,4,4,4,4,4,4,4,4,4,4,4,4,4,4,4,4,4,4,4,4,4,4,4,4,4,4,4,4,4,4,4,4,4,4,4,4,4,4,4,4,4,ACXE01000085.1/30369-30222,1
1437,0,2,3,2,2,1,3,1,0,3,3,1,4,0,1,1,4,2,0,4,1,3,3,0,3,2,3,1,4,0,2,1,4,4,4,4,1,1,1,3,3,4,1,2,2,4,4,4,4,4,4,2,0,1,2,3,4,4,4,4,4,4,4,4,4,4,4,4,4,4,4,4,4,4,4,4,4,4,4,4,4,2,1,3,0,1,0,3,0,0,0,0,3,4,3,4,1,2,0,4,0,3,2,0,1,2,1,0,4,4,4,4,1,0,0,4,4,4,4,4,4,4,1,0,0,2,2,3,2,1,1,3,2,1,1,2,3,1,1,0,0,1,3,3,4,4,1,3,2,0,3,0,3,1,0,4,4,4,4,4,4,4,4,2,1,2,3,0,4,4,4,4,2,1,3,4,4,4,4,4,4,4,4,4,4,4,4,4,4,4,4,4,4,4,4,4,4,4,4,4,4,4,4,4,4,4,4,4,0,4,4,3,0,3,1,0,4,0,3,1,0,3,4,4,1,4,4,4,2,2,2,1,2,0,0,0,1,2,3,1,2,0,4,4,4,4,4,2,3,3,0,2,2,1,0,1,1,2,1,1,3,3,4,4,4,4,4,4,4,4,4,4,4,4,4,4,4,4,4,4,4,4,4,4,4,4,4,4,4,4,4,4,4,4,4,4,4,4,4,4,4,4,4,4,4,4,4,4,4,4,4,4,4,4,4,4,4,4,4,4,4,4,4,4,4,4,4,4,4,4,4,4,4,4,4,4,4,4,4,4,4,4,4,4,4,4,4,4,4,4,4,4,4,4,4,4,4,4,4,4,4,4,4,4,4,4,4,4,4,4,4,4,4,4,4,4,4,4,4,4,4,4,4,4,4,4,4,4,4,4,4,4,4,4,4,4,4,4,4,4,4,4,4,4,4,4,4,4,4,4,4,4,4,4,4,4,4,4,4,4,4,4,4,4,4,4,4,4,4,4,4,4,4,4,4,4,4,4,4,4,4,4,4,4,4,4,4,4,4,4,4,4,4,4,4,4,4,AFAT01000052.1/342666-342519,1
1438,0,2,0,3,2,1,3,1,0,3,3,1,4,0,1,1,4,3,3,4,3,3,3,0,3,2,0,3,4,0,2,3,1,1,1,2,1,3,2,3,3,4,0,0,2,1,2,2,0,0,4,3,0,3,2,1,4,4,4,4,4,4,4,4,4,4,4,4,4,4,4,4,4,4,4,4,4,4,4,4,4,2,1,3,3,1,0,3,0,0,2,1,1,0,3,4,1,2,0,4,0,3,2,0,3,2,1,1,4,4,4,4,3,0,0,2,4,4,4,4,4,4,0,1,3,2,2,3,0,1,1,3,0,3,1,2,3,1,1,0,1,1,3,0,0,0,1,1,2,0,3,0,3,1,2,3,2,3,4,4,4,4,4,2,0,0,3,0,1,4,4,4,0,1,0,4,4,4,4,4,4,4,4,4,4,4,4,4,4,4,4,4,4,4,4,4,4,4,4,4,4,4,4,4,4,4,4,4,3,4,4,3,0,3,1,0,4,0,0,1,0,3,4,4,1,4,4,4,2,2,2,1,2,0,1,0,1,2,3,3,2,0,4,4,4,4,4,2,3,2,0,2,2,3,0,1,1,2,1,1,3,0,4,4,4,4,4,4,4,4,4,4,4,4,4,4,4,4,4,4,4,4,4,4,4,4,4,4,4,4,4,4,4,4,4,4,4,4,4,4,4,4,4,4,4,4,4,4,4,4,4,4,4,4,4,4,4,4,4,4,4,4,4,4,4,4,4,4,4,4,4,4,4,4,4,4,4,4,4,4,4,4,4,4,4,4,4,4,4,4,4,4,4,4,4,4,4,4,4,4,4,4,4,4,4,4,4,4,4,4,4,4,4,4,4,4,4,4,4,4,4,4,4,4,4,4,4,4,4,4,4,4,4,4,4,4,4,4,4,4,4,4,4,4,4,4,4,4,4,4,4,4,4,4,4,4,4,4,4,4,4,4,4,4,4,4,4,4,4,4,4,4,4,4,4,4,4,4,4,4,4,4,4,4,4,4,4,4,4,4,4,4,4,4,4,4,4,AALD02000010.1/100030-100194,1
1439,0,2,3,2,2,1,3,1,0,3,3,1,4,0,1,1,4,2,0,4,1,3,3,0,3,2,3,1,4,0,2,1,4,4,4,4,1,1,1,3,3,4,1,2,2,4,4,4,4,4,4,2,0,1,2,3,4,4,4,4,4,4,4,4,4,4,4,4,4,4,4,4,4,4,4,4,4,4,4,4,4,2,1,3,0,1,0,3,0,0,0,0,3,4,3,4,1,2,0,4,0,3,2,0,1,2,1,0,4,4,4,4,1,0,0,4,4,4,4,4,4,4,1,0,0,2,2,3,2,1,1,3,2,1,1,2,3,1,1,0,0,1,3,3,4,4,1,3,2,0,3,0,3,1,0,4,4,4,4,4,4,4,4,2,1,2,3,0,4,4,4,4,2,1,3,4,4,4,4,4,4,4,4,4,4,4,4,4,4,4,4,4,4,4,4,4,4,4,4,4,4,4,4,4,4,4,4,4,0,4,4,3,0,3,1,0,4,0,1,1,0,3,4,4,1,4,4,4,2,2,2,1,2,0,0,0,1,2,3,1,2,0,4,4,4,4,4,2,3,3,0,2,2,1,0,1,1,2,1,1,3,3,4,4,4,4,4,4,4,4,4,4,4,4,4,4,4,4,4,4,4,4,4,4,4,4,4,4,4,4,4,4,4,4,4,4,4,4,4,4,4,4,4,4,4,4,4,4,4,4,4,4,4,4,4,4,4,4,4,4,4,4,4,4,4,4,4,4,4,4,4,4,4,4,4,4,4,4,4,4,4,4,4,4,4,4,4,4,4,4,4,4,4,4,4,4,4,4,4,4,4,4,4,4,4,4,4,4,4,4,4,4,4,4,4,4,4,4,4,4,4,4,4,4,4,4,4,4,4,4,4,4,4,4,4,4,4,4,4,4,4,4,4,4,4,4,4,4,4,4,4,4,4,4,4,4,4,4,4,4,4,4,4,4,4,4,4,4,4,4,4,4,4,4,4,4,4,4,4,4,4,4,4,4,4,4,4,4,4,4,4,4,4,4,4,4,4,AEZM01000062.1/34848-34995,1
1440,0,2,0,3,2,1,3,1,0,3,3,1,4,1,0,3,4,1,3,4,1,3,3,0,3,2,3,3,4,1,2,1,1,3,4,4,4,4,4,4,4,4,4,4,4,4,4,4,4,4,4,4,4,4,4,4,3,0,4,4,4,4,4,4,4,4,4,4,4,4,4,4,4,4,4,4,4,4,4,2,3,2,1,1,3,1,0,3,0,0,0,1,3,1,1,4,2,2,0,4,0,3,2,0,1,2,1,0,4,4,4,4,2,0,2,1,1,2,4,4,3,3,3,0,1,2,2,3,2,1,3,3,0,3,1,2,3,1,1,4,0,1,3,2,0,4,1,0,2,0,3,2,3,1,4,4,4,4,4,4,4,4,4,2,1,3,3,0,3,4,4,4,2,1,1,4,4,4,4,4,4,4,4,4,4,4,4,4,4,4,4,4,4,4,4,4,4,4,4,4,4,4,4,4,4,4,4,4,3,4,4,1,0,3,1,0,4,2,0,1,0,1,4,4,1,0,4,3,2,2,0,1,0,1,0,0,1,2,3,3,2,0,4,4,4,4,4,2,3,2,0,0,2,1,0,1,1,1,0,1,3,3,4,4,4,4,4,4,4,4,4,4,4,4,4,4,4,4,4,4,4,4,4,4,4,4,4,4,4,4,4,4,4,4,4,4,4,4,4,4,4,4,4,4,4,4,4,4,4,4,4,4,4,4,4,4,4,4,4,4,4,4,4,4,4,4,4,4,4,4,4,4,4,4,4,4,4,4,4,4,4,4,4,4,4,4,4,4,4,4,4,4,4,4,4,4,4,4,4,4,4,4,4,4,4,4,4,4,4,4,4,4,4,4,4,4,4,4,4,4,4,4,4,4,4,4,4,4,4,4,4,4,4,4,4,4,4,4,4,4,4,4,4,4,4,4,4,4,4,4,4,4,4,4,4,4,4,4,4,4,4,4,4,4,4,4,4,4,4,4,4,4,4,4,4,4,4,4,4,4,4,4,4,4,4,4,4,4,4,4,4,4,4,4,4,4,4,ABHW01000030.1/51033-50885,1
1441,0,2,3,2,2,1,3,1,0,3,3,1,4,2,1,1,4,2,0,4,1,3,3,0,3,2,3,1,4,0,2,1,4,4,4,4,1,1,1,3,3,4,1,2,2,4,4,4,4,4,4,2,0,1,2,3,4,4,4,4,4,4,4,4,4,4,4,4,4,4,4,4,4,4,4,4,4,4,4,4,4,2,1,3,0,1,0,3,0,0,0,0,3,4,3,4,1,2,0,4,0,3,2,0,1,2,1,0,4,4,4,4,1,0,0,4,4,4,4,4,4,4,1,0,0,2,2,3,2,1,1,3,2,1,1,2,3,1,1,0,0,1,3,3,4,4,1,3,2,0,3,0,3,1,0,4,4,4,4,4,4,4,4,2,1,2,3,0,4,4,4,4,2,1,3,4,4,4,4,4,4,4,4,4,4,4,4,4,4,4,4,4,4,4,4,4,4,4,4,4,4,4,4,4,4,4,4,4,0,4,4,3,0,3,1,0,4,0,1,1,0,3,4,4,1,4,4,4,2,2,2,1,2,0,0,0,1,2,3,1,2,0,4,4,4,4,4,2,3,3,0,2,2,1,0,1,1,2,1,1,3,3,4,4,4,4,4,4,4,4,4,4,4,4,4,4,4,4,4,4,4,4,4,4,4,4,4,4,4,4,4,4,4,4,4,4,4,4,4,4,4,4,4,4,4,4,4,4,4,4,4,4,4,4,4,4,4,4,4,4,4,4,4,4,4,4,4,4,4,4,4,4,4,4,4,4,4,4,4,4,4,4,4,4,4,4,4,4,4,4,4,4,4,4,4,4,4,4,4,4,4,4,4,4,4,4,4,4,4,4,4,4,4,4,4,4,4,4,4,4,4,4,4,4,4,4,4,4,4,4,4,4,4,4,4,4,4,4,4,4,4,4,4,4,4,4,4,4,4,4,4,4,4,4,4,4,4,4,4,4,4,4,4,4,4,4,4,4,4,4,4,4,4,4,4,4,4,4,4,4,4,4,4,4,4,4,4,4,4,4,4,4,4,4,4,4,4,ADUF01000189.1/13239-13092,1
1442,0,2,3,2,2,1,3,1,0,3,3,1,4,0,1,1,4,2,0,4,1,3,3,0,3,2,3,1,4,0,2,1,4,4,4,4,1,1,1,3,3,4,1,2,2,4,4,4,4,4,4,2,0,1,2,3,4,4,4,4,4,4,4,4,4,4,4,4,4,4,4,4,4,4,4,4,4,4,4,4,4,2,1,3,0,1,0,3,0,0,0,0,3,4,3,4,1,2,0,4,0,3,2,0,1,2,1,0,4,4,4,4,1,0,0,4,4,4,4,4,4,4,1,0,0,2,2,3,2,1,1,3,2,1,1,2,3,1,1,0,0,1,3,3,4,4,1,3,2,0,3,0,3,1,0,4,4,4,4,4,4,4,4,2,1,2,3,0,4,4,4,4,2,1,3,4,4,4,4,4,4,4,4,4,4,4,4,4,4,4,4,4,4,4,4,4,4,4,4,4,4,4,4,4,4,4,4,4,0,4,4,3,0,3,1,0,4,0,1,1,0,3,4,4,1,4,4,4,2,2,2,1,2,0,0,0,1,2,3,1,2,0,4,4,4,4,4,2,3,3,0,2,2,1,0,1,1,2,1,1,3,3,4,4,4,4,4,4,4,4,4,4,4,4,4,4,4,4,4,4,4,4,4,4,4,4,4,4,4,4,4,4,4,4,4,4,4,4,4,4,4,4,4,4,4,4,4,4,4,4,4,4,4,4,4,4,4,4,4,4,4,4,4,4,4,4,4,4,4,4,4,4,4,4,4,4,4,4,4,4,4,4,4,4,4,4,4,4,4,4,4,4,4,4,4,4,4,4,4,4,4,4,4,4,4,4,4,4,4,4,4,4,4,4,4,4,4,4,4,4,4,4,4,4,4,4,4,4,4,4,4,4,4,4,4,4,4,4,4,4,4,4,4,4,4,4,4,4,4,4,4,4,4,4,4,4,4,4,4,4,4,4,4,4,4,4,4,4,4,4,4,4,4,4,4,4,4,4,4,4,4,4,4,4,4,4,4,4,4,4,4,4,4,4,4,4,4,AEHS01000021.1/35463-35610,1
1443,0,2,0,3,2,1,3,1,0,3,3,1,4,1,0,3,4,1,3,4,1,3,3,0,3,2,3,3,4,1,2,1,1,3,4,4,4,4,4,4,4,4,4,4,4,4,4,4,4,4,4,4,4,4,4,4,3,0,4,4,4,4,4,4,4,4,4,4,4,4,4,4,4,4,4,4,4,4,4,2,3,2,1,1,3,1,0,3,0,0,0,1,3,1,1,4,2,2,0,4,0,3,2,0,1,2,1,0,4,4,4,4,2,0,2,1,1,2,4,4,3,3,3,0,1,2,2,3,2,1,3,3,0,3,1,2,3,1,1,4,0,1,3,2,0,4,1,0,2,0,3,2,3,1,4,4,4,4,4,4,4,4,4,2,1,3,3,0,3,4,4,4,2,1,1,4,4,4,4,4,4,4,4,4,4,4,4,4,4,4,4,4,4,4,4,4,4,4,4,4,4,4,4,4,4,4,4,4,3,4,4,1,0,3,1,0,4,2,0,1,0,1,4,4,1,0,4,3,2,2,0,1,0,1,0,0,1,2,3,3,2,0,4,4,4,4,4,2,3,2,0,0,2,1,0,1,1,1,0,1,3,3,4,4,4,4,4,4,4,4,4,4,4,4,4,4,4,4,4,4,4,4,4,4,4,4,4,4,4,4,4,4,4,4,4,4,4,4,4,4,4,4,4,4,4,4,4,4,4,4,4,4,4,4,4,4,4,4,4,4,4,4,4,4,4,4,4,4,4,4,4,4,4,4,4,4,4,4,4,4,4,4,4,4,4,4,4,4,4,4,4,4,4,4,4,4,4,4,4,4,4,4,4,4,4,4,4,4,4,4,4,4,4,4,4,4,4,4,4,4,4,4,4,4,4,4,4,4,4,4,4,4,4,4,4,4,4,4,4,4,4,4,4,4,4,4,4,4,4,4,4,4,4,4,4,4,4,4,4,4,4,4,4,4,4,4,4,4,4,4,4,4,4,4,4,4,4,4,4,4,4,4,4,4,4,4,4,4,4,4,4,4,4,4,4,4,4,ACXG01000062.1/38829-38977,1
1444,0,2,0,3,2,1,3,1,0,3,3,1,4,1,0,3,4,1,3,4,1,3,3,0,3,2,3,3,4,1,2,1,1,3,3,4,1,4,4,4,4,4,4,4,4,4,4,4,4,4,4,4,4,4,4,4,3,4,4,4,4,4,4,4,4,4,4,4,4,4,4,4,4,4,4,4,4,4,4,4,2,2,1,1,3,1,0,3,0,0,0,1,3,1,0,4,2,2,0,4,0,3,2,0,3,2,1,0,4,4,4,4,2,0,2,1,1,2,4,4,3,3,3,0,1,2,2,3,2,1,3,3,0,3,1,2,3,1,1,4,0,1,3,2,0,4,1,0,2,0,3,2,3,1,4,4,4,4,4,4,4,4,4,2,1,3,3,0,1,4,4,4,2,1,1,4,4,4,4,4,4,4,4,4,4,4,4,4,4,4,4,4,4,4,4,4,4,4,4,4,4,4,4,4,4,4,4,4,3,4,4,1,0,3,1,0,4,0,0,1,0,1,4,4,1,1,4,3,2,2,0,1,0,1,0,0,1,2,3,3,2,0,4,4,4,4,4,2,3,2,0,0,2,1,0,1,1,1,1,3,3,3,4,4,4,4,4,4,4,4,4,4,4,4,4,4,4,4,4,4,4,4,4,4,4,4,4,4,4,4,4,4,4,4,4,4,4,4,4,4,4,4,4,4,4,4,4,4,4,4,4,4,4,4,4,4,4,4,4,4,4,4,4,4,4,4,4,4,4,4,4,4,4,4,4,4,4,4,4,4,4,4,4,4,4,4,4,4,4,4,4,4,4,4,4,4,4,4,4,4,4,4,4,4,4,4,4,4,4,4,4,4,4,4,4,4,4,4,4,4,4,4,4,4,4,4,4,4,4,4,4,4,4,4,4,4,4,4,4,4,4,4,4,4,4,4,4,4,4,4,4,4,4,4,4,4,4,4,4,4,4,4,4,4,4,4,4,4,4,4,4,4,4,4,4,4,4,4,4,4,4,4,4,4,4,4,4,4,4,4,4,4,4,4,4,4,4,CP002487.1/4163195-4163343,1
1445,0,2,0,3,2,1,3,1,0,3,3,1,4,1,0,3,4,1,3,4,1,3,3,0,3,2,3,3,4,1,2,1,1,3,4,4,4,4,4,4,4,4,4,4,4,4,4,4,4,4,4,4,4,4,4,4,3,0,4,4,4,4,4,4,4,4,4,4,4,4,4,4,4,4,4,4,4,4,4,2,3,2,1,1,3,1,0,3,0,0,0,1,3,1,1,4,2,2,0,4,0,3,2,0,1,2,1,0,4,4,4,4,2,0,2,1,1,2,4,4,3,3,3,0,1,2,2,3,2,1,3,3,0,3,1,2,3,1,1,4,0,1,3,2,0,4,1,0,2,0,3,2,3,1,4,4,4,4,4,4,4,4,4,2,1,3,3,0,3,4,4,4,2,1,1,4,4,4,4,4,4,4,4,4,4,4,4,4,4,4,4,4,4,4,4,4,4,4,4,4,4,4,4,4,4,4,4,4,3,4,4,1,0,3,1,0,4,2,0,1,0,1,4,4,1,0,4,3,2,2,0,1,0,1,0,0,1,2,3,3,2,0,4,4,4,4,4,2,3,2,0,0,2,1,0,1,1,1,0,1,3,3,4,4,4,4,4,4,4,4,4,4,4,4,4,4,4,4,4,4,4,4,4,4,4,4,4,4,4,4,4,4,4,4,4,4,4,4,4,4,4,4,4,4,4,4,4,4,4,4,4,4,4,4,4,4,4,4,4,4,4,4,4,4,4,4,4,4,4,4,4,4,4,4,4,4,4,4,4,4,4,4,4,4,4,4,4,4,4,4,4,4,4,4,4,4,4,4,4,4,4,4,4,4,4,4,4,4,4,4,4,4,4,4,4,4,4,4,4,4,4,4,4,4,4,4,4,4,4,4,4,4,4,4,4,4,4,4,4,4,4,4,4,4,4,4,4,4,4,4,4,4,4,4,4,4,4,4,4,4,4,4,4,4,4,4,4,4,4,4,4,4,4,4,4,4,4,4,4,4,4,4,4,4,4,4,4,4,4,4,4,4,4,4,4,4,4,ADUD01000576.1/3604-3752,1
1446,0,2,0,3,2,1,3,1,0,3,3,1,4,1,0,3,4,1,3,4,1,3,3,0,3,2,3,3,4,1,2,1,1,3,3,4,1,4,4,4,4,4,4,4,4,4,4,4,4,4,4,4,4,4,4,4,3,4,4,4,4,4,4,4,4,4,4,4,4,4,4,4,4,4,4,4,4,4,4,4,2,2,1,1,3,1,0,3,0,0,0,1,3,1,0,4,2,2,0,4,0,3,2,0,3,2,1,0,4,4,4,4,2,0,2,1,1,2,4,4,3,3,3,0,1,2,2,3,2,1,3,3,0,3,1,2,3,1,1,4,0,1,3,2,0,4,1,0,2,0,3,2,3,1,4,4,4,4,4,4,4,4,4,2,1,3,3,0,1,4,4,4,2,1,1,4,4,4,4,4,4,4,4,4,4,4,4,4,4,4,4,4,4,4,4,4,4,4,4,4,4,4,4,4,4,4,4,4,3,4,4,1,0,3,1,0,4,0,0,1,0,1,4,4,1,1,4,3,2,2,0,1,0,1,0,0,1,2,3,3,2,0,4,4,4,4,4,2,3,2,0,0,2,1,0,1,1,1,1,3,3,3,4,4,4,4,4,4,4,4,4,4,4,4,4,4,4,4,4,4,4,4,4,4,4,4,4,4,4,4,4,4,4,4,4,4,4,4,4,4,4,4,4,4,4,4,4,4,4,4,4,4,4,4,4,4,4,4,4,4,4,4,4,4,4,4,4,4,4,4,4,4,4,4,4,4,4,4,4,4,4,4,4,4,4,4,4,4,4,4,4,4,4,4,4,4,4,4,4,4,4,4,4,4,4,4,4,4,4,4,4,4,4,4,4,4,4,4,4,4,4,4,4,4,4,4,4,4,4,4,4,4,4,4,4,4,4,4,4,4,4,4,4,4,4,4,4,4,4,4,4,4,4,4,4,4,4,4,4,4,4,4,4,4,4,4,4,4,4,4,4,4,4,4,4,4,4,4,4,4,4,4,4,4,4,4,4,4,4,4,4,4,4,4,4,4,4,ABFG01000008.1/212601-212453,1
1447,0,2,0,3,2,1,3,1,0,3,3,1,4,1,0,3,4,1,3,4,1,3,3,0,3,2,3,3,4,1,2,1,1,3,3,4,1,4,4,4,4,4,4,4,4,4,4,4,4,4,4,4,4,4,4,4,3,4,4,4,4,4,4,4,4,4,4,4,4,4,4,4,4,4,4,4,4,4,4,4,2,2,1,1,3,1,0,3,0,0,0,1,3,1,0,4,2,2,0,4,0,3,2,0,3,2,1,0,4,4,4,4,2,0,2,1,1,2,4,4,3,3,3,0,1,2,2,3,2,1,3,3,0,3,1,2,3,1,1,4,0,1,3,2,0,4,1,0,2,0,3,2,3,1,4,4,4,4,4,4,4,4,4,2,1,3,3,0,1,4,4,4,2,1,1,4,4,4,4,4,4,4,4,4,4,4,4,4,4,4,4,4,4,4,4,4,4,4,4,4,4,4,4,4,4,4,4,4,3,4,4,1,0,3,1,0,4,0,0,1,0,1,4,4,1,1,4,3,2,2,0,1,0,1,0,0,1,2,3,3,2,0,4,4,4,4,4,2,3,2,0,0,2,1,0,1,1,1,1,3,3,3,4,4,4,4,4,4,4,4,4,4,4,4,4,4,4,4,4,4,4,4,4,4,4,4,4,4,4,4,4,4,4,4,4,4,4,4,4,4,4,4,4,4,4,4,4,4,4,4,4,4,4,4,4,4,4,4,4,4,4,4,4,4,4,4,4,4,4,4,4,4,4,4,4,4,4,4,4,4,4,4,4,4,4,4,4,4,4,4,4,4,4,4,4,4,4,4,4,4,4,4,4,4,4,4,4,4,4,4,4,4,4,4,4,4,4,4,4,4,4,4,4,4,4,4,4,4,4,4,4,4,4,4,4,4,4,4,4,4,4,4,4,4,4,4,4,4,4,4,4,4,4,4,4,4,4,4,4,4,4,4,4,4,4,4,4,4,4,4,4,4,4,4,4,4,4,4,4,4,4,4,4,4,4,4,4,4,4,4,4,4,4,4,4,4,4,AETG01000078.1/53125-52977,1
1448,0,2,0,3,2,1,3,1,0,3,3,1,4,1,0,1,4,3,1,4,1,3,3,0,3,2,0,1,4,0,2,4,4,4,4,4,4,4,4,4,4,4,4,4,4,4,4,4,4,4,4,4,4,4,4,4,1,0,3,4,4,4,4,4,4,4,4,4,4,4,4,4,4,4,4,4,4,0,3,2,0,4,1,3,3,1,0,3,0,0,0,1,1,3,0,4,2,2,0,4,0,3,2,0,3,2,1,0,4,4,4,4,2,0,2,1,1,2,4,0,3,3,0,3,1,2,2,3,2,1,1,3,0,4,1,2,3,1,1,0,1,2,3,3,0,4,3,1,2,0,3,2,0,0,0,4,4,4,4,4,4,4,4,4,4,4,1,0,1,4,4,4,1,0,3,4,4,4,4,4,4,4,4,4,4,4,4,4,4,4,4,4,4,4,4,4,4,4,4,4,4,4,4,4,4,4,4,4,3,4,4,1,0,3,1,0,4,1,1,0,0,1,4,4,0,4,4,4,2,2,0,1,2,0,0,0,1,2,3,3,2,0,4,4,4,4,4,2,3,2,0,2,2,1,0,1,1,0,3,1,1,2,4,4,4,4,4,4,4,4,4,4,4,4,4,4,4,4,4,4,4,4,4,4,4,4,4,4,4,4,4,4,4,4,4,4,4,4,4,4,4,4,4,4,4,4,4,4,4,4,4,4,4,4,4,4,4,4,4,4,4,4,4,4,4,4,4,4,4,4,4,4,4,4,4,4,4,4,4,4,4,4,4,4,4,4,4,4,4,4,4,4,4,4,4,4,4,4,4,4,4,4,4,4,4,4,4,4,4,4,4,4,4,4,4,4,4,4,4,4,4,4,4,4,4,4,4,4,4,4,4,4,4,4,4,4,4,4,4,4,4,4,4,4,4,4,4,4,4,4,4,4,4,4,4,4,4,4,4,4,4,4,4,4,4,4,4,4,4,4,4,4,4,4,4,4,4,4,4,4,4,4,4,4,4,4,4,4,4,4,4,4,4,4,4,4,4,AM942759.1/3649344-3649488,1
1449,0,2,3,3,2,1,3,1,0,3,3,1,4,0,0,1,4,3,3,4,3,3,3,0,3,2,0,3,4,2,2,1,1,1,1,4,2,3,0,3,3,4,3,0,2,0,1,2,2,0,4,0,2,3,3,3,4,4,4,4,4,4,4,4,4,4,4,4,4,4,4,4,4,4,4,4,4,4,4,4,4,2,1,1,3,1,0,3,0,0,2,1,1,3,1,4,1,2,0,4,0,3,2,0,3,2,1,1,4,4,4,4,3,0,0,2,4,4,4,4,4,0,0,0,3,2,2,3,2,1,1,3,0,3,1,2,3,1,1,0,0,1,1,0,0,0,1,1,2,0,3,0,0,1,0,2,0,1,2,4,4,4,1,2,1,0,0,2,1,4,4,2,2,1,3,4,4,4,4,4,4,4,4,4,4,4,4,4,4,4,4,4,4,4,4,4,4,4,4,4,4,4,4,4,4,4,4,4,3,4,4,3,0,3,1,0,4,0,2,1,0,3,4,4,1,4,4,4,2,2,2,1,2,0,1,0,1,2,3,2,2,0,4,4,4,4,4,2,3,2,0,2,2,1,0,1,1,2,1,1,3,2,4,4,4,4,4,4,4,4,4,4,4,4,4,4,4,4,4,4,4,4,4,4,4,4,4,4,4,4,4,4,4,4,4,4,4,4,4,4,4,4,4,4,4,4,4,4,4,4,4,4,4,4,4,4,4,4,4,4,4,4,4,4,4,4,4,4,4,4,4,4,4,4,4,4,4,4,4,4,4,4,4,4,4,4,4,4,4,4,4,4,4,4,4,4,4,4,4,4,4,4,4,4,4,4,4,4,4,4,4,4,4,4,4,4,4,4,4,4,4,4,4,4,4,4,4,4,4,4,4,4,4,4,4,4,4,4,4,4,4,4,4,4,4,4,4,4,4,4,4,4,4,4,4,4,4,4,4,4,4,4,4,4,4,4,4,4,4,4,4,4,4,4,4,4,4,4,4,4,4,4,4,4,4,4,4,4,4,4,4,4,4,4,4,4,4,CP002775.1/4117502-4117335,1
1450,0,2,3,2,2,1,3,1,0,3,3,1,4,0,1,1,4,3,3,4,1,3,3,0,3,2,3,1,4,0,2,1,4,4,4,4,1,1,1,3,3,4,0,2,2,4,4,4,4,4,4,2,0,3,2,1,4,4,4,4,4,4,4,4,4,4,4,4,4,4,4,4,4,4,4,4,4,4,4,4,4,2,1,3,0,1,0,3,0,0,0,1,3,4,3,4,1,2,0,4,0,3,2,0,1,2,1,0,4,4,4,4,1,0,0,4,4,4,4,4,4,4,1,0,0,2,2,3,2,1,1,3,2,1,1,2,3,1,1,0,0,1,3,3,4,4,1,3,2,0,3,0,0,3,0,4,4,4,4,4,4,4,4,2,1,2,3,0,4,4,4,4,2,1,3,4,4,4,4,4,4,4,4,4,4,4,4,4,4,4,4,4,4,4,4,4,4,4,4,4,4,4,4,4,4,4,4,4,3,4,4,3,0,3,1,0,4,0,1,1,3,1,4,4,1,4,4,4,2,2,2,1,2,0,0,0,1,2,3,1,2,0,4,4,4,4,4,2,3,3,0,2,2,1,0,1,1,2,1,1,3,3,4,4,4,4,4,4,4,4,4,4,4,4,4,4,4,4,4,4,4,4,4,4,4,4,4,4,4,4,4,4,4,4,4,4,4,4,4,4,4,4,4,4,4,4,4,4,4,4,4,4,4,4,4,4,4,4,4,4,4,4,4,4,4,4,4,4,4,4,4,4,4,4,4,4,4,4,4,4,4,4,4,4,4,4,4,4,4,4,4,4,4,4,4,4,4,4,4,4,4,4,4,4,4,4,4,4,4,4,4,4,4,4,4,4,4,4,4,4,4,4,4,4,4,4,4,4,4,4,4,4,4,4,4,4,4,4,4,4,4,4,4,4,4,4,4,4,4,4,4,4,4,4,4,4,4,4,4,4,4,4,4,4,4,4,4,4,4,4,4,4,4,4,4,4,4,4,4,4,4,4,4,4,4,4,4,4,4,4,4,4,4,4,4,4,4,AFCL01001204.1/169-22,1
1451,0,2,0,3,2,1,3,1,0,3,3,1,4,1,0,3,4,1,3,4,1,3,3,0,3,2,3,3,4,1,2,1,1,3,3,4,1,4,4,4,4,4,4,4,4,4,4,4,4,4,4,4,4,4,4,4,3,4,4,4,4,4,4,4,4,4,4,4,4,4,4,4,4,4,4,4,4,4,4,4,2,2,1,1,3,1,0,3,0,0,0,1,3,1,0,4,2,2,0,4,0,3,2,0,3,2,1,0,4,4,4,4,2,0,2,1,1,2,4,4,3,3,3,0,1,2,2,3,2,1,3,3,0,3,1,2,3,1,1,4,0,1,3,2,0,4,1,0,2,0,3,2,3,1,4,4,4,4,4,4,4,4,4,2,1,3,3,0,1,4,4,4,2,1,1,4,4,4,4,4,4,4,4,4,4,4,4,4,4,4,4,4,4,4,4,4,4,4,4,4,4,4,4,4,4,4,4,4,3,4,4,1,0,3,1,0,4,0,0,1,0,1,4,4,1,1,4,3,2,2,0,1,0,1,0,0,1,2,3,3,2,0,4,4,4,4,4,2,3,2,0,0,2,1,0,1,1,1,1,3,3,3,4,4,4,4,4,4,4,4,4,4,4,4,4,4,4,4,4,4,4,4,4,4,4,4,4,4,4,4,4,4,4,4,4,4,4,4,4,4,4,4,4,4,4,4,4,4,4,4,4,4,4,4,4,4,4,4,4,4,4,4,4,4,4,4,4,4,4,4,4,4,4,4,4,4,4,4,4,4,4,4,4,4,4,4,4,4,4,4,4,4,4,4,4,4,4,4,4,4,4,4,4,4,4,4,4,4,4,4,4,4,4,4,4,4,4,4,4,4,4,4,4,4,4,4,4,4,4,4,4,4,4,4,4,4,4,4,4,4,4,4,4,4,4,4,4,4,4,4,4,4,4,4,4,4,4,4,4,4,4,4,4,4,4,4,4,4,4,4,4,4,4,4,4,4,4,4,4,4,4,4,4,4,4,4,4,4,4,4,4,4,4,4,4,4,4,AETT01000091.1/38678-38826,1
1452,0,2,0,3,2,1,3,1,0,3,3,1,4,1,0,3,4,1,3,4,1,3,3,0,3,2,3,3,4,1,2,1,1,3,3,4,1,4,4,4,4,4,4,4,4,4,4,4,4,4,4,4,4,4,4,4,3,4,4,4,4,4,4,4,4,4,4,4,4,4,4,4,4,4,4,4,4,4,4,4,2,2,1,1,3,1,0,3,0,0,0,1,3,1,0,4,2,2,0,4,0,3,2,0,3,2,1,0,4,4,4,4,2,0,2,1,1,2,4,4,3,3,3,0,1,2,2,3,2,1,3,3,0,3,1,2,3,1,1,4,0,1,3,2,0,4,1,0,2,0,3,2,3,1,4,4,4,4,4,4,4,4,4,2,1,3,3,0,1,4,4,4,2,1,1,4,4,4,4,4,4,4,4,4,4,4,4,4,4,4,4,4,4,4,4,4,4,4,4,4,4,4,4,4,4,4,4,4,3,4,4,1,0,3,1,0,4,0,0,1,0,1,4,4,1,1,4,3,2,2,0,1,0,1,0,0,1,2,3,3,2,0,4,4,4,4,4,2,3,2,0,0,2,1,0,1,1,1,1,3,3,3,4,4,4,4,4,4,4,4,4,4,4,4,4,4,4,4,4,4,4,4,4,4,4,4,4,4,4,4,4,4,4,4,4,4,4,4,4,4,4,4,4,4,4,4,4,4,4,4,4,4,4,4,4,4,4,4,4,4,4,4,4,4,4,4,4,4,4,4,4,4,4,4,4,4,4,4,4,4,4,4,4,4,4,4,4,4,4,4,4,4,4,4,4,4,4,4,4,4,4,4,4,4,4,4,4,4,4,4,4,4,4,4,4,4,4,4,4,4,4,4,4,4,4,4,4,4,4,4,4,4,4,4,4,4,4,4,4,4,4,4,4,4,4,4,4,4,4,4,4,4,4,4,4,4,4,4,4,4,4,4,4,4,4,4,4,4,4,4,4,4,4,4,4,4,4,4,4,4,4,4,4,4,4,4,4,4,4,4,4,4,4,4,4,4,4,AF233324.1/37608-37756,1
1453,0,2,3,2,2,1,3,1,0,3,3,1,4,0,1,1,4,2,0,4,1,3,3,0,3,2,3,1,4,0,2,1,4,4,4,4,1,1,1,3,3,4,1,2,2,4,4,4,4,4,4,2,0,1,2,3,4,4,4,4,4,4,4,4,4,4,4,4,4,4,4,4,4,4,4,4,4,4,4,4,4,2,1,3,0,1,0,3,0,0,0,0,3,4,3,4,1,2,0,4,0,3,2,0,1,2,1,0,4,4,4,4,1,0,0,4,4,4,4,4,4,4,1,0,0,2,2,3,2,1,1,3,2,1,1,2,3,1,1,0,0,1,3,3,4,4,1,3,2,0,3,0,3,1,0,4,4,4,4,4,4,4,4,2,1,2,3,0,4,4,4,4,2,1,3,4,4,4,4,4,4,4,4,4,4,4,4,4,4,4,4,4,4,4,4,4,4,4,4,4,4,4,4,4,4,4,4,4,0,4,4,3,0,3,1,0,4,0,1,1,0,3,4,4,1,4,4,4,2,2,2,1,2,0,0,0,1,2,3,1,2,0,4,4,4,4,4,2,3,3,0,2,2,1,0,1,1,2,1,1,3,3,4,4,4,4,4,4,4,4,4,4,4,4,4,4,4,4,4,4,4,4,4,4,4,4,4,4,4,4,4,4,4,4,4,4,4,4,4,4,4,4,4,4,4,4,4,4,4,4,4,4,4,4,4,4,4,4,4,4,4,4,4,4,4,4,4,4,4,4,4,4,4,4,4,4,4,4,4,4,4,4,4,4,4,4,4,4,4,4,4,4,4,4,4,4,4,4,4,4,4,4,4,4,4,4,4,4,4,4,4,4,4,4,4,4,4,4,4,4,4,4,4,4,4,4,4,4,4,4,4,4,4,4,4,4,4,4,4,4,4,4,4,4,4,4,4,4,4,4,4,4,4,4,4,4,4,4,4,4,4,4,4,4,4,4,4,4,4,4,4,4,4,4,4,4,4,4,4,4,4,4,4,4,4,4,4,4,4,4,4,4,4,4,4,4,4,FN554766.1/2945830-2945683,1
1454,0,2,3,2,2,1,3,1,0,3,3,1,4,0,1,1,4,3,2,4,2,3,3,0,1,2,0,1,4,0,2,1,1,4,4,4,1,3,2,1,2,4,0,0,0,2,1,2,2,3,4,1,0,0,2,1,4,4,4,4,4,4,4,4,4,4,4,4,4,4,4,4,4,4,4,4,4,4,4,4,4,2,1,3,3,1,0,3,0,0,1,0,0,1,1,4,1,2,0,4,0,3,2,0,1,2,1,0,4,4,4,4,1,0,0,4,4,4,4,4,4,4,3,0,1,2,2,3,2,1,1,3,2,1,1,2,3,1,1,0,1,1,0,0,0,4,1,1,2,0,3,0,1,0,2,3,1,1,4,4,4,4,0,4,1,3,3,3,2,3,4,2,2,1,3,4,4,4,4,4,4,4,4,4,4,4,4,4,4,4,4,4,4,4,4,4,4,4,4,4,4,4,4,4,4,4,4,4,1,4,4,3,0,3,1,0,4,0,2,1,3,3,4,4,1,4,4,4,2,2,0,1,2,1,0,0,1,2,3,3,2,0,4,4,4,4,4,2,3,3,0,2,2,1,0,1,1,0,1,1,3,0,4,4,4,4,4,4,4,4,4,4,4,4,4,4,4,4,4,4,4,4,4,4,4,4,4,4,4,4,4,4,4,4,4,4,4,4,4,4,4,4,4,4,4,4,4,4,4,4,4,4,4,4,4,4,4,4,4,4,4,4,4,4,4,4,4,4,4,4,4,4,4,4,4,4,4,4,4,4,4,4,4,4,4,4,4,4,4,4,4,4,4,4,4,4,4,4,4,4,4,4,4,4,4,4,4,4,4,4,4,4,4,4,4,4,4,4,4,4,4,4,4,4,4,4,4,4,4,4,4,4,4,4,4,4,4,4,4,4,4,4,4,4,4,4,4,4,4,4,4,4,4,4,4,4,4,4,4,4,4,4,4,4,4,4,4,4,4,4,4,4,4,4,4,4,4,4,4,4,4,4,4,4,4,4,4,4,4,4,4,4,4,4,4,4,4,FP236843.1/3780069-3779908,1
1455,0,2,3,2,2,1,3,1,0,3,3,1,4,0,1,1,4,3,3,4,1,3,3,0,3,2,3,1,4,0,2,1,4,4,4,4,1,1,1,3,3,4,0,2,2,4,4,4,4,4,4,2,0,1,2,1,4,4,4,4,4,4,4,4,4,4,4,4,4,4,4,4,4,4,4,4,4,4,4,4,4,2,1,3,0,1,0,3,0,0,0,1,3,4,3,4,1,2,0,4,0,3,2,0,1,2,1,0,4,4,4,4,1,0,0,4,4,4,4,4,4,4,1,0,0,2,2,3,2,1,1,3,2,1,1,2,3,1,1,0,0,1,3,3,4,4,1,3,2,0,3,0,0,3,0,4,4,4,4,4,4,4,4,2,1,2,3,0,4,4,4,4,2,1,3,4,4,4,4,4,4,4,4,4,4,4,4,4,4,4,4,4,4,4,4,4,4,4,4,4,4,4,4,4,4,4,4,4,3,4,4,3,0,3,1,0,4,0,1,1,3,1,4,4,1,4,4,4,2,2,2,1,2,0,0,0,1,2,3,1,2,0,4,4,4,4,4,2,3,3,0,2,2,1,0,1,1,2,1,1,3,3,4,4,4,4,4,4,4,4,4,4,4,4,4,4,4,4,4,4,4,4,4,4,4,4,4,4,4,4,4,4,4,4,4,4,4,4,4,4,4,4,4,4,4,4,4,4,4,4,4,4,4,4,4,4,4,4,4,4,4,4,4,4,4,4,4,4,4,4,4,4,4,4,4,4,4,4,4,4,4,4,4,4,4,4,4,4,4,4,4,4,4,4,4,4,4,4,4,4,4,4,4,4,4,4,4,4,4,4,4,4,4,4,4,4,4,4,4,4,4,4,4,4,4,4,4,4,4,4,4,4,4,4,4,4,4,4,4,4,4,4,4,4,4,4,4,4,4,4,4,4,4,4,4,4,4,4,4,4,4,4,4,4,4,4,4,4,4,4,4,4,4,4,4,4,4,4,4,4,4,4,4,4,4,4,4,4,4,4,4,4,4,4,4,4,4,AFCW01001541.1/2050-1903,1
1456,0,2,0,3,2,1,3,1,0,3,3,1,4,1,0,3,4,1,3,4,1,3,3,0,3,2,3,3,4,1,2,1,1,3,4,4,4,4,4,4,4,4,4,4,4,4,4,4,4,4,4,4,4,4,4,4,3,0,4,4,4,4,4,4,4,4,4,4,4,4,4,4,4,4,4,4,4,4,4,2,3,2,1,1,3,1,0,3,0,0,0,1,3,1,0,4,2,2,0,4,0,3,2,0,3,2,1,0,4,4,4,4,2,0,2,1,1,2,4,4,3,3,3,0,1,2,2,3,2,1,3,3,0,3,1,2,3,1,1,4,0,1,0,2,0,4,1,0,2,0,3,2,3,1,4,4,4,4,4,4,4,4,4,2,1,3,3,0,1,4,4,4,2,1,1,4,4,4,4,4,4,4,4,4,4,4,4,4,4,4,4,4,4,4,4,4,4,4,4,4,4,4,4,4,4,4,4,4,3,4,4,1,0,3,1,0,4,0,0,1,0,1,4,4,1,0,4,3,2,2,0,1,0,3,0,0,1,2,3,3,2,0,4,4,4,4,4,2,3,2,0,0,2,1,0,1,1,1,0,3,3,3,4,4,4,4,4,4,4,4,4,4,4,4,4,4,4,4,4,4,4,4,4,4,4,4,4,4,4,4,4,4,4,4,4,4,4,4,4,4,4,4,4,4,4,4,4,4,4,4,4,4,4,4,4,4,4,4,4,4,4,4,4,4,4,4,4,4,4,4,4,4,4,4,4,4,4,4,4,4,4,4,4,4,4,4,4,4,4,4,4,4,4,4,4,4,4,4,4,4,4,4,4,4,4,4,4,4,4,4,4,4,4,4,4,4,4,4,4,4,4,4,4,4,4,4,4,4,4,4,4,4,4,4,4,4,4,4,4,4,4,4,4,4,4,4,4,4,4,4,4,4,4,4,4,4,4,4,4,4,4,4,4,4,4,4,4,4,4,4,4,4,4,4,4,4,4,4,4,4,4,4,4,4,4,4,4,4,4,4,4,4,4,4,4,4,4,CP000822.1/136747-136895,1
1457,0,2,0,3,2,1,3,1,0,3,3,1,4,1,0,3,4,1,3,4,1,3,3,0,3,2,3,2,4,2,2,1,2,1,4,4,4,4,4,4,4,4,4,4,4,4,4,4,4,4,4,4,4,4,4,4,0,4,4,4,4,4,4,4,4,4,4,4,4,4,4,4,4,4,4,4,4,4,4,4,0,2,1,2,2,1,0,3,0,0,0,1,1,2,2,4,2,2,0,4,0,3,2,0,1,2,1,0,4,4,4,4,2,0,2,1,1,4,4,4,0,3,3,0,1,2,2,3,0,1,1,3,2,3,3,2,3,1,1,0,0,1,1,0,4,4,2,1,1,0,0,3,0,3,2,4,4,4,4,4,4,4,4,2,3,3,1,0,1,4,4,2,1,1,3,4,4,4,4,4,4,4,4,4,4,4,4,4,4,4,4,4,4,4,4,4,4,4,4,4,4,4,4,4,4,4,4,4,3,4,4,0,3,3,2,2,4,0,3,3,0,3,4,4,1,4,4,4,2,2,0,1,0,0,0,0,1,2,3,3,2,0,4,4,4,4,4,2,3,1,2,2,2,3,0,1,1,4,1,0,3,1,4,4,4,4,4,4,4,4,4,4,4,4,4,4,4,4,4,4,4,4,4,4,4,4,4,4,4,4,4,4,4,4,4,4,4,4,4,4,4,4,4,4,4,4,4,4,4,4,4,4,4,4,4,4,4,4,4,4,4,4,4,4,4,4,4,4,4,4,4,4,4,4,4,4,4,4,4,4,4,4,4,4,4,4,4,4,4,4,4,4,4,4,4,4,4,4,4,4,4,4,4,4,4,4,4,4,4,4,4,4,4,4,4,4,4,4,4,4,4,4,4,4,4,4,4,4,4,4,4,4,4,4,4,4,4,4,4,4,4,4,4,4,4,4,4,4,4,4,4,4,4,4,4,4,4,4,4,4,4,4,4,4,4,4,4,4,4,4,4,4,4,4,4,4,4,4,4,4,4,4,4,4,4,4,4,4,4,4,4,4,4,4,4,4,4,FN434113.1/218842-218986,1
1458,0,2,0,3,2,1,3,1,0,3,3,1,4,1,0,3,4,1,3,4,1,3,3,0,3,2,3,3,4,1,2,1,1,3,4,4,4,4,4,4,4,4,4,4,4,4,4,4,4,4,4,4,4,4,4,4,3,0,4,4,4,4,4,4,4,4,4,4,4,4,4,4,4,4,4,4,4,4,4,2,3,2,1,1,3,1,0,3,0,0,0,1,3,1,1,4,2,2,0,4,0,3,2,0,1,2,1,0,4,4,4,4,2,0,2,1,1,2,4,4,3,3,3,0,1,2,2,3,2,1,3,3,0,3,1,2,3,1,1,4,0,1,3,2,0,4,1,0,2,0,3,2,3,1,4,4,4,4,4,4,4,4,4,2,1,3,3,0,3,4,4,4,2,1,1,4,4,4,4,4,4,4,4,4,4,4,4,4,4,4,4,4,4,4,4,4,4,4,4,4,4,4,4,4,4,4,4,4,3,4,4,1,0,3,1,0,4,2,0,1,0,1,4,4,1,0,4,3,2,2,0,1,0,1,0,0,1,2,3,3,2,0,4,4,4,4,4,2,3,2,0,0,2,1,0,1,1,1,0,1,3,3,4,4,4,4,4,4,4,4,4,4,4,4,4,4,4,4,4,4,4,4,4,4,4,4,4,4,4,4,4,4,4,4,4,4,4,4,4,4,4,4,4,4,4,4,4,4,4,4,4,4,4,4,4,4,4,4,4,4,4,4,4,4,4,4,4,4,4,4,4,4,4,4,4,4,4,4,4,4,4,4,4,4,4,4,4,4,4,4,4,4,4,4,4,4,4,4,4,4,4,4,4,4,4,4,4,4,4,4,4,4,4,4,4,4,4,4,4,4,4,4,4,4,4,4,4,4,4,4,4,4,4,4,4,4,4,4,4,4,4,4,4,4,4,4,4,4,4,4,4,4,4,4,4,4,4,4,4,4,4,4,4,4,4,4,4,4,4,4,4,4,4,4,4,4,4,4,4,4,4,4,4,4,4,4,4,4,4,4,4,4,4,4,4,4,4,ACXO01000068.1/3649-3797,1
1459,0,2,3,2,2,1,3,1,0,3,3,1,4,0,1,1,4,2,0,4,1,3,3,0,3,2,3,1,4,0,2,1,4,4,4,4,1,1,1,3,3,4,1,2,2,4,4,4,4,4,4,2,0,1,2,3,4,4,4,4,4,4,4,4,4,4,4,4,4,4,4,4,4,4,4,4,4,4,4,4,4,2,1,3,0,1,0,3,0,0,0,0,3,4,3,4,1,2,0,4,0,3,2,0,1,2,1,0,4,4,4,4,1,0,0,4,4,4,4,4,4,4,1,0,0,2,2,3,2,1,1,3,2,1,1,2,3,1,1,0,0,1,3,3,4,4,1,3,2,0,3,0,3,1,0,4,4,4,4,4,4,4,4,2,1,2,3,0,4,4,4,4,2,1,3,4,4,4,4,4,4,4,4,4,4,4,4,4,4,4,4,4,4,4,4,4,4,4,4,4,4,4,4,4,4,4,4,4,0,4,4,3,0,3,1,0,4,0,1,1,0,3,4,4,1,4,4,4,2,2,2,1,2,0,0,0,1,2,3,1,2,0,4,4,4,4,4,2,3,3,0,2,2,1,0,1,1,2,1,1,3,3,4,4,4,4,4,4,4,4,4,4,4,4,4,4,4,4,4,4,4,4,4,4,4,4,4,4,4,4,4,4,4,4,4,4,4,4,4,4,4,4,4,4,4,4,4,4,4,4,4,4,4,4,4,4,4,4,4,4,4,4,4,4,4,4,4,4,4,4,4,4,4,4,4,4,4,4,4,4,4,4,4,4,4,4,4,4,4,4,4,4,4,4,4,4,4,4,4,4,4,4,4,4,4,4,4,4,4,4,4,4,4,4,4,4,4,4,4,4,4,4,4,4,4,4,4,4,4,4,4,4,4,4,4,4,4,4,4,4,4,4,4,4,4,4,4,4,4,4,4,4,4,4,4,4,4,4,4,4,4,4,4,4,4,4,4,4,4,4,4,4,4,4,4,4,4,4,4,4,4,4,4,4,4,4,4,4,4,4,4,4,4,4,4,4,4,AFDV01000048.1/453829-453682,1
1460,0,2,3,2,2,1,3,1,0,3,3,1,4,0,1,1,4,2,0,4,1,3,3,0,3,2,3,1,4,0,2,1,4,4,4,4,1,1,1,3,3,4,1,2,2,4,4,4,4,4,4,2,0,1,2,3,4,4,4,4,4,4,4,4,4,4,4,4,4,4,4,4,4,4,4,4,4,4,4,4,4,2,1,3,0,1,0,3,0,0,0,0,3,4,0,4,1,2,0,4,0,3,2,0,1,2,1,0,4,4,4,4,1,0,0,4,4,4,4,4,4,4,1,0,0,2,2,3,2,1,1,3,2,1,1,2,3,1,1,0,0,1,3,3,4,4,1,3,2,0,3,0,3,1,0,4,4,4,4,4,4,4,4,2,1,2,3,0,4,4,4,4,2,1,3,4,4,4,4,4,4,4,4,4,4,4,4,4,4,4,4,4,4,4,4,4,4,4,4,4,4,4,4,4,4,4,4,4,0,4,4,3,0,3,1,0,4,0,1,1,0,3,4,4,1,4,4,4,2,2,2,1,2,0,0,0,1,2,3,1,2,0,4,4,4,4,4,2,3,3,0,2,2,1,0,1,1,2,1,1,3,3,4,4,4,4,4,4,4,4,4,4,4,4,4,4,4,4,4,4,4,4,4,4,4,4,4,4,4,4,4,4,4,4,4,4,4,4,4,4,4,4,4,4,4,4,4,4,4,4,4,4,4,4,4,4,4,4,4,4,4,4,4,4,4,4,4,4,4,4,4,4,4,4,4,4,4,4,4,4,4,4,4,4,4,4,4,4,4,4,4,4,4,4,4,4,4,4,4,4,4,4,4,4,4,4,4,4,4,4,4,4,4,4,4,4,4,4,4,4,4,4,4,4,4,4,4,4,4,4,4,4,4,4,4,4,4,4,4,4,4,4,4,4,4,4,4,4,4,4,4,4,4,4,4,4,4,4,4,4,4,4,4,4,4,4,4,4,4,4,4,4,4,4,4,4,4,4,4,4,4,4,4,4,4,4,4,4,4,4,4,4,4,4,4,4,4,AEZZ01000090.1/35010-35157,1
1461,0,2,0,3,2,1,3,1,0,3,3,1,4,1,0,3,4,1,3,4,1,3,3,0,3,2,1,3,4,1,2,1,1,2,3,4,4,4,4,4,4,4,4,4,4,4,4,4,4,4,4,4,4,4,4,4,1,4,4,4,4,4,4,4,4,4,4,4,4,4,4,4,4,4,4,4,4,4,4,3,2,2,1,3,3,1,0,3,0,0,0,1,3,1,0,4,2,2,0,4,0,3,2,0,3,2,1,0,4,4,4,4,2,0,2,1,1,2,4,4,3,3,3,0,1,2,2,3,2,1,3,3,0,3,1,2,3,1,1,4,0,1,3,2,0,4,1,0,2,0,3,2,3,1,4,4,4,4,4,4,4,4,4,2,1,3,3,0,1,4,4,4,2,1,1,4,4,4,4,4,4,4,4,4,4,4,4,4,4,4,4,4,4,4,4,4,4,4,4,4,4,4,4,4,4,4,4,4,3,4,4,1,0,3,1,0,4,0,0,1,0,1,4,4,1,1,4,3,2,2,0,1,0,1,0,0,1,2,3,3,2,0,4,4,4,4,4,2,3,2,0,0,2,1,0,1,1,1,1,3,3,3,4,4,4,4,4,4,4,4,4,4,4,4,4,4,4,4,4,4,4,4,4,4,4,4,4,4,4,4,4,4,4,4,4,4,4,4,4,4,4,4,4,4,4,4,4,4,4,4,4,4,4,4,4,4,4,4,4,4,4,4,4,4,4,4,4,4,4,4,4,4,4,4,4,4,4,4,4,4,4,4,4,4,4,4,4,4,4,4,4,4,4,4,4,4,4,4,4,4,4,4,4,4,4,4,4,4,4,4,4,4,4,4,4,4,4,4,4,4,4,4,4,4,4,4,4,4,4,4,4,4,4,4,4,4,4,4,4,4,4,4,4,4,4,4,4,4,4,4,4,4,4,4,4,4,4,4,4,4,4,4,4,4,4,4,4,4,4,4,4,4,4,4,4,4,4,4,4,4,4,4,4,4,4,4,4,4,4,4,4,4,4,4,4,4,4,FR877557.1/3826692-3826840,1
1462,0,2,0,3,2,1,3,1,0,3,3,1,4,1,0,3,4,1,3,4,1,3,3,0,3,2,3,3,4,1,2,1,1,3,4,4,4,4,4,4,4,4,4,4,4,4,4,4,4,4,4,4,4,4,4,4,3,0,4,4,4,4,4,4,4,4,4,4,4,4,4,4,4,4,4,4,4,4,4,2,3,2,1,1,3,1,0,3,0,0,0,1,3,1,1,4,2,2,0,4,0,3,2,0,1,2,1,0,4,4,4,4,2,0,2,1,1,2,4,4,3,3,3,0,1,2,2,3,2,1,3,3,0,3,1,2,3,1,1,4,0,1,3,2,0,4,1,0,2,0,3,2,3,1,4,4,4,4,4,4,4,4,4,2,1,3,3,0,3,4,4,4,2,1,1,4,4,4,4,4,4,4,4,4,4,4,4,4,4,4,4,4,4,4,4,4,4,4,4,4,4,4,4,4,4,4,4,4,3,4,4,1,0,3,1,0,4,2,0,1,0,1,4,4,1,0,4,3,2,2,0,1,0,1,0,0,1,2,3,3,2,0,4,4,4,4,4,2,3,2,0,0,2,1,0,1,1,1,0,1,3,3,4,4,4,4,4,4,4,4,4,4,4,4,4,4,4,4,4,4,4,4,4,4,4,4,4,4,4,4,4,4,4,4,4,4,4,4,4,4,4,4,4,4,4,4,4,4,4,4,4,4,4,4,4,4,4,4,4,4,4,4,4,4,4,4,4,4,4,4,4,4,4,4,4,4,4,4,4,4,4,4,4,4,4,4,4,4,4,4,4,4,4,4,4,4,4,4,4,4,4,4,4,4,4,4,4,4,4,4,4,4,4,4,4,4,4,4,4,4,4,4,4,4,4,4,4,4,4,4,4,4,4,4,4,4,4,4,4,4,4,4,4,4,4,4,4,4,4,4,4,4,4,4,4,4,4,4,4,4,4,4,4,4,4,4,4,4,4,4,4,4,4,4,4,4,4,4,4,4,4,4,4,4,4,4,4,4,4,4,4,4,4,4,4,4,4,AFDS01000072.1/248603-248751,1
1463,0,2,3,2,2,1,3,1,0,3,3,1,4,0,1,1,4,3,3,4,1,3,3,0,3,2,3,1,4,0,2,1,4,4,4,4,1,1,1,3,3,4,0,2,2,4,4,4,4,4,4,2,0,1,2,1,4,4,4,4,4,4,4,4,4,4,4,4,4,4,4,4,4,4,4,4,4,4,4,4,4,2,1,3,0,1,0,3,0,0,0,1,3,4,3,4,1,2,0,4,0,3,2,0,1,2,1,0,4,4,4,4,1,0,0,4,4,4,4,4,4,4,1,0,0,2,2,3,2,1,1,3,2,1,1,2,3,1,3,0,0,1,3,3,4,4,1,3,2,0,3,0,0,3,0,4,4,4,4,4,4,4,4,2,1,2,3,0,4,4,4,4,2,1,3,4,4,4,4,4,4,4,4,4,4,4,4,4,4,4,4,4,4,4,4,4,4,4,4,4,4,4,4,4,4,4,4,4,3,4,4,3,0,3,1,0,4,0,1,1,3,1,4,4,1,4,4,4,2,2,2,1,2,0,0,0,1,2,3,1,2,0,4,4,4,4,4,2,3,3,0,2,2,1,0,1,1,2,1,1,3,3,4,4,4,4,4,4,4,4,4,4,4,4,4,4,4,4,4,4,4,4,4,4,4,4,4,4,4,4,4,4,4,4,4,4,4,4,4,4,4,4,4,4,4,4,4,4,4,4,4,4,4,4,4,4,4,4,4,4,4,4,4,4,4,4,4,4,4,4,4,4,4,4,4,4,4,4,4,4,4,4,4,4,4,4,4,4,4,4,4,4,4,4,4,4,4,4,4,4,4,4,4,4,4,4,4,4,4,4,4,4,4,4,4,4,4,4,4,4,4,4,4,4,4,4,4,4,4,4,4,4,4,4,4,4,4,4,4,4,4,4,4,4,4,4,4,4,4,4,4,4,4,4,4,4,4,4,4,4,4,4,4,4,4,4,4,4,4,4,4,4,4,4,4,4,4,4,4,4,4,4,4,4,4,4,4,4,4,4,4,4,4,4,4,4,4,CAAZ01000076.1/40166-40313,1
1464,0,2,0,3,2,1,3,1,0,3,3,1,4,1,0,3,4,1,3,4,1,3,3,0,3,2,3,3,4,1,2,1,1,3,3,4,1,4,4,4,4,4,4,4,4,4,4,4,4,4,4,4,4,4,4,4,3,4,4,4,4,4,4,4,4,4,4,4,4,4,4,4,4,4,4,4,4,4,4,4,2,2,1,1,3,1,0,3,0,0,0,1,3,1,0,4,2,2,0,4,0,3,2,0,3,2,1,0,4,4,4,4,2,0,2,1,1,2,4,4,3,3,3,0,1,2,2,3,2,1,3,3,0,3,1,2,3,1,1,4,0,1,3,2,0,4,1,0,2,0,3,2,3,1,4,4,4,4,4,4,4,4,4,2,1,3,3,0,1,4,4,4,2,1,1,4,4,4,4,4,4,4,4,4,4,4,4,4,4,4,4,4,4,4,4,4,4,4,4,4,4,4,4,4,4,4,4,4,3,4,4,1,0,3,1,0,4,0,0,1,0,1,4,4,1,1,4,3,2,2,0,1,0,1,0,0,1,2,3,3,2,0,4,4,4,4,4,2,3,2,0,0,2,1,0,1,1,1,1,3,3,3,4,4,4,4,4,4,4,4,4,4,4,4,4,4,4,4,4,4,4,4,4,4,4,4,4,4,4,4,4,4,4,4,4,4,4,4,4,4,4,4,4,4,4,4,4,4,4,4,4,4,4,4,4,4,4,4,4,4,4,4,4,4,4,4,4,4,4,4,4,4,4,4,4,4,4,4,4,4,4,4,4,4,4,4,4,4,4,4,4,4,4,4,4,4,4,4,4,4,4,4,4,4,4,4,4,4,4,4,4,4,4,4,4,4,4,4,4,4,4,4,4,4,4,4,4,4,4,4,4,4,4,4,4,4,4,4,4,4,4,4,4,4,4,4,4,4,4,4,4,4,4,4,4,4,4,4,4,4,4,4,4,4,4,4,4,4,4,4,4,4,4,4,4,4,4,4,4,4,4,4,4,4,4,4,4,4,4,4,4,4,4,4,4,4,4,AETC01000002.1/39709-39857,1
1465,0,2,3,2,2,1,3,1,0,3,3,1,4,0,1,1,4,1,3,4,1,3,3,0,3,2,3,1,4,0,2,1,4,4,4,4,1,1,1,3,3,4,1,2,2,4,4,4,4,4,4,2,0,1,2,3,4,4,4,4,4,4,4,4,4,4,4,4,4,4,4,4,4,4,4,4,4,4,4,4,4,2,1,3,0,1,0,3,0,0,0,1,3,4,3,4,1,2,0,4,0,3,2,0,1,2,1,0,4,4,4,4,1,0,0,4,4,4,4,4,4,4,0,0,0,2,2,3,2,1,1,3,2,1,1,2,3,1,1,0,0,1,3,0,4,4,1,3,2,0,3,1,0,3,0,4,4,4,4,4,4,4,4,2,1,2,0,3,4,4,4,4,2,1,3,4,4,4,4,4,4,4,4,4,4,4,4,4,4,4,4,4,4,4,4,4,4,4,4,4,4,4,4,4,4,4,4,4,3,4,4,3,0,3,1,0,4,2,4,2,0,1,4,4,0,4,4,4,2,2,2,1,2,0,0,0,1,2,3,1,2,0,4,4,4,4,4,2,3,3,0,2,2,1,0,1,1,2,1,1,3,1,4,4,4,4,4,4,4,4,4,4,4,4,4,4,4,4,4,4,4,4,4,4,4,4,4,4,4,4,4,4,4,4,4,4,4,4,4,4,4,4,4,4,4,4,4,4,4,4,4,4,4,4,4,4,4,4,4,4,4,4,4,4,4,4,4,4,4,4,4,4,4,4,4,4,4,4,4,4,4,4,4,4,4,4,4,4,4,4,4,4,4,4,4,4,4,4,4,4,4,4,4,4,4,4,4,4,4,4,4,4,4,4,4,4,4,4,4,4,4,4,4,4,4,4,4,4,4,4,4,4,4,4,4,4,4,4,4,4,4,4,4,4,4,4,4,4,4,4,4,4,4,4,4,4,4,4,4,4,4,4,4,4,4,4,4,4,4,4,4,4,4,4,4,4,4,4,4,4,4,4,4,4,4,4,4,4,4,4,4,4,4,4,4,4,4,ABWM02000010.1/334860-334714,1
1466,0,2,0,3,2,1,3,1,0,3,3,1,4,1,0,3,4,1,3,4,1,3,3,0,3,2,3,3,4,1,2,1,1,3,4,4,4,4,4,4,4,4,4,4,4,4,4,4,4,4,4,4,4,4,4,4,3,0,4,4,4,4,4,4,4,4,4,4,4,4,4,4,4,4,4,4,4,4,4,2,3,2,1,1,3,1,0,3,0,0,0,1,3,1,1,4,2,2,0,4,0,3,2,0,1,2,1,0,4,4,4,4,2,0,2,1,1,2,4,4,3,3,3,0,1,2,2,3,2,1,3,3,0,3,1,2,3,1,1,4,0,1,3,2,0,4,1,0,2,0,3,2,3,1,4,4,4,4,4,4,4,4,4,2,1,3,3,0,3,4,4,4,2,1,1,4,4,4,4,4,4,4,4,4,4,4,4,4,4,4,4,4,4,4,4,4,4,4,4,4,4,4,4,4,4,4,4,4,3,4,4,1,0,3,1,0,4,2,0,1,0,1,4,4,1,0,4,3,2,2,0,1,0,1,0,0,1,2,3,3,2,0,4,4,4,4,4,2,3,2,0,0,2,1,0,1,1,1,0,1,3,3,4,4,4,4,4,4,4,4,4,4,4,4,4,4,4,4,4,4,4,4,4,4,4,4,4,4,4,4,4,4,4,4,4,4,4,4,4,4,4,4,4,4,4,4,4,4,4,4,4,4,4,4,4,4,4,4,4,4,4,4,4,4,4,4,4,4,4,4,4,4,4,4,4,4,4,4,4,4,4,4,4,4,4,4,4,4,4,4,4,4,4,4,4,4,4,4,4,4,4,4,4,4,4,4,4,4,4,4,4,4,4,4,4,4,4,4,4,4,4,4,4,4,4,4,4,4,4,4,4,4,4,4,4,4,4,4,4,4,4,4,4,4,4,4,4,4,4,4,4,4,4,4,4,4,4,4,4,4,4,4,4,4,4,4,4,4,4,4,4,4,4,4,4,4,4,4,4,4,4,4,4,4,4,4,4,4,4,4,4,4,4,4,4,4,4,AFPN02000025.1/39428-39576,1
1467,0,2,3,3,2,1,3,1,0,3,3,1,4,0,2,1,4,3,3,4,1,3,3,0,3,2,3,1,4,2,2,1,1,4,4,4,1,0,1,0,3,4,3,0,2,2,3,2,2,0,4,2,0,0,0,3,4,4,4,4,4,4,4,4,4,4,4,4,4,4,4,4,4,4,4,4,4,4,4,4,4,2,1,1,0,1,0,3,0,0,0,1,3,0,3,4,1,2,0,4,0,3,2,0,3,2,1,1,4,4,4,4,0,2,0,2,4,4,4,4,4,4,3,0,0,2,2,3,2,1,1,3,0,1,1,2,3,1,1,0,0,1,3,1,0,4,2,3,2,0,3,0,3,1,2,1,3,3,4,4,4,4,4,4,4,4,4,3,1,2,4,0,2,1,1,4,4,4,4,4,4,4,4,4,4,4,4,4,4,4,4,4,4,4,4,4,4,4,4,4,4,4,4,4,4,4,4,4,3,4,4,3,0,3,1,0,4,0,0,1,0,3,4,4,1,4,4,4,2,2,2,1,2,0,1,0,1,2,3,2,2,0,4,4,4,4,4,2,3,2,0,2,2,1,0,1,1,0,1,1,3,0,4,4,4,4,4,4,4,4,4,4,4,4,4,4,4,4,4,4,4,4,4,4,4,4,4,4,4,4,4,4,4,4,4,4,4,4,4,4,4,4,4,4,4,4,4,4,4,4,4,4,4,4,4,4,4,4,4,4,4,4,4,4,4,4,4,4,4,4,4,4,4,4,4,4,4,4,4,4,4,4,4,4,4,4,4,4,4,4,4,4,4,4,4,4,4,4,4,4,4,4,4,4,4,4,4,4,4,4,4,4,4,4,4,4,4,4,4,4,4,4,4,4,4,4,4,4,4,4,4,4,4,4,4,4,4,4,4,4,4,4,4,4,4,4,4,4,4,4,4,4,4,4,4,4,4,4,4,4,4,4,4,4,4,4,4,4,4,4,4,4,4,4,4,4,4,4,4,4,4,4,4,4,4,4,4,4,4,4,4,4,4,4,4,4,4,BX571870.1/111637-111479,1
1468,0,2,0,3,2,1,3,1,0,3,3,1,4,1,0,3,4,1,3,4,1,3,3,0,3,2,3,3,4,1,2,1,1,3,4,4,4,4,4,4,4,4,4,4,4,4,4,4,4,4,4,4,4,4,4,4,3,0,4,4,4,4,4,4,4,4,4,4,4,4,4,4,4,4,4,4,4,4,4,2,3,2,1,1,3,1,0,3,0,0,0,1,3,1,1,4,2,2,0,4,0,3,2,0,1,2,1,0,4,4,4,4,2,0,2,1,1,2,4,4,3,3,3,0,1,2,2,3,2,1,3,3,0,3,1,2,3,1,1,4,0,1,3,2,0,4,1,0,2,0,3,2,3,1,4,4,4,4,4,4,4,4,4,2,1,3,3,0,3,4,4,4,2,1,1,4,4,4,4,4,4,4,4,4,4,4,4,4,4,4,4,4,4,4,4,4,4,4,4,4,4,4,4,4,4,4,4,4,3,4,4,1,0,3,1,0,4,2,0,1,0,1,4,4,1,0,4,3,2,2,0,1,0,1,0,0,1,2,3,3,2,0,4,4,4,4,4,2,3,2,0,0,2,1,0,1,1,1,0,1,3,3,4,4,4,4,4,4,4,4,4,4,4,4,4,4,4,4,4,4,4,4,4,4,4,4,4,4,4,4,4,4,4,4,4,4,4,4,4,4,4,4,4,4,4,4,4,4,4,4,4,4,4,4,4,4,4,4,4,4,4,4,4,4,4,4,4,4,4,4,4,4,4,4,4,4,4,4,4,4,4,4,4,4,4,4,4,4,4,4,4,4,4,4,4,4,4,4,4,4,4,4,4,4,4,4,4,4,4,4,4,4,4,4,4,4,4,4,4,4,4,4,4,4,4,4,4,4,4,4,4,4,4,4,4,4,4,4,4,4,4,4,4,4,4,4,4,4,4,4,4,4,4,4,4,4,4,4,4,4,4,4,4,4,4,4,4,4,4,4,4,4,4,4,4,4,4,4,4,4,4,4,4,4,4,4,4,4,4,4,4,4,4,4,4,4,4,ABHU01000005.1/112628-112776,1
1469,0,2,0,3,2,1,3,1,0,3,3,1,4,1,0,3,4,1,3,4,1,3,3,0,3,2,3,3,4,1,2,1,1,3,4,4,4,4,4,4,4,4,4,4,4,4,4,4,4,4,4,4,4,4,4,4,3,0,4,4,4,4,4,4,4,4,4,4,4,4,4,4,4,4,4,4,4,4,4,2,3,2,1,1,3,1,0,3,0,0,0,1,3,1,1,4,2,2,0,4,0,3,2,0,1,2,1,0,4,4,4,4,2,0,2,1,1,2,4,4,3,3,3,0,1,2,2,3,2,1,3,3,0,3,1,2,3,1,1,4,0,1,3,2,0,4,1,0,2,0,3,2,3,1,4,4,4,4,4,4,4,4,4,2,1,3,3,0,3,4,4,4,2,1,1,4,4,4,4,4,4,4,4,4,4,4,4,4,4,4,4,4,4,4,4,4,4,4,4,4,4,4,4,4,4,4,4,4,3,4,4,1,0,3,1,0,4,2,0,1,0,1,4,4,1,0,4,3,2,2,0,1,0,1,0,0,1,2,3,3,2,0,4,4,4,4,4,2,3,2,0,0,2,1,0,1,1,1,0,1,3,3,4,4,4,4,4,4,4,4,4,4,4,4,4,4,4,4,4,4,4,4,4,4,4,4,4,4,4,4,4,4,4,4,4,4,4,4,4,4,4,4,4,4,4,4,4,4,4,4,4,4,4,4,4,4,4,4,4,4,4,4,4,4,4,4,4,4,4,4,4,4,4,4,4,4,4,4,4,4,4,4,4,4,4,4,4,4,4,4,4,4,4,4,4,4,4,4,4,4,4,4,4,4,4,4,4,4,4,4,4,4,4,4,4,4,4,4,4,4,4,4,4,4,4,4,4,4,4,4,4,4,4,4,4,4,4,4,4,4,4,4,4,4,4,4,4,4,4,4,4,4,4,4,4,4,4,4,4,4,4,4,4,4,4,4,4,4,4,4,4,4,4,4,4,4,4,4,4,4,4,4,4,4,4,4,4,4,4,4,4,4,4,4,4,4,4,AERT01000002.1/43290-43438,1
1470,0,2,3,2,2,1,3,1,0,3,3,1,4,0,1,1,4,2,0,4,1,3,3,0,3,2,3,1,4,0,2,1,4,4,4,4,1,1,1,3,3,4,1,2,2,4,4,4,4,4,4,2,0,1,2,3,4,4,4,4,4,4,4,4,4,4,4,4,4,4,4,4,4,4,4,4,4,4,4,4,4,2,1,3,0,1,0,3,0,0,0,0,3,4,0,4,1,2,0,4,0,3,2,0,1,2,1,0,4,4,4,4,1,0,0,4,4,4,4,4,4,4,1,0,0,2,2,3,2,1,1,3,2,1,1,2,3,1,1,0,0,1,3,3,4,4,1,3,2,0,3,0,3,1,0,4,4,4,4,4,4,4,4,2,1,2,3,0,4,4,4,4,2,1,3,4,4,4,4,4,4,4,4,4,4,4,4,4,4,4,4,4,4,4,4,4,4,4,4,4,4,4,4,4,4,4,4,4,0,4,4,3,0,3,1,0,4,0,1,1,0,3,4,4,1,4,4,4,2,2,2,1,2,0,0,0,1,2,3,1,2,0,4,4,4,4,4,2,3,3,0,2,2,1,0,1,1,2,1,1,3,3,4,4,4,4,4,4,4,4,4,4,4,4,4,4,4,4,4,4,4,4,4,4,4,4,4,4,4,4,4,4,4,4,4,4,4,4,4,4,4,4,4,4,4,4,4,4,4,4,4,4,4,4,4,4,4,4,4,4,4,4,4,4,4,4,4,4,4,4,4,4,4,4,4,4,4,4,4,4,4,4,4,4,4,4,4,4,4,4,4,4,4,4,4,4,4,4,4,4,4,4,4,4,4,4,4,4,4,4,4,4,4,4,4,4,4,4,4,4,4,4,4,4,4,4,4,4,4,4,4,4,4,4,4,4,4,4,4,4,4,4,4,4,4,4,4,4,4,4,4,4,4,4,4,4,4,4,4,4,4,4,4,4,4,4,4,4,4,4,4,4,4,4,4,4,4,4,4,4,4,4,4,4,4,4,4,4,4,4,4,4,4,4,4,4,4,ADTP01000295.1/36934-36787,1
1471,0,2,0,3,2,1,3,1,0,3,3,1,4,1,0,3,4,1,3,4,1,3,3,0,3,2,3,3,4,1,2,1,1,3,4,4,4,4,4,4,4,4,4,4,4,4,4,4,4,4,4,4,4,4,4,4,3,0,4,4,4,4,4,4,4,4,4,4,4,4,4,4,4,4,4,4,4,4,4,2,3,2,1,1,3,1,0,3,0,0,0,1,3,1,1,4,2,2,0,4,0,3,2,0,1,2,1,0,4,4,4,4,2,0,2,1,1,2,4,4,3,3,3,0,1,2,2,3,2,1,3,3,0,3,1,2,3,1,1,4,0,1,3,2,0,4,1,0,2,0,3,2,3,1,4,4,4,4,4,4,4,4,4,2,1,3,3,0,3,4,4,4,2,1,1,4,4,4,4,4,4,4,4,4,4,4,4,4,4,4,4,4,4,4,4,4,4,4,4,4,4,4,4,4,4,4,4,4,3,4,4,1,0,3,1,0,4,2,0,1,0,1,4,4,1,0,4,3,2,2,0,1,0,1,0,0,1,2,3,3,2,0,4,4,4,4,4,2,3,2,0,0,2,1,0,1,1,1,0,1,3,3,4,4,4,4,4,4,4,4,4,4,4,4,4,4,4,4,4,4,4,4,4,4,4,4,4,4,4,4,4,4,4,4,4,4,4,4,4,4,4,4,4,4,4,4,4,4,4,4,4,4,4,4,4,4,4,4,4,4,4,4,4,4,4,4,4,4,4,4,4,4,4,4,4,4,4,4,4,4,4,4,4,4,4,4,4,4,4,4,4,4,4,4,4,4,4,4,4,4,4,4,4,4,4,4,4,4,4,4,4,4,4,4,4,4,4,4,4,4,4,4,4,4,4,4,4,4,4,4,4,4,4,4,4,4,4,4,4,4,4,4,4,4,4,4,4,4,4,4,4,4,4,4,4,4,4,4,4,4,4,4,4,4,4,4,4,4,4,4,4,4,4,4,4,4,4,4,4,4,4,4,4,4,4,4,4,4,4,4,4,4,4,4,4,4,4,ADUR01000075.1/173042-173190,1
1472,0,2,3,2,2,1,3,1,0,3,3,1,4,0,1,1,4,2,0,4,1,3,3,0,3,2,3,1,4,0,2,1,4,4,4,4,1,1,1,3,3,4,1,2,2,4,4,4,4,4,4,2,0,1,2,3,4,4,4,4,4,4,4,4,4,4,4,4,4,4,4,4,4,4,4,4,4,4,4,4,4,2,1,3,0,1,0,3,0,0,0,0,3,4,3,4,1,2,0,4,0,3,2,0,1,2,1,0,4,4,4,4,1,0,0,4,4,4,4,4,4,4,1,0,0,2,2,3,2,1,1,3,2,1,1,2,3,1,1,0,0,1,3,3,4,4,1,3,2,0,3,0,3,1,0,4,4,4,4,4,4,4,4,2,1,2,3,0,4,4,4,4,2,1,3,4,4,4,4,4,4,4,4,4,4,4,4,4,4,4,4,4,4,4,4,4,4,4,4,4,4,4,4,4,4,4,4,4,0,4,4,3,0,3,1,0,4,0,1,1,0,3,4,4,1,4,4,4,2,2,2,1,2,0,0,0,1,2,3,1,2,0,4,4,4,4,4,2,3,3,0,2,2,1,0,1,1,2,1,1,3,3,4,4,4,4,4,4,4,4,4,4,4,4,4,4,4,4,4,4,4,4,4,4,4,4,4,4,4,4,4,4,4,4,4,4,4,4,4,4,4,4,4,4,4,4,4,4,4,4,4,4,4,4,4,4,4,4,4,4,4,4,4,4,4,4,4,4,4,4,4,4,4,4,4,4,4,4,4,4,4,4,4,4,4,4,4,4,4,4,4,4,4,4,4,4,4,4,4,4,4,4,4,4,4,4,4,4,4,4,4,4,4,4,4,4,4,4,4,4,4,4,4,4,4,4,4,4,4,4,4,4,4,4,4,4,4,4,4,4,4,4,4,4,4,4,4,4,4,4,4,4,4,4,4,4,4,4,4,4,4,4,4,4,4,4,4,4,4,4,4,4,4,4,4,4,4,4,4,4,4,4,4,4,4,4,4,4,4,4,4,4,4,4,4,4,4,AFVR01000227.1/34782-34929,1
1473,0,2,3,2,2,1,3,1,0,3,3,1,4,0,1,1,4,2,0,4,1,3,3,0,3,2,3,1,4,0,2,1,4,4,4,4,1,1,1,3,3,4,1,2,2,4,4,4,4,4,4,2,0,1,2,3,4,4,4,4,4,4,4,4,4,4,4,4,4,4,4,4,4,4,4,4,4,4,4,4,4,2,1,3,0,1,0,3,0,0,0,0,3,4,3,4,1,2,0,4,0,3,2,0,1,2,1,0,4,4,4,4,1,0,0,4,4,4,4,4,4,4,1,0,0,2,2,3,2,1,1,3,2,1,1,2,3,1,1,0,0,1,3,3,4,4,1,3,2,0,3,0,3,1,0,4,4,4,4,4,4,4,4,2,1,3,3,0,4,4,4,4,2,1,3,4,4,4,4,4,4,4,4,4,4,4,4,4,4,4,4,4,4,4,4,4,4,4,4,4,4,4,4,4,4,4,4,4,0,4,4,3,0,3,1,0,4,0,1,1,1,3,4,4,1,4,4,4,2,2,2,1,2,0,0,0,1,2,3,1,2,0,4,4,4,4,4,2,3,3,0,2,2,1,0,1,1,2,1,1,3,3,4,4,4,4,4,4,4,4,4,4,4,4,4,4,4,4,4,4,4,4,4,4,4,4,4,4,4,4,4,4,4,4,4,4,4,4,4,4,4,4,4,4,4,4,4,4,4,4,4,4,4,4,4,4,4,4,4,4,4,4,4,4,4,4,4,4,4,4,4,4,4,4,4,4,4,4,4,4,4,4,4,4,4,4,4,4,4,4,4,4,4,4,4,4,4,4,4,4,4,4,4,4,4,4,4,4,4,4,4,4,4,4,4,4,4,4,4,4,4,4,4,4,4,4,4,4,4,4,4,4,4,4,4,4,4,4,4,4,4,4,4,4,4,4,4,4,4,4,4,4,4,4,4,4,4,4,4,4,4,4,4,4,4,4,4,4,4,4,4,4,4,4,4,4,4,4,4,4,4,4,4,4,4,4,4,4,4,4,4,4,4,4,4,4,4,AEZI01000040.1/57127-57274,1
1474,0,2,0,3,2,1,3,1,0,3,3,1,4,1,0,3,4,1,3,4,1,3,3,0,3,2,3,3,4,1,2,1,1,3,3,4,1,4,4,4,4,4,4,4,4,4,4,4,4,4,4,4,4,4,4,4,3,4,4,4,4,4,4,4,4,4,4,4,4,4,4,4,4,4,4,4,4,4,4,4,2,2,1,1,3,1,0,3,0,0,0,1,3,1,0,4,2,2,0,4,0,3,2,0,3,2,1,0,4,4,4,4,2,0,2,1,1,2,4,4,3,3,3,0,1,2,2,3,2,1,3,3,0,3,1,2,3,1,1,4,0,1,3,2,0,4,1,0,2,0,3,2,3,1,4,4,4,4,4,4,4,4,4,2,1,3,3,0,1,4,4,4,2,1,1,4,4,4,4,4,4,4,4,4,4,4,4,4,4,4,4,4,4,4,4,4,4,4,4,4,4,4,4,4,4,4,4,4,3,4,4,1,0,3,1,0,4,0,0,1,0,1,4,4,1,1,4,3,2,2,0,1,0,1,0,0,1,2,3,3,2,0,4,4,4,4,4,2,3,2,0,0,2,1,0,1,1,1,1,3,3,3,4,4,4,4,4,4,4,4,4,4,4,4,4,4,4,4,4,4,4,4,4,4,4,4,4,4,4,4,4,4,4,4,4,4,4,4,4,4,4,4,4,4,4,4,4,4,4,4,4,4,4,4,4,4,4,4,4,4,4,4,4,4,4,4,4,4,4,4,4,4,4,4,4,4,4,4,4,4,4,4,4,4,4,4,4,4,4,4,4,4,4,4,4,4,4,4,4,4,4,4,4,4,4,4,4,4,4,4,4,4,4,4,4,4,4,4,4,4,4,4,4,4,4,4,4,4,4,4,4,4,4,4,4,4,4,4,4,4,4,4,4,4,4,4,4,4,4,4,4,4,4,4,4,4,4,4,4,4,4,4,4,4,4,4,4,4,4,4,4,4,4,4,4,4,4,4,4,4,4,4,4,4,4,4,4,4,4,4,4,4,4,4,4,4,4,CAAR01000042.1/40082-40230,1
1475,0,2,0,3,2,1,3,1,0,3,3,1,4,1,0,3,4,1,3,4,1,3,3,0,3,2,3,3,4,1,2,1,1,3,4,4,4,4,4,4,4,4,4,4,4,4,4,4,4,4,4,4,4,4,4,4,3,0,4,4,4,4,4,4,4,4,4,4,4,4,4,4,4,4,4,4,4,4,4,2,3,2,1,1,3,1,0,3,0,0,0,1,3,1,1,4,2,2,0,4,0,3,2,0,1,2,1,0,4,4,4,4,2,0,2,1,1,2,4,4,3,3,3,0,1,2,2,3,2,1,3,3,0,3,1,2,3,1,1,4,0,1,3,2,0,4,1,0,2,0,3,2,3,1,4,4,4,4,4,4,4,4,4,2,1,3,3,0,3,4,4,4,2,1,1,4,4,4,4,4,4,4,4,4,4,4,4,4,4,4,4,4,4,4,4,4,4,4,4,4,4,4,4,4,4,4,4,4,3,4,4,1,0,3,1,0,4,2,0,1,0,1,4,4,1,0,4,3,2,2,0,1,0,1,0,0,1,2,3,3,2,0,4,4,4,4,4,2,3,2,0,0,2,1,0,1,1,1,0,1,3,3,4,4,4,4,4,4,4,4,4,4,4,4,4,4,4,4,4,4,4,4,4,4,4,4,4,4,4,4,4,4,4,4,4,4,4,4,4,4,4,4,4,4,4,4,4,4,4,4,4,4,4,4,4,4,4,4,4,4,4,4,4,4,4,4,4,4,4,4,4,4,4,4,4,4,4,4,4,4,4,4,4,4,4,4,4,4,4,4,4,4,4,4,4,4,4,4,4,4,4,4,4,4,4,4,4,4,4,4,4,4,4,4,4,4,4,4,4,4,4,4,4,4,4,4,4,4,4,4,4,4,4,4,4,4,4,4,4,4,4,4,4,4,4,4,4,4,4,4,4,4,4,4,4,4,4,4,4,4,4,4,4,4,4,4,4,4,4,4,4,4,4,4,4,4,4,4,4,4,4,4,4,4,4,4,4,4,4,4,4,4,4,4,4,4,4,CP000247.1/4169284-4169432,1
1476,0,2,3,2,2,1,3,1,0,3,3,1,4,0,1,1,4,2,0,4,1,3,3,0,3,2,3,1,4,0,2,1,4,4,4,4,1,1,1,3,3,4,1,2,2,4,4,4,4,4,4,2,0,1,2,3,4,4,4,4,4,4,4,4,4,4,4,4,4,4,4,4,4,4,4,4,4,4,4,4,4,2,1,3,0,1,0,3,0,0,0,0,3,4,0,4,1,2,0,4,0,3,2,0,1,2,1,0,4,4,4,4,1,0,0,4,4,4,4,4,4,4,1,0,0,2,2,3,2,1,1,3,2,1,1,2,3,1,1,0,0,1,3,3,4,4,1,3,2,0,3,0,3,1,0,4,4,4,4,4,4,4,4,2,1,2,3,0,4,4,4,4,2,1,3,4,4,4,4,4,4,4,4,4,4,4,4,4,4,4,4,4,4,4,4,4,4,4,4,4,4,4,4,4,4,4,4,4,0,4,4,3,0,3,1,0,4,0,1,1,0,3,4,4,1,4,4,4,2,2,2,1,2,0,0,0,1,2,3,1,2,0,4,4,4,4,4,2,3,3,0,2,2,1,0,1,1,2,1,1,3,3,4,4,4,4,4,4,4,4,4,4,4,4,4,4,4,4,4,4,4,4,4,4,4,4,4,4,4,4,4,4,4,4,4,4,4,4,4,4,4,4,4,4,4,4,4,4,4,4,4,4,4,4,4,4,4,4,4,4,4,4,4,4,4,4,4,4,4,4,4,4,4,4,4,4,4,4,4,4,4,4,4,4,4,4,4,4,4,4,4,4,4,4,4,4,4,4,4,4,4,4,4,4,4,4,4,4,4,4,4,4,4,4,4,4,4,4,4,4,4,4,4,4,4,4,4,4,4,4,4,4,4,4,4,4,4,4,4,4,4,4,4,4,4,4,4,4,4,4,4,4,4,4,4,4,4,4,4,4,4,4,4,4,4,4,4,4,4,4,4,4,4,4,4,4,4,4,4,4,4,4,4,4,4,4,4,4,4,4,4,4,4,4,4,4,4,AFEA01000013.1/97562-97415,1
1477,0,2,0,3,2,1,3,1,0,3,3,1,4,1,0,3,4,1,3,4,1,3,3,0,3,2,3,3,4,1,2,1,1,3,3,4,1,4,4,4,4,4,4,4,4,4,4,4,4,4,4,4,4,4,4,4,3,4,4,4,4,4,4,4,4,4,4,4,4,4,4,4,4,4,4,4,4,4,4,4,2,2,1,1,3,1,0,3,0,0,0,1,3,1,0,4,2,2,0,4,0,3,2,0,3,2,1,0,4,4,4,4,2,0,2,1,1,2,4,4,3,3,3,0,1,2,2,3,2,1,3,3,0,3,1,2,3,1,1,4,0,1,3,2,0,4,1,0,2,0,3,2,3,1,4,4,4,4,4,4,4,4,4,2,1,3,3,0,1,4,4,4,2,1,1,4,4,4,4,4,4,4,4,4,4,4,4,4,4,4,4,4,4,4,4,4,4,4,4,4,4,4,4,4,4,4,4,4,3,4,4,1,0,3,1,0,4,0,0,1,0,1,4,4,1,1,4,3,2,2,0,1,0,1,0,0,1,2,3,3,2,0,4,4,4,4,4,2,3,2,0,0,2,1,0,1,1,1,1,3,3,3,4,4,4,4,4,4,4,4,4,4,4,4,4,4,4,4,4,4,4,4,4,4,4,4,4,4,4,4,4,4,4,4,4,4,4,4,4,4,4,4,4,4,4,4,4,4,4,4,4,4,4,4,4,4,4,4,4,4,4,4,4,4,4,4,4,4,4,4,4,4,4,4,4,4,4,4,4,4,4,4,4,4,4,4,4,4,4,4,4,4,4,4,4,4,4,4,4,4,4,4,4,4,4,4,4,4,4,4,4,4,4,4,4,4,4,4,4,4,4,4,4,4,4,4,4,4,4,4,4,4,4,4,4,4,4,4,4,4,4,4,4,4,4,4,4,4,4,4,4,4,4,4,4,4,4,4,4,4,4,4,4,4,4,4,4,4,4,4,4,4,4,4,4,4,4,4,4,4,4,4,4,4,4,4,4,4,4,4,4,4,4,4,4,4,4,CP001113.1/4107959-4108107,1
1478,0,2,0,3,2,1,3,1,0,3,3,1,4,1,0,3,4,1,3,4,1,3,3,0,3,2,3,3,4,1,2,1,1,3,4,4,4,4,4,4,4,4,4,4,4,4,4,4,4,4,4,4,4,4,4,4,3,0,4,4,4,4,4,4,4,4,4,4,4,4,4,4,4,4,4,4,4,4,4,2,3,2,1,1,3,1,0,3,0,0,0,1,3,1,1,4,2,2,0,4,0,3,2,0,1,2,1,0,4,4,4,4,2,0,2,1,1,2,4,4,3,3,3,0,1,2,2,3,2,1,3,3,0,3,1,2,3,1,1,4,0,1,3,2,0,4,1,0,2,0,3,2,3,1,4,4,4,4,4,4,4,4,4,2,1,3,3,0,3,4,4,4,2,1,1,4,4,4,4,4,4,4,4,4,4,4,4,4,4,4,4,4,4,4,4,4,4,4,4,4,4,4,4,4,4,4,4,4,3,4,4,1,0,3,1,0,4,2,0,1,0,1,4,4,1,0,4,3,2,2,0,1,0,1,0,0,1,2,3,3,2,0,4,4,4,4,4,2,3,2,0,0,2,1,0,1,1,1,0,1,3,3,4,4,4,4,4,4,4,4,4,4,4,4,4,4,4,4,4,4,4,4,4,4,4,4,4,4,4,4,4,4,4,4,4,4,4,4,4,4,4,4,4,4,4,4,4,4,4,4,4,4,4,4,4,4,4,4,4,4,4,4,4,4,4,4,4,4,4,4,4,4,4,4,4,4,4,4,4,4,4,4,4,4,4,4,4,4,4,4,4,4,4,4,4,4,4,4,4,4,4,4,4,4,4,4,4,4,4,4,4,4,4,4,4,4,4,4,4,4,4,4,4,4,4,4,4,4,4,4,4,4,4,4,4,4,4,4,4,4,4,4,4,4,4,4,4,4,4,4,4,4,4,4,4,4,4,4,4,4,4,4,4,4,4,4,4,4,4,4,4,4,4,4,4,4,4,4,4,4,4,4,4,4,4,4,4,4,4,4,4,4,4,4,4,4,4,CP001063.1/3983157-3983305,1
1479,0,2,0,3,2,1,3,1,0,3,1,1,4,1,0,1,4,3,3,4,0,3,3,0,3,2,0,3,4,0,2,1,1,3,2,4,2,3,3,3,3,4,3,0,3,0,2,1,1,0,4,0,3,3,3,0,4,4,4,4,4,4,4,4,4,4,4,4,4,4,4,4,4,4,4,4,4,4,4,4,4,2,1,3,3,1,0,3,0,0,0,1,1,1,0,4,2,2,2,4,0,3,2,0,1,2,1,0,4,4,4,4,2,0,2,1,1,2,0,3,3,3,3,0,2,2,2,3,2,1,1,3,0,3,3,2,3,1,1,0,3,2,3,0,0,4,0,1,2,0,3,2,3,3,4,4,4,4,4,4,4,4,4,2,0,0,3,0,4,4,4,4,3,1,3,4,4,4,4,4,4,4,4,4,4,4,4,4,4,4,4,4,4,4,4,4,4,4,4,4,4,4,4,4,4,4,4,4,3,4,4,1,0,3,1,0,4,1,0,3,0,1,4,4,1,4,4,4,2,2,2,1,0,3,0,0,1,2,3,3,2,0,4,4,4,4,4,2,3,2,0,2,2,1,0,1,1,2,0,1,0,3,4,4,4,4,4,4,4,4,4,4,4,4,4,4,4,4,4,4,4,4,4,4,4,4,4,4,4,4,4,4,4,4,4,4,4,4,4,4,4,4,4,4,4,4,4,4,4,4,4,4,4,4,4,4,4,4,4,4,4,4,4,4,4,4,4,4,4,4,4,4,4,4,4,4,4,4,4,4,4,4,4,4,4,4,4,4,4,4,4,4,4,4,4,4,4,4,4,4,4,4,4,4,4,4,4,4,4,4,4,4,4,4,4,4,4,4,4,4,4,4,4,4,4,4,4,4,4,4,4,4,4,4,4,4,4,4,4,4,4,4,4,4,4,4,4,4,4,4,4,4,4,4,4,4,4,4,4,4,4,4,4,4,4,4,4,4,4,4,4,4,4,4,4,4,4,4,4,4,4,4,4,4,4,4,4,4,4,4,4,4,4,4,4,4,4,CP002246.1/230595-230758,1
1480,0,2,0,3,2,1,3,1,0,3,3,1,4,1,0,3,4,1,3,4,1,3,3,0,3,2,3,3,4,1,2,1,1,3,4,4,4,4,4,4,4,4,4,4,4,4,4,4,4,4,4,4,4,4,4,4,3,0,4,4,4,4,4,4,4,4,4,4,4,4,4,4,4,4,4,4,4,4,4,2,3,2,1,1,3,1,0,3,0,0,0,1,3,1,1,4,2,2,0,4,0,3,2,0,1,2,1,0,4,4,4,4,2,0,2,1,1,2,4,4,3,3,3,0,1,2,2,3,2,1,3,3,0,3,1,2,3,1,1,4,0,1,3,2,0,4,1,0,2,0,3,2,3,1,4,4,4,4,4,4,4,4,4,2,1,3,3,0,3,4,4,4,2,1,1,4,4,4,4,4,4,4,4,4,4,4,4,4,4,4,4,4,4,4,4,4,4,4,4,4,4,4,4,4,4,4,4,4,3,4,4,1,0,3,1,0,4,2,0,1,0,1,4,4,1,0,4,3,2,2,0,1,0,1,0,0,1,2,3,3,2,0,4,4,4,4,4,2,3,2,0,0,2,1,0,1,1,1,0,1,3,3,4,4,4,4,4,4,4,4,4,4,4,4,4,4,4,4,4,4,4,4,4,4,4,4,4,4,4,4,4,4,4,4,4,4,4,4,4,4,4,4,4,4,4,4,4,4,4,4,4,4,4,4,4,4,4,4,4,4,4,4,4,4,4,4,4,4,4,4,4,4,4,4,4,4,4,4,4,4,4,4,4,4,4,4,4,4,4,4,4,4,4,4,4,4,4,4,4,4,4,4,4,4,4,4,4,4,4,4,4,4,4,4,4,4,4,4,4,4,4,4,4,4,4,4,4,4,4,4,4,4,4,4,4,4,4,4,4,4,4,4,4,4,4,4,4,4,4,4,4,4,4,4,4,4,4,4,4,4,4,4,4,4,4,4,4,4,4,4,4,4,4,4,4,4,4,4,4,4,4,4,4,4,4,4,4,4,4,4,4,4,4,4,4,4,4,AFHC01000057.1/59490-59342,1
1481,0,2,0,3,2,1,3,1,0,3,3,1,4,1,0,3,4,1,3,4,1,3,3,0,3,2,3,3,4,1,2,1,1,3,4,4,4,4,4,4,4,4,4,4,4,4,4,4,4,4,4,4,4,4,4,4,3,0,4,4,4,4,4,4,4,4,4,4,4,4,4,4,4,4,4,4,4,4,4,2,3,2,1,1,3,1,0,3,0,0,0,1,3,1,1,4,2,2,0,4,0,3,2,0,1,2,1,0,4,4,4,4,2,0,2,1,1,2,4,4,3,3,3,0,1,2,2,3,2,1,3,3,0,3,1,2,3,1,1,4,0,1,3,2,0,4,1,0,2,0,3,2,3,1,4,4,4,4,4,4,4,4,4,2,1,3,3,0,3,4,4,4,2,1,1,4,4,4,4,4,4,4,4,4,4,4,4,4,4,4,4,4,4,4,4,4,4,4,4,4,4,4,4,4,4,4,4,4,3,4,4,1,0,3,1,0,4,2,0,1,0,1,4,4,1,0,4,3,2,2,0,1,0,1,0,0,1,2,3,3,2,0,4,4,4,4,4,2,3,2,0,0,2,1,0,1,1,1,0,1,3,3,4,4,4,4,4,4,4,4,4,4,4,4,4,4,4,4,4,4,4,4,4,4,4,4,4,4,4,4,4,4,4,4,4,4,4,4,4,4,4,4,4,4,4,4,4,4,4,4,4,4,4,4,4,4,4,4,4,4,4,4,4,4,4,4,4,4,4,4,4,4,4,4,4,4,4,4,4,4,4,4,4,4,4,4,4,4,4,4,4,4,4,4,4,4,4,4,4,4,4,4,4,4,4,4,4,4,4,4,4,4,4,4,4,4,4,4,4,4,4,4,4,4,4,4,4,4,4,4,4,4,4,4,4,4,4,4,4,4,4,4,4,4,4,4,4,4,4,4,4,4,4,4,4,4,4,4,4,4,4,4,4,4,4,4,4,4,4,4,4,4,4,4,4,4,4,4,4,4,4,4,4,4,4,4,4,4,4,4,4,4,4,4,4,4,4,ADTL01000420.1/194-46,1
1482,0,2,0,3,2,1,3,1,0,3,3,1,4,1,0,3,4,1,3,4,1,3,3,0,3,2,3,3,4,1,2,1,1,0,3,4,1,4,4,4,4,4,4,4,4,4,4,4,4,4,4,4,4,4,4,4,3,4,4,4,4,4,4,4,4,4,4,4,4,4,4,4,4,4,4,4,4,4,4,4,2,2,1,1,3,1,0,3,0,0,0,1,3,1,0,4,2,2,0,4,0,3,2,0,3,2,1,0,4,4,4,4,2,0,2,1,1,2,4,4,3,3,3,0,1,2,2,3,2,1,3,3,0,3,1,2,3,1,1,4,0,1,3,2,0,4,1,0,2,0,3,2,3,1,4,4,4,4,4,4,4,4,4,2,1,3,1,3,3,4,4,4,2,1,1,4,4,4,4,4,4,4,4,4,4,4,4,4,4,4,4,4,4,4,4,4,4,4,4,4,4,4,4,4,4,4,4,4,3,4,4,1,0,3,1,0,4,0,0,1,0,1,4,4,1,0,4,3,2,2,0,1,0,3,0,0,1,2,3,3,2,0,4,4,4,4,4,2,3,2,0,0,2,1,0,1,1,1,0,3,3,3,4,4,4,4,4,4,4,4,4,4,4,4,4,4,4,4,4,4,4,4,4,4,4,4,4,4,4,4,4,4,4,4,4,4,4,4,4,4,4,4,4,4,4,4,4,4,4,4,4,4,4,4,4,4,4,4,4,4,4,4,4,4,4,4,4,4,4,4,4,4,4,4,4,4,4,4,4,4,4,4,4,4,4,4,4,4,4,4,4,4,4,4,4,4,4,4,4,4,4,4,4,4,4,4,4,4,4,4,4,4,4,4,4,4,4,4,4,4,4,4,4,4,4,4,4,4,4,4,4,4,4,4,4,4,4,4,4,4,4,4,4,4,4,4,4,4,4,4,4,4,4,4,4,4,4,4,4,4,4,4,4,4,4,4,4,4,4,4,4,4,4,4,4,4,4,4,4,4,4,4,4,4,4,4,4,4,4,4,4,4,4,4,4,4,4,ABWL02000011.1/35144-35292,1
1483,0,2,0,3,2,1,3,1,0,3,3,1,4,3,0,3,4,1,3,4,1,3,3,0,3,2,3,3,4,1,2,1,1,3,4,4,4,4,4,4,4,4,4,4,4,4,4,4,4,4,4,4,4,4,4,4,3,0,4,4,4,4,4,4,4,4,4,4,4,4,4,4,4,4,4,4,4,4,4,2,3,2,1,1,3,1,0,3,0,0,0,1,3,1,1,4,2,2,0,4,0,3,2,0,1,2,1,0,4,4,4,4,2,0,2,1,1,2,4,4,3,3,3,0,1,2,2,3,2,1,3,3,0,3,1,2,3,1,1,4,0,1,3,2,0,4,1,0,2,0,3,2,3,1,4,4,4,4,4,4,4,4,4,2,1,3,3,0,3,4,4,4,2,1,1,4,4,4,4,4,4,4,4,4,4,4,4,4,4,4,4,4,4,4,4,4,4,4,4,4,4,4,4,4,4,4,4,4,3,4,4,1,0,3,1,0,4,2,0,1,0,1,4,4,1,0,4,3,2,2,0,1,0,1,0,0,1,2,3,3,2,0,4,4,4,4,4,2,3,2,0,0,2,1,0,1,1,1,0,1,3,3,4,4,4,4,4,4,4,4,4,4,4,4,4,4,4,4,4,4,4,4,4,4,4,4,4,4,4,4,4,4,4,4,4,4,4,4,4,4,4,4,4,4,4,4,4,4,4,4,4,4,4,4,4,4,4,4,4,4,4,4,4,4,4,4,4,4,4,4,4,4,4,4,4,4,4,4,4,4,4,4,4,4,4,4,4,4,4,4,4,4,4,4,4,4,4,4,4,4,4,4,4,4,4,4,4,4,4,4,4,4,4,4,4,4,4,4,4,4,4,4,4,4,4,4,4,4,4,4,4,4,4,4,4,4,4,4,4,4,4,4,4,4,4,4,4,4,4,4,4,4,4,4,4,4,4,4,4,4,4,4,4,4,4,4,4,4,4,4,4,4,4,4,4,4,4,4,4,4,4,4,4,4,4,4,4,4,4,4,4,4,4,4,4,4,4,CP001509.3/3876680-3876828,1
1484,0,2,3,3,2,1,3,1,0,3,3,1,4,0,1,1,4,3,1,4,3,3,3,0,3,2,0,3,4,0,2,3,1,1,1,2,1,3,2,3,0,4,0,0,2,1,2,2,0,0,4,3,0,3,2,1,4,4,4,4,4,4,4,4,4,4,4,4,4,4,4,4,4,4,4,4,4,4,4,4,4,0,1,3,3,1,0,3,0,0,2,1,1,0,1,4,1,2,0,4,0,3,2,0,3,2,1,1,4,4,4,4,3,0,0,2,4,4,4,4,4,4,0,1,3,2,2,3,0,1,1,3,0,3,1,2,3,1,1,0,1,1,1,0,0,0,1,1,2,0,3,0,3,1,2,3,2,1,4,4,4,4,4,2,0,0,3,2,1,4,4,4,0,4,1,4,4,4,4,4,4,4,4,4,4,4,4,4,4,4,4,4,4,4,4,4,4,4,4,4,4,4,4,4,4,4,4,4,1,4,4,3,0,3,1,0,4,0,0,1,0,3,4,4,1,4,4,4,2,2,0,1,2,0,1,0,1,2,3,3,2,0,4,4,4,4,4,2,3,2,0,2,2,3,2,1,1,2,1,1,3,0,4,4,4,4,4,4,4,4,4,4,4,4,4,4,4,4,4,4,4,4,4,4,4,4,4,4,4,4,4,4,4,4,4,4,4,4,4,4,4,4,4,4,4,4,4,4,4,4,4,4,4,4,4,4,4,4,4,4,4,4,4,4,4,4,4,4,4,4,4,4,4,4,4,4,4,4,4,4,4,4,4,4,4,4,4,4,4,4,4,4,4,4,4,4,4,4,4,4,4,4,4,4,4,4,4,4,4,4,4,4,4,4,4,4,4,4,4,4,4,4,4,4,4,4,4,4,4,4,4,4,4,4,4,4,4,4,4,4,4,4,4,4,4,4,4,4,4,4,4,4,4,4,4,4,4,4,4,4,4,4,4,4,4,4,4,4,4,4,4,4,4,4,4,4,4,4,4,4,4,4,4,4,4,4,4,4,4,4,4,4,4,4,4,4,4,CACY01000087.1/183052-182889,1
1485,0,2,0,3,2,1,3,1,0,3,1,1,4,1,0,1,4,3,3,4,0,3,3,0,3,2,0,1,4,0,2,1,3,3,2,2,1,1,0,3,3,4,0,0,2,2,1,3,0,4,4,0,3,3,3,0,4,4,4,4,4,4,4,4,4,4,4,4,4,4,4,4,4,4,4,4,4,4,4,4,4,2,1,3,3,1,0,3,0,0,0,1,1,1,0,4,2,2,2,4,0,3,2,0,1,2,1,0,4,4,4,4,2,0,2,1,1,2,0,3,3,3,3,0,2,0,2,3,2,1,1,3,0,3,3,2,3,1,1,0,3,2,3,0,0,4,1,1,2,0,3,2,3,3,4,4,4,4,4,4,4,4,4,2,0,2,3,0,4,4,4,4,0,3,2,4,4,4,4,4,4,4,4,4,4,4,4,4,4,4,4,4,4,4,4,4,4,4,4,4,4,4,4,4,4,4,4,4,3,4,4,1,0,3,1,0,4,1,0,3,0,1,4,4,1,4,4,4,2,2,2,1,0,3,0,0,1,2,3,3,2,0,4,4,4,4,4,2,3,2,0,2,2,1,0,1,3,2,0,3,0,3,4,4,4,4,4,4,4,4,4,4,4,4,4,4,4,4,4,4,4,4,4,4,4,4,4,4,4,4,4,4,4,4,4,4,4,4,4,4,4,4,4,4,4,4,4,4,4,4,4,4,4,4,4,4,4,4,4,4,4,4,4,4,4,4,4,4,4,4,4,4,4,4,4,4,4,4,4,4,4,4,4,4,4,4,4,4,4,4,4,4,4,4,4,4,4,4,4,4,4,4,4,4,4,4,4,4,4,4,4,4,4,4,4,4,4,4,4,4,4,4,4,4,4,4,4,4,4,4,4,4,4,4,4,4,4,4,4,4,4,4,4,4,4,4,4,4,4,4,4,4,4,4,4,4,4,4,4,4,4,4,4,4,4,4,4,4,4,4,4,4,4,4,4,4,4,4,4,4,4,4,4,4,4,4,4,4,4,4,4,4,4,4,4,4,4,CP000668.1/3980775-3980612,1
1486,0,2,0,3,2,1,3,1,0,3,3,1,4,1,0,3,4,1,3,4,1,3,3,0,3,2,3,3,4,1,2,1,1,3,4,4,4,4,4,4,4,4,4,4,4,4,4,4,4,4,4,4,4,4,4,4,3,0,4,4,4,4,4,4,4,4,4,4,4,4,4,4,4,4,4,4,4,4,4,2,3,2,1,1,3,1,0,3,0,0,0,1,3,1,1,4,2,2,0,4,0,3,2,0,1,2,1,0,4,4,4,4,2,0,2,1,1,2,4,4,3,3,3,0,1,2,2,3,2,1,3,3,0,3,1,2,3,1,1,4,0,1,3,2,0,4,1,0,2,0,3,2,3,1,4,4,4,4,4,4,4,4,4,2,1,3,3,0,3,4,4,4,2,1,1,4,4,4,4,4,4,4,4,4,4,4,4,4,4,4,4,4,4,4,4,4,4,4,4,4,4,4,4,4,4,4,4,4,3,4,4,1,0,3,1,0,4,2,0,1,0,1,4,4,1,0,4,3,2,2,0,1,0,1,0,0,1,2,3,3,2,0,4,4,4,4,4,2,3,2,0,0,2,1,0,1,1,1,0,1,3,3,4,4,4,4,4,4,4,4,4,4,4,4,4,4,4,4,4,4,4,4,4,4,4,4,4,4,4,4,4,4,4,4,4,4,4,4,4,4,4,4,4,4,4,4,4,4,4,4,4,4,4,4,4,4,4,4,4,4,4,4,4,4,4,4,4,4,4,4,4,4,4,4,4,4,4,4,4,4,4,4,4,4,4,4,4,4,4,4,4,4,4,4,4,4,4,4,4,4,4,4,4,4,4,4,4,4,4,4,4,4,4,4,4,4,4,4,4,4,4,4,4,4,4,4,4,4,4,4,4,4,4,4,4,4,4,4,4,4,4,4,4,4,4,4,4,4,4,4,4,4,4,4,4,4,4,4,4,4,4,4,4,4,4,4,4,4,4,4,4,4,4,4,4,4,4,4,4,4,4,4,4,4,4,4,4,4,4,4,4,4,4,4,4,4,4,ADWV01000019.1/50486-50338,1
1487,0,2,3,2,2,1,3,1,0,3,3,1,4,0,1,1,4,2,0,4,1,3,3,0,3,2,3,1,4,0,2,1,4,4,4,4,1,1,1,3,3,4,1,2,2,4,4,4,4,4,4,2,0,1,2,3,4,4,4,4,4,4,4,4,4,4,4,4,4,4,4,4,4,4,4,4,4,4,4,4,4,2,1,3,0,1,0,3,0,0,0,0,3,4,3,4,1,2,0,4,0,3,2,0,1,2,1,0,4,4,4,4,1,0,0,4,4,4,4,4,4,4,1,0,0,2,2,3,2,1,1,3,2,1,1,2,3,1,1,0,0,1,3,3,4,4,1,3,2,0,3,0,3,1,0,4,4,4,4,4,4,4,4,2,1,2,3,0,4,4,4,4,2,1,3,4,4,4,4,4,4,4,4,4,4,4,4,4,4,4,4,4,4,4,4,4,4,4,4,4,4,4,4,4,4,4,4,4,0,4,4,3,0,3,1,0,4,0,1,1,0,3,4,4,1,4,4,4,2,2,2,1,2,0,0,0,1,2,3,1,2,0,4,4,4,4,4,2,3,3,0,2,2,1,0,1,1,2,1,1,3,3,4,4,4,4,4,4,4,4,4,4,4,4,4,4,4,4,4,4,4,4,4,4,4,4,4,4,4,4,4,4,4,4,4,4,4,4,4,4,4,4,4,4,4,4,4,4,4,4,4,4,4,4,4,4,4,4,4,4,4,4,4,4,4,4,4,4,4,4,4,4,4,4,4,4,4,4,4,4,4,4,4,4,4,4,4,4,4,4,4,4,4,4,4,4,4,4,4,4,4,4,4,4,4,4,4,4,4,4,4,4,4,4,4,4,4,4,4,4,4,4,4,4,4,4,4,4,4,4,4,4,4,4,4,4,4,4,4,4,4,4,4,4,4,4,4,4,4,4,4,4,4,4,4,4,4,4,4,4,4,4,4,4,4,4,4,4,4,4,4,4,4,4,4,4,4,4,4,4,4,4,4,4,4,4,4,4,4,4,4,4,4,4,4,4,4,CP002211.1/2891271-2891124,1
1488,0,2,3,2,2,1,3,1,0,3,3,1,4,0,1,1,4,2,0,4,1,3,3,0,3,2,3,1,4,0,2,1,4,4,4,4,1,1,1,3,3,4,1,2,2,4,4,4,4,4,4,2,0,1,2,3,4,4,4,4,4,4,4,4,4,4,4,4,4,4,4,4,4,4,4,4,4,4,4,4,4,2,1,3,0,1,0,3,0,0,0,0,3,4,3,4,1,2,0,4,0,3,2,0,1,2,1,0,4,4,4,4,1,0,0,4,4,4,4,4,4,4,1,0,0,2,2,3,2,1,1,3,2,1,1,2,3,1,1,0,0,1,3,3,4,4,1,3,2,0,3,0,3,1,0,4,4,4,4,4,4,4,4,2,1,2,3,0,4,4,4,4,2,1,3,4,4,4,4,4,4,4,4,4,4,4,4,4,4,4,4,4,4,4,4,4,4,4,4,4,4,4,4,4,4,4,4,4,0,4,4,3,0,3,1,0,4,0,1,1,0,3,4,4,1,4,4,4,2,2,2,1,2,0,0,0,1,2,3,1,2,0,4,4,4,4,4,2,3,3,0,2,2,1,0,1,1,2,1,1,3,3,4,4,4,4,4,4,4,4,4,4,4,4,4,4,4,4,4,4,4,4,4,4,4,4,4,4,4,4,4,4,4,4,4,4,4,4,4,4,4,4,4,4,4,4,4,4,4,4,4,4,4,4,4,4,4,4,4,4,4,4,4,4,4,4,4,4,4,4,4,4,4,4,4,4,4,4,4,4,4,4,4,4,4,4,4,4,4,4,4,4,4,4,4,4,4,4,4,4,4,4,4,4,4,4,4,4,4,4,4,4,4,4,4,4,4,4,4,4,4,4,4,4,4,4,4,4,4,4,4,4,4,4,4,4,4,4,4,4,4,4,4,4,4,4,4,4,4,4,4,4,4,4,4,4,4,4,4,4,4,4,4,4,4,4,4,4,4,4,4,4,4,4,4,4,4,4,4,4,4,4,4,4,4,4,4,4,4,4,4,4,4,4,4,4,4,AFRK01000006.1/901223-901076,1
1489,0,2,0,3,2,1,3,1,0,3,3,1,4,1,0,3,4,1,3,4,1,3,3,0,3,2,3,3,4,1,2,1,1,3,3,4,1,4,4,4,4,4,4,4,4,4,4,4,4,4,4,4,4,4,4,4,3,4,4,4,4,4,4,4,4,4,4,4,4,4,4,4,4,4,4,4,4,4,4,4,2,2,1,1,3,1,0,3,0,0,0,1,3,1,0,4,2,2,0,4,0,3,2,0,3,2,1,0,4,4,4,4,2,0,2,1,1,2,4,4,3,3,3,0,1,2,2,3,2,1,3,3,0,3,1,2,3,1,1,4,0,1,3,2,0,4,1,0,2,0,3,2,3,1,4,4,4,4,4,4,4,4,4,2,1,3,3,0,1,4,4,4,2,1,1,4,4,4,4,4,4,4,4,4,4,4,4,4,4,4,4,4,4,4,4,4,4,4,4,4,4,4,4,4,4,4,4,4,3,4,4,1,0,3,1,0,4,0,0,1,0,1,4,4,1,1,4,3,2,2,0,1,0,1,0,0,1,2,3,3,2,0,4,4,4,4,4,2,3,2,0,0,2,1,0,1,1,1,1,3,3,3,4,4,4,4,4,4,4,4,4,4,4,4,4,4,4,4,4,4,4,4,4,4,4,4,4,4,4,4,4,4,4,4,4,4,4,4,4,4,4,4,4,4,4,4,4,4,4,4,4,4,4,4,4,4,4,4,4,4,4,4,4,4,4,4,4,4,4,4,4,4,4,4,4,4,4,4,4,4,4,4,4,4,4,4,4,4,4,4,4,4,4,4,4,4,4,4,4,4,4,4,4,4,4,4,4,4,4,4,4,4,4,4,4,4,4,4,4,4,4,4,4,4,4,4,4,4,4,4,4,4,4,4,4,4,4,4,4,4,4,4,4,4,4,4,4,4,4,4,4,4,4,4,4,4,4,4,4,4,4,4,4,4,4,4,4,4,4,4,4,4,4,4,4,4,4,4,4,4,4,4,4,4,4,4,4,4,4,4,4,4,4,4,4,4,4,CP001363.1/4155340-4155488,1
1490,0,2,0,3,2,1,3,1,0,3,1,1,4,0,2,1,4,3,3,4,1,3,3,2,3,2,0,3,4,3,2,1,2,3,4,4,4,4,4,4,4,4,4,4,4,4,4,4,4,4,4,4,4,4,4,4,3,4,4,4,4,4,4,4,4,4,4,4,4,4,4,4,4,4,4,4,4,4,4,3,1,2,1,0,3,1,0,3,0,0,0,1,3,0,3,4,0,2,2,4,0,3,2,0,1,2,1,0,4,4,4,4,2,0,2,1,1,0,4,0,3,3,3,0,0,3,2,3,2,1,1,3,0,3,3,2,3,1,1,0,1,2,3,3,0,4,3,1,2,0,3,2,1,0,0,4,4,4,4,4,4,4,4,4,4,4,3,0,0,4,4,4,3,0,3,4,4,4,4,4,4,4,4,4,4,4,4,4,4,4,4,4,4,4,4,4,4,4,4,4,4,4,4,4,4,4,4,4,1,4,4,1,0,3,1,0,4,1,1,0,0,1,4,4,1,4,4,4,2,2,0,1,2,1,0,0,1,2,3,3,2,0,4,4,4,4,4,2,3,2,0,2,2,1,0,1,0,0,3,1,1,2,4,4,4,4,4,4,4,4,4,4,4,4,4,4,4,4,4,4,4,4,4,4,4,4,4,4,4,4,4,4,4,4,4,4,4,4,4,4,4,4,4,4,4,4,4,4,4,4,4,4,4,4,4,4,4,4,4,4,4,4,4,4,4,4,4,4,4,4,4,4,4,4,4,4,4,4,4,4,4,4,4,4,4,4,4,4,4,4,4,4,4,4,4,4,4,4,4,4,4,4,4,4,4,4,4,4,4,4,4,4,4,4,4,4,4,4,4,4,4,4,4,4,4,4,4,4,4,4,4,4,4,4,4,4,4,4,4,4,4,4,4,4,4,4,4,4,4,4,4,4,4,4,4,4,4,4,4,4,4,4,4,4,4,4,4,4,4,4,4,4,4,4,4,4,4,4,4,4,4,4,4,4,4,4,4,4,4,4,4,4,4,4,4,4,4,FN545161.1/42624-42769,1
1491,0,2,0,3,2,1,3,1,0,3,3,1,4,1,0,3,4,1,3,4,1,3,3,0,3,2,3,3,4,1,2,1,1,3,4,4,4,4,4,4,4,4,4,4,4,4,4,4,4,4,4,4,4,4,4,4,3,0,4,4,4,4,4,4,4,4,4,4,4,4,4,4,4,4,4,4,4,4,4,2,3,2,1,1,3,1,0,3,0,0,0,1,3,1,1,4,2,2,0,4,0,3,2,0,1,2,1,0,4,4,4,4,2,0,2,1,1,2,4,4,3,3,3,0,1,2,2,3,2,1,3,3,0,3,1,2,3,1,1,4,0,1,3,2,0,4,1,0,2,0,3,2,3,1,4,4,4,4,4,4,4,4,4,2,1,3,3,0,3,4,4,4,2,1,1,4,4,4,4,4,4,4,4,4,4,4,4,4,4,4,4,4,4,4,4,4,4,4,4,4,4,4,4,4,4,4,4,4,3,4,4,1,0,3,1,0,4,2,0,1,0,1,4,4,1,0,4,3,2,2,0,1,0,1,0,0,1,2,3,3,2,0,4,4,4,4,4,2,3,2,0,0,2,1,0,1,1,1,0,1,3,3,4,4,4,4,4,4,4,4,4,4,4,4,4,4,4,4,4,4,4,4,4,4,4,4,4,4,4,4,4,4,4,4,4,4,4,4,4,4,4,4,4,4,4,4,4,4,4,4,4,4,4,4,4,4,4,4,4,4,4,4,4,4,4,4,4,4,4,4,4,4,4,4,4,4,4,4,4,4,4,4,4,4,4,4,4,4,4,4,4,4,4,4,4,4,4,4,4,4,4,4,4,4,4,4,4,4,4,4,4,4,4,4,4,4,4,4,4,4,4,4,4,4,4,4,4,4,4,4,4,4,4,4,4,4,4,4,4,4,4,4,4,4,4,4,4,4,4,4,4,4,4,4,4,4,4,4,4,4,4,4,4,4,4,4,4,4,4,4,4,4,4,4,4,4,4,4,4,4,4,4,4,4,4,4,4,4,4,4,4,4,4,4,4,4,4,AFAT01000079.1/38603-38751,1
1492,0,2,3,2,2,1,3,1,0,3,3,1,4,0,1,1,4,2,0,4,1,3,3,0,3,2,3,1,4,0,2,1,4,4,4,4,1,1,1,3,3,4,1,2,2,4,4,4,4,4,4,2,0,1,2,3,4,4,4,4,4,4,4,4,4,4,4,4,4,4,4,4,4,4,4,4,4,4,4,4,4,2,1,3,0,1,0,3,0,0,0,0,3,4,3,4,1,2,0,4,0,3,2,0,1,2,1,0,4,4,4,4,1,0,0,4,4,4,4,4,4,4,1,0,0,2,2,3,2,1,1,3,2,1,1,2,3,1,1,0,0,1,3,3,4,4,1,3,2,0,3,0,3,1,0,4,4,4,4,4,4,4,4,2,1,2,3,0,4,4,4,4,2,1,3,4,4,4,4,4,4,4,4,4,4,4,4,4,4,4,4,4,4,4,4,4,4,4,4,4,4,4,4,4,4,4,4,4,0,4,4,3,0,3,1,0,4,0,1,1,0,3,4,4,1,4,4,4,2,2,2,1,2,0,0,0,1,2,3,1,2,0,4,4,4,4,4,2,3,3,0,2,2,1,0,1,1,2,1,1,3,3,4,4,4,4,4,4,4,4,4,4,4,4,4,4,4,4,4,4,4,4,4,4,4,4,4,4,4,4,4,4,4,4,4,4,4,4,4,4,4,4,4,4,4,4,4,4,4,4,4,4,4,4,4,4,4,4,4,4,4,4,4,4,4,4,4,4,4,4,4,4,4,4,4,4,4,4,4,4,4,4,4,4,4,4,4,4,4,4,4,4,4,4,4,4,4,4,4,4,4,4,4,4,4,4,4,4,4,4,4,4,4,4,4,4,4,4,4,4,4,4,4,4,4,4,4,4,4,4,4,4,4,4,4,4,4,4,4,4,4,4,4,4,4,4,4,4,4,4,4,4,4,4,4,4,4,4,4,4,4,4,4,4,4,4,4,4,4,4,4,4,4,4,4,4,4,4,4,4,4,4,4,4,4,4,4,4,4,4,4,4,4,4,4,4,4,AFUZ01000011.1/214145-213998,1
1493,0,2,0,3,2,1,3,1,0,3,3,1,4,1,0,3,4,1,3,4,1,3,3,0,3,2,3,3,4,1,2,1,1,3,4,4,4,4,4,4,4,4,4,4,4,4,4,4,4,4,4,4,4,4,4,4,3,0,4,4,4,4,4,4,4,4,4,4,4,4,4,4,4,4,4,4,4,4,4,2,3,2,1,1,3,1,0,3,0,0,0,1,3,1,1,4,2,2,0,4,0,3,2,0,1,2,1,0,4,4,4,4,2,0,2,1,1,2,4,4,3,3,3,0,1,2,2,3,2,1,3,3,0,3,1,2,3,1,1,4,0,1,3,2,0,4,1,0,2,0,3,2,3,1,4,4,4,4,4,4,4,4,4,2,1,3,3,0,3,4,4,4,2,1,1,4,4,4,4,4,4,4,4,4,4,4,4,4,4,4,4,4,4,4,4,4,4,4,4,4,4,4,4,4,4,4,4,4,3,4,4,1,0,3,1,0,4,2,0,1,0,1,4,4,1,0,4,3,2,2,0,1,0,1,0,0,1,2,3,3,2,0,4,4,4,4,4,2,3,2,0,0,2,1,0,1,1,1,0,1,3,3,4,4,4,4,4,4,4,4,4,4,4,4,4,4,4,4,4,4,4,4,4,4,4,4,4,4,4,4,4,4,4,4,4,4,4,4,4,4,4,4,4,4,4,4,4,4,4,4,4,4,4,4,4,4,4,4,4,4,4,4,4,4,4,4,4,4,4,4,4,4,4,4,4,4,4,4,4,4,4,4,4,4,4,4,4,4,4,4,4,4,4,4,4,4,4,4,4,4,4,4,4,4,4,4,4,4,4,4,4,4,4,4,4,4,4,4,4,4,4,4,4,4,4,4,4,4,4,4,4,4,4,4,4,4,4,4,4,4,4,4,4,4,4,4,4,4,4,4,4,4,4,4,4,4,4,4,4,4,4,4,4,4,4,4,4,4,4,4,4,4,4,4,4,4,4,4,4,4,4,4,4,4,4,4,4,4,4,4,4,4,4,4,4,4,4,AEZZ01000082.1/38755-38903,1
1494,0,2,0,3,2,1,3,1,0,3,3,1,4,1,0,3,4,1,3,4,1,3,3,0,3,2,3,3,4,1,2,1,1,3,4,4,4,4,4,4,4,4,4,4,4,4,4,4,4,4,4,4,4,4,4,4,3,0,4,4,4,4,4,4,4,4,4,4,4,4,4,4,4,4,4,4,4,4,4,2,3,2,1,1,3,1,0,3,0,0,0,1,3,1,1,4,2,2,0,4,0,3,2,0,1,2,1,0,4,4,4,4,2,0,2,1,1,2,4,4,3,3,3,0,1,2,2,3,2,1,3,3,0,3,1,2,3,1,1,4,0,1,3,2,0,4,1,0,2,0,3,2,3,1,4,4,4,4,4,4,4,4,4,2,1,3,3,0,3,4,4,4,2,1,1,4,4,4,4,4,4,4,4,4,4,4,4,4,4,4,4,4,4,4,4,4,4,4,4,4,4,4,4,4,4,4,4,4,3,4,4,1,0,3,1,0,4,2,0,1,0,1,4,4,1,0,4,3,2,2,0,1,0,1,0,0,1,2,3,3,2,0,4,4,4,4,4,2,3,2,0,0,2,1,0,1,1,1,0,1,3,3,4,4,4,4,4,4,4,4,4,4,4,4,4,4,4,4,4,4,4,4,4,4,4,4,4,4,4,4,4,4,4,4,4,4,4,4,4,4,4,4,4,4,4,4,4,4,4,4,4,4,4,4,4,4,4,4,4,4,4,4,4,4,4,4,4,4,4,4,4,4,4,4,4,4,4,4,4,4,4,4,4,4,4,4,4,4,4,4,4,4,4,4,4,4,4,4,4,4,4,4,4,4,4,4,4,4,4,4,4,4,4,4,4,4,4,4,4,4,4,4,4,4,4,4,4,4,4,4,4,4,4,4,4,4,4,4,4,4,4,4,4,4,4,4,4,4,4,4,4,4,4,4,4,4,4,4,4,4,4,4,4,4,4,4,4,4,4,4,4,4,4,4,4,4,4,4,4,4,4,4,4,4,4,4,4,4,4,4,4,4,4,4,4,4,4,AELE01000026.1/16362-16214,1
1495,0,2,3,2,2,1,3,1,0,3,3,1,4,0,1,1,4,2,0,4,1,3,3,0,3,2,3,1,4,0,2,1,4,4,4,4,1,1,1,3,3,4,1,2,2,4,4,4,4,4,4,2,0,1,2,3,4,4,4,4,4,4,4,4,4,4,4,4,4,4,4,4,4,4,4,4,4,4,4,4,4,2,1,3,0,1,0,3,0,0,0,0,3,4,3,4,1,2,0,4,0,3,2,0,1,2,1,0,4,4,4,4,1,0,0,4,4,4,4,4,4,4,1,0,0,2,2,3,2,1,1,3,2,1,1,2,3,1,1,0,0,1,3,3,4,4,1,3,2,0,3,0,3,1,0,4,4,4,4,4,4,4,4,2,1,2,3,0,4,4,4,4,2,1,3,4,4,4,4,4,4,4,4,4,4,4,4,4,4,4,4,4,4,4,4,4,4,4,4,4,4,4,4,4,4,4,4,4,0,4,4,3,0,3,1,0,4,0,1,1,0,3,4,4,1,4,4,4,2,2,2,1,2,0,0,0,1,2,3,1,2,0,4,4,4,4,4,2,3,3,0,2,2,1,0,1,1,2,1,1,3,3,4,4,4,4,4,4,4,4,4,4,4,4,4,4,4,4,4,4,4,4,4,4,4,4,4,4,4,4,4,4,4,4,4,4,4,4,4,4,4,4,4,4,4,4,4,4,4,4,4,4,4,4,4,4,4,4,4,4,4,4,4,4,4,4,4,4,4,4,4,4,4,4,4,4,4,4,4,4,4,4,4,4,4,4,4,4,4,4,4,4,4,4,4,4,4,4,4,4,4,4,4,4,4,4,4,4,4,4,4,4,4,4,4,4,4,4,4,4,4,4,4,4,4,4,4,4,4,4,4,4,4,4,4,4,4,4,4,4,4,4,4,4,4,4,4,4,4,4,4,4,4,4,4,4,4,4,4,4,4,4,4,4,4,4,4,4,4,4,4,4,4,4,4,4,4,4,4,4,4,4,4,4,4,4,4,4,4,4,4,4,4,4,4,4,4,AFAG01000033.1/32200-32053,1
1496,0,2,3,2,2,1,3,1,0,3,3,1,4,0,1,1,4,2,0,4,1,3,3,0,3,2,3,1,4,0,2,1,4,4,4,4,1,1,1,3,3,4,0,2,2,4,4,4,4,4,4,2,0,1,2,3,4,4,4,4,4,4,4,4,4,4,4,4,4,4,4,4,4,4,4,4,4,4,4,4,4,2,1,3,0,1,0,3,0,0,0,0,3,4,3,4,1,2,0,4,0,3,2,0,1,2,1,0,4,4,4,4,1,0,0,4,4,4,4,4,4,4,1,0,0,2,2,3,2,1,1,3,2,1,1,2,3,1,1,0,0,1,3,3,4,4,1,3,2,0,3,0,3,1,0,4,4,4,4,4,4,4,4,2,1,2,3,0,4,4,4,4,2,1,3,4,4,4,4,4,4,4,4,4,4,4,4,4,4,4,4,4,4,4,4,4,4,4,4,4,4,4,4,4,4,4,4,4,0,4,4,3,0,3,1,0,4,0,1,1,0,3,4,4,1,4,4,4,2,2,2,1,2,0,0,0,1,2,3,1,2,0,4,4,4,4,4,2,3,3,0,2,2,1,0,1,1,2,1,1,3,3,4,4,4,4,4,4,4,4,4,4,4,4,4,4,4,4,4,4,4,4,4,4,4,4,4,4,4,4,4,4,4,4,4,4,4,4,4,4,4,4,4,4,4,4,4,4,4,4,4,4,4,4,4,4,4,4,4,4,4,4,4,4,4,4,4,4,4,4,4,4,4,4,4,4,4,4,4,4,4,4,4,4,4,4,4,4,4,4,4,4,4,4,4,4,4,4,4,4,4,4,4,4,4,4,4,4,4,4,4,4,4,4,4,4,4,4,4,4,4,4,4,4,4,4,4,4,4,4,4,4,4,4,4,4,4,4,4,4,4,4,4,4,4,4,4,4,4,4,4,4,4,4,4,4,4,4,4,4,4,4,4,4,4,4,4,4,4,4,4,4,4,4,4,4,4,4,4,4,4,4,4,4,4,4,4,4,4,4,4,4,4,4,4,4,4,CP001846.1/3152771-3152624,1
1497,0,2,0,3,2,1,3,1,0,3,3,1,4,1,0,3,4,1,3,4,1,3,3,0,3,2,3,3,4,1,2,1,1,3,3,4,1,4,4,4,4,4,4,4,4,4,4,4,4,4,4,4,4,4,4,4,3,4,4,4,4,4,4,4,4,4,4,4,4,4,4,4,4,4,4,4,4,4,4,4,2,2,1,1,3,1,0,3,0,0,0,1,3,1,0,4,2,2,0,4,0,3,2,0,3,2,1,0,4,4,4,4,2,0,2,1,1,2,4,4,3,3,3,0,1,2,2,3,2,1,3,3,0,3,1,2,3,1,1,4,0,1,3,2,0,4,1,0,2,0,3,2,3,1,4,4,4,4,4,4,4,4,4,2,1,3,3,0,1,4,4,4,2,1,1,4,4,4,4,4,4,4,4,4,4,4,4,4,4,4,4,4,4,4,4,4,4,4,4,4,4,4,4,4,4,4,4,4,3,4,4,1,0,3,1,0,4,0,0,1,0,1,4,4,1,1,4,3,2,2,0,1,0,1,0,0,1,2,3,3,2,0,4,4,4,4,4,2,3,2,0,0,2,1,0,1,1,1,1,3,3,3,4,4,4,4,4,4,4,4,4,4,4,4,4,4,4,4,4,4,4,4,4,4,4,4,4,4,4,4,4,4,4,4,4,4,4,4,4,4,4,4,4,4,4,4,4,4,4,4,4,4,4,4,4,4,4,4,4,4,4,4,4,4,4,4,4,4,4,4,4,4,4,4,4,4,4,4,4,4,4,4,4,4,4,4,4,4,4,4,4,4,4,4,4,4,4,4,4,4,4,4,4,4,4,4,4,4,4,4,4,4,4,4,4,4,4,4,4,4,4,4,4,4,4,4,4,4,4,4,4,4,4,4,4,4,4,4,4,4,4,4,4,4,4,4,4,4,4,4,4,4,4,4,4,4,4,4,4,4,4,4,4,4,4,4,4,4,4,4,4,4,4,4,4,4,4,4,4,4,4,4,4,4,4,4,4,4,4,4,4,4,4,4,4,4,4,AEJH01000009.1/120136-120284,1
1498,0,2,3,2,2,1,3,1,0,3,3,1,4,0,1,1,4,2,0,4,1,3,3,0,3,2,3,1,4,0,2,1,4,4,4,4,1,1,1,3,3,4,1,2,2,4,4,4,4,4,4,2,0,1,2,3,4,4,4,4,4,4,4,4,4,4,4,4,4,4,4,4,4,4,4,4,4,4,4,4,4,2,1,3,0,1,0,3,0,0,0,0,3,4,3,4,1,2,0,4,0,3,2,0,1,2,1,0,4,4,4,4,1,0,0,4,4,4,4,4,4,4,1,0,0,2,2,3,2,1,1,3,2,1,1,2,3,1,1,0,0,1,3,3,4,4,4,4,4,4,4,4,4,4,4,4,4,4,4,4,4,4,4,4,4,4,4,4,4,4,4,4,4,4,4,1,3,2,0,3,0,3,1,0,4,4,4,4,4,4,4,4,4,4,4,4,4,4,2,1,2,3,0,2,1,3,0,3,4,4,4,4,4,4,4,4,4,4,4,4,4,4,4,4,4,4,4,4,2,4,4,1,2,0,0,0,1,2,3,1,2,0,4,4,4,4,4,2,3,3,0,2,2,1,0,1,1,2,1,1,3,3,4,4,4,4,4,4,4,4,4,4,4,4,4,4,4,4,4,4,4,4,4,4,4,4,4,4,4,4,4,4,4,4,4,4,4,4,4,4,4,4,4,4,4,4,4,4,4,4,4,4,4,4,4,4,4,4,4,4,4,4,4,4,4,4,4,4,4,4,4,4,4,4,4,4,4,4,4,4,4,4,4,4,4,4,4,4,4,4,4,4,4,4,4,4,4,4,4,4,4,4,4,4,4,4,4,4,4,4,4,4,4,4,4,4,4,4,4,4,4,4,4,4,4,4,4,4,4,4,4,4,4,4,4,4,4,4,4,4,4,4,4,4,4,4,4,4,4,4,4,4,4,4,4,4,4,4,4,4,4,4,4,4,4,4,4,4,4,4,4,4,4,4,4,4,4,4,4,4,4,4,4,4,4,4,4,4,4,4,4,4,4,4,4,4,4,CP000034.1/2545199-2545064,1
1499,0,2,0,3,2,1,3,1,0,3,3,1,4,1,0,3,4,1,3,4,1,3,3,0,3,2,3,3,4,1,2,1,1,3,4,4,4,4,4,4,4,4,4,4,4,4,4,4,4,4,4,4,4,4,4,4,3,0,4,4,4,4,4,4,4,4,4,4,4,4,4,4,4,4,4,4,4,4,4,2,3,2,1,1,3,1,0,3,0,0,0,1,3,1,1,4,2,2,0,4,0,3,2,0,1,2,1,0,4,4,4,4,2,0,2,1,1,2,4,4,3,3,3,0,1,2,2,3,2,1,3,3,0,3,1,2,3,1,1,4,0,1,3,2,0,4,1,0,2,0,3,2,3,1,4,4,4,4,4,4,4,4,4,2,1,3,3,0,3,4,4,4,2,1,1,4,4,4,4,4,4,4,4,4,4,4,4,4,4,4,4,4,4,4,4,4,4,4,4,4,4,4,4,4,4,4,4,4,3,4,4,1,0,3,1,0,4,2,0,1,0,1,4,4,1,0,4,3,2,2,0,1,0,1,0,0,1,2,3,3,2,0,4,4,4,4,4,2,3,2,0,0,2,1,0,1,1,1,0,1,3,3,4,4,4,4,4,4,4,4,4,4,4,4,4,4,4,4,4,4,4,4,4,4,4,4,4,4,4,4,4,4,4,4,4,4,4,4,4,4,4,4,4,4,4,4,4,4,4,4,4,4,4,4,4,4,4,4,4,4,4,4,4,4,4,4,4,4,4,4,4,4,4,4,4,4,4,4,4,4,4,4,4,4,4,4,4,4,4,4,4,4,4,4,4,4,4,4,4,4,4,4,4,4,4,4,4,4,4,4,4,4,4,4,4,4,4,4,4,4,4,4,4,4,4,4,4,4,4,4,4,4,4,4,4,4,4,4,4,4,4,4,4,4,4,4,4,4,4,4,4,4,4,4,4,4,4,4,4,4,4,4,4,4,4,4,4,4,4,4,4,4,4,4,4,4,4,4,4,4,4,4,4,4,4,4,4,4,4,4,4,4,4,4,4,4,4,AFWO01000145.1/38051-38199,1
1500,0,2,3,2,2,1,3,1,0,3,3,1,4,0,1,1,4,2,0,4,1,3,3,0,3,2,3,1,4,0,2,1,4,4,4,4,1,1,1,3,3,4,1,2,2,4,4,4,4,4,4,2,0,1,2,3,4,4,4,4,4,4,4,4,4,4,4,4,4,4,4,4,4,4,4,4,4,4,4,4,4,2,1,3,0,1,0,3,0,0,0,0,3,4,3,4,1,2,0,4,0,3,2,0,1,2,1,0,4,4,4,4,1,0,0,4,4,4,4,4,4,4,1,0,0,2,2,3,2,1,1,3,2,1,1,2,3,1,1,0,0,1,3,3,4,4,1,3,2,0,3,0,3,1,0,4,4,4,4,4,4,4,4,2,1,2,3,0,4,4,4,4,2,1,3,4,4,4,4,4,4,4,4,4,4,4,4,4,4,4,4,4,4,4,4,4,4,4,4,4,4,4,4,4,4,4,4,4,0,4,4,3,0,3,1,0,4,0,1,1,0,3,4,4,1,4,4,4,2,2,2,1,2,0,0,0,1,2,3,1,2,0,4,4,4,4,4,2,3,3,0,2,2,1,0,1,1,2,1,1,3,3,4,4,4,4,4,4,4,4,4,4,4,4,4,4,4,4,4,4,4,4,4,4,4,4,4,4,4,4,4,4,4,4,4,4,4,4,4,4,4,4,4,4,4,4,4,4,4,4,4,4,4,4,4,4,4,4,4,4,4,4,4,4,4,4,4,4,4,4,4,4,4,4,4,4,4,4,4,4,4,4,4,4,4,4,4,4,4,4,4,4,4,4,4,4,4,4,4,4,4,4,4,4,4,4,4,4,4,4,4,4,4,4,4,4,4,4,4,4,4,4,4,4,4,4,4,4,4,4,4,4,4,4,4,4,4,4,4,4,4,4,4,4,4,4,4,4,4,4,4,4,4,4,4,4,4,4,4,4,4,4,4,4,4,4,4,4,4,4,4,4,4,4,4,4,4,4,4,4,4,4,4,4,4,4,4,4,4,4,4,4,4,4,4,4,4,ABHL02000001.1/658473-658326,1
1501,0,2,0,3,2,1,3,1,0,3,3,1,4,1,0,3,4,1,3,4,1,3,3,0,3,2,3,3,4,1,2,1,1,3,3,4,1,4,4,4,4,4,4,4,4,4,4,4,4,4,4,4,4,4,4,4,3,4,4,4,4,4,4,4,4,4,4,4,4,4,4,4,4,4,4,4,4,4,4,4,2,2,1,1,3,1,0,3,0,0,0,1,3,1,0,4,2,2,0,4,0,3,2,0,3,2,1,0,4,4,4,4,2,0,2,1,1,2,4,4,3,3,3,0,1,2,2,3,2,1,3,3,0,3,1,2,3,1,1,4,0,1,3,2,0,4,1,0,2,0,3,2,3,1,4,4,4,4,4,4,4,4,4,2,1,3,3,0,1,4,4,4,2,1,1,4,4,4,4,4,4,4,4,4,4,4,4,4,4,4,4,4,4,4,4,4,4,4,4,4,4,4,4,4,4,4,4,4,3,4,4,1,0,3,1,0,4,0,0,1,0,1,4,4,1,1,4,3,2,2,0,1,0,1,0,0,1,2,3,3,2,0,4,4,4,4,4,2,3,2,0,0,2,1,0,1,1,1,1,3,3,3,4,4,4,4,4,4,4,4,4,4,4,4,4,4,4,4,4,4,4,4,4,4,4,4,4,4,4,4,4,4,4,4,4,4,4,4,4,4,4,4,4,4,4,4,4,4,4,4,4,4,4,4,4,4,4,4,4,4,4,4,4,4,4,4,4,4,4,4,4,4,4,4,4,4,4,4,4,4,4,4,4,4,4,4,4,4,4,4,4,4,4,4,4,4,4,4,4,4,4,4,4,4,4,4,4,4,4,4,4,4,4,4,4,4,4,4,4,4,4,4,4,4,4,4,4,4,4,4,4,4,4,4,4,4,4,4,4,4,4,4,4,4,4,4,4,4,4,4,4,4,4,4,4,4,4,4,4,4,4,4,4,4,4,4,4,4,4,4,4,4,4,4,4,4,4,4,4,4,4,4,4,4,4,4,4,4,4,4,4,4,4,4,4,4,4,AETF01000072.1/30735-30587,1
1502,0,2,0,3,2,1,3,1,0,3,3,1,4,1,0,3,4,1,3,4,1,3,3,0,3,2,3,3,4,1,2,1,1,3,4,4,4,4,4,4,4,4,4,4,4,4,4,4,4,4,4,4,4,4,4,4,3,0,4,4,4,4,4,4,4,4,4,4,4,4,4,4,4,4,4,4,4,4,4,2,3,2,1,1,3,1,0,3,0,0,0,1,3,1,1,4,2,2,0,4,0,3,2,0,1,2,1,0,4,4,4,4,2,0,2,1,1,2,4,4,3,3,3,0,1,2,2,3,2,1,3,3,0,3,1,2,3,1,1,4,0,1,3,2,0,4,1,0,2,0,3,2,3,1,4,4,4,4,4,4,4,4,4,2,1,3,3,0,3,4,4,4,2,1,1,4,4,4,4,4,4,4,4,4,4,4,4,4,4,4,4,4,4,4,4,4,4,4,4,4,4,4,4,4,4,4,4,4,3,4,4,1,0,3,1,0,4,2,0,1,0,1,4,4,1,0,4,3,2,2,0,1,0,1,0,0,1,2,3,3,2,0,4,4,4,4,4,2,3,2,0,0,2,1,0,1,1,1,0,1,3,3,4,4,4,4,4,4,4,4,4,4,4,4,4,4,4,4,4,4,4,4,4,4,4,4,4,4,4,4,4,4,4,4,4,4,4,4,4,4,4,4,4,4,4,4,4,4,4,4,4,4,4,4,4,4,4,4,4,4,4,4,4,4,4,4,4,4,4,4,4,4,4,4,4,4,4,4,4,4,4,4,4,4,4,4,4,4,4,4,4,4,4,4,4,4,4,4,4,4,4,4,4,4,4,4,4,4,4,4,4,4,4,4,4,4,4,4,4,4,4,4,4,4,4,4,4,4,4,4,4,4,4,4,4,4,4,4,4,4,4,4,4,4,4,4,4,4,4,4,4,4,4,4,4,4,4,4,4,4,4,4,4,4,4,4,4,4,4,4,4,4,4,4,4,4,4,4,4,4,4,4,4,4,4,4,4,4,4,4,4,4,4,4,4,4,4,AFDY01000044.1/41793-41941,1
1503,0,2,0,3,2,1,3,1,0,3,3,1,4,1,0,3,4,1,3,4,1,3,3,0,3,2,3,3,4,1,2,1,1,3,4,4,4,4,4,4,4,4,4,4,4,4,4,4,4,4,4,4,4,4,4,4,3,0,4,4,4,4,4,4,4,4,4,4,4,4,4,4,4,4,4,4,4,4,4,2,3,2,1,1,3,1,0,3,0,0,0,1,3,1,1,4,2,2,0,4,0,3,2,0,1,2,1,0,4,4,4,4,2,0,2,1,1,2,4,4,3,3,3,0,1,2,2,3,2,1,3,3,0,3,1,2,3,1,1,4,0,1,3,2,0,4,1,0,2,0,3,2,3,1,4,4,4,4,4,4,4,4,4,2,1,3,3,0,3,4,4,4,2,1,1,4,4,4,4,4,4,4,4,4,4,4,4,4,4,4,4,4,4,4,4,4,4,4,4,4,4,4,4,4,4,4,4,4,3,4,4,1,0,3,1,0,4,2,0,1,0,1,4,4,1,0,4,3,2,2,0,1,0,1,0,0,1,2,3,3,2,0,4,4,4,4,4,2,3,2,0,0,2,1,0,1,1,1,0,1,3,3,4,4,4,4,4,4,4,4,4,4,4,4,4,4,4,4,4,4,4,4,4,4,4,4,4,4,4,4,4,4,4,4,4,4,4,4,4,4,4,4,4,4,4,4,4,4,4,4,4,4,4,4,4,4,4,4,4,4,4,4,4,4,4,4,4,4,4,4,4,4,4,4,4,4,4,4,4,4,4,4,4,4,4,4,4,4,4,4,4,4,4,4,4,4,4,4,4,4,4,4,4,4,4,4,4,4,4,4,4,4,4,4,4,4,4,4,4,4,4,4,4,4,4,4,4,4,4,4,4,4,4,4,4,4,4,4,4,4,4,4,4,4,4,4,4,4,4,4,4,4,4,4,4,4,4,4,4,4,4,4,4,4,4,4,4,4,4,4,4,4,4,4,4,4,4,4,4,4,4,4,4,4,4,4,4,4,4,4,4,4,4,4,4,4,4,AFAD01000017.1/227451-227599,1
1504,0,2,0,3,2,1,3,1,0,3,3,1,4,1,0,3,4,1,3,4,1,3,3,0,3,2,3,3,4,1,2,1,1,3,4,4,4,4,4,4,4,4,4,4,4,4,4,4,4,4,4,4,4,4,4,4,3,0,4,4,4,4,4,4,4,4,4,4,4,4,4,4,4,4,4,4,4,4,4,2,3,2,1,1,3,1,0,3,0,0,0,1,3,1,1,4,2,2,0,4,0,3,2,0,1,2,1,0,4,4,4,4,2,0,2,1,1,2,4,4,3,3,3,0,1,2,2,3,2,1,3,3,0,3,1,2,3,1,1,4,0,1,3,2,0,4,1,0,2,0,3,2,3,1,4,4,4,4,4,4,4,4,4,2,1,3,3,0,3,4,4,4,2,1,1,4,4,4,4,4,4,4,4,4,4,4,4,4,4,4,4,4,4,4,4,4,4,4,4,4,4,4,4,4,4,4,4,4,3,4,4,1,0,3,1,0,4,2,0,1,0,1,4,4,1,0,4,3,2,2,0,1,0,1,0,0,1,2,3,3,2,0,4,4,4,4,4,2,3,2,0,0,2,1,0,1,1,1,0,1,3,3,4,4,4,4,4,4,4,4,4,4,4,4,4,4,4,4,4,4,4,4,4,4,4,4,4,4,4,4,4,4,4,4,4,4,4,4,4,4,4,4,4,4,4,4,4,4,4,4,4,4,4,4,4,4,4,4,4,4,4,4,4,4,4,4,4,4,4,4,4,4,4,4,4,4,4,4,4,4,4,4,4,4,4,4,4,4,4,4,4,4,4,4,4,4,4,4,4,4,4,4,4,4,4,4,4,4,4,4,4,4,4,4,4,4,4,4,4,4,4,4,4,4,4,4,4,4,4,4,4,4,4,4,4,4,4,4,4,4,4,4,4,4,4,4,4,4,4,4,4,4,4,4,4,4,4,4,4,4,4,4,4,4,4,4,4,4,4,4,4,4,4,4,4,4,4,4,4,4,4,4,4,4,4,4,4,4,4,4,4,4,4,4,4,4,4,AEHS01000060.1/54458-54310,1
1505,0,2,0,3,2,1,3,1,0,3,3,1,4,1,0,3,4,1,3,4,1,3,3,0,3,2,3,3,4,1,2,1,1,3,4,4,4,4,4,4,4,4,4,4,4,4,4,4,4,4,4,4,4,4,4,4,3,0,4,4,4,4,4,4,4,4,4,4,4,4,4,4,4,4,4,4,4,4,4,2,3,2,1,1,3,1,0,3,0,0,0,1,3,1,1,4,2,2,0,4,0,3,2,0,1,2,1,0,4,4,4,4,2,0,2,1,1,2,4,4,3,3,3,0,1,2,2,3,2,1,3,3,0,3,1,2,3,1,1,4,0,1,3,2,0,4,1,0,2,0,3,2,3,1,4,4,4,4,4,4,4,4,4,2,1,3,3,0,3,4,4,4,2,1,1,4,4,4,4,4,4,4,4,4,4,4,4,4,4,4,4,4,4,4,4,4,4,4,4,4,4,4,4,4,4,4,4,4,3,4,4,1,0,3,1,0,4,2,0,1,0,1,4,4,1,0,4,3,2,2,0,1,0,1,0,0,1,2,3,3,2,0,4,4,4,4,4,2,3,2,0,0,2,1,0,1,1,1,0,1,3,3,4,4,4,4,4,4,4,4,4,4,4,4,4,4,4,4,4,4,4,4,4,4,4,4,4,4,4,4,4,4,4,4,4,4,4,4,4,4,4,4,4,4,4,4,4,4,4,4,4,4,4,4,4,4,4,4,4,4,4,4,4,4,4,4,4,4,4,4,4,4,4,4,4,4,4,4,4,4,4,4,4,4,4,4,4,4,4,4,4,4,4,4,4,4,4,4,4,4,4,4,4,4,4,4,4,4,4,4,4,4,4,4,4,4,4,4,4,4,4,4,4,4,4,4,4,4,4,4,4,4,4,4,4,4,4,4,4,4,4,4,4,4,4,4,4,4,4,4,4,4,4,4,4,4,4,4,4,4,4,4,4,4,4,4,4,4,4,4,4,4,4,4,4,4,4,4,4,4,4,4,4,4,4,4,4,4,4,4,4,4,4,4,4,4,4,ADAZ01000145.1/28318-28466,1
1506,0,2,0,3,2,1,3,1,0,3,3,1,4,1,0,3,4,1,3,4,1,3,3,0,3,2,3,3,4,1,2,1,1,3,3,4,1,4,4,4,4,4,4,4,4,4,4,4,4,4,4,4,4,4,4,4,3,4,4,4,4,4,4,4,4,4,4,4,4,4,4,4,4,4,4,4,4,4,4,4,2,2,1,1,3,1,0,3,0,0,0,1,3,1,0,4,2,2,0,4,0,3,2,0,3,2,1,0,4,4,4,4,2,0,2,1,1,2,4,4,3,3,3,0,1,2,2,3,2,1,3,3,0,3,1,2,3,1,1,4,0,1,3,2,0,4,1,0,2,0,3,2,3,1,4,4,4,4,4,4,4,4,4,2,1,3,3,0,1,4,4,4,2,1,1,4,4,4,4,4,4,4,4,4,4,4,4,4,4,4,4,4,4,4,4,4,4,4,4,4,4,4,4,4,4,4,4,4,3,4,4,1,0,3,1,0,4,0,0,1,0,1,4,4,1,1,4,3,2,2,0,1,0,1,0,0,1,2,3,3,2,0,4,4,4,4,4,2,3,2,0,0,2,1,0,1,1,1,1,3,3,3,4,4,4,4,4,4,4,4,4,4,4,4,4,4,4,4,4,4,4,4,4,4,4,4,4,4,4,4,4,4,4,4,4,4,4,4,4,4,4,4,4,4,4,4,4,4,4,4,4,4,4,4,4,4,4,4,4,4,4,4,4,4,4,4,4,4,4,4,4,4,4,4,4,4,4,4,4,4,4,4,4,4,4,4,4,4,4,4,4,4,4,4,4,4,4,4,4,4,4,4,4,4,4,4,4,4,4,4,4,4,4,4,4,4,4,4,4,4,4,4,4,4,4,4,4,4,4,4,4,4,4,4,4,4,4,4,4,4,4,4,4,4,4,4,4,4,4,4,4,4,4,4,4,4,4,4,4,4,4,4,4,4,4,4,4,4,4,4,4,4,4,4,4,4,4,4,4,4,4,4,4,4,4,4,4,4,4,4,4,4,4,4,4,4,4,FQ312003.1/4163194-4163342,1
1507,0,2,3,2,2,1,3,1,0,3,3,1,4,0,1,1,4,3,3,4,1,3,3,0,3,2,3,1,4,0,2,1,4,4,4,4,1,1,1,3,3,4,1,2,2,4,4,4,4,4,4,2,0,1,2,1,4,4,4,4,4,4,4,4,4,4,4,4,4,4,4,4,4,4,4,4,4,4,4,4,4,2,1,3,0,1,0,3,0,0,0,1,3,4,3,4,1,2,0,4,0,3,2,0,1,2,1,0,4,4,4,4,1,0,0,4,4,4,4,4,4,4,0,1,0,2,2,3,2,1,1,3,2,1,1,2,3,1,1,0,0,1,3,1,4,4,1,3,2,0,3,0,0,1,0,4,4,4,4,4,4,4,4,2,1,1,3,2,4,4,4,4,2,1,3,4,4,4,4,4,4,4,4,4,4,4,4,4,4,4,4,4,4,4,4,4,4,4,4,4,4,4,4,4,4,4,4,4,3,4,4,3,0,3,1,0,4,2,0,1,0,3,4,4,1,4,4,4,2,2,2,1,2,0,0,0,1,2,3,1,2,0,4,4,4,4,4,2,3,0,0,2,2,1,0,1,1,2,1,1,3,1,4,4,4,4,4,4,4,4,4,4,4,4,4,4,4,4,4,4,4,4,4,4,4,4,4,4,4,4,4,4,4,4,4,4,4,4,4,4,4,4,4,4,4,4,4,4,4,4,4,4,4,4,4,4,4,4,4,4,4,4,4,4,4,4,4,4,4,4,4,4,4,4,4,4,4,4,4,4,4,4,4,4,4,4,4,4,4,4,4,4,4,4,4,4,4,4,4,4,4,4,4,4,4,4,4,4,4,4,4,4,4,4,4,4,4,4,4,4,4,4,4,4,4,4,4,4,4,4,4,4,4,4,4,4,4,4,4,4,4,4,4,4,4,4,4,4,4,4,4,4,4,4,4,4,4,4,4,4,4,4,4,4,4,4,4,4,4,4,4,4,4,4,4,4,4,4,4,4,4,4,4,4,4,4,4,4,4,4,4,4,4,4,4,4,4,AP006725.1/3967963-3967816,1
1508,0,2,3,2,2,1,3,1,0,3,3,1,4,0,1,1,4,2,0,4,1,3,3,0,3,2,3,1,4,0,2,1,4,4,4,4,1,1,1,3,3,4,1,2,2,4,4,4,4,4,4,2,0,1,2,3,4,4,4,4,4,4,4,4,4,4,4,4,4,4,4,4,4,4,4,4,4,4,4,4,4,2,1,3,0,1,0,3,0,0,0,0,3,4,3,4,1,2,0,4,0,3,2,0,1,2,1,0,4,4,4,4,1,0,0,4,4,4,4,4,4,4,1,0,0,2,2,3,2,1,1,3,2,1,1,2,3,1,1,0,0,1,3,3,4,4,1,3,2,0,3,0,3,1,0,4,4,4,4,4,4,4,4,2,1,2,3,0,4,4,4,4,2,1,3,4,4,4,4,4,4,4,4,4,4,4,4,4,4,4,4,4,4,4,4,4,4,4,4,4,4,4,4,4,4,4,4,4,0,4,4,3,0,3,1,0,4,0,1,1,0,3,4,4,1,4,4,4,2,2,2,1,2,0,0,0,1,2,3,1,2,0,4,4,4,4,4,2,3,3,0,2,2,1,0,1,1,2,1,1,3,3,4,4,4,4,4,4,4,4,4,4,4,4,4,4,4,4,4,4,4,4,4,4,4,4,4,4,4,4,4,4,4,4,4,4,4,4,4,4,4,4,4,4,4,4,4,4,4,4,4,4,4,4,4,4,4,4,4,4,4,4,4,4,4,4,4,4,4,4,4,4,4,4,4,4,4,4,4,4,4,4,4,4,4,4,4,4,4,4,4,4,4,4,4,4,4,4,4,4,4,4,4,4,4,4,4,4,4,4,4,4,4,4,4,4,4,4,4,4,4,4,4,4,4,4,4,4,4,4,4,4,4,4,4,4,4,4,4,4,4,4,4,4,4,4,4,4,4,4,4,4,4,4,4,4,4,4,4,4,4,4,4,4,4,4,4,4,4,4,4,4,4,4,4,4,4,4,4,4,4,4,4,4,4,4,4,4,4,4,4,4,4,4,4,4,4,ADTS01000118.1/28665-28518,1
1509,0,2,3,2,2,1,3,1,0,3,3,1,4,0,1,1,4,2,0,4,1,3,3,0,3,2,3,1,4,0,2,1,4,4,4,4,1,1,1,3,3,4,1,2,2,4,4,4,4,4,4,2,0,1,2,3,4,4,4,4,4,4,4,4,4,4,4,4,4,4,4,4,4,4,4,4,4,4,4,4,4,2,1,3,0,1,0,3,0,0,0,0,3,4,3,4,1,2,0,4,0,3,2,0,1,2,1,0,4,4,4,4,1,0,0,4,4,4,4,4,4,4,1,0,0,2,2,3,2,1,1,3,2,1,1,2,3,1,1,0,0,1,3,3,4,4,1,3,2,0,3,0,3,1,0,4,4,4,4,4,4,4,4,2,1,2,3,0,4,4,4,4,2,1,3,4,4,4,4,4,4,4,4,4,4,4,4,4,4,4,4,4,4,4,4,4,4,4,4,4,4,4,4,4,4,4,4,4,0,4,4,3,0,3,1,0,4,0,1,1,0,3,4,4,1,4,4,4,2,2,2,1,2,0,0,0,1,2,3,1,2,0,4,4,4,4,4,2,3,3,0,2,2,1,0,1,1,2,1,1,3,3,4,4,4,4,4,4,4,4,4,4,4,4,4,4,4,4,4,4,4,4,4,4,4,4,4,4,4,4,4,4,4,4,4,4,4,4,4,4,4,4,4,4,4,4,4,4,4,4,4,4,4,4,4,4,4,4,4,4,4,4,4,4,4,4,4,4,4,4,4,4,4,4,4,4,4,4,4,4,4,4,4,4,4,4,4,4,4,4,4,4,4,4,4,4,4,4,4,4,4,4,4,4,4,4,4,4,4,4,4,4,4,4,4,4,4,4,4,4,4,4,4,4,4,4,4,4,4,4,4,4,4,4,4,4,4,4,4,4,4,4,4,4,4,4,4,4,4,4,4,4,4,4,4,4,4,4,4,4,4,4,4,4,4,4,4,4,4,4,4,4,4,4,4,4,4,4,4,4,4,4,4,4,4,4,4,4,4,4,4,4,4,4,4,4,4,AEZV01000127.1/238947-238800,1
1510,0,2,3,2,2,1,3,1,0,3,3,1,4,0,1,1,4,2,0,4,1,3,3,0,3,2,3,1,4,0,2,1,4,4,4,4,1,1,1,3,3,4,1,2,2,4,4,4,4,4,4,2,0,1,2,3,4,4,4,4,4,4,4,4,4,4,4,4,4,4,4,4,4,4,4,4,4,4,4,4,4,2,1,3,0,1,0,3,0,0,0,0,3,4,3,4,1,2,0,4,0,3,2,0,1,2,1,0,4,4,4,4,1,0,0,4,4,4,4,4,4,4,1,0,0,2,2,3,2,1,1,3,2,1,1,2,3,1,1,0,0,1,3,3,4,4,1,3,2,0,3,0,3,1,0,4,4,4,4,4,4,4,4,2,1,2,3,0,4,4,4,4,2,1,3,4,4,4,4,4,4,4,4,4,4,4,4,4,4,4,4,4,4,4,4,4,4,4,4,4,4,4,4,4,4,4,4,4,0,4,4,3,0,3,1,0,4,0,1,1,0,3,4,4,1,4,4,4,2,2,2,1,2,0,0,0,1,2,3,1,2,0,4,4,4,4,4,2,3,3,0,2,2,1,0,1,1,2,1,1,3,3,4,4,4,4,4,4,4,4,4,4,4,4,4,4,4,4,4,4,4,4,4,4,4,4,4,4,4,4,4,4,4,4,4,4,4,4,4,4,4,4,4,4,4,4,4,4,4,4,4,4,4,4,4,4,4,4,4,4,4,4,4,4,4,4,4,4,4,4,4,4,4,4,4,4,4,4,4,4,4,4,4,4,4,4,4,4,4,4,4,4,4,4,4,4,4,4,4,4,4,4,4,4,4,4,4,4,4,4,4,4,4,4,4,4,4,4,4,4,4,4,4,4,4,4,4,4,4,4,4,4,4,4,4,4,4,4,4,4,4,4,4,4,4,4,4,4,4,4,4,4,4,4,4,4,4,4,4,4,4,4,4,4,4,4,4,4,4,4,4,4,4,4,4,4,4,4,4,4,4,4,4,4,4,4,4,4,4,4,4,4,4,4,4,4,4,CP000266.1/2671898-2671751,1
1511,0,2,0,3,2,1,3,1,0,3,3,1,4,1,0,3,4,1,3,4,1,3,3,0,3,2,3,3,4,1,2,1,1,3,4,4,4,4,4,4,4,4,4,4,4,4,4,4,4,4,4,4,4,4,4,4,3,0,4,4,4,4,4,4,4,4,4,4,4,4,4,4,4,4,4,4,4,4,4,2,3,2,1,1,3,1,0,3,0,0,0,1,3,1,1,4,2,2,0,4,0,3,2,0,1,2,1,0,4,4,4,4,2,0,2,1,1,2,4,4,3,3,3,0,1,2,2,3,2,1,3,3,0,3,1,2,3,1,1,4,0,1,3,2,0,4,1,0,2,0,3,2,3,1,4,4,4,4,4,4,4,4,4,2,1,3,3,0,3,4,4,4,2,1,1,4,4,4,4,4,4,4,4,4,4,4,4,4,4,4,4,4,4,4,4,4,4,4,4,4,4,4,4,4,4,4,4,4,3,4,4,1,0,3,1,0,4,2,0,1,0,1,4,4,1,0,4,3,2,2,0,1,0,1,0,0,1,2,3,3,2,0,4,4,4,4,4,2,3,2,0,0,2,1,0,1,1,1,0,1,3,3,4,4,4,4,4,4,4,4,4,4,4,4,4,4,4,4,4,4,4,4,4,4,4,4,4,4,4,4,4,4,4,4,4,4,4,4,4,4,4,4,4,4,4,4,4,4,4,4,4,4,4,4,4,4,4,4,4,4,4,4,4,4,4,4,4,4,4,4,4,4,4,4,4,4,4,4,4,4,4,4,4,4,4,4,4,4,4,4,4,4,4,4,4,4,4,4,4,4,4,4,4,4,4,4,4,4,4,4,4,4,4,4,4,4,4,4,4,4,4,4,4,4,4,4,4,4,4,4,4,4,4,4,4,4,4,4,4,4,4,4,4,4,4,4,4,4,4,4,4,4,4,4,4,4,4,4,4,4,4,4,4,4,4,4,4,4,4,4,4,4,4,4,4,4,4,4,4,4,4,4,4,4,4,4,4,4,4,4,4,4,4,4,4,4,4,ADUE01000103.1/200-52,1
1512,0,2,0,3,2,1,3,1,0,3,3,1,4,1,0,3,4,1,3,4,1,3,3,0,3,2,3,3,4,1,2,1,1,3,4,4,4,4,4,4,4,4,4,4,4,4,4,4,4,4,4,4,4,4,4,4,3,0,4,4,4,4,4,4,4,4,4,4,4,4,4,4,4,4,4,4,4,4,4,2,3,2,1,1,3,1,0,3,0,0,0,1,3,1,1,4,2,2,0,4,0,3,2,0,1,2,1,0,4,4,4,4,2,0,2,1,1,2,4,4,3,3,3,0,1,2,2,3,2,1,3,3,0,3,1,2,3,1,1,4,0,1,3,2,0,4,1,0,2,0,3,2,3,1,4,4,4,4,4,4,4,4,4,2,1,3,3,0,3,4,4,4,2,1,1,4,4,4,4,4,4,4,4,4,4,4,4,4,4,4,4,4,4,4,4,4,4,4,4,4,4,4,4,4,4,4,4,4,3,4,4,1,0,3,1,0,4,2,0,1,0,1,4,4,1,0,4,3,2,2,0,1,0,1,0,0,1,2,3,3,2,0,4,4,4,4,4,2,3,2,0,0,2,1,0,1,1,1,0,1,3,3,4,4,4,4,4,4,4,4,4,4,4,4,4,4,4,4,4,4,4,4,4,4,4,4,4,4,4,4,4,4,4,4,4,4,4,4,4,4,4,4,4,4,4,4,4,4,4,4,4,4,4,4,4,4,4,4,4,4,4,4,4,4,4,4,4,4,4,4,4,4,4,4,4,4,4,4,4,4,4,4,4,4,4,4,4,4,4,4,4,4,4,4,4,4,4,4,4,4,4,4,4,4,4,4,4,4,4,4,4,4,4,4,4,4,4,4,4,4,4,4,4,4,4,4,4,4,4,4,4,4,4,4,4,4,4,4,4,4,4,4,4,4,4,4,4,4,4,4,4,4,4,4,4,4,4,4,4,4,4,4,4,4,4,4,4,4,4,4,4,4,4,4,4,4,4,4,4,4,4,4,4,4,4,4,4,4,4,4,4,4,4,4,4,4,4,AAKB02000001.1/1987262-1987114,1
1513,0,2,3,3,2,1,3,1,0,3,3,1,4,0,1,1,4,3,3,4,3,3,3,0,3,2,0,3,4,0,2,1,1,1,1,2,1,0,0,3,3,4,0,0,2,1,2,2,0,3,4,2,0,3,2,1,4,4,4,4,4,4,4,4,4,4,4,4,4,4,4,4,4,4,4,4,4,4,4,4,4,2,1,3,3,1,0,3,0,0,2,1,1,3,1,4,1,2,0,4,0,3,2,0,3,2,1,1,4,4,4,4,3,0,0,2,4,4,4,4,4,4,0,1,3,2,2,3,2,1,1,3,0,3,1,2,3,1,1,0,1,1,3,0,0,0,1,1,2,0,1,0,3,3,2,3,2,3,4,4,4,4,4,2,0,0,0,2,1,4,4,4,0,1,0,4,4,4,4,4,4,4,4,4,4,4,4,4,4,4,4,4,4,4,4,4,4,4,4,4,4,4,4,4,4,4,4,4,3,4,4,3,0,3,1,0,4,0,0,1,0,3,4,4,1,4,4,4,2,2,0,1,2,0,1,0,1,2,3,3,2,0,4,4,4,4,4,2,3,2,0,2,2,1,0,1,1,2,1,1,3,0,4,4,4,4,4,4,4,4,4,4,4,4,4,4,4,4,4,4,4,4,4,4,4,4,4,4,4,4,4,4,4,4,4,4,4,4,4,4,4,4,4,4,4,4,4,4,4,4,4,4,4,4,4,4,4,4,4,4,4,4,4,4,4,4,4,4,4,4,4,4,4,4,4,4,4,4,4,4,4,4,4,4,4,4,4,4,4,4,4,4,4,4,4,4,4,4,4,4,4,4,4,4,4,4,4,4,4,4,4,4,4,4,4,4,4,4,4,4,4,4,4,4,4,4,4,4,4,4,4,4,4,4,4,4,4,4,4,4,4,4,4,4,4,4,4,4,4,4,4,4,4,4,4,4,4,4,4,4,4,4,4,4,4,4,4,4,4,4,4,4,4,4,4,4,4,4,4,4,4,4,4,4,4,4,4,4,4,4,4,4,4,4,4,4,4,AAYU01000004.1/224117-224281,1
1514,0,2,3,2,2,1,3,1,0,3,3,1,4,0,1,1,4,3,3,4,1,3,3,0,3,2,3,1,4,0,2,1,4,4,4,4,1,1,1,3,3,4,0,2,2,4,4,4,4,4,4,2,0,1,2,1,4,4,4,4,4,4,4,4,4,4,4,4,4,4,4,4,4,4,4,4,4,4,4,4,4,2,1,3,0,1,0,3,0,0,0,1,3,4,3,4,1,2,0,4,0,3,2,0,1,2,1,0,4,4,4,4,1,0,0,4,4,4,4,4,4,4,1,0,0,2,2,3,2,1,1,3,2,1,1,2,3,1,1,0,0,1,3,3,4,4,1,3,2,0,3,0,0,3,0,4,4,4,4,4,4,4,4,2,1,2,3,0,4,4,4,4,2,1,3,4,4,4,4,4,4,4,4,4,4,4,4,4,4,4,4,4,4,4,4,4,4,4,4,4,4,4,4,4,4,4,4,4,3,4,4,3,0,3,1,0,4,0,1,1,3,1,4,4,1,4,4,4,2,2,2,1,2,0,0,0,1,2,3,1,2,0,4,4,4,4,4,2,3,3,0,2,2,1,0,1,1,2,1,1,3,3,4,4,4,4,4,4,4,4,4,4,4,4,4,4,4,4,4,4,4,4,4,4,4,4,4,4,4,4,4,4,4,4,4,4,4,4,4,4,4,4,4,4,4,4,4,4,4,4,4,4,4,4,4,4,4,4,4,4,4,4,4,4,4,4,4,4,4,4,4,4,4,4,4,4,4,4,4,4,4,4,4,4,4,4,4,4,4,4,4,4,4,4,4,4,4,4,4,4,4,4,4,4,4,4,4,4,4,4,4,4,4,4,4,4,4,4,4,4,4,4,4,4,4,4,4,4,4,4,4,4,4,4,4,4,4,4,4,4,4,4,4,4,4,4,4,4,4,4,4,4,4,4,4,4,4,4,4,4,4,4,4,4,4,4,4,4,4,4,4,4,4,4,4,4,4,4,4,4,4,4,4,4,4,4,4,4,4,4,4,4,4,4,4,4,4,AEJH01000003.1/360888-360741,1
1515,0,2,3,2,2,1,3,1,0,3,3,1,4,0,1,1,4,2,0,4,1,3,3,0,3,2,3,1,4,0,2,1,4,4,4,4,1,1,1,3,3,4,1,2,2,4,4,4,4,4,4,2,0,1,2,3,4,4,4,4,4,4,4,4,4,4,4,4,4,4,4,4,4,4,4,4,4,4,4,4,4,2,1,3,0,1,0,3,0,0,0,0,3,4,3,4,1,2,0,4,0,3,2,0,1,2,1,0,4,4,4,4,1,0,0,4,4,4,4,4,4,4,1,0,0,2,2,3,2,1,1,3,2,1,1,2,3,1,1,0,0,1,3,3,4,4,1,3,2,0,3,0,3,1,0,4,4,4,4,4,4,4,4,2,1,2,3,0,4,4,4,4,2,1,3,4,4,4,4,4,4,4,4,4,4,4,4,4,4,4,4,4,4,4,4,4,4,4,4,4,4,4,4,4,4,4,4,4,0,4,4,3,0,3,1,0,4,0,1,1,0,3,4,4,1,4,4,4,2,2,2,1,2,0,0,0,1,2,3,1,2,0,4,4,4,4,4,2,3,3,0,2,2,1,0,1,1,2,1,1,3,3,4,4,4,4,4,4,4,4,4,4,4,4,4,4,4,4,4,4,4,4,4,4,4,4,4,4,4,4,4,4,4,4,4,4,4,4,4,4,4,4,4,4,4,4,4,4,4,4,4,4,4,4,4,4,4,4,4,4,4,4,4,4,4,4,4,4,4,4,4,4,4,4,4,4,4,4,4,4,4,4,4,4,4,4,4,4,4,4,4,4,4,4,4,4,4,4,4,4,4,4,4,4,4,4,4,4,4,4,4,4,4,4,4,4,4,4,4,4,4,4,4,4,4,4,4,4,4,4,4,4,4,4,4,4,4,4,4,4,4,4,4,4,4,4,4,4,4,4,4,4,4,4,4,4,4,4,4,4,4,4,4,4,4,4,4,4,4,4,4,4,4,4,4,4,4,4,4,4,4,4,4,4,4,4,4,4,4,4,4,4,4,4,4,4,4,AERU01000022.1/458451-458304,1
1516,0,2,3,2,2,1,3,1,0,3,3,1,4,0,1,1,4,2,0,4,1,3,3,0,3,2,3,1,4,0,2,1,4,4,4,4,1,1,1,3,3,4,1,2,2,4,4,4,4,4,4,2,0,1,2,3,4,4,4,4,4,4,4,4,4,4,4,4,4,4,4,4,4,4,4,4,4,4,4,4,4,2,1,3,0,1,0,3,0,0,0,0,3,4,0,4,1,2,0,4,0,3,2,0,1,2,1,0,4,4,4,4,1,0,0,4,4,4,4,4,4,4,1,0,0,2,2,3,2,1,1,3,2,1,1,2,3,1,1,0,0,1,3,3,4,4,1,3,2,0,3,0,3,1,0,4,4,4,4,4,4,4,4,2,1,2,3,0,4,4,4,4,2,1,3,4,4,4,4,4,4,4,4,4,4,4,4,4,4,4,4,4,4,4,4,4,4,4,4,4,4,4,4,4,4,4,4,4,0,4,4,3,0,3,1,0,4,0,1,1,0,3,4,4,1,4,4,4,2,2,2,1,2,0,0,0,1,2,3,1,2,0,4,4,4,4,4,2,3,3,0,2,2,1,0,1,1,2,1,1,3,3,4,4,4,4,4,4,4,4,4,4,4,4,4,4,4,4,4,4,4,4,4,4,4,4,4,4,4,4,4,4,4,4,4,4,4,4,4,4,4,4,4,4,4,4,4,4,4,4,4,4,4,4,4,4,4,4,4,4,4,4,4,4,4,4,4,4,4,4,4,4,4,4,4,4,4,4,4,4,4,4,4,4,4,4,4,4,4,4,4,4,4,4,4,4,4,4,4,4,4,4,4,4,4,4,4,4,4,4,4,4,4,4,4,4,4,4,4,4,4,4,4,4,4,4,4,4,4,4,4,4,4,4,4,4,4,4,4,4,4,4,4,4,4,4,4,4,4,4,4,4,4,4,4,4,4,4,4,4,4,4,4,4,4,4,4,4,4,4,4,4,4,4,4,4,4,4,4,4,4,4,4,4,4,4,4,4,4,4,4,4,4,4,4,4,4,AEFE01000025.1/176126-175979,1
1517,0,2,3,2,2,1,3,1,0,3,3,1,4,0,1,1,4,2,0,4,1,3,3,0,3,2,3,1,4,0,2,1,4,4,4,4,1,1,1,3,3,4,1,2,2,4,4,4,4,4,4,2,0,1,2,3,4,4,4,4,4,4,4,4,4,4,4,4,4,4,4,4,4,4,4,4,4,4,4,4,4,2,1,3,0,1,0,3,0,0,0,0,3,4,3,4,1,2,0,4,0,3,2,0,1,2,1,0,4,4,4,4,1,0,0,4,4,4,4,4,4,4,1,0,0,2,2,3,2,1,1,3,2,1,1,2,3,1,1,0,0,1,3,3,4,4,1,3,2,0,3,0,3,1,0,4,4,4,4,4,4,4,4,2,1,2,3,0,4,4,4,4,2,1,3,4,4,4,4,4,4,4,4,4,4,4,4,4,4,4,4,4,4,4,4,4,4,4,4,4,4,4,4,4,4,4,4,4,0,4,4,3,0,3,1,0,4,0,1,1,0,3,4,4,1,4,4,4,2,2,2,1,2,0,0,0,1,2,3,1,2,0,4,4,4,4,4,2,3,3,0,2,2,1,0,1,1,2,1,1,3,3,4,4,4,4,4,4,4,4,4,4,4,4,4,4,4,4,4,4,4,4,4,4,4,4,4,4,4,4,4,4,4,4,4,4,4,4,4,4,4,4,4,4,4,4,4,4,4,4,4,4,4,4,4,4,4,4,4,4,4,4,4,4,4,4,4,4,4,4,4,4,4,4,4,4,4,4,4,4,4,4,4,4,4,4,4,4,4,4,4,4,4,4,4,4,4,4,4,4,4,4,4,4,4,4,4,4,4,4,4,4,4,4,4,4,4,4,4,4,4,4,4,4,4,4,4,4,4,4,4,4,4,4,4,4,4,4,4,4,4,4,4,4,4,4,4,4,4,4,4,4,4,4,4,4,4,4,4,4,4,4,4,4,4,4,4,4,4,4,4,4,4,4,4,4,4,4,4,4,4,4,4,4,4,4,4,4,4,4,4,4,4,4,4,4,4,AP010958.1/3135362-3135215,1
1518,0,2,0,3,2,1,3,1,0,3,3,1,4,1,0,3,4,1,3,4,1,3,3,0,3,2,3,3,4,1,2,1,1,3,3,4,1,4,4,4,4,4,4,4,4,4,4,4,4,4,4,4,4,4,4,4,3,4,4,4,4,4,4,4,4,4,4,4,4,4,4,4,4,4,4,4,4,4,4,4,2,2,1,1,3,1,0,3,0,0,0,1,3,1,0,4,2,2,0,4,0,3,2,0,3,2,1,0,4,4,4,4,2,0,2,1,1,2,4,4,3,3,3,0,1,2,2,3,2,1,3,3,0,3,1,2,3,1,1,4,0,1,3,2,0,4,1,0,2,0,3,2,3,1,4,4,4,4,4,4,4,4,4,2,1,3,3,0,1,4,4,4,2,1,1,4,4,4,4,4,4,4,4,4,4,4,4,4,4,4,4,4,4,4,4,4,4,4,4,4,4,4,4,4,4,4,4,4,3,4,4,1,0,3,1,0,4,0,0,1,0,1,4,4,1,1,4,3,2,2,0,1,0,1,0,0,1,2,3,3,2,0,4,4,4,4,4,2,3,2,0,0,2,1,0,1,1,1,1,3,3,3,4,4,4,4,4,4,4,4,4,4,4,4,4,4,4,4,4,4,4,4,4,4,4,4,4,4,4,4,4,4,4,4,4,4,4,4,4,4,4,4,4,4,4,4,4,4,4,4,4,4,4,4,4,4,4,4,4,4,4,4,4,4,4,4,4,4,4,4,4,4,4,4,4,4,4,4,4,4,4,4,4,4,4,4,4,4,4,4,4,4,4,4,4,4,4,4,4,4,4,4,4,4,4,4,4,4,4,4,4,4,4,4,4,4,4,4,4,4,4,4,4,4,4,4,4,4,4,4,4,4,4,4,4,4,4,4,4,4,4,4,4,4,4,4,4,4,4,4,4,4,4,4,4,4,4,4,4,4,4,4,4,4,4,4,4,4,4,4,4,4,4,4,4,4,4,4,4,4,4,4,4,4,4,4,4,4,4,4,4,4,4,4,4,4,4,ABEL01000016.1/229-377,1
1519,0,2,3,2,2,1,3,1,0,3,3,1,4,0,1,1,4,3,3,4,1,3,3,0,3,2,3,1,4,0,2,1,4,4,4,4,1,1,1,3,3,4,0,2,2,4,4,4,4,4,4,2,0,1,2,1,4,4,4,4,4,4,4,4,4,4,4,4,4,4,4,4,4,4,4,4,4,4,4,4,4,2,1,3,0,1,0,3,0,0,0,1,3,4,3,4,1,2,0,4,0,3,2,0,1,2,1,0,4,4,4,4,1,0,0,4,4,4,4,4,4,4,1,0,0,2,2,3,2,1,1,3,2,1,1,2,3,1,1,0,0,1,3,3,4,4,1,3,2,0,3,0,0,3,0,4,4,4,4,4,4,4,4,2,1,2,3,0,4,4,4,4,2,1,3,4,4,4,4,4,4,4,4,4,4,4,4,4,4,4,4,4,4,4,4,4,4,4,4,4,4,4,4,4,4,4,4,4,3,4,4,3,0,3,1,0,4,0,1,1,3,1,4,4,1,4,4,4,2,2,2,1,2,0,0,0,1,2,3,1,2,0,4,4,4,4,4,2,3,3,0,2,2,1,0,1,1,2,1,1,3,3,4,4,4,4,4,4,4,4,4,4,4,4,4,4,4,4,4,4,4,4,4,4,4,4,4,4,4,4,4,4,4,4,4,4,4,4,4,4,4,4,4,4,4,4,4,4,4,4,4,4,4,4,4,4,4,4,4,4,4,4,4,4,4,4,4,4,4,4,4,4,4,4,4,4,4,4,4,4,4,4,4,4,4,4,4,4,4,4,4,4,4,4,4,4,4,4,4,4,4,4,4,4,4,4,4,4,4,4,4,4,4,4,4,4,4,4,4,4,4,4,4,4,4,4,4,4,4,4,4,4,4,4,4,4,4,4,4,4,4,4,4,4,4,4,4,4,4,4,4,4,4,4,4,4,4,4,4,4,4,4,4,4,4,4,4,4,4,4,4,4,4,4,4,4,4,4,4,4,4,4,4,4,4,4,4,4,4,4,4,4,4,4,4,4,4,ABAN01000002.1/51521-51668,1
1520,0,2,0,3,2,1,3,1,0,3,3,1,4,1,0,1,4,1,3,4,3,1,3,0,3,2,3,3,4,3,2,1,3,3,4,4,4,4,4,4,4,4,4,4,4,4,4,4,4,4,4,4,4,4,4,4,1,4,4,4,4,4,4,4,4,4,4,4,4,4,4,4,4,4,4,4,4,4,4,4,2,2,1,3,3,1,0,3,0,0,3,1,1,3,2,4,2,2,0,4,0,3,2,0,1,2,1,0,4,4,4,4,2,0,2,1,1,0,4,0,3,3,3,2,0,2,2,3,2,1,1,3,0,3,1,2,3,1,1,0,0,1,3,1,4,4,1,0,2,0,3,2,0,0,4,2,0,3,4,4,4,4,4,2,1,0,0,0,4,4,4,4,3,1,3,4,4,4,4,4,4,4,4,4,4,4,4,4,4,4,4,4,4,4,4,4,4,4,4,4,4,4,4,4,4,4,4,4,1,4,4,1,0,3,1,2,4,2,2,1,1,3,3,1,1,4,4,4,2,2,0,1,0,3,0,0,1,2,3,3,2,0,4,4,4,4,4,2,3,2,0,2,2,1,0,1,1,0,3,3,1,3,4,4,4,4,4,4,4,4,4,4,4,4,4,4,4,4,4,4,4,4,4,4,4,4,4,4,4,4,4,4,4,4,4,4,4,4,4,4,4,4,4,4,4,4,4,4,4,4,4,4,4,4,4,4,4,4,4,4,4,4,4,4,4,4,4,4,4,4,4,4,4,4,4,4,4,4,4,4,4,4,4,4,4,4,4,4,4,4,4,4,4,4,4,4,4,4,4,4,4,4,4,4,4,4,4,4,4,4,4,4,4,4,4,4,4,4,4,4,4,4,4,4,4,4,4,4,4,4,4,4,4,4,4,4,4,4,4,4,4,4,4,4,4,4,4,4,4,4,4,4,4,4,4,4,4,4,4,4,4,4,4,4,4,4,4,4,4,4,4,4,4,4,4,4,4,4,4,4,4,4,4,4,4,4,4,4,4,4,4,4,4,4,4,4,4,ABVY01000001.1/37472-37323,1
1521,0,2,3,2,2,1,3,1,0,3,3,1,4,0,1,1,4,2,0,4,1,3,3,0,3,2,3,1,4,0,2,1,4,4,4,4,1,1,1,3,3,4,1,2,2,4,4,4,4,4,4,2,0,1,2,3,4,4,4,4,4,4,4,4,4,4,4,4,4,4,4,4,4,4,4,4,4,4,4,4,4,2,1,3,0,1,0,3,0,0,0,0,3,4,3,4,1,2,0,4,0,3,2,0,1,2,1,0,4,4,4,4,1,0,0,4,4,4,4,4,4,4,1,0,0,2,2,3,2,1,1,3,2,1,1,2,3,1,1,0,0,1,3,3,4,4,1,3,2,0,3,0,3,1,0,4,4,4,4,4,4,4,4,2,1,2,3,0,4,4,4,4,2,1,3,4,4,4,4,4,4,4,4,4,4,4,4,4,4,4,4,4,4,4,4,4,4,4,4,4,4,4,4,4,4,4,4,4,0,4,4,3,0,3,1,0,4,0,1,1,0,3,4,4,1,4,4,4,2,2,2,1,2,0,0,0,1,2,3,1,2,0,4,4,4,4,4,2,3,3,0,2,2,1,0,1,1,2,1,1,3,3,4,4,4,4,4,4,4,4,4,4,4,4,4,4,4,4,4,4,4,4,4,4,4,4,4,4,4,4,4,4,4,4,4,4,4,4,4,4,4,4,4,4,4,4,4,4,4,4,4,4,4,4,4,4,4,4,4,4,4,4,4,4,4,4,4,4,4,4,4,4,4,4,4,4,4,4,4,4,4,4,4,4,4,4,4,4,4,4,4,4,4,4,4,4,4,4,4,4,4,4,4,4,4,4,4,4,4,4,4,4,4,4,4,4,4,4,4,4,4,4,4,4,4,4,4,4,4,4,4,4,4,4,4,4,4,4,4,4,4,4,4,4,4,4,4,4,4,4,4,4,4,4,4,4,4,4,4,4,4,4,4,4,4,4,4,4,4,4,4,4,4,4,4,4,4,4,4,4,4,4,4,4,4,4,4,4,4,4,4,4,4,4,4,4,4,CADZ01000058.1/37733-37880,1
1522,0,2,0,3,0,1,3,1,0,3,3,1,4,1,0,3,4,1,3,4,1,3,3,0,3,2,3,3,4,1,2,1,1,3,4,4,4,4,4,4,4,4,4,4,4,4,4,4,4,4,4,4,4,4,4,4,3,0,4,4,4,4,4,4,4,4,4,4,4,4,4,4,4,4,4,4,4,4,4,2,3,2,1,1,3,1,0,3,0,0,0,1,3,1,1,4,2,2,0,4,0,3,2,0,1,2,1,0,4,4,4,4,2,0,2,1,1,2,4,4,3,3,3,0,1,2,2,3,2,1,3,3,0,3,1,2,3,1,1,4,0,1,3,2,0,4,1,0,2,0,3,2,3,1,4,4,4,4,4,4,4,4,4,2,1,3,3,0,3,4,4,4,2,1,1,4,4,4,4,4,4,4,4,4,4,4,4,4,4,4,4,4,4,4,4,4,4,4,4,4,4,4,4,4,4,4,4,4,3,4,4,1,0,3,1,0,4,2,0,1,0,1,4,4,1,0,4,3,2,2,0,1,0,1,0,0,1,2,3,3,2,0,4,4,4,4,4,2,3,2,0,0,2,1,0,1,1,1,0,1,3,3,4,4,4,4,4,4,4,4,4,4,4,4,4,4,4,4,4,4,4,4,4,4,4,4,4,4,4,4,4,4,4,4,4,4,4,4,4,4,4,4,4,4,4,4,4,4,4,4,4,4,4,4,4,4,4,4,4,4,4,4,4,4,4,4,4,4,4,4,4,4,4,4,4,4,4,4,4,4,4,4,4,4,4,4,4,4,4,4,4,4,4,4,4,4,4,4,4,4,4,4,4,4,4,4,4,4,4,4,4,4,4,4,4,4,4,4,4,4,4,4,4,4,4,4,4,4,4,4,4,4,4,4,4,4,4,4,4,4,4,4,4,4,4,4,4,4,4,4,4,4,4,4,4,4,4,4,4,4,4,4,4,4,4,4,4,4,4,4,4,4,4,4,4,4,4,4,4,4,4,4,4,4,4,4,4,4,4,4,4,4,4,4,4,4,4,AETY01000097.1/39961-40109,1
1523,0,2,3,2,2,1,3,1,0,3,3,1,4,0,1,1,4,2,0,4,1,3,3,0,3,2,3,1,4,0,2,1,4,4,4,4,1,1,1,3,3,4,1,2,2,4,4,4,4,4,4,2,0,1,2,3,4,4,4,4,4,4,4,4,4,4,4,4,4,4,4,4,4,4,4,4,4,4,4,4,4,2,1,3,0,1,0,3,0,0,0,0,3,4,3,4,1,2,0,4,0,3,2,0,1,2,1,0,4,4,4,4,1,0,0,4,4,4,4,4,4,4,1,0,0,2,2,3,2,1,1,3,2,1,1,2,3,1,1,0,0,1,3,3,4,4,1,3,2,0,3,0,3,1,0,4,4,4,4,4,4,4,4,2,1,2,3,0,4,4,4,4,2,1,3,4,4,4,4,4,4,4,4,4,4,4,4,4,4,4,4,4,4,4,4,4,4,4,4,4,4,4,4,4,4,4,4,4,0,4,4,3,0,3,1,0,4,0,1,1,0,3,4,4,1,4,4,4,2,2,2,1,2,0,0,0,1,2,3,1,2,0,4,4,4,4,4,2,3,3,0,2,2,1,0,1,1,2,1,1,3,3,4,4,4,4,4,4,4,4,4,4,4,4,4,4,4,4,4,4,4,4,4,4,4,4,4,4,4,4,4,4,4,4,4,4,4,4,4,4,4,4,4,4,4,4,4,4,4,4,4,4,4,4,4,4,4,4,4,4,4,4,4,4,4,4,4,4,4,4,4,4,4,4,4,4,4,4,4,4,4,4,4,4,4,4,4,4,4,4,4,4,4,4,4,4,4,4,4,4,4,4,4,4,4,4,4,4,4,4,4,4,4,4,4,4,4,4,4,4,4,4,4,4,4,4,4,4,4,4,4,4,4,4,4,4,4,4,4,4,4,4,4,4,4,4,4,4,4,4,4,4,4,4,4,4,4,4,4,4,4,4,4,4,4,4,4,4,4,4,4,4,4,4,4,4,4,4,4,4,4,4,4,4,4,4,4,4,4,4,4,4,4,4,4,4,4,AFPN02000010.1/168001-167854,1
1524,0,2,3,2,2,1,3,1,0,3,3,1,4,0,1,1,4,3,3,4,1,3,3,0,3,2,3,1,4,0,2,1,4,4,4,4,1,1,1,3,3,4,1,2,2,4,4,4,4,4,4,2,0,0,2,1,4,4,4,4,4,4,4,4,4,4,4,4,4,4,4,4,4,4,4,4,4,4,4,4,4,2,1,3,0,1,0,3,0,0,0,1,3,4,3,4,1,2,0,4,0,3,2,0,1,2,1,0,4,4,4,4,1,0,0,4,4,4,4,4,4,4,0,1,0,2,2,3,2,1,1,3,2,1,1,2,3,1,1,0,0,1,3,1,4,4,1,3,2,0,3,0,0,1,0,4,4,4,4,4,4,4,4,2,1,3,1,3,4,4,4,4,2,1,3,4,4,4,4,4,4,4,4,4,4,4,4,4,4,4,4,4,4,4,4,4,4,4,4,4,4,4,4,4,4,4,4,4,3,4,4,3,0,3,1,0,4,2,3,1,0,3,4,4,1,4,4,4,2,2,2,1,2,0,0,0,1,2,3,1,2,0,4,4,4,4,4,2,3,0,0,2,2,1,0,1,1,2,1,1,3,1,4,4,4,4,4,4,4,4,4,4,4,4,4,4,4,4,4,4,4,4,4,4,4,4,4,4,4,4,4,4,4,4,4,4,4,4,4,4,4,4,4,4,4,4,4,4,4,4,4,4,4,4,4,4,4,4,4,4,4,4,4,4,4,4,4,4,4,4,4,4,4,4,4,4,4,4,4,4,4,4,4,4,4,4,4,4,4,4,4,4,4,4,4,4,4,4,4,4,4,4,4,4,4,4,4,4,4,4,4,4,4,4,4,4,4,4,4,4,4,4,4,4,4,4,4,4,4,4,4,4,4,4,4,4,4,4,4,4,4,4,4,4,4,4,4,4,4,4,4,4,4,4,4,4,4,4,4,4,4,4,4,4,4,4,4,4,4,4,4,4,4,4,4,4,4,4,4,4,4,4,4,4,4,4,4,4,4,4,4,4,4,4,4,4,4,AEWW01005537.1/5919-6066,1
1525,0,2,3,3,2,1,3,1,0,3,3,1,4,0,1,1,4,3,1,4,3,3,3,0,3,2,0,3,4,0,2,3,1,1,1,2,1,1,2,3,0,4,3,0,2,1,2,2,0,0,4,3,0,3,2,1,4,4,4,4,4,4,4,4,4,4,4,4,4,4,4,4,4,4,4,4,4,4,4,4,4,0,1,3,3,1,0,3,0,0,2,1,1,0,1,4,1,2,0,4,0,3,2,0,3,2,1,1,4,4,4,4,3,0,0,2,4,4,4,4,4,4,0,1,3,2,2,3,2,1,1,3,0,3,1,2,3,1,1,0,1,1,1,0,0,0,1,1,2,0,3,0,3,3,2,3,2,3,4,4,4,4,4,2,0,0,3,2,1,4,4,4,0,1,0,4,4,4,4,4,4,4,4,4,4,4,4,4,4,4,4,4,4,4,4,4,4,4,4,4,4,4,4,4,4,4,4,4,3,4,4,3,0,3,1,0,4,0,0,1,0,3,4,4,1,4,4,4,2,2,0,1,2,0,1,0,1,2,3,3,2,0,4,4,4,4,4,2,3,2,0,2,2,3,2,1,1,2,1,1,3,0,4,4,4,4,4,4,4,4,4,4,4,4,4,4,4,4,4,4,4,4,4,4,4,4,4,4,4,4,4,4,4,4,4,4,4,4,4,4,4,4,4,4,4,4,4,4,4,4,4,4,4,4,4,4,4,4,4,4,4,4,4,4,4,4,4,4,4,4,4,4,4,4,4,4,4,4,4,4,4,4,4,4,4,4,4,4,4,4,4,4,4,4,4,4,4,4,4,4,4,4,4,4,4,4,4,4,4,4,4,4,4,4,4,4,4,4,4,4,4,4,4,4,4,4,4,4,4,4,4,4,4,4,4,4,4,4,4,4,4,4,4,4,4,4,4,4,4,4,4,4,4,4,4,4,4,4,4,4,4,4,4,4,4,4,4,4,4,4,4,4,4,4,4,4,4,4,4,4,4,4,4,4,4,4,4,4,4,4,4,4,4,4,4,4,4,FR718537.1/3662-3498,1
1526,0,2,0,3,2,1,3,1,0,3,3,1,4,1,0,3,4,1,3,4,1,3,3,0,3,2,3,3,4,1,2,1,1,3,4,4,4,4,4,4,4,4,4,4,4,4,4,4,4,4,4,4,4,4,4,4,3,0,4,4,4,4,4,4,4,4,4,4,4,4,4,4,4,4,4,4,4,4,4,2,3,2,1,1,3,1,0,3,0,0,0,1,3,1,1,4,2,2,0,4,0,3,2,0,1,2,1,0,4,4,4,4,2,0,2,1,1,2,4,4,3,3,3,0,1,2,2,3,2,1,3,3,0,3,1,2,3,1,1,4,0,1,3,2,0,4,1,0,2,0,3,2,3,1,4,4,4,4,4,4,4,4,4,2,1,3,3,0,3,4,4,4,2,1,1,4,4,4,4,4,4,4,4,4,4,4,4,4,4,4,4,4,4,4,4,4,4,4,4,4,4,4,4,4,4,4,4,4,3,4,4,1,0,3,1,0,4,2,0,1,0,1,4,4,1,0,4,3,2,2,0,1,0,1,0,0,1,2,3,3,2,0,4,4,4,4,4,2,3,2,0,0,2,1,0,1,1,1,0,1,3,3,4,4,4,4,4,4,4,4,4,4,4,4,4,4,4,4,4,4,4,4,4,4,4,4,4,4,4,4,4,4,4,4,4,4,4,4,4,4,4,4,4,4,4,4,4,4,4,4,4,4,4,4,4,4,4,4,4,4,4,4,4,4,4,4,4,4,4,4,4,4,4,4,4,4,4,4,4,4,4,4,4,4,4,4,4,4,4,4,4,4,4,4,4,4,4,4,4,4,4,4,4,4,4,4,4,4,4,4,4,4,4,4,4,4,4,4,4,4,4,4,4,4,4,4,4,4,4,4,4,4,4,4,4,4,4,4,4,4,4,4,4,4,4,4,4,4,4,4,4,4,4,4,4,4,4,4,4,4,4,4,4,4,4,4,4,4,4,4,4,4,4,4,4,4,4,4,4,4,4,4,4,4,4,4,4,4,4,4,4,4,4,4,4,4,4,CP001164.1/4883171-4883319,1
1527,0,2,3,3,2,1,3,1,0,3,3,1,4,0,0,1,4,3,3,4,3,3,3,0,3,2,3,1,4,2,2,3,1,1,0,4,1,0,0,3,0,4,3,2,2,2,3,2,2,2,4,0,0,1,0,3,4,4,4,4,4,4,4,4,4,4,4,4,4,4,4,4,4,4,4,4,4,4,4,4,4,0,1,1,0,1,0,3,0,0,2,1,1,4,0,4,0,2,0,4,0,3,2,0,1,2,1,1,4,4,4,4,0,2,0,2,4,4,4,4,4,4,3,0,0,2,2,3,2,1,1,3,0,1,1,2,3,1,1,0,0,1,0,3,1,4,0,3,2,0,3,0,1,3,1,2,1,1,4,4,4,4,4,4,4,4,3,3,1,2,4,2,2,1,1,4,4,4,4,4,4,4,4,4,4,4,4,4,4,4,4,4,4,4,4,4,4,4,4,4,4,4,4,4,4,4,4,4,3,4,4,3,0,3,1,0,4,0,0,1,0,1,4,4,0,4,4,4,2,2,2,1,2,0,1,0,1,2,3,2,2,0,4,4,4,4,4,2,3,2,0,2,2,1,0,1,1,0,1,1,3,3,4,4,4,4,4,4,4,4,4,4,4,4,4,4,4,4,4,4,4,4,4,4,4,4,4,4,4,4,4,4,4,4,4,4,4,4,4,4,4,4,4,4,4,4,4,4,4,4,4,4,4,4,4,4,4,4,4,4,4,4,4,4,4,4,4,4,4,4,4,4,4,4,4,4,4,4,4,4,4,4,4,4,4,4,4,4,4,4,4,4,4,4,4,4,4,4,4,4,4,4,4,4,4,4,4,4,4,4,4,4,4,4,4,4,4,4,4,4,4,4,4,4,4,4,4,4,4,4,4,4,4,4,4,4,4,4,4,4,4,4,4,4,4,4,4,4,4,4,4,4,4,4,4,4,4,4,4,4,4,4,4,4,4,4,4,4,4,4,4,4,4,4,4,4,4,4,4,4,4,4,4,4,4,4,4,4,4,4,4,4,4,4,4,4,4,ACLE01000032.1/115667-115507,1
1528,0,2,3,2,2,1,3,1,0,3,3,1,4,0,1,1,4,3,3,4,1,3,3,0,3,2,3,1,4,0,2,1,4,4,4,4,1,1,1,3,3,4,1,2,2,4,4,4,4,4,4,2,0,0,2,1,4,4,4,4,4,4,4,4,4,4,4,4,4,4,4,4,4,4,4,4,4,4,4,4,4,2,1,3,0,1,0,3,0,0,0,1,3,4,3,4,1,2,0,4,0,3,2,0,1,2,1,0,4,4,4,4,1,0,0,4,4,4,4,4,4,4,0,1,0,2,2,3,2,1,1,3,2,1,1,2,3,1,1,0,0,1,3,1,4,4,1,3,2,0,3,0,0,1,0,4,4,4,4,4,4,4,4,2,1,3,1,3,4,4,4,4,2,1,3,4,4,4,4,4,4,4,4,4,4,4,4,4,4,4,4,4,4,4,4,4,4,4,4,4,4,4,4,4,4,4,4,4,3,4,4,3,0,3,1,0,4,2,3,1,0,3,4,4,1,4,4,4,2,2,2,1,2,0,0,0,1,2,3,1,2,0,4,4,4,4,4,2,3,0,0,2,2,1,0,1,1,2,1,1,3,1,4,4,4,4,4,4,4,4,4,4,4,4,4,4,4,4,4,4,4,4,4,4,4,4,4,4,4,4,4,4,4,4,4,4,4,4,4,4,4,4,4,4,4,4,4,4,4,4,4,4,4,4,4,4,4,4,4,4,4,4,4,4,4,4,4,4,4,4,4,4,4,4,4,4,4,4,4,4,4,4,4,4,4,4,4,4,4,4,4,4,4,4,4,4,4,4,4,4,4,4,4,4,4,4,4,4,4,4,4,4,4,4,4,4,4,4,4,4,4,4,4,4,4,4,4,4,4,4,4,4,4,4,4,4,4,4,4,4,4,4,4,4,4,4,4,4,4,4,4,4,4,4,4,4,4,4,4,4,4,4,4,4,4,4,4,4,4,4,4,4,4,4,4,4,4,4,4,4,4,4,4,4,4,4,4,4,4,4,4,4,4,4,4,4,4,AGFS01142717.1/975-828,1
1529,0,2,3,2,2,1,3,1,0,3,3,1,4,0,1,1,4,3,3,4,1,3,3,0,3,2,3,1,4,0,2,1,4,4,4,4,1,1,1,3,3,4,0,2,2,4,4,4,4,4,4,2,0,1,2,1,4,4,4,4,4,4,4,4,4,4,4,4,4,4,4,4,4,4,4,4,4,4,4,4,4,2,1,3,0,1,0,3,0,0,0,1,3,4,3,4,1,2,0,4,0,3,2,0,1,2,1,0,4,4,4,4,1,0,0,4,4,4,4,4,4,4,1,0,0,2,2,3,2,1,1,3,2,1,1,2,3,1,1,0,0,1,3,3,4,4,1,3,2,0,3,0,0,3,0,4,4,4,4,4,4,4,4,2,1,2,3,0,4,4,4,4,2,1,3,4,4,4,4,4,4,4,4,4,4,4,4,4,4,4,4,4,4,4,4,4,4,4,4,4,4,4,4,4,4,4,4,4,3,4,4,3,0,3,1,0,4,0,1,1,3,1,4,4,1,4,4,4,2,2,2,1,2,0,0,0,1,2,3,1,2,0,4,4,4,4,4,2,3,3,0,2,2,1,0,1,1,2,1,1,3,3,4,4,4,4,4,4,4,4,4,4,4,4,4,4,4,4,4,4,4,4,4,4,4,4,4,4,4,4,4,4,4,4,4,4,4,4,4,4,4,4,4,4,4,4,4,4,4,4,4,4,4,4,4,4,4,4,4,4,4,4,4,4,4,4,4,4,4,4,4,4,4,4,4,4,4,4,4,4,4,4,4,4,4,4,4,4,4,4,4,4,4,4,4,4,4,4,4,4,4,4,4,4,4,4,4,4,4,4,4,4,4,4,4,4,4,4,4,4,4,4,4,4,4,4,4,4,4,4,4,4,4,4,4,4,4,4,4,4,4,4,4,4,4,4,4,4,4,4,4,4,4,4,4,4,4,4,4,4,4,4,4,4,4,4,4,4,4,4,4,4,4,4,4,4,4,4,4,4,4,4,4,4,4,4,4,4,4,4,4,4,4,4,4,4,4,AESJ01000018.1/400414-400267,1
1530,0,2,0,3,2,1,3,1,0,3,3,1,4,1,0,3,4,1,3,4,1,3,3,0,3,2,3,3,4,1,2,1,1,1,4,4,4,4,4,4,4,4,4,4,4,4,4,4,4,4,4,4,4,4,4,4,3,0,4,4,4,4,4,4,4,4,4,4,4,4,4,4,4,4,4,4,4,4,4,1,2,2,1,1,3,1,0,3,0,0,0,1,3,1,0,4,2,2,0,4,0,3,2,0,1,2,1,0,4,4,4,4,2,0,2,1,1,2,4,4,3,3,3,0,1,2,2,3,2,1,3,3,0,3,1,2,3,1,1,4,0,1,3,2,0,4,1,0,2,0,3,2,3,1,4,4,4,4,4,4,4,4,4,2,1,3,3,1,2,4,4,4,2,1,1,4,4,4,4,4,4,4,4,4,4,4,4,4,4,4,4,4,4,4,4,4,4,4,4,4,4,4,4,4,4,4,4,4,3,4,4,1,0,3,1,0,4,0,0,1,0,1,4,4,1,0,4,3,2,2,0,1,0,3,0,0,1,2,3,3,2,0,4,4,4,4,4,2,3,2,0,0,2,1,0,1,1,0,0,0,3,0,4,4,4,4,4,4,4,4,4,4,4,4,4,4,4,4,4,4,4,4,4,4,4,4,4,4,4,4,4,4,4,4,4,4,4,4,4,4,4,4,4,4,4,4,4,4,4,4,4,4,4,4,4,4,4,4,4,4,4,4,4,4,4,4,4,4,4,4,4,4,4,4,4,4,4,4,4,4,4,4,4,4,4,4,4,4,4,4,4,4,4,4,4,4,4,4,4,4,4,4,4,4,4,4,4,4,4,4,4,4,4,4,4,4,4,4,4,4,4,4,4,4,4,4,4,4,4,4,4,4,4,4,4,4,4,4,4,4,4,4,4,4,4,4,4,4,4,4,4,4,4,4,4,4,4,4,4,4,4,4,4,4,4,4,4,4,4,4,4,4,4,4,4,4,4,4,4,4,4,4,4,4,4,4,4,4,4,4,4,4,4,4,4,4,4,ACHR01033542.1/262-410,1
1531,0,2,0,3,2,1,3,1,0,3,1,1,4,1,0,1,4,3,3,4,0,3,3,0,3,2,0,3,4,0,2,1,1,3,2,4,2,3,3,3,3,4,3,0,3,0,2,1,1,0,4,0,3,3,3,0,4,4,4,4,4,4,4,4,4,4,4,4,4,4,4,4,4,4,4,4,4,4,4,4,4,2,1,3,3,1,0,3,0,0,0,1,1,1,0,4,2,2,2,4,0,3,2,0,1,2,1,0,4,4,4,4,2,0,2,1,1,2,0,3,3,3,3,0,2,2,2,3,2,1,1,3,0,3,3,2,3,1,1,0,3,2,3,0,0,4,0,1,2,0,3,2,3,3,4,4,4,4,4,4,4,4,4,2,0,0,3,0,4,4,4,4,3,1,3,4,4,4,4,4,4,4,4,4,4,4,4,4,4,4,4,4,4,4,4,4,4,4,4,4,4,4,4,4,4,4,4,4,3,4,4,1,0,3,1,0,4,1,0,3,0,1,4,4,1,4,4,4,2,2,2,1,0,3,0,0,1,2,3,3,2,0,4,4,4,4,4,2,3,2,0,2,2,1,0,1,1,2,0,1,0,3,4,4,4,4,4,4,4,4,4,4,4,4,4,4,4,4,4,4,4,4,4,4,4,4,4,4,4,4,4,4,4,4,4,4,4,4,4,4,4,4,4,4,4,4,4,4,4,4,4,4,4,4,4,4,4,4,4,4,4,4,4,4,4,4,4,4,4,4,4,4,4,4,4,4,4,4,4,4,4,4,4,4,4,4,4,4,4,4,4,4,4,4,4,4,4,4,4,4,4,4,4,4,4,4,4,4,4,4,4,4,4,4,4,4,4,4,4,4,4,4,4,4,4,4,4,4,4,4,4,4,4,4,4,4,4,4,4,4,4,4,4,4,4,4,4,4,4,4,4,4,4,4,4,4,4,4,4,4,4,4,4,4,4,4,4,4,4,4,4,4,4,4,4,4,4,4,4,4,4,4,4,4,4,4,4,4,4,4,4,4,4,4,4,4,4,FR718736.1/16300-16463,1
1532,0,2,0,3,2,1,3,1,0,3,3,1,4,1,0,3,4,1,3,4,1,3,3,0,3,2,3,3,4,1,2,1,1,3,3,4,4,4,4,4,4,4,4,4,4,4,4,4,4,4,4,4,4,4,4,4,1,4,4,4,4,4,4,4,4,4,4,4,4,4,4,4,4,4,4,4,4,4,4,2,3,2,1,1,3,1,0,3,0,0,0,1,3,1,1,4,2,2,0,4,0,3,2,0,3,2,1,0,4,4,4,4,2,0,2,1,1,2,3,3,1,3,3,0,1,2,2,3,2,1,3,3,0,3,1,2,3,1,1,4,0,1,3,2,0,4,1,0,2,0,3,2,3,1,2,1,0,3,4,4,4,4,4,3,3,0,3,4,4,4,4,4,2,1,1,4,4,4,4,4,4,4,4,4,4,4,4,4,4,4,4,4,4,4,4,4,4,4,4,4,4,4,4,4,4,4,4,4,3,4,4,1,0,3,1,0,4,0,0,1,0,1,4,4,1,0,4,3,2,2,0,1,0,3,3,0,1,2,3,3,2,0,4,4,4,4,4,2,3,2,0,0,2,1,0,1,1,1,0,0,3,3,4,4,4,4,4,4,4,4,4,4,4,4,4,4,4,4,4,4,4,4,4,4,4,4,4,4,4,4,4,4,4,4,4,4,4,4,4,4,4,4,4,4,4,4,4,4,4,4,4,4,4,4,4,4,4,4,4,4,4,4,4,4,4,4,4,4,4,4,4,4,4,4,4,4,4,4,4,4,4,4,4,4,4,4,4,4,4,4,4,4,4,4,4,4,4,4,4,4,4,4,4,4,4,4,4,4,4,4,4,4,4,4,4,4,4,4,4,4,4,4,4,4,4,4,4,4,4,4,4,4,4,4,4,4,4,4,4,4,4,4,4,4,4,4,4,4,4,4,4,4,4,4,4,4,4,4,4,4,4,4,4,4,4,4,4,4,4,4,4,4,4,4,4,4,4,4,4,4,4,4,4,4,4,4,4,4,4,4,4,4,4,4,4,4,4,AFQL01000008.1/38770-38922,1
1533,0,2,3,2,2,1,3,1,0,3,3,1,4,0,1,1,4,3,3,4,1,3,3,0,3,2,3,1,4,0,2,1,4,4,4,4,1,1,1,3,3,4,1,2,2,4,4,4,4,4,4,2,0,1,2,3,4,4,4,4,4,4,4,4,4,4,4,4,4,4,4,4,4,4,4,4,4,4,4,4,4,2,1,3,0,1,0,3,0,0,0,1,3,4,3,4,1,2,0,4,0,3,2,0,1,2,1,0,4,4,4,4,1,0,0,4,4,4,4,4,4,4,1,0,0,2,2,3,2,1,1,3,2,1,1,2,3,1,1,0,0,1,0,3,4,4,1,3,2,0,3,0,3,3,0,4,4,4,4,4,4,4,4,2,1,2,0,0,2,4,4,4,1,3,1,4,4,4,4,4,4,4,4,4,4,4,4,4,4,4,4,4,4,4,4,4,4,4,4,4,4,4,4,4,4,4,4,4,0,4,4,3,0,3,1,0,4,0,1,1,3,1,4,4,1,4,4,4,2,2,2,1,2,0,0,0,1,2,3,1,2,0,4,4,4,4,4,2,3,3,0,2,2,1,0,1,1,2,1,1,3,3,4,4,4,4,4,4,4,4,4,4,4,4,4,4,4,4,4,4,4,4,4,4,4,4,4,4,4,4,4,4,4,4,4,4,4,4,4,4,4,4,4,4,4,4,4,4,4,4,4,4,4,4,4,4,4,4,4,4,4,4,4,4,4,4,4,4,4,4,4,4,4,4,4,4,4,4,4,4,4,4,4,4,4,4,4,4,4,4,4,4,4,4,4,4,4,4,4,4,4,4,4,4,4,4,4,4,4,4,4,4,4,4,4,4,4,4,4,4,4,4,4,4,4,4,4,4,4,4,4,4,4,4,4,4,4,4,4,4,4,4,4,4,4,4,4,4,4,4,4,4,4,4,4,4,4,4,4,4,4,4,4,4,4,4,4,4,4,4,4,4,4,4,4,4,4,4,4,4,4,4,4,4,4,4,4,4,4,4,4,4,4,4,4,4,4,AEQT01000009.1/41114-40966,1
1534,0,2,3,2,2,1,3,1,0,3,3,1,4,2,1,1,4,2,0,4,1,3,3,0,3,2,3,1,4,0,2,1,4,4,4,4,1,1,1,3,3,4,1,2,2,4,4,4,4,4,4,2,0,1,2,3,4,4,4,4,4,4,4,4,4,4,4,4,4,4,4,4,4,4,4,4,4,4,4,4,4,2,1,3,0,1,0,3,0,0,0,0,3,4,3,4,1,2,0,4,0,3,2,0,1,2,1,0,4,4,4,4,1,0,0,4,4,4,4,4,4,4,1,0,0,2,2,3,2,1,1,3,2,1,1,2,3,1,1,0,0,1,3,3,4,4,1,3,2,0,3,0,3,1,0,4,4,4,4,4,4,4,4,2,1,2,3,0,4,4,4,4,2,1,3,4,4,4,4,4,4,4,4,4,4,4,4,4,4,4,4,4,4,4,4,4,4,4,4,4,4,4,4,4,4,4,4,4,0,4,4,3,0,3,1,0,4,0,1,1,0,3,4,4,1,4,4,4,2,2,2,1,2,0,0,0,1,2,3,1,2,0,4,4,4,4,4,2,3,3,0,2,2,1,0,1,1,2,1,1,3,3,4,4,4,4,4,4,4,4,4,4,4,4,4,4,4,4,4,4,4,4,4,4,4,4,4,4,4,4,4,4,4,4,4,4,4,4,4,4,4,4,4,4,4,4,4,4,4,4,4,4,4,4,4,4,4,4,4,4,4,4,4,4,4,4,4,4,4,4,4,4,4,4,4,4,4,4,4,4,4,4,4,4,4,4,4,4,4,4,4,4,4,4,4,4,4,4,4,4,4,4,4,4,4,4,4,4,4,4,4,4,4,4,4,4,4,4,4,4,4,4,4,4,4,4,4,4,4,4,4,4,4,4,4,4,4,4,4,4,4,4,4,4,4,4,4,4,4,4,4,4,4,4,4,4,4,4,4,4,4,4,4,4,4,4,4,4,4,4,4,4,4,4,4,4,4,4,4,4,4,4,4,4,4,4,4,4,4,4,4,4,4,4,4,4,4,AAJU02000016.1/38331-38478,1
1535,0,2,3,2,2,1,3,1,0,3,3,1,4,0,1,1,4,2,0,4,1,3,3,0,3,2,3,1,4,0,2,1,4,4,4,4,1,1,1,3,3,4,1,2,2,4,4,4,4,4,4,2,0,1,2,3,4,4,4,4,4,4,4,4,4,4,4,4,4,4,4,4,4,4,4,4,4,4,4,4,4,2,1,3,0,1,0,3,0,0,0,0,3,4,0,4,1,2,0,4,0,3,2,0,1,2,1,0,4,4,4,4,1,0,0,4,4,4,4,4,4,4,1,0,0,2,2,3,2,1,1,3,2,1,1,2,3,1,1,0,0,1,3,3,4,4,1,3,2,0,3,0,3,1,0,4,4,4,4,4,4,4,4,2,1,2,3,0,4,4,4,4,2,1,3,4,4,4,4,4,4,4,4,4,4,4,4,4,4,4,4,4,4,4,4,4,4,4,4,4,4,4,4,4,4,4,4,4,0,4,4,3,0,3,1,0,4,0,1,1,0,3,4,4,1,4,4,4,2,2,2,1,2,0,0,0,1,2,3,1,2,0,4,4,4,4,4,2,3,3,0,2,2,1,0,1,1,2,1,1,3,3,4,4,4,4,4,4,4,4,4,4,4,4,4,4,4,4,4,4,4,4,4,4,4,4,4,4,4,4,4,4,4,4,4,4,4,4,4,4,4,4,4,4,4,4,4,4,4,4,4,4,4,4,4,4,4,4,4,4,4,4,4,4,4,4,4,4,4,4,4,4,4,4,4,4,4,4,4,4,4,4,4,4,4,4,4,4,4,4,4,4,4,4,4,4,4,4,4,4,4,4,4,4,4,4,4,4,4,4,4,4,4,4,4,4,4,4,4,4,4,4,4,4,4,4,4,4,4,4,4,4,4,4,4,4,4,4,4,4,4,4,4,4,4,4,4,4,4,4,4,4,4,4,4,4,4,4,4,4,4,4,4,4,4,4,4,4,4,4,4,4,4,4,4,4,4,4,4,4,4,4,4,4,4,4,4,4,4,4,4,4,4,4,4,4,4,AFAE01000036.1/71004-71151,1
1536,0,2,0,3,2,1,3,1,0,3,1,1,4,1,0,1,4,3,3,4,0,3,3,0,3,2,0,3,4,0,2,1,1,3,2,4,2,3,3,3,3,4,3,0,3,0,2,1,1,0,4,0,3,3,3,0,4,4,4,4,4,4,4,4,4,4,4,4,4,4,4,4,4,4,4,4,4,4,4,4,4,2,1,3,3,1,0,3,0,0,0,1,1,1,0,4,2,2,2,4,0,3,2,0,1,2,1,0,4,4,4,4,2,0,2,1,1,2,0,3,3,3,3,0,2,2,2,3,2,1,1,3,0,3,3,2,3,1,1,0,3,2,3,0,0,4,0,1,2,0,3,2,3,3,4,4,4,4,4,4,4,4,4,2,0,0,3,0,4,4,4,4,3,1,3,4,4,4,4,4,4,4,4,4,4,4,4,4,4,4,4,4,4,4,4,4,4,4,4,4,4,4,4,4,4,4,4,4,3,4,4,1,0,3,1,0,4,1,0,3,0,1,4,4,1,4,4,4,2,2,2,1,0,3,0,0,1,2,3,3,2,0,4,4,4,4,4,2,3,2,0,2,2,1,0,1,1,2,0,1,0,3,4,4,4,4,4,4,4,4,4,4,4,4,4,4,4,4,4,4,4,4,4,4,4,4,4,4,4,4,4,4,4,4,4,4,4,4,4,4,4,4,4,4,4,4,4,4,4,4,4,4,4,4,4,4,4,4,4,4,4,4,4,4,4,4,4,4,4,4,4,4,4,4,4,4,4,4,4,4,4,4,4,4,4,4,4,4,4,4,4,4,4,4,4,4,4,4,4,4,4,4,4,4,4,4,4,4,4,4,4,4,4,4,4,4,4,4,4,4,4,4,4,4,4,4,4,4,4,4,4,4,4,4,4,4,4,4,4,4,4,4,4,4,4,4,4,4,4,4,4,4,4,4,4,4,4,4,4,4,4,4,4,4,4,4,4,4,4,4,4,4,4,4,4,4,4,4,4,4,4,4,4,4,4,4,4,4,4,4,4,4,4,4,4,4,4,CACV01000011.1/100229-100066,1
1537,0,2,0,3,2,1,3,1,0,3,3,1,4,1,0,3,4,1,3,4,1,3,3,0,3,2,3,3,4,1,2,1,1,3,4,4,4,4,4,4,4,4,4,4,4,4,4,4,4,4,4,4,4,4,4,4,3,0,4,4,4,4,4,4,4,4,4,4,4,4,4,4,4,4,4,4,4,4,4,2,3,2,1,1,3,1,0,3,0,0,0,1,3,1,1,4,2,2,0,4,0,3,2,0,1,2,1,0,4,4,4,4,2,0,2,1,1,2,4,4,3,3,3,0,1,2,2,3,2,1,3,3,0,3,1,2,3,1,1,4,0,1,3,2,0,4,1,0,2,0,3,2,3,1,4,4,4,4,4,4,4,4,4,2,1,3,3,0,3,4,4,4,2,1,1,4,4,4,4,4,4,4,4,4,4,4,4,4,4,4,4,4,4,4,4,4,4,4,4,4,4,4,4,4,4,4,4,4,3,4,4,1,0,3,1,0,4,2,0,1,0,1,4,4,1,0,4,3,2,2,0,1,0,1,0,0,1,2,3,3,2,0,4,4,4,4,4,2,3,2,0,0,2,1,0,1,1,1,0,1,3,3,4,4,4,4,4,4,4,4,4,4,4,4,4,4,4,4,4,4,4,4,4,4,4,4,4,4,4,4,4,4,4,4,4,4,4,4,4,4,4,4,4,4,4,4,4,4,4,4,4,4,4,4,4,4,4,4,4,4,4,4,4,4,4,4,4,4,4,4,4,4,4,4,4,4,4,4,4,4,4,4,4,4,4,4,4,4,4,4,4,4,4,4,4,4,4,4,4,4,4,4,4,4,4,4,4,4,4,4,4,4,4,4,4,4,4,4,4,4,4,4,4,4,4,4,4,4,4,4,4,4,4,4,4,4,4,4,4,4,4,4,4,4,4,4,4,4,4,4,4,4,4,4,4,4,4,4,4,4,4,4,4,4,4,4,4,4,4,4,4,4,4,4,4,4,4,4,4,4,4,4,4,4,4,4,4,4,4,4,4,4,4,4,4,4,4,AEKA01000223.1/13228-13080,1
1538,0,2,3,2,2,1,3,1,0,3,3,1,4,0,1,1,4,2,0,4,1,3,3,0,3,2,3,1,4,0,2,1,4,4,4,4,1,1,1,3,3,4,1,2,2,4,4,4,4,4,4,2,0,1,2,3,4,4,4,4,4,4,4,4,4,4,4,4,4,4,4,4,4,4,4,4,4,4,4,4,4,2,1,3,0,1,0,3,0,0,0,0,3,4,3,4,1,2,0,4,0,3,2,0,1,2,1,0,4,4,4,4,1,0,0,4,4,4,4,4,4,4,1,0,0,2,2,3,2,1,1,3,2,1,1,2,3,1,1,0,0,1,3,3,4,4,1,3,2,0,3,0,3,1,0,4,4,4,4,4,4,4,4,2,1,2,3,0,4,4,4,4,2,1,3,4,4,4,4,4,4,4,4,4,4,4,4,4,4,4,4,4,4,4,4,4,4,4,4,4,4,4,4,4,4,4,4,4,0,4,4,3,0,3,1,0,4,0,1,1,0,3,4,4,1,4,4,4,2,2,2,1,2,0,0,0,1,2,3,1,2,0,4,4,4,4,4,2,3,3,0,2,2,1,0,1,1,2,1,1,3,3,4,4,4,4,4,4,4,4,4,4,4,4,4,4,4,4,4,4,4,4,4,4,4,4,4,4,4,4,4,4,4,4,4,4,4,4,4,4,4,4,4,4,4,4,4,4,4,4,4,4,4,4,4,4,4,4,4,4,4,4,4,4,4,4,4,4,4,4,4,4,4,4,4,4,4,4,4,4,4,4,4,4,4,4,4,4,4,4,4,4,4,4,4,4,4,4,4,4,4,4,4,4,4,4,4,4,4,4,4,4,4,4,4,4,4,4,4,4,4,4,4,4,4,4,4,4,4,4,4,4,4,4,4,4,4,4,4,4,4,4,4,4,4,4,4,4,4,4,4,4,4,4,4,4,4,4,4,4,4,4,4,4,4,4,4,4,4,4,4,4,4,4,4,4,4,4,4,4,4,4,4,4,4,4,4,4,4,4,4,4,4,4,4,4,4,AP010960.1/3251904-3251757,1
1539,0,2,3,2,2,1,3,1,0,3,3,1,4,0,1,1,4,3,3,4,1,3,3,0,3,2,3,1,4,0,2,1,4,4,4,4,1,1,1,3,3,4,0,2,2,4,4,4,4,4,4,2,0,1,2,1,4,4,4,4,4,4,4,4,4,4,4,4,4,4,4,4,4,4,4,4,4,4,4,4,4,2,1,3,0,1,0,3,0,0,0,1,3,4,3,4,1,2,0,4,0,3,2,0,1,2,1,0,4,4,4,4,1,0,0,4,4,4,4,4,4,4,1,0,0,2,2,3,2,1,1,3,2,1,1,2,3,1,1,0,0,1,3,3,4,4,1,3,2,0,3,0,0,3,0,4,4,4,4,4,4,4,4,2,1,2,3,0,4,4,4,4,2,1,3,4,4,4,4,4,4,4,4,4,4,4,4,4,4,4,4,4,4,4,4,4,4,4,4,4,4,4,4,4,4,4,4,4,3,4,4,3,0,3,1,0,4,0,1,1,3,1,4,4,1,4,4,4,2,2,2,1,2,0,0,0,1,2,3,1,2,0,4,4,4,4,4,2,3,3,0,2,2,1,0,1,1,2,1,1,3,3,4,4,4,4,4,4,4,4,4,4,4,4,4,4,4,4,4,4,4,4,4,4,4,4,4,4,4,4,4,4,4,4,4,4,4,4,4,4,4,4,4,4,4,4,4,4,4,4,4,4,4,4,4,4,4,4,4,4,4,4,4,4,4,4,4,4,4,4,4,4,4,4,4,4,4,4,4,4,4,4,4,4,4,4,4,4,4,4,4,4,4,4,4,4,4,4,4,4,4,4,4,4,4,4,4,4,4,4,4,4,4,4,4,4,4,4,4,4,4,4,4,4,4,4,4,4,4,4,4,4,4,4,4,4,4,4,4,4,4,4,4,4,4,4,4,4,4,4,4,4,4,4,4,4,4,4,4,4,4,4,4,4,4,4,4,4,4,4,4,4,4,4,4,4,4,4,4,4,4,4,4,4,4,4,4,4,4,4,4,4,4,4,4,4,4,ABFF01000012.1/71676-71823,1
1540,0,2,3,2,2,1,3,1,0,3,3,1,4,0,1,1,4,1,2,4,2,3,3,0,3,2,0,1,4,0,2,1,1,4,4,4,1,3,2,1,3,4,1,0,0,2,1,2,2,0,4,1,0,0,2,3,4,4,4,4,4,4,4,4,4,4,4,4,4,4,4,4,4,4,4,4,4,4,4,4,4,2,1,4,1,1,0,3,0,0,1,0,3,4,3,4,1,2,0,4,0,3,2,0,1,2,1,0,4,4,4,4,1,0,0,4,4,4,4,4,4,4,3,0,1,2,2,3,2,1,1,3,2,3,1,2,3,1,1,0,1,1,1,1,0,4,1,1,2,0,3,0,0,3,1,2,3,3,1,4,4,0,1,4,4,4,3,3,3,2,3,2,2,1,2,4,4,4,4,4,4,4,4,4,4,4,4,4,4,4,4,4,4,4,4,4,4,4,4,4,4,4,4,4,4,4,4,4,3,4,4,3,0,3,1,0,4,2,0,1,0,3,4,4,1,4,4,4,2,2,0,1,2,1,1,0,1,2,3,3,2,0,4,4,4,4,4,2,3,1,0,2,2,3,0,1,1,0,3,1,3,0,4,4,4,4,4,4,4,4,4,4,4,4,4,4,4,4,4,4,4,4,4,4,4,4,4,4,4,4,4,4,4,4,4,4,4,4,4,4,4,4,4,4,4,4,4,4,4,4,4,4,4,4,4,4,4,4,4,4,4,4,4,4,4,4,4,4,4,4,4,4,4,4,4,4,4,4,4,4,4,4,4,4,4,4,4,4,4,4,4,4,4,4,4,4,4,4,4,4,4,4,4,4,4,4,4,4,4,4,4,4,4,4,4,4,4,4,4,4,4,4,4,4,4,4,4,4,4,4,4,4,4,4,4,4,4,4,4,4,4,4,4,4,4,4,4,4,4,4,4,4,4,4,4,4,4,4,4,4,4,4,4,4,4,4,4,4,4,4,4,4,4,4,4,4,4,4,4,4,4,4,4,4,4,4,4,4,4,4,4,4,4,4,4,4,4,CP002124.1/86120-85960,1
1541,0,2,3,2,2,1,3,1,0,3,3,1,4,0,1,1,4,2,0,4,1,3,3,0,3,2,3,1,4,0,2,1,4,4,4,4,1,1,1,3,3,4,1,2,2,4,4,4,4,4,4,2,0,1,2,3,4,4,4,4,4,4,4,4,4,4,4,4,4,4,4,4,4,4,4,4,4,4,4,4,4,2,1,3,0,1,0,3,0,0,0,0,3,4,3,4,1,2,0,4,0,3,2,0,1,2,1,0,4,4,4,4,1,0,0,4,4,4,4,4,4,4,1,0,0,2,2,3,2,1,1,3,2,1,1,2,3,1,1,0,0,1,3,3,4,4,1,3,2,0,3,0,3,1,0,4,4,4,4,4,4,4,4,2,1,2,3,0,4,4,4,4,2,1,3,4,4,4,4,4,4,4,4,4,4,4,4,4,4,4,4,4,4,4,4,4,4,4,4,4,4,4,4,4,4,4,4,4,0,4,4,3,0,3,1,0,4,0,1,1,0,3,4,4,1,4,4,4,2,2,2,1,2,0,0,0,1,2,3,1,2,0,4,4,4,4,4,2,3,3,0,2,2,1,0,1,1,2,1,1,3,3,4,4,4,4,4,4,4,4,4,4,4,4,4,4,4,4,4,4,4,4,4,4,4,4,4,4,4,4,4,4,4,4,4,4,4,4,4,4,4,4,4,4,4,4,4,4,4,4,4,4,4,4,4,4,4,4,4,4,4,4,4,4,4,4,4,4,4,4,4,4,4,4,4,4,4,4,4,4,4,4,4,4,4,4,4,4,4,4,4,4,4,4,4,4,4,4,4,4,4,4,4,4,4,4,4,4,4,4,4,4,4,4,4,4,4,4,4,4,4,4,4,4,4,4,4,4,4,4,4,4,4,4,4,4,4,4,4,4,4,4,4,4,4,4,4,4,4,4,4,4,4,4,4,4,4,4,4,4,4,4,4,4,4,4,4,4,4,4,4,4,4,4,4,4,4,4,4,4,4,4,4,4,4,4,4,4,4,4,4,4,4,4,4,4,4,AERQ01000020.1/161844-161697,1
1542,0,2,3,2,2,1,3,1,0,3,3,1,4,0,1,1,4,2,0,4,1,3,3,0,3,2,3,1,4,0,2,1,4,4,4,4,1,1,1,3,3,4,1,2,2,4,4,4,4,4,4,2,0,1,2,3,4,4,4,4,4,4,4,4,4,4,4,4,4,4,4,4,4,4,4,4,4,4,4,4,4,2,1,3,0,1,0,3,0,0,0,0,3,4,3,4,1,2,0,4,0,3,2,0,1,2,1,0,4,4,4,4,1,0,0,4,4,4,4,4,4,4,1,0,0,2,2,3,2,1,1,3,2,1,1,2,3,1,1,0,0,1,3,3,4,4,1,3,2,0,3,0,3,1,0,4,4,4,4,4,4,4,4,2,1,2,3,0,4,4,4,4,2,1,3,4,4,4,4,4,4,4,4,4,4,4,4,4,4,4,4,4,4,4,4,4,4,4,4,4,4,4,4,4,4,4,4,4,0,4,4,3,0,3,1,0,4,0,1,1,0,3,4,4,1,4,4,4,2,2,2,1,2,0,0,0,1,2,3,1,2,0,4,4,4,4,4,2,3,3,0,2,2,1,0,1,1,2,1,1,3,3,4,4,4,4,4,4,4,4,4,4,4,4,4,4,4,4,4,4,4,4,4,4,4,4,4,4,4,4,4,4,4,4,4,4,4,4,4,4,4,4,4,4,4,4,4,4,4,4,4,4,4,4,4,4,4,4,4,4,4,4,4,4,4,4,4,4,4,4,4,4,4,4,4,4,4,4,4,4,4,4,4,4,4,4,4,4,4,4,4,4,4,4,4,4,4,4,4,4,4,4,4,4,4,4,4,4,4,4,4,4,4,4,4,4,4,4,4,4,4,4,4,4,4,4,4,4,4,4,4,4,4,4,4,4,4,4,4,4,4,4,4,4,4,4,4,4,4,4,4,4,4,4,4,4,4,4,4,4,4,4,4,4,4,4,4,4,4,4,4,4,4,4,4,4,4,4,4,4,4,4,4,4,4,4,4,4,4,4,4,4,4,4,4,4,4,AEZJ01000069.1/410450-410303,1
1543,0,2,3,2,2,1,3,1,0,3,3,1,4,0,1,1,4,2,0,4,1,3,3,0,3,2,3,1,4,0,2,1,4,4,4,4,1,1,1,3,3,4,1,2,2,4,4,4,4,4,4,2,0,1,2,3,4,4,4,4,4,4,4,4,4,4,4,4,4,4,4,4,4,4,4,4,4,4,4,4,4,2,1,3,0,1,0,3,0,0,0,0,3,4,3,4,1,2,0,4,0,3,2,0,1,2,1,0,4,4,4,4,1,0,0,4,4,4,4,4,4,4,1,0,0,2,2,3,2,1,1,3,2,1,1,2,3,1,1,0,0,1,3,3,4,4,1,3,2,0,3,0,3,1,0,4,4,4,4,4,4,4,4,2,1,2,3,0,4,4,4,4,2,1,3,4,4,4,4,4,4,4,4,4,4,4,4,4,4,4,4,4,4,4,4,4,4,4,4,4,4,4,4,4,4,4,4,4,0,4,4,3,0,3,1,0,4,0,1,1,0,3,4,4,1,4,4,4,2,2,2,1,2,0,0,0,1,2,3,1,2,0,4,4,4,4,4,2,3,3,0,2,2,1,0,1,1,2,1,1,3,3,4,4,4,4,4,4,4,4,4,4,4,4,4,4,4,4,4,4,4,4,4,4,4,4,4,4,4,4,4,4,4,4,4,4,4,4,4,4,4,4,4,4,4,4,4,4,4,4,4,4,4,4,4,4,4,4,4,4,4,4,4,4,4,4,4,4,4,4,4,4,4,4,4,4,4,4,4,4,4,4,4,4,4,4,4,4,4,4,4,4,4,4,4,4,4,4,4,4,4,4,4,4,4,4,4,4,4,4,4,4,4,4,4,4,4,4,4,4,4,4,4,4,4,4,4,4,4,4,4,4,4,4,4,4,4,4,4,4,4,4,4,4,4,4,4,4,4,4,4,4,4,4,4,4,4,4,4,4,4,4,4,4,4,4,4,4,4,4,4,4,4,4,4,4,4,4,4,4,4,4,4,4,4,4,4,4,4,4,4,4,4,4,4,4,4,AFGV01000058.1/38555-38408,1
1544,0,2,3,2,2,1,3,1,0,3,3,1,4,0,1,1,4,2,0,4,1,3,3,0,3,2,3,1,4,0,2,1,4,4,4,4,1,1,1,3,3,4,1,2,2,4,4,4,4,4,4,2,0,1,2,3,4,4,4,4,4,4,4,4,4,4,4,4,4,4,4,4,4,4,4,4,4,4,4,4,4,2,1,3,0,1,0,3,0,0,0,0,3,4,3,4,1,2,0,4,0,3,2,0,1,2,1,0,4,4,4,4,1,0,0,4,4,4,4,4,4,4,1,0,0,2,2,3,2,1,1,3,2,1,1,2,3,1,1,0,0,1,3,3,4,4,1,3,2,0,3,0,3,1,0,4,4,4,4,4,4,4,4,2,1,2,3,0,4,4,4,4,2,1,3,4,4,4,4,4,4,4,4,4,4,4,4,4,4,4,4,4,4,4,4,4,4,4,4,4,4,4,4,4,4,4,4,4,0,4,4,3,0,3,1,0,4,0,1,1,0,3,4,4,1,4,4,4,2,2,2,1,2,0,0,0,1,2,3,1,2,0,4,4,4,4,4,2,3,3,0,2,2,1,0,1,1,2,1,1,3,3,4,4,4,4,4,4,4,4,4,4,4,4,4,4,4,4,4,4,4,4,4,4,4,4,4,4,4,4,4,4,4,4,4,4,4,4,4,4,4,4,4,4,4,4,4,4,4,4,4,4,4,4,4,4,4,4,4,4,4,4,4,4,4,4,4,4,4,4,4,4,4,4,4,4,4,4,4,4,4,4,4,4,4,4,4,4,4,4,4,4,4,4,4,4,4,4,4,4,4,4,4,4,4,4,4,4,4,4,4,4,4,4,4,4,4,4,4,4,4,4,4,4,4,4,4,4,4,4,4,4,4,4,4,4,4,4,4,4,4,4,4,4,4,4,4,4,4,4,4,4,4,4,4,4,4,4,4,4,4,4,4,4,4,4,4,4,4,4,4,4,4,4,4,4,4,4,4,4,4,4,4,4,4,4,4,4,4,4,4,4,4,4,4,4,4,ADTW01000136.1/21914-21767,1
1545,0,2,3,2,2,1,3,1,0,3,3,1,4,0,1,1,4,3,3,4,1,3,3,0,3,2,3,1,4,0,2,1,4,4,4,4,1,1,1,3,3,4,0,2,2,4,4,4,4,4,4,2,0,1,2,1,4,4,4,4,4,4,4,4,4,4,4,4,4,4,4,4,4,4,4,4,4,4,4,4,4,2,1,3,0,1,0,3,0,0,0,1,3,4,3,4,1,2,0,4,0,3,2,0,1,2,1,0,4,4,4,4,1,0,0,4,4,4,4,4,4,4,1,0,0,2,2,3,2,1,1,3,2,1,1,2,3,1,1,0,0,1,3,3,4,4,1,3,2,0,3,0,0,3,0,4,4,4,4,4,4,4,4,2,1,2,3,0,4,4,4,4,2,1,3,4,4,4,4,4,4,4,4,4,4,4,4,4,4,4,4,4,4,4,4,4,4,4,4,4,4,4,4,4,4,4,4,4,3,4,4,3,0,3,1,0,4,0,1,1,3,1,4,4,1,4,4,4,2,2,2,1,2,0,0,0,1,2,3,1,2,0,4,4,4,4,4,2,3,3,0,2,2,1,0,1,1,2,1,1,3,3,4,4,4,4,4,4,4,4,4,4,4,4,4,4,4,4,4,4,4,4,4,4,4,4,4,4,4,4,4,4,4,4,4,4,4,4,4,4,4,4,4,4,4,4,4,4,4,4,4,4,4,4,4,4,4,4,4,4,4,4,4,4,4,4,4,4,4,4,4,4,4,4,4,4,4,4,4,4,4,4,4,4,4,4,4,4,4,4,4,4,4,4,4,4,4,4,4,4,4,4,4,4,4,4,4,4,4,4,4,4,4,4,4,4,4,4,4,4,4,4,4,4,4,4,4,4,4,4,4,4,4,4,4,4,4,4,4,4,4,4,4,4,4,4,4,4,4,4,4,4,4,4,4,4,4,4,4,4,4,4,4,4,4,4,4,4,4,4,4,4,4,4,4,4,4,4,4,4,4,4,4,4,4,4,4,4,4,4,4,4,4,4,4,4,4,AESI01000014.1/40318-40465,1
1546,0,2,0,3,2,1,3,1,0,3,3,1,4,1,0,3,4,1,3,4,1,3,3,0,3,2,3,3,4,1,2,1,1,3,4,4,4,4,4,4,4,4,4,4,4,4,4,4,4,4,4,4,4,4,4,4,3,0,4,4,4,4,4,4,4,4,4,4,4,4,4,4,4,4,4,4,4,4,4,2,3,2,1,1,3,1,0,3,0,0,0,1,3,1,1,4,2,2,0,4,0,3,2,0,1,2,1,0,4,4,4,4,2,0,2,1,1,2,4,4,3,3,3,0,1,2,2,3,2,1,3,3,0,3,1,2,3,1,1,4,0,1,3,2,0,4,1,0,2,0,3,2,3,1,4,4,4,4,4,4,4,4,4,2,1,3,3,0,3,4,4,4,2,1,1,4,4,4,4,4,4,4,4,4,4,4,4,4,4,4,4,4,4,4,4,4,4,4,4,4,4,4,4,4,4,4,4,4,3,4,4,1,0,3,1,0,4,2,0,1,0,1,4,4,1,0,4,3,2,2,0,1,0,1,0,0,1,2,3,3,2,0,4,4,4,4,4,2,3,2,0,0,2,1,0,1,1,1,0,1,3,3,4,4,4,4,4,4,4,4,4,4,4,4,4,4,4,4,4,4,4,4,4,4,4,4,4,4,4,4,4,4,4,4,4,4,4,4,4,4,4,4,4,4,4,4,4,4,4,4,4,4,4,4,4,4,4,4,4,4,4,4,4,4,4,4,4,4,4,4,4,4,4,4,4,4,4,4,4,4,4,4,4,4,4,4,4,4,4,4,4,4,4,4,4,4,4,4,4,4,4,4,4,4,4,4,4,4,4,4,4,4,4,4,4,4,4,4,4,4,4,4,4,4,4,4,4,4,4,4,4,4,4,4,4,4,4,4,4,4,4,4,4,4,4,4,4,4,4,4,4,4,4,4,4,4,4,4,4,4,4,4,4,4,4,4,4,4,4,4,4,4,4,4,4,4,4,4,4,4,4,4,4,4,4,4,4,4,4,4,4,4,4,4,4,4,4,ADTJ01000451.1/195-47,1
1547,0,2,3,2,2,1,3,1,0,3,3,1,4,0,1,1,4,1,0,4,3,3,3,0,3,2,3,1,4,0,2,1,4,4,4,4,1,1,1,3,3,4,1,2,2,4,4,4,4,4,4,2,0,1,2,1,4,4,4,4,4,4,4,4,4,4,4,4,4,4,4,4,4,4,4,4,4,4,4,4,4,2,1,3,0,1,0,3,0,0,0,0,3,4,3,4,1,2,0,4,0,3,2,0,1,2,1,0,4,4,4,4,1,0,0,4,4,4,4,4,4,4,1,0,0,2,2,3,2,1,1,3,2,1,1,2,3,1,1,0,0,1,3,3,4,4,1,3,2,0,3,0,3,1,0,4,4,4,4,4,4,4,4,2,1,3,3,0,4,4,4,4,2,1,3,4,4,4,4,4,4,4,4,4,4,4,4,4,4,4,4,4,4,4,4,4,4,4,4,4,4,4,4,4,4,4,4,4,0,4,4,3,0,3,1,0,4,0,1,1,1,3,4,4,1,4,4,4,2,2,2,1,2,0,0,0,1,2,3,1,2,0,4,4,4,4,4,2,3,3,0,2,2,1,0,1,1,2,1,1,3,3,4,4,4,4,4,4,4,4,4,4,4,4,4,4,4,4,4,4,4,4,4,4,4,4,4,4,4,4,4,4,4,4,4,4,4,4,4,4,4,4,4,4,4,4,4,4,4,4,4,4,4,4,4,4,4,4,4,4,4,4,4,4,4,4,4,4,4,4,4,4,4,4,4,4,4,4,4,4,4,4,4,4,4,4,4,4,4,4,4,4,4,4,4,4,4,4,4,4,4,4,4,4,4,4,4,4,4,4,4,4,4,4,4,4,4,4,4,4,4,4,4,4,4,4,4,4,4,4,4,4,4,4,4,4,4,4,4,4,4,4,4,4,4,4,4,4,4,4,4,4,4,4,4,4,4,4,4,4,4,4,4,4,4,4,4,4,4,4,4,4,4,4,4,4,4,4,4,4,4,4,4,4,4,4,4,4,4,4,4,4,4,4,4,4,4,AEJY01000177.1/38111-38258,1
1548,0,2,0,3,2,1,3,1,0,3,3,1,4,1,0,3,4,1,3,4,1,3,3,0,3,2,3,3,4,1,2,1,1,3,4,4,4,4,4,4,4,4,4,4,4,4,4,4,4,4,4,4,4,4,4,4,3,0,4,4,4,4,4,4,4,4,4,4,4,4,4,4,4,4,4,4,4,4,4,2,3,2,1,1,3,1,0,3,0,0,0,1,3,1,1,4,2,2,0,4,0,3,2,0,1,2,1,0,4,4,4,4,2,0,2,1,1,2,4,4,3,3,3,0,1,2,2,3,2,1,3,3,0,3,1,2,3,1,1,4,0,1,3,2,0,4,1,0,2,0,3,2,3,1,4,4,4,4,4,4,4,4,4,2,1,3,3,0,3,4,4,4,2,1,1,4,4,4,4,4,4,4,4,4,4,4,4,4,4,4,4,4,4,4,4,4,4,4,4,4,4,4,4,4,4,4,4,4,3,4,4,1,0,3,1,0,4,2,0,1,0,1,4,4,1,0,4,3,2,2,0,1,0,1,0,0,1,2,3,3,2,0,4,4,4,4,4,2,3,2,0,0,2,1,0,1,1,1,0,1,3,3,4,4,4,4,4,4,4,4,4,4,4,4,4,4,4,4,4,4,4,4,4,4,4,4,4,4,4,4,4,4,4,4,4,4,4,4,4,4,4,4,4,4,4,4,4,4,4,4,4,4,4,4,4,4,4,4,4,4,4,4,4,4,4,4,4,4,4,4,4,4,4,4,4,4,4,4,4,4,4,4,4,4,4,4,4,4,4,4,4,4,4,4,4,4,4,4,4,4,4,4,4,4,4,4,4,4,4,4,4,4,4,4,4,4,4,4,4,4,4,4,4,4,4,4,4,4,4,4,4,4,4,4,4,4,4,4,4,4,4,4,4,4,4,4,4,4,4,4,4,4,4,4,4,4,4,4,4,4,4,4,4,4,4,4,4,4,4,4,4,4,4,4,4,4,4,4,4,4,4,4,4,4,4,4,4,4,4,4,4,4,4,4,4,4,4,CP000948.1/4083377-4083525,1
1549,0,2,3,2,2,1,3,1,0,3,3,1,4,0,1,1,4,3,3,4,1,3,3,0,3,2,3,1,4,0,2,1,4,4,4,4,1,1,1,3,3,4,0,2,2,4,4,4,4,4,4,2,0,1,2,1,4,4,4,4,4,4,4,4,4,4,4,4,4,4,4,4,4,4,4,4,4,4,4,4,4,2,1,3,0,1,0,3,0,0,0,1,3,4,3,4,1,2,0,4,0,3,2,0,1,2,1,0,4,4,4,4,1,0,0,4,4,4,4,4,4,4,1,0,0,2,2,3,2,1,1,3,2,1,1,2,3,1,1,0,0,1,3,3,4,4,1,3,2,0,3,0,0,3,0,4,4,4,4,4,4,4,4,2,1,2,3,0,4,4,4,4,2,1,3,4,4,4,4,4,4,4,4,4,4,4,4,4,4,4,4,4,4,4,4,4,4,4,4,4,4,4,4,4,4,4,4,4,3,4,4,3,0,3,1,0,4,0,1,1,3,1,4,4,1,4,4,4,2,2,2,1,2,0,0,0,1,2,3,1,2,0,4,4,4,4,4,2,3,3,0,2,2,1,0,1,1,2,1,1,3,3,4,4,4,4,4,4,4,4,4,4,4,4,4,4,4,4,4,4,4,4,4,4,4,4,4,4,4,4,4,4,4,4,4,4,4,4,4,4,4,4,4,4,4,4,4,4,4,4,4,4,4,4,4,4,4,4,4,4,4,4,4,4,4,4,4,4,4,4,4,4,4,4,4,4,4,4,4,4,4,4,4,4,4,4,4,4,4,4,4,4,4,4,4,4,4,4,4,4,4,4,4,4,4,4,4,4,4,4,4,4,4,4,4,4,4,4,4,4,4,4,4,4,4,4,4,4,4,4,4,4,4,4,4,4,4,4,4,4,4,4,4,4,4,4,4,4,4,4,4,4,4,4,4,4,4,4,4,4,4,4,4,4,4,4,4,4,4,4,4,4,4,4,4,4,4,4,4,4,4,4,4,4,4,4,4,4,4,4,4,4,4,4,4,4,4,AETS01000015.1/20126-20273,1
1550,0,2,3,2,2,1,3,1,0,3,3,1,4,0,1,1,4,3,3,4,1,3,3,0,3,2,3,1,4,0,2,1,4,4,4,4,1,1,1,3,3,4,0,2,2,4,4,4,4,4,4,2,0,1,2,1,4,4,4,4,4,4,4,4,4,4,4,4,4,4,4,4,4,4,4,4,4,4,4,4,4,2,1,3,0,1,0,3,0,0,0,1,3,4,3,4,1,2,0,4,0,3,2,0,1,2,1,0,4,4,4,4,1,0,0,4,4,4,4,4,4,4,1,0,0,2,2,3,2,1,1,3,2,1,1,2,3,1,1,0,0,1,3,3,4,4,1,3,2,0,3,0,0,3,0,4,4,4,4,4,4,4,4,2,1,2,3,0,4,4,4,4,2,1,3,4,4,4,4,4,4,4,4,4,4,4,4,4,4,4,4,4,4,4,4,4,4,4,4,4,4,4,4,4,4,4,4,4,3,4,4,3,0,3,1,0,4,0,1,1,3,1,4,4,1,4,4,4,2,2,2,1,2,0,0,0,1,2,3,1,2,0,4,4,4,4,4,2,3,3,0,2,2,1,0,1,1,2,1,1,3,3,4,4,4,4,4,4,4,4,4,4,4,4,4,4,4,4,4,4,4,4,4,4,4,4,4,4,4,4,4,4,4,4,4,4,4,4,4,4,4,4,4,4,4,4,4,4,4,4,4,4,4,4,4,4,4,4,4,4,4,4,4,4,4,4,4,4,4,4,4,4,4,4,4,4,4,4,4,4,4,4,4,4,4,4,4,4,4,4,4,4,4,4,4,4,4,4,4,4,4,4,4,4,4,4,4,4,4,4,4,4,4,4,4,4,4,4,4,4,4,4,4,4,4,4,4,4,4,4,4,4,4,4,4,4,4,4,4,4,4,4,4,4,4,4,4,4,4,4,4,4,4,4,4,4,4,4,4,4,4,4,4,4,4,4,4,4,4,4,4,4,4,4,4,4,4,4,4,4,4,4,4,4,4,4,4,4,4,4,4,4,4,4,4,4,4,AESN01000121.1/58849-58702,1
1551,0,2,0,3,2,1,3,1,0,3,3,1,4,1,0,3,4,1,3,4,1,3,3,0,3,2,3,3,4,1,2,1,1,3,4,4,4,4,4,4,4,4,4,4,4,4,4,4,4,4,4,4,4,4,4,4,3,0,4,4,4,4,4,4,4,4,4,4,4,4,4,4,4,4,4,4,4,4,4,2,3,2,1,1,3,1,0,3,0,0,0,1,3,1,1,4,2,2,0,4,0,3,2,0,1,2,1,0,4,4,4,4,2,0,2,1,1,2,4,4,3,3,3,0,1,2,2,3,2,1,3,3,0,3,1,2,3,1,1,4,0,1,3,2,0,4,1,0,2,0,3,2,3,1,4,4,4,4,4,4,4,4,4,2,1,3,3,0,3,4,4,4,2,1,1,4,4,4,4,4,4,4,4,4,4,4,4,4,4,4,4,4,4,4,4,4,4,4,4,4,4,4,4,4,4,4,4,4,3,4,4,1,0,3,1,0,4,2,0,1,0,1,4,4,1,0,4,3,2,2,0,1,0,1,0,0,1,2,3,3,2,0,4,4,4,4,4,2,3,2,0,0,2,1,0,1,1,1,0,1,3,3,4,4,4,4,4,4,4,4,4,4,4,4,4,4,4,4,4,4,4,4,4,4,4,4,4,4,4,4,4,4,4,4,4,4,4,4,4,4,4,4,4,4,4,4,4,4,4,4,4,4,4,4,4,4,4,4,4,4,4,4,4,4,4,4,4,4,4,4,4,4,4,4,4,4,4,4,4,4,4,4,4,4,4,4,4,4,4,4,4,4,4,4,4,4,4,4,4,4,4,4,4,4,4,4,4,4,4,4,4,4,4,4,4,4,4,4,4,4,4,4,4,4,4,4,4,4,4,4,4,4,4,4,4,4,4,4,4,4,4,4,4,4,4,4,4,4,4,4,4,4,4,4,4,4,4,4,4,4,4,4,4,4,4,4,4,4,4,4,4,4,4,4,4,4,4,4,4,4,4,4,4,4,4,4,4,4,4,4,4,4,4,4,4,4,4,ADTZ01000363.1/173-25,1
1552,0,2,3,2,2,1,3,1,0,3,3,1,4,0,1,1,4,2,0,4,1,3,3,0,3,2,3,1,4,0,2,1,4,4,4,4,1,1,1,3,3,4,1,2,2,4,4,4,4,4,4,2,0,1,2,3,4,4,4,4,4,4,4,4,4,4,4,4,4,4,4,4,4,4,4,4,4,4,4,4,4,2,1,3,0,1,0,3,0,0,0,0,3,4,0,4,1,2,0,4,0,3,2,0,1,2,1,0,4,4,4,4,1,0,0,4,4,4,4,4,4,4,1,0,0,2,2,3,2,1,1,3,2,1,1,2,3,1,1,0,0,1,3,3,4,4,1,3,2,0,3,0,3,1,0,4,4,4,4,4,4,4,4,2,1,2,3,0,4,4,4,4,2,1,3,4,4,4,4,4,4,4,4,4,4,4,4,4,4,4,4,4,4,4,4,4,4,4,4,4,4,4,4,4,4,4,4,4,0,4,4,3,0,3,1,0,4,0,1,1,0,3,4,4,1,4,4,4,2,2,2,1,2,0,0,0,1,2,3,1,2,0,4,4,4,4,4,2,3,3,0,2,2,1,0,1,1,2,1,3,3,3,4,4,4,4,4,4,4,4,4,4,4,4,4,4,4,4,4,4,4,4,4,4,4,4,4,4,4,4,4,4,4,4,4,4,4,4,4,4,4,4,4,4,4,4,4,4,4,4,4,4,4,4,4,4,4,4,4,4,4,4,4,4,4,4,4,4,4,4,4,4,4,4,4,4,4,4,4,4,4,4,4,4,4,4,4,4,4,4,4,4,4,4,4,4,4,4,4,4,4,4,4,4,4,4,4,4,4,4,4,4,4,4,4,4,4,4,4,4,4,4,4,4,4,4,4,4,4,4,4,4,4,4,4,4,4,4,4,4,4,4,4,4,4,4,4,4,4,4,4,4,4,4,4,4,4,4,4,4,4,4,4,4,4,4,4,4,4,4,4,4,4,4,4,4,4,4,4,4,4,4,4,4,4,4,4,4,4,4,4,4,4,4,4,4,4,CP000946.1/1221583-1221730,1
1553,0,2,3,2,2,1,3,1,0,3,3,1,4,0,1,1,4,2,0,4,1,3,3,0,3,2,3,1,4,0,2,1,4,4,4,4,1,1,1,3,3,4,1,2,2,4,4,4,4,4,4,2,0,1,2,3,4,4,4,4,4,4,4,4,4,4,4,4,4,4,4,4,4,4,4,4,4,4,4,4,4,2,1,3,0,1,0,3,0,0,0,0,3,4,3,4,1,2,0,4,0,3,2,0,1,2,1,0,4,4,4,4,1,0,0,4,4,4,4,4,4,4,1,0,0,2,2,3,2,1,1,3,2,1,1,2,3,1,1,0,0,1,3,3,4,4,1,3,2,0,3,0,3,1,0,4,4,4,4,4,4,4,4,2,1,2,3,0,4,4,4,4,2,1,3,4,4,4,4,4,4,4,4,4,4,4,4,4,4,4,4,4,4,4,4,4,4,4,4,4,4,4,4,4,4,4,4,4,0,4,4,3,0,3,1,0,4,0,1,1,0,3,4,4,1,4,4,4,2,2,2,1,2,0,0,0,1,2,3,1,2,0,4,4,4,4,4,2,3,3,0,2,2,1,0,1,1,2,1,1,3,3,4,4,4,4,4,4,4,4,4,4,4,4,4,4,4,4,4,4,4,4,4,4,4,4,4,4,4,4,4,4,4,4,4,4,4,4,4,4,4,4,4,4,4,4,4,4,4,4,4,4,4,4,4,4,4,4,4,4,4,4,4,4,4,4,4,4,4,4,4,4,4,4,4,4,4,4,4,4,4,4,4,4,4,4,4,4,4,4,4,4,4,4,4,4,4,4,4,4,4,4,4,4,4,4,4,4,4,4,4,4,4,4,4,4,4,4,4,4,4,4,4,4,4,4,4,4,4,4,4,4,4,4,4,4,4,4,4,4,4,4,4,4,4,4,4,4,4,4,4,4,4,4,4,4,4,4,4,4,4,4,4,4,4,4,4,4,4,4,4,4,4,4,4,4,4,4,4,4,4,4,4,4,4,4,4,4,4,4,4,4,4,4,4,4,4,AEUA01000030.1/162010-161863,1
1554,0,2,3,2,2,1,3,1,0,3,3,1,4,0,1,1,4,2,0,4,1,3,3,0,3,2,3,1,4,0,2,1,4,4,4,4,1,1,1,3,3,4,1,2,2,4,4,4,4,4,4,2,0,1,2,3,4,4,4,4,4,4,4,4,4,4,4,4,4,4,4,4,4,4,4,4,4,4,4,4,4,2,1,3,0,1,0,3,0,0,0,0,3,4,3,4,1,2,0,4,0,3,2,0,1,2,1,0,4,4,4,4,1,0,0,4,4,4,4,4,4,4,1,0,0,2,2,3,2,1,1,3,2,1,1,2,3,1,1,0,0,1,3,3,4,4,1,3,2,0,3,0,3,1,0,4,4,4,4,4,4,4,4,2,1,2,3,0,4,4,4,4,2,1,3,4,4,4,4,4,4,4,4,4,4,4,4,4,4,4,4,4,4,4,4,4,4,4,4,4,4,4,4,4,4,4,4,4,0,4,4,3,0,3,1,0,4,0,1,1,0,3,4,4,1,4,4,4,2,2,2,1,2,0,0,0,1,2,3,1,2,0,4,4,4,4,4,2,3,3,0,2,2,1,0,1,1,2,1,1,3,3,4,4,4,4,4,4,4,4,4,4,4,4,4,4,4,4,4,4,4,4,4,4,4,4,4,4,4,4,4,4,4,4,4,4,4,4,4,4,4,4,4,4,4,4,4,4,4,4,4,4,4,4,4,4,4,4,4,4,4,4,4,4,4,4,4,4,4,4,4,4,4,4,4,4,4,4,4,4,4,4,4,4,4,4,4,4,4,4,4,4,4,4,4,4,4,4,4,4,4,4,4,4,4,4,4,4,4,4,4,4,4,4,4,4,4,4,4,4,4,4,4,4,4,4,4,4,4,4,4,4,4,4,4,4,4,4,4,4,4,4,4,4,4,4,4,4,4,4,4,4,4,4,4,4,4,4,4,4,4,4,4,4,4,4,4,4,4,4,4,4,4,4,4,4,4,4,4,4,4,4,4,4,4,4,4,4,4,4,4,4,4,4,4,4,4,CU928145.2/2914559-2914412,1
1555,0,2,3,3,2,1,3,1,0,3,3,1,4,0,1,1,4,3,3,4,3,3,3,0,3,2,0,3,4,0,2,1,1,1,1,2,1,0,0,3,3,4,0,0,2,1,2,2,0,3,4,2,0,3,2,1,4,4,4,4,4,4,4,4,4,4,4,4,4,4,4,4,4,4,4,4,4,4,4,4,4,2,1,3,3,1,0,3,0,0,2,1,1,3,1,4,1,2,0,4,0,3,2,0,3,2,1,1,4,4,4,4,3,0,0,2,4,4,4,4,4,4,0,1,3,2,2,3,2,1,1,3,0,3,1,2,3,1,1,0,1,1,3,0,0,0,1,1,2,0,1,0,3,3,2,3,2,3,4,4,4,4,4,2,0,0,0,2,1,4,4,4,0,1,0,4,4,4,4,4,4,4,4,4,4,4,4,4,4,4,4,4,4,4,4,4,4,4,4,4,4,4,4,4,4,4,4,4,3,4,4,3,0,3,1,0,4,0,0,1,0,3,4,4,1,4,4,4,2,2,0,1,2,0,1,0,1,2,3,3,2,0,4,4,4,4,4,2,3,2,0,2,2,1,0,1,1,2,1,1,3,0,4,4,4,4,4,4,4,4,4,4,4,4,4,4,4,4,4,4,4,4,4,4,4,4,4,4,4,4,4,4,4,4,4,4,4,4,4,4,4,4,4,4,4,4,4,4,4,4,4,4,4,4,4,4,4,4,4,4,4,4,4,4,4,4,4,4,4,4,4,4,4,4,4,4,4,4,4,4,4,4,4,4,4,4,4,4,4,4,4,4,4,4,4,4,4,4,4,4,4,4,4,4,4,4,4,4,4,4,4,4,4,4,4,4,4,4,4,4,4,4,4,4,4,4,4,4,4,4,4,4,4,4,4,4,4,4,4,4,4,4,4,4,4,4,4,4,4,4,4,4,4,4,4,4,4,4,4,4,4,4,4,4,4,4,4,4,4,4,4,4,4,4,4,4,4,4,4,4,4,4,4,4,4,4,4,4,4,4,4,4,4,4,4,4,4,AL590842.1/3260857-3260693,1
1556,0,2,0,3,2,1,3,1,0,3,3,1,4,3,0,3,4,1,3,4,1,3,3,0,3,2,3,3,4,1,2,1,1,3,4,4,4,4,4,4,4,4,4,4,4,4,4,4,4,4,4,4,4,4,4,4,3,0,4,4,4,4,4,4,4,4,4,4,4,4,4,4,4,4,4,4,4,4,4,2,3,2,1,1,3,1,0,3,0,0,0,1,3,1,1,4,2,2,0,4,0,3,2,0,1,2,1,0,4,4,4,4,2,0,2,1,1,2,4,4,3,3,3,0,1,2,2,3,2,1,3,3,0,3,1,2,3,1,1,4,0,1,3,2,0,4,1,0,2,0,3,2,3,1,4,4,4,4,4,4,4,4,4,2,1,3,3,0,3,4,4,4,2,1,1,4,4,4,4,4,4,4,4,4,4,4,4,4,4,4,4,4,4,4,4,4,4,4,4,4,4,4,4,4,4,4,4,4,3,4,4,1,0,3,1,0,4,2,0,1,0,1,4,4,1,0,4,3,2,2,0,1,0,1,0,0,1,2,3,3,2,0,4,4,4,4,4,2,3,2,0,0,2,1,0,1,1,1,0,1,3,3,4,4,4,4,4,4,4,4,4,4,4,4,4,4,4,4,4,4,4,4,4,4,4,4,4,4,4,4,4,4,4,4,4,4,4,4,4,4,4,4,4,4,4,4,4,4,4,4,4,4,4,4,4,4,4,4,4,4,4,4,4,4,4,4,4,4,4,4,4,4,4,4,4,4,4,4,4,4,4,4,4,4,4,4,4,4,4,4,4,4,4,4,4,4,4,4,4,4,4,4,4,4,4,4,4,4,4,4,4,4,4,4,4,4,4,4,4,4,4,4,4,4,4,4,4,4,4,4,4,4,4,4,4,4,4,4,4,4,4,4,4,4,4,4,4,4,4,4,4,4,4,4,4,4,4,4,4,4,4,4,4,4,4,4,4,4,4,4,4,4,4,4,4,4,4,4,4,4,4,4,4,4,4,4,4,4,4,4,4,4,4,4,4,4,4,AEHY01000129.1/65864-65716,1
1557,0,2,0,3,2,1,3,1,0,3,1,3,4,1,0,1,4,3,3,4,0,3,3,0,3,2,0,1,4,0,2,1,1,3,2,2,1,3,3,3,0,4,4,4,4,4,4,4,4,4,4,3,0,2,1,1,4,4,4,4,4,4,4,4,4,4,4,4,4,4,4,4,4,4,4,4,4,4,4,4,4,0,1,3,3,1,0,3,0,0,0,1,1,1,0,4,2,0,2,4,0,3,2,0,3,2,1,0,4,4,4,4,2,0,2,1,1,2,0,3,3,3,3,0,2,2,2,3,2,1,1,3,0,3,3,2,3,1,1,0,3,2,3,0,0,4,0,1,2,0,3,2,3,3,4,4,4,4,4,4,4,4,4,2,0,0,3,0,4,4,4,4,3,1,3,4,4,4,4,4,4,4,4,4,4,4,4,4,4,4,4,4,4,4,4,4,4,4,4,4,4,4,4,4,4,4,4,4,3,4,4,1,0,3,1,0,4,1,0,3,0,1,4,4,1,4,4,4,2,2,2,1,0,3,0,0,1,2,3,3,2,0,4,4,4,4,4,2,3,2,0,2,2,1,2,1,1,0,0,1,0,3,4,4,4,4,4,4,4,4,4,4,4,4,4,4,4,4,4,4,4,4,4,4,4,4,4,4,4,4,4,4,4,4,4,4,4,4,4,4,4,4,4,4,4,4,4,4,4,4,4,4,4,4,4,4,4,4,4,4,4,4,4,4,4,4,4,4,4,4,4,4,4,4,4,4,4,4,4,4,4,4,4,4,4,4,4,4,4,4,4,4,4,4,4,4,4,4,4,4,4,4,4,4,4,4,4,4,4,4,4,4,4,4,4,4,4,4,4,4,4,4,4,4,4,4,4,4,4,4,4,4,4,4,4,4,4,4,4,4,4,4,4,4,4,4,4,4,4,4,4,4,4,4,4,4,4,4,4,4,4,4,4,4,4,4,4,4,4,4,4,4,4,4,4,4,4,4,4,4,4,4,4,4,4,4,4,4,4,4,4,4,4,4,4,4,4,AALC02000029.1/13842-13686,1
1558,0,2,0,3,2,1,3,1,0,3,3,1,4,1,0,3,4,1,3,4,1,3,3,0,3,2,3,3,4,1,2,1,1,3,4,4,4,4,4,4,4,4,4,4,4,4,4,4,4,4,4,4,4,4,4,4,3,0,4,4,4,4,4,4,4,4,4,4,4,4,4,4,4,4,4,4,4,4,4,2,3,2,1,1,3,1,0,3,0,0,0,1,3,1,1,4,2,2,0,4,0,3,2,0,1,2,1,0,4,4,4,4,2,0,2,1,1,2,4,4,3,3,3,0,1,2,2,3,2,1,3,3,0,3,1,2,3,1,1,4,0,1,3,2,0,4,1,0,2,0,3,2,3,1,4,4,4,4,4,4,4,4,4,2,1,3,3,0,3,4,4,4,2,1,1,4,4,4,4,4,4,4,4,4,4,4,4,4,4,4,4,4,4,4,4,4,4,4,4,4,4,4,4,4,4,4,4,4,3,4,4,1,0,3,1,0,4,2,0,1,0,1,4,4,1,0,4,3,2,2,0,1,0,1,0,0,1,2,3,3,2,0,4,4,4,4,4,2,3,2,0,0,2,1,0,1,1,1,0,1,3,3,4,4,4,4,4,4,4,4,4,4,4,4,4,4,4,4,4,4,4,4,4,4,4,4,4,4,4,4,4,4,4,4,4,4,4,4,4,4,4,4,4,4,4,4,4,4,4,4,4,4,4,4,4,4,4,4,4,4,4,4,4,4,4,4,4,4,4,4,4,4,4,4,4,4,4,4,4,4,4,4,4,4,4,4,4,4,4,4,4,4,4,4,4,4,4,4,4,4,4,4,4,4,4,4,4,4,4,4,4,4,4,4,4,4,4,4,4,4,4,4,4,4,4,4,4,4,4,4,4,4,4,4,4,4,4,4,4,4,4,4,4,4,4,4,4,4,4,4,4,4,4,4,4,4,4,4,4,4,4,4,4,4,4,4,4,4,4,4,4,4,4,4,4,4,4,4,4,4,4,4,4,4,4,4,4,4,4,4,4,4,4,4,4,4,4,ADAX01000160.1/24030-24178,1
1559,0,2,0,3,2,1,3,1,0,3,3,1,4,1,0,3,4,1,3,4,1,3,3,0,3,2,3,3,4,1,2,1,1,3,3,4,1,4,4,4,4,4,4,4,4,4,4,4,4,4,4,4,4,4,4,4,3,4,4,4,4,4,4,4,4,4,4,4,4,4,4,4,4,4,4,4,4,4,4,4,2,2,1,1,3,1,0,3,0,0,0,1,3,1,0,4,2,2,0,4,0,3,2,0,3,2,1,0,4,4,4,4,2,0,2,1,1,2,4,4,3,3,3,0,1,2,2,3,2,1,3,3,0,3,1,2,3,1,1,4,0,1,3,2,0,4,1,0,2,0,3,2,3,1,4,4,4,4,4,4,4,4,4,2,1,3,3,0,1,4,4,4,2,1,1,4,4,4,4,4,4,4,4,4,4,4,4,4,4,4,4,4,4,4,4,4,4,4,4,4,4,4,4,4,4,4,4,4,3,4,4,1,0,3,1,0,4,0,0,1,0,1,4,4,1,1,4,3,2,2,0,1,0,1,0,0,1,2,3,3,2,0,4,4,4,4,4,2,3,2,0,0,2,1,0,1,1,1,1,3,3,3,4,4,4,4,4,4,4,4,4,4,4,4,4,4,4,4,4,4,4,4,4,4,4,4,4,4,4,4,4,4,4,4,4,4,4,4,4,4,4,4,4,4,4,4,4,4,4,4,4,4,4,4,4,4,4,4,4,4,4,4,4,4,4,4,4,4,4,4,4,4,4,4,4,4,4,4,4,4,4,4,4,4,4,4,4,4,4,4,4,4,4,4,4,4,4,4,4,4,4,4,4,4,4,4,4,4,4,4,4,4,4,4,4,4,4,4,4,4,4,4,4,4,4,4,4,4,4,4,4,4,4,4,4,4,4,4,4,4,4,4,4,4,4,4,4,4,4,4,4,4,4,4,4,4,4,4,4,4,4,4,4,4,4,4,4,4,4,4,4,4,4,4,4,4,4,4,4,4,4,4,4,4,4,4,4,4,4,4,4,4,4,4,4,4,4,AETS01000080.1/39699-39847,1
1560,0,2,0,3,2,1,3,1,0,3,3,1,4,1,0,3,4,1,3,4,1,3,3,0,3,2,3,3,4,1,2,1,1,3,4,4,4,4,4,4,4,4,4,4,4,4,4,4,4,4,4,4,4,4,4,4,3,0,4,4,4,4,4,4,4,4,4,4,4,4,4,4,4,4,4,4,4,4,4,2,3,2,1,1,3,1,0,3,0,0,0,1,3,1,1,4,2,2,0,4,0,3,2,0,1,2,1,0,4,4,4,4,2,0,2,1,1,2,4,4,3,3,3,0,1,2,2,3,2,1,3,3,0,3,1,2,3,1,1,4,0,1,3,2,0,4,1,0,2,0,3,2,3,1,4,4,4,4,4,4,4,4,4,2,1,3,3,0,3,4,4,4,2,1,1,4,4,4,4,4,4,4,4,4,4,4,4,4,4,4,4,4,4,4,4,4,4,4,4,4,4,4,4,4,4,4,4,4,3,4,4,1,0,3,1,0,4,2,0,1,0,1,4,4,1,0,4,3,2,2,0,1,0,1,0,0,1,2,3,3,2,0,4,4,4,4,4,2,3,2,0,0,2,1,0,1,1,1,0,1,3,3,4,4,4,4,4,4,4,4,4,4,4,4,4,4,4,4,4,4,4,4,4,4,4,4,4,4,4,4,4,4,4,4,4,4,4,4,4,4,4,4,4,4,4,4,4,4,4,4,4,4,4,4,4,4,4,4,4,4,4,4,4,4,4,4,4,4,4,4,4,4,4,4,4,4,4,4,4,4,4,4,4,4,4,4,4,4,4,4,4,4,4,4,4,4,4,4,4,4,4,4,4,4,4,4,4,4,4,4,4,4,4,4,4,4,4,4,4,4,4,4,4,4,4,4,4,4,4,4,4,4,4,4,4,4,4,4,4,4,4,4,4,4,4,4,4,4,4,4,4,4,4,4,4,4,4,4,4,4,4,4,4,4,4,4,4,4,4,4,4,4,4,4,4,4,4,4,4,4,4,4,4,4,4,4,4,4,4,4,4,4,4,4,4,4,4,AEJX01000037.1/51128-50980,1
1561,0,2,0,3,2,1,3,1,0,3,3,1,4,1,0,3,4,1,3,4,1,3,3,0,3,2,3,3,4,1,2,1,1,3,3,4,1,4,4,4,4,4,4,4,4,4,4,4,4,4,4,4,4,4,4,4,3,4,4,4,4,4,4,4,4,4,4,4,4,4,4,4,4,4,4,4,4,4,4,4,2,2,1,1,3,1,0,3,0,0,0,1,3,1,0,4,2,2,0,4,0,3,2,0,3,2,1,0,4,4,4,4,2,0,2,1,1,2,4,4,3,3,3,0,1,2,2,3,2,1,3,3,0,3,1,2,3,1,1,4,0,1,3,2,0,4,1,0,2,0,3,2,3,1,4,4,4,4,4,4,4,4,4,2,1,3,3,0,1,4,4,4,2,1,1,4,4,4,4,4,4,4,4,4,4,4,4,4,4,4,4,4,4,4,4,4,4,4,4,4,4,4,4,4,4,4,4,4,3,4,4,1,0,3,1,0,4,0,0,1,0,1,4,4,1,1,4,3,2,2,0,1,0,1,0,0,1,2,3,3,2,0,4,4,4,4,4,2,3,2,0,0,2,1,0,1,1,1,1,3,3,3,4,4,4,4,4,4,4,4,4,4,4,4,4,4,4,4,4,4,4,4,4,4,4,4,4,4,4,4,4,4,4,4,4,4,4,4,4,4,4,4,4,4,4,4,4,4,4,4,4,4,4,4,4,4,4,4,4,4,4,4,4,4,4,4,4,4,4,4,4,4,4,4,4,4,4,4,4,4,4,4,4,4,4,4,4,4,4,4,4,4,4,4,4,4,4,4,4,4,4,4,4,4,4,4,4,4,4,4,4,4,4,4,4,4,4,4,4,4,4,4,4,4,4,4,4,4,4,4,4,4,4,4,4,4,4,4,4,4,4,4,4,4,4,4,4,4,4,4,4,4,4,4,4,4,4,4,4,4,4,4,4,4,4,4,4,4,4,4,4,4,4,4,4,4,4,4,4,4,4,4,4,4,4,4,4,4,4,4,4,4,4,4,4,4,4,AESP01000062.1/53122-52974,1
1562,0,2,3,2,2,1,3,1,0,3,3,1,4,0,1,1,4,3,3,4,1,3,3,0,3,2,3,1,4,0,2,1,4,4,4,4,1,1,1,3,3,4,0,2,2,4,4,4,4,4,4,2,0,1,2,1,4,4,4,4,4,4,4,4,4,4,4,4,4,4,4,4,4,4,4,4,4,4,4,4,4,2,1,3,0,1,0,3,0,0,0,1,3,4,3,4,1,2,0,4,0,3,2,0,1,2,1,0,4,4,4,4,1,0,0,4,4,4,4,4,4,4,1,0,0,2,2,3,2,1,1,3,2,1,1,2,3,1,3,0,0,1,3,3,4,4,1,3,2,0,3,0,0,3,0,4,4,4,4,4,4,4,4,2,1,2,3,0,4,4,4,4,2,1,3,4,4,4,4,4,4,4,4,4,4,4,4,4,4,4,4,4,4,4,4,4,4,4,4,4,4,4,4,4,4,4,4,4,3,4,4,3,0,3,1,0,4,0,1,1,3,1,4,4,1,4,4,4,2,2,2,1,2,0,0,0,1,2,3,1,2,0,4,4,4,4,4,2,3,3,0,2,2,1,0,1,1,2,1,1,3,3,4,4,4,4,4,4,4,4,4,4,4,4,4,4,4,4,4,4,4,4,4,4,4,4,4,4,4,4,4,4,4,4,4,4,4,4,4,4,4,4,4,4,4,4,4,4,4,4,4,4,4,4,4,4,4,4,4,4,4,4,4,4,4,4,4,4,4,4,4,4,4,4,4,4,4,4,4,4,4,4,4,4,4,4,4,4,4,4,4,4,4,4,4,4,4,4,4,4,4,4,4,4,4,4,4,4,4,4,4,4,4,4,4,4,4,4,4,4,4,4,4,4,4,4,4,4,4,4,4,4,4,4,4,4,4,4,4,4,4,4,4,4,4,4,4,4,4,4,4,4,4,4,4,4,4,4,4,4,4,4,4,4,4,4,4,4,4,4,4,4,4,4,4,4,4,4,4,4,4,4,4,4,4,4,4,4,4,4,4,4,4,4,4,4,4,CAAT01000053.1/37188-37335,1
1563,0,2,0,3,2,1,3,1,0,3,3,1,4,1,0,3,4,1,3,4,1,3,3,0,3,2,3,3,4,1,2,1,1,3,4,4,4,4,4,4,4,4,4,4,4,4,4,4,4,4,4,4,4,4,4,4,3,0,4,4,4,4,4,4,4,4,4,4,4,4,4,4,4,4,4,4,4,4,4,2,3,2,1,1,3,1,0,3,0,0,0,1,3,1,1,4,2,2,0,4,0,3,2,0,1,2,1,0,4,4,4,4,2,0,2,1,1,2,4,4,3,3,3,0,1,2,2,3,2,1,3,3,0,3,1,2,3,1,1,4,0,1,3,2,0,4,1,0,2,0,3,2,3,1,4,4,4,4,4,4,4,4,4,2,1,3,3,0,3,4,4,4,2,1,1,4,4,4,4,4,4,4,4,4,4,4,4,4,4,4,4,4,4,4,4,4,4,4,4,4,4,4,4,4,4,4,4,4,3,4,4,1,0,3,1,0,4,2,0,1,0,1,4,4,1,0,4,3,2,2,0,1,0,1,0,0,1,2,3,3,2,0,4,4,4,4,4,2,3,2,0,0,2,1,0,1,1,1,0,1,3,3,4,4,4,4,4,4,4,4,4,4,4,4,4,4,4,4,4,4,4,4,4,4,4,4,4,4,4,4,4,4,4,4,4,4,4,4,4,4,4,4,4,4,4,4,4,4,4,4,4,4,4,4,4,4,4,4,4,4,4,4,4,4,4,4,4,4,4,4,4,4,4,4,4,4,4,4,4,4,4,4,4,4,4,4,4,4,4,4,4,4,4,4,4,4,4,4,4,4,4,4,4,4,4,4,4,4,4,4,4,4,4,4,4,4,4,4,4,4,4,4,4,4,4,4,4,4,4,4,4,4,4,4,4,4,4,4,4,4,4,4,4,4,4,4,4,4,4,4,4,4,4,4,4,4,4,4,4,4,4,4,4,4,4,4,4,4,4,4,4,4,4,4,4,4,4,4,4,4,4,4,4,4,4,4,4,4,4,4,4,4,4,4,4,4,4,AEZX01000031.1/53829-53681,1
1564,0,2,3,2,2,1,3,1,0,3,3,1,4,0,1,1,4,3,3,4,1,3,3,0,3,2,3,1,4,0,2,1,4,4,4,4,1,1,1,3,3,4,0,2,2,4,4,4,4,4,4,2,0,1,2,1,4,4,4,4,4,4,4,4,4,4,4,4,4,4,4,4,4,4,4,4,4,4,4,4,4,2,1,3,0,1,0,3,0,0,0,1,3,4,3,4,1,2,0,4,0,3,2,0,1,2,1,0,4,4,4,4,1,0,0,4,4,4,4,4,4,4,1,0,0,2,2,3,2,1,1,3,2,1,1,2,3,1,1,0,0,1,3,3,4,4,1,3,2,0,3,0,0,3,0,4,4,4,4,4,4,4,4,2,1,2,3,0,4,4,4,4,2,1,3,4,4,4,4,4,4,4,4,4,4,4,4,4,4,4,4,4,4,4,4,4,4,4,4,4,4,4,4,4,4,4,4,4,3,4,4,3,0,3,1,0,4,0,1,1,3,1,4,4,1,4,4,4,2,2,2,1,2,0,0,0,1,2,3,1,2,0,4,4,4,4,4,2,3,3,0,2,2,1,0,1,1,2,1,1,3,3,4,4,4,4,4,4,4,4,4,4,4,4,4,4,4,4,4,4,4,4,4,4,4,4,4,4,4,4,4,4,4,4,4,4,4,4,4,4,4,4,4,4,4,4,4,4,4,4,4,4,4,4,4,4,4,4,4,4,4,4,4,4,4,4,4,4,4,4,4,4,4,4,4,4,4,4,4,4,4,4,4,4,4,4,4,4,4,4,4,4,4,4,4,4,4,4,4,4,4,4,4,4,4,4,4,4,4,4,4,4,4,4,4,4,4,4,4,4,4,4,4,4,4,4,4,4,4,4,4,4,4,4,4,4,4,4,4,4,4,4,4,4,4,4,4,4,4,4,4,4,4,4,4,4,4,4,4,4,4,4,4,4,4,4,4,4,4,4,4,4,4,4,4,4,4,4,4,4,4,4,4,4,4,4,4,4,4,4,4,4,4,4,4,4,4,CP001113.1/2707897-2707750,1
1565,0,2,3,2,2,1,3,1,0,3,3,1,4,0,1,1,4,2,0,4,1,3,3,0,3,2,3,1,4,0,2,1,4,4,4,4,1,1,1,3,3,4,1,2,2,4,4,4,4,4,4,2,0,1,2,3,4,4,4,4,4,4,4,4,4,4,4,4,4,4,4,4,4,4,4,4,4,4,4,4,4,2,1,3,0,1,0,3,0,0,0,0,3,4,3,4,1,2,0,4,0,3,2,0,1,2,1,0,4,4,4,4,1,0,0,4,4,4,4,4,4,4,1,0,0,2,2,3,2,1,1,3,2,1,1,2,3,1,1,0,0,1,3,3,4,4,1,3,2,0,3,0,3,1,0,4,4,4,4,4,4,4,4,2,1,2,3,0,4,4,4,4,2,1,3,4,4,4,4,4,4,4,4,4,4,4,4,4,4,4,4,4,4,4,4,4,4,4,4,4,4,4,4,4,4,4,4,4,0,4,4,3,0,3,1,0,4,0,1,1,0,3,4,4,1,4,4,4,2,2,2,1,2,0,0,0,1,2,3,1,2,0,4,4,4,4,4,2,3,3,0,2,2,1,0,1,1,2,1,1,3,3,4,4,4,4,4,4,4,4,4,4,4,4,4,4,4,4,4,4,4,4,4,4,4,4,4,4,4,4,4,4,4,4,4,4,4,4,4,4,4,4,4,4,4,4,4,4,4,4,4,4,4,4,4,4,4,4,4,4,4,4,4,4,4,4,4,4,4,4,4,4,4,4,4,4,4,4,4,4,4,4,4,4,4,4,4,4,4,4,4,4,4,4,4,4,4,4,4,4,4,4,4,4,4,4,4,4,4,4,4,4,4,4,4,4,4,4,4,4,4,4,4,4,4,4,4,4,4,4,4,4,4,4,4,4,4,4,4,4,4,4,4,4,4,4,4,4,4,4,4,4,4,4,4,4,4,4,4,4,4,4,4,4,4,4,4,4,4,4,4,4,4,4,4,4,4,4,4,4,4,4,4,4,4,4,4,4,4,4,4,4,4,4,4,4,4,AERP01000023.1/151506-151359,1
1566,0,2,0,3,2,1,3,1,0,3,3,1,4,1,0,3,4,1,3,4,1,3,3,0,3,2,3,3,4,1,2,1,1,3,4,4,4,4,4,4,4,4,4,4,4,4,4,4,4,4,4,4,4,4,4,4,3,0,4,4,4,4,4,4,4,4,4,4,4,4,4,4,4,4,4,4,4,4,4,2,3,2,1,1,3,1,0,3,0,0,0,1,3,1,1,4,2,2,0,4,0,3,2,0,1,2,1,0,4,4,4,4,2,0,2,1,1,2,4,4,3,3,3,0,1,2,2,3,2,1,3,3,0,3,1,2,3,1,1,4,0,1,3,2,0,4,1,0,2,0,3,2,3,1,4,4,4,4,4,4,4,4,4,2,1,3,3,0,3,4,4,4,2,1,1,4,4,4,4,4,4,4,4,4,4,4,4,4,4,4,4,4,4,4,4,4,4,4,4,4,4,4,4,4,4,4,4,4,3,4,4,1,0,3,1,0,4,2,0,1,0,1,4,4,1,0,4,3,2,2,0,1,0,1,0,0,1,2,3,3,2,0,4,4,4,4,4,2,3,2,0,0,2,1,0,1,1,1,0,1,3,3,4,4,4,4,4,4,4,4,4,4,4,4,4,4,4,4,4,4,4,4,4,4,4,4,4,4,4,4,4,4,4,4,4,4,4,4,4,4,4,4,4,4,4,4,4,4,4,4,4,4,4,4,4,4,4,4,4,4,4,4,4,4,4,4,4,4,4,4,4,4,4,4,4,4,4,4,4,4,4,4,4,4,4,4,4,4,4,4,4,4,4,4,4,4,4,4,4,4,4,4,4,4,4,4,4,4,4,4,4,4,4,4,4,4,4,4,4,4,4,4,4,4,4,4,4,4,4,4,4,4,4,4,4,4,4,4,4,4,4,4,4,4,4,4,4,4,4,4,4,4,4,4,4,4,4,4,4,4,4,4,4,4,4,4,4,4,4,4,4,4,4,4,4,4,4,4,4,4,4,4,4,4,4,4,4,4,4,4,4,4,4,4,4,4,4,ABHT01000039.1/2038-1890,1
1567,0,2,3,2,2,1,3,1,0,3,3,1,4,0,1,1,4,2,0,4,1,3,3,0,3,2,3,1,4,0,2,1,4,4,4,4,1,1,1,3,3,4,1,2,2,4,4,4,4,4,4,2,0,1,2,3,4,4,4,4,4,4,4,4,4,4,4,4,4,4,4,4,4,4,4,4,4,4,4,4,4,2,1,3,0,1,0,3,0,0,0,0,3,4,3,4,1,2,0,4,0,3,2,0,1,2,1,0,4,4,4,4,1,0,0,4,4,4,4,4,4,4,1,0,0,2,2,3,2,1,1,3,2,1,1,2,3,1,1,0,0,1,3,3,4,4,1,3,2,0,3,0,3,1,0,4,4,4,4,4,4,4,4,2,1,2,3,0,4,4,4,4,2,1,3,4,4,4,4,4,4,4,4,4,4,4,4,4,4,4,4,4,4,4,4,4,4,4,4,4,4,4,4,4,4,4,4,4,0,4,4,3,0,3,1,0,4,0,1,1,0,3,4,4,1,4,4,4,2,2,2,1,2,0,0,0,1,2,3,1,2,0,4,4,4,4,4,2,3,3,0,2,2,1,0,1,1,2,1,1,3,3,4,4,4,4,4,4,4,4,4,4,4,4,4,4,4,4,4,4,4,4,4,4,4,4,4,4,4,4,4,4,4,4,4,4,4,4,4,4,4,4,4,4,4,4,4,4,4,4,4,4,4,4,4,4,4,4,4,4,4,4,4,4,4,4,4,4,4,4,4,4,4,4,4,4,4,4,4,4,4,4,4,4,4,4,4,4,4,4,4,4,4,4,4,4,4,4,4,4,4,4,4,4,4,4,4,4,4,4,4,4,4,4,4,4,4,4,4,4,4,4,4,4,4,4,4,4,4,4,4,4,4,4,4,4,4,4,4,4,4,4,4,4,4,4,4,4,4,4,4,4,4,4,4,4,4,4,4,4,4,4,4,4,4,4,4,4,4,4,4,4,4,4,4,4,4,4,4,4,4,4,4,4,4,4,4,4,4,4,4,4,4,4,4,4,4,AGTJ01000028.1/158209-158062,1
1568,0,2,3,2,2,1,3,1,0,3,3,1,4,0,1,1,4,2,0,4,1,3,3,0,3,2,3,1,4,0,2,1,4,4,4,4,1,1,1,3,3,4,1,2,2,4,4,4,4,4,4,2,0,2,2,3,4,4,4,4,4,4,4,4,4,4,4,4,4,4,4,4,4,4,4,4,4,4,4,4,4,2,1,3,0,1,0,3,0,0,0,0,3,4,3,4,1,2,0,4,0,3,2,0,1,2,1,0,4,4,4,4,1,0,0,4,4,4,4,4,4,4,1,0,0,2,2,3,2,1,1,3,2,1,1,2,3,1,1,0,0,1,3,3,4,4,1,3,2,0,3,0,3,1,0,4,4,4,4,4,4,4,4,2,1,2,3,0,4,4,4,4,2,1,3,4,4,4,4,4,4,4,4,4,4,4,4,4,4,4,4,4,4,4,4,4,4,4,4,4,4,4,4,4,4,4,4,4,0,4,4,3,0,3,1,0,4,0,1,1,0,3,4,4,1,4,4,4,2,2,2,1,2,0,0,0,1,2,3,1,2,0,4,4,4,4,4,2,3,3,0,2,2,1,0,1,1,2,1,1,3,3,4,4,4,4,4,4,4,4,4,4,4,4,4,4,4,4,4,4,4,4,4,4,4,4,4,4,4,4,4,4,4,4,4,4,4,4,4,4,4,4,4,4,4,4,4,4,4,4,4,4,4,4,4,4,4,4,4,4,4,4,4,4,4,4,4,4,4,4,4,4,4,4,4,4,4,4,4,4,4,4,4,4,4,4,4,4,4,4,4,4,4,4,4,4,4,4,4,4,4,4,4,4,4,4,4,4,4,4,4,4,4,4,4,4,4,4,4,4,4,4,4,4,4,4,4,4,4,4,4,4,4,4,4,4,4,4,4,4,4,4,4,4,4,4,4,4,4,4,4,4,4,4,4,4,4,4,4,4,4,4,4,4,4,4,4,4,4,4,4,4,4,4,4,4,4,4,4,4,4,4,4,4,4,4,4,4,4,4,4,4,4,4,4,4,4,AEFI01000027.1/76576-76429,1
1569,1,2,3,3,2,1,3,1,0,3,3,1,4,0,1,1,4,3,1,4,2,1,3,0,3,2,0,3,3,2,1,2,1,3,2,4,3,3,2,0,3,4,2,4,4,4,4,4,4,4,4,4,4,4,4,4,0,1,2,3,1,4,4,4,4,4,4,4,4,4,4,4,4,4,4,2,1,3,3,3,2,1,2,1,3,1,0,3,0,0,1,0,1,3,1,4,1,2,0,4,0,3,2,0,1,2,1,1,4,4,4,4,0,1,0,0,2,4,4,4,4,0,0,0,2,2,2,3,2,1,1,3,0,3,1,2,3,1,1,0,1,3,0,1,0,4,1,1,2,0,3,0,0,1,0,2,3,1,3,4,4,4,2,1,3,0,3,2,4,1,4,0,2,1,3,4,4,4,4,4,4,4,4,4,4,4,4,4,4,4,4,4,4,4,4,4,4,4,4,4,4,4,4,4,4,4,4,4,3,4,4,3,0,3,1,0,4,0,0,1,0,3,4,4,1,4,4,4,2,2,2,1,2,0,1,0,1,2,3,3,2,0,4,4,4,4,4,2,3,2,0,2,2,1,0,1,1,0,1,1,3,0,4,4,4,4,4,4,4,4,4,4,4,4,4,4,4,4,4,4,4,4,4,4,4,4,4,4,4,4,4,4,4,4,4,4,4,4,4,4,4,4,4,4,4,4,4,4,4,4,4,4,4,4,4,4,4,4,4,4,4,4,4,4,4,4,4,4,4,4,4,4,4,4,4,4,4,4,4,4,4,4,4,4,4,4,4,4,4,4,4,4,4,4,4,4,4,4,4,4,4,4,4,4,4,4,4,4,4,4,4,4,4,4,4,4,4,4,4,4,4,4,4,4,4,4,4,4,4,4,4,4,4,4,4,4,4,4,4,4,4,4,4,4,4,4,4,4,4,4,4,4,4,4,4,4,4,4,4,4,4,4,4,4,4,4,4,4,4,4,4,4,4,4,4,4,4,4,4,4,4,4,4,4,4,4,4,4,4,4,4,4,4,4,4,4,4,ACPB02022086.1/3799-3632,1
1570,0,2,3,2,2,1,3,1,0,3,3,1,4,0,1,1,4,3,3,4,1,3,3,0,3,2,3,1,4,0,2,1,4,4,4,4,1,1,1,3,3,4,1,2,2,4,4,4,4,4,4,2,0,1,2,1,4,4,4,4,4,4,4,4,4,4,4,4,4,4,4,4,4,4,4,4,4,4,4,4,4,2,1,3,0,1,0,3,0,0,0,1,3,4,3,4,1,2,0,4,0,3,2,0,1,2,1,0,4,4,4,4,1,0,0,4,4,4,4,4,4,4,0,1,0,2,2,3,2,1,1,3,2,1,1,2,3,1,1,0,0,1,3,1,4,4,1,3,2,0,3,0,0,1,0,4,4,4,4,4,4,4,4,2,1,1,3,2,4,4,4,4,2,1,3,4,4,4,4,4,4,4,4,4,4,4,4,4,4,4,4,4,4,4,4,4,4,4,4,4,4,4,4,4,4,4,4,4,3,4,4,3,0,3,1,0,4,2,0,1,0,3,4,4,1,4,4,4,2,2,2,1,2,0,0,0,1,2,3,1,2,0,4,4,4,4,4,2,3,0,0,2,2,1,0,1,1,2,1,1,3,1,4,4,4,4,4,4,4,4,4,4,4,4,4,4,4,4,4,4,4,4,4,4,4,4,4,4,4,4,4,4,4,4,4,4,4,4,4,4,4,4,4,4,4,4,4,4,4,4,4,4,4,4,4,4,4,4,4,4,4,4,4,4,4,4,4,4,4,4,4,4,4,4,4,4,4,4,4,4,4,4,4,4,4,4,4,4,4,4,4,4,4,4,4,4,4,4,4,4,4,4,4,4,4,4,4,4,4,4,4,4,4,4,4,4,4,4,4,4,4,4,4,4,4,4,4,4,4,4,4,4,4,4,4,4,4,4,4,4,4,4,4,4,4,4,4,4,4,4,4,4,4,4,4,4,4,4,4,4,4,4,4,4,4,4,4,4,4,4,4,4,4,4,4,4,4,4,4,4,4,4,4,4,4,4,4,4,4,4,4,4,4,4,4,4,4,AFBO01000484.1/22116-22263,1
1571,0,2,0,3,2,1,3,1,0,3,3,1,4,1,0,3,4,1,3,4,1,3,3,0,3,2,3,3,4,1,2,1,1,3,4,4,4,4,4,4,4,4,4,4,4,4,4,4,4,4,4,4,4,4,4,4,3,0,4,4,4,4,4,4,4,4,4,4,4,4,4,4,4,4,4,4,4,4,4,2,3,2,1,1,3,1,0,3,0,0,0,1,3,1,1,4,2,2,0,4,0,3,2,0,1,2,1,0,4,4,4,4,2,0,2,1,1,2,4,4,3,3,3,0,1,2,2,3,2,1,3,3,0,3,1,2,3,1,1,4,0,1,3,2,0,4,1,0,2,0,3,2,3,1,4,4,4,4,4,4,4,4,4,2,1,3,3,0,3,4,4,4,2,1,1,4,4,4,4,4,4,4,4,4,4,4,4,4,4,4,4,4,4,4,4,4,4,4,4,4,4,4,4,4,4,4,4,4,3,4,4,1,0,3,1,0,4,2,0,1,0,1,4,4,1,0,4,3,2,2,0,1,0,1,0,0,1,2,3,3,2,0,4,4,4,4,4,2,3,2,0,0,2,1,0,1,1,1,0,1,3,3,4,4,4,4,4,4,4,4,4,4,4,4,4,4,4,4,4,4,4,4,4,4,4,4,4,4,4,4,4,4,4,4,4,4,4,4,4,4,4,4,4,4,4,4,4,4,4,4,4,4,4,4,4,4,4,4,4,4,4,4,4,4,4,4,4,4,4,4,4,4,4,4,4,4,4,4,4,4,4,4,4,4,4,4,4,4,4,4,4,4,4,4,4,4,4,4,4,4,4,4,4,4,4,4,4,4,4,4,4,4,4,4,4,4,4,4,4,4,4,4,4,4,4,4,4,4,4,4,4,4,4,4,4,4,4,4,4,4,4,4,4,4,4,4,4,4,4,4,4,4,4,4,4,4,4,4,4,4,4,4,4,4,4,4,4,4,4,4,4,4,4,4,4,4,4,4,4,4,4,4,4,4,4,4,4,4,4,4,4,4,4,4,4,4,4,ABKY02000001.1/1979567-1979419,1
1572,0,2,0,3,2,1,3,1,0,3,3,1,4,1,0,3,4,1,3,4,1,3,3,0,3,2,3,3,4,1,2,1,1,3,4,4,4,4,4,4,4,4,4,4,4,4,4,4,4,4,4,4,4,4,4,4,3,3,4,4,4,4,4,4,4,4,4,4,4,4,4,4,4,4,4,4,4,4,4,2,3,2,1,1,3,1,0,3,0,0,0,1,3,1,0,4,2,2,0,4,0,3,2,0,3,2,1,0,4,4,4,4,2,0,2,1,1,2,3,0,1,3,3,0,1,2,2,3,2,1,3,3,0,3,1,2,3,1,1,4,0,1,3,2,0,4,3,0,2,0,3,2,3,1,2,1,0,3,4,4,4,4,3,3,1,0,3,0,3,4,4,4,2,3,1,4,4,4,4,4,4,4,4,4,4,4,4,4,4,4,4,4,4,4,4,4,4,4,4,4,4,4,4,4,4,4,4,4,3,4,4,1,0,3,1,0,4,0,0,1,0,1,4,4,1,0,4,3,2,2,0,1,0,3,0,0,1,2,3,3,2,0,4,4,4,4,4,2,3,2,0,0,2,1,0,1,1,1,0,0,3,3,4,4,4,4,4,4,4,4,4,4,4,4,4,4,4,4,4,4,4,4,4,4,4,4,4,4,4,4,4,4,4,4,4,4,4,4,4,4,4,4,4,4,4,4,4,4,4,4,4,4,4,4,4,4,4,4,4,4,4,4,4,4,4,4,4,4,4,4,4,4,4,4,4,4,4,4,4,4,4,4,4,4,4,4,4,4,4,4,4,4,4,4,4,4,4,4,4,4,4,4,4,4,4,4,4,4,4,4,4,4,4,4,4,4,4,4,4,4,4,4,4,4,4,4,4,4,4,4,4,4,4,4,4,4,4,4,4,4,4,4,4,4,4,4,4,4,4,4,4,4,4,4,4,4,4,4,4,4,4,4,4,4,4,4,4,4,4,4,4,4,4,4,4,4,4,4,4,4,4,4,4,4,4,4,4,4,4,4,4,4,4,4,4,4,4,AGFS01005919.1/486-641,1
1573,0,2,3,2,2,1,3,1,0,3,3,1,4,0,1,1,4,1,0,4,3,3,3,0,3,2,3,1,4,0,2,1,4,4,4,4,1,1,1,3,3,4,1,2,2,4,4,4,4,4,4,2,0,1,2,1,4,4,4,4,4,4,4,4,4,4,4,4,4,4,4,4,4,4,4,4,4,4,4,4,4,2,1,3,0,1,0,3,0,0,0,0,3,4,3,4,1,2,0,4,0,3,2,0,1,2,1,0,4,4,4,4,1,0,0,4,4,4,4,4,4,4,1,0,0,2,2,3,2,1,1,3,2,1,1,2,3,1,1,0,0,1,3,3,4,4,1,3,2,0,3,0,3,1,0,4,4,4,4,4,4,4,4,2,1,3,3,0,4,4,4,4,2,1,3,4,4,4,4,4,4,4,4,4,4,4,4,4,4,4,4,4,4,4,4,4,4,4,4,4,4,4,4,4,4,4,4,4,0,4,4,3,0,3,1,0,4,0,1,1,1,3,4,4,1,4,4,4,2,2,2,1,2,0,0,0,1,2,3,1,2,0,4,4,4,4,4,2,3,3,0,2,2,1,0,1,1,2,1,1,3,3,4,4,4,4,4,4,4,4,4,4,4,4,4,4,4,4,4,4,4,4,4,4,4,4,4,4,4,4,4,4,4,4,4,4,4,4,4,4,4,4,4,4,4,4,4,4,4,4,4,4,4,4,4,4,4,4,4,4,4,4,4,4,4,4,4,4,4,4,4,4,4,4,4,4,4,4,4,4,4,4,4,4,4,4,4,4,4,4,4,4,4,4,4,4,4,4,4,4,4,4,4,4,4,4,4,4,4,4,4,4,4,4,4,4,4,4,4,4,4,4,4,4,4,4,4,4,4,4,4,4,4,4,4,4,4,4,4,4,4,4,4,4,4,4,4,4,4,4,4,4,4,4,4,4,4,4,4,4,4,4,4,4,4,4,4,4,4,4,4,4,4,4,4,4,4,4,4,4,4,4,4,4,4,4,4,4,4,4,4,4,4,4,4,4,4,AEJU01000003.1/45222-45369,1
1574,0,2,0,3,2,1,3,1,0,3,3,1,4,1,0,3,4,3,3,4,1,3,3,0,3,2,3,3,4,1,2,1,1,3,4,4,4,4,4,4,4,4,4,4,4,4,4,4,4,4,4,4,4,4,4,4,3,0,4,4,4,4,4,4,4,4,4,4,4,4,4,4,4,4,4,4,4,4,4,2,3,2,1,1,3,1,0,3,0,0,0,1,3,1,1,4,2,2,0,4,0,3,2,0,1,2,1,0,4,4,4,4,2,0,2,1,1,2,4,4,3,3,3,0,1,2,2,3,2,1,3,3,0,3,1,2,3,1,1,4,0,1,3,2,0,4,1,0,2,0,3,2,3,1,4,4,4,4,4,4,4,4,4,2,1,3,3,3,3,4,4,4,2,1,1,4,4,4,4,4,4,4,4,4,4,4,4,4,4,4,4,4,4,4,4,4,4,4,4,4,4,4,4,4,4,4,4,4,3,4,4,1,0,3,1,0,4,2,0,1,0,1,4,4,1,0,4,3,2,2,0,1,0,1,0,0,1,2,3,3,2,0,4,4,4,4,4,2,3,2,0,0,2,1,0,1,1,1,0,1,3,3,4,4,4,4,4,4,4,4,4,4,4,4,4,4,4,4,4,4,4,4,4,4,4,4,4,4,4,4,4,4,4,4,4,4,4,4,4,4,4,4,4,4,4,4,4,4,4,4,4,4,4,4,4,4,4,4,4,4,4,4,4,4,4,4,4,4,4,4,4,4,4,4,4,4,4,4,4,4,4,4,4,4,4,4,4,4,4,4,4,4,4,4,4,4,4,4,4,4,4,4,4,4,4,4,4,4,4,4,4,4,4,4,4,4,4,4,4,4,4,4,4,4,4,4,4,4,4,4,4,4,4,4,4,4,4,4,4,4,4,4,4,4,4,4,4,4,4,4,4,4,4,4,4,4,4,4,4,4,4,4,4,4,4,4,4,4,4,4,4,4,4,4,4,4,4,4,4,4,4,4,4,4,4,4,4,4,4,4,4,4,4,4,4,4,4,AEJV01000117.1/25958-25810,1
1575,0,2,3,2,2,1,3,1,0,3,3,1,4,0,1,1,4,1,2,4,2,3,3,0,3,2,0,1,4,0,2,1,1,4,4,4,1,3,2,1,2,4,1,0,0,2,1,2,2,0,4,1,0,0,2,1,4,4,4,4,4,4,4,4,4,4,4,4,4,4,4,4,4,4,4,4,4,4,4,4,4,2,1,4,1,1,0,3,0,0,1,0,3,4,3,4,1,2,0,4,0,3,2,0,1,2,1,0,4,4,4,4,1,0,0,4,4,4,4,4,4,4,3,0,1,2,2,3,2,1,1,3,2,3,1,2,3,1,1,0,1,1,1,1,0,4,1,1,2,0,3,0,0,3,1,2,3,3,1,4,4,0,1,4,4,4,3,3,3,2,3,2,0,1,2,4,4,4,4,4,4,4,4,4,4,4,4,4,4,4,4,4,4,4,4,4,4,4,4,4,4,4,4,4,4,4,4,4,3,4,4,3,0,3,1,0,4,2,0,1,0,3,4,4,1,4,4,4,2,2,0,1,2,1,0,0,1,2,3,3,2,0,4,4,4,4,4,2,3,3,0,2,2,1,0,1,1,0,1,1,3,2,4,4,4,4,4,4,4,4,4,4,4,4,4,4,4,4,4,4,4,4,4,4,4,4,4,4,4,4,4,4,4,4,4,4,4,4,4,4,4,4,4,4,4,4,4,4,4,4,4,4,4,4,4,4,4,4,4,4,4,4,4,4,4,4,4,4,4,4,4,4,4,4,4,4,4,4,4,4,4,4,4,4,4,4,4,4,4,4,4,4,4,4,4,4,4,4,4,4,4,4,4,4,4,4,4,4,4,4,4,4,4,4,4,4,4,4,4,4,4,4,4,4,4,4,4,4,4,4,4,4,4,4,4,4,4,4,4,4,4,4,4,4,4,4,4,4,4,4,4,4,4,4,4,4,4,4,4,4,4,4,4,4,4,4,4,4,4,4,4,4,4,4,4,4,4,4,4,4,4,4,4,4,4,4,4,4,4,4,4,4,4,4,4,4,4,FN666575.1/2734847-2734687,1
1576,0,2,0,3,2,1,3,1,0,3,3,1,4,1,0,3,4,1,3,4,1,3,3,0,3,2,1,3,4,1,2,1,1,3,3,4,1,4,4,4,4,4,4,4,4,4,4,4,4,4,4,4,4,4,4,4,3,4,4,4,4,4,4,4,4,4,4,4,4,4,4,4,4,4,4,4,4,4,4,4,2,2,1,1,3,1,0,3,0,0,0,1,3,1,0,4,2,2,0,4,0,3,2,0,1,2,1,0,4,4,4,4,2,0,2,1,1,2,4,4,3,3,3,0,1,2,2,3,2,1,3,3,0,3,1,2,3,1,1,2,0,4,3,2,0,4,1,0,2,0,3,2,3,1,4,4,4,4,4,4,4,4,4,2,1,3,1,0,2,4,4,4,2,1,1,4,4,4,4,4,4,4,4,4,4,4,4,4,4,4,4,4,4,4,4,4,4,4,4,4,4,4,4,4,4,4,4,4,3,4,4,1,0,3,1,0,4,2,0,1,0,1,4,4,1,0,4,3,2,2,0,1,0,3,0,0,1,2,3,3,2,0,4,4,4,4,4,2,3,2,0,0,2,1,0,1,1,1,0,3,3,2,4,4,4,4,4,4,4,4,4,4,4,4,4,4,4,4,4,4,4,4,4,4,4,4,4,4,4,4,4,4,4,4,4,4,4,4,4,4,4,4,4,4,4,4,4,4,4,4,4,4,4,4,4,4,4,4,4,4,4,4,4,4,4,4,4,4,4,4,4,4,4,4,4,4,4,4,4,4,4,4,4,4,4,4,4,4,4,4,4,4,4,4,4,4,4,4,4,4,4,4,4,4,4,4,4,4,4,4,4,4,4,4,4,4,4,4,4,4,4,4,4,4,4,4,4,4,4,4,4,4,4,4,4,4,4,4,4,4,4,4,4,4,4,4,4,4,4,4,4,4,4,4,4,4,4,4,4,4,4,4,4,4,4,4,4,4,4,4,4,4,4,4,4,4,4,4,4,4,4,4,4,4,4,4,4,4,4,4,4,4,4,4,4,4,4,AGFS01000358.1/7238-7090,1
1577,0,2,3,2,2,1,3,1,0,3,3,1,4,0,1,1,4,3,3,4,1,3,3,0,3,2,3,1,4,0,2,1,4,4,4,4,1,1,1,3,3,4,0,2,2,4,4,4,4,4,4,2,0,1,2,1,4,4,4,4,4,4,4,4,4,4,4,4,4,4,4,4,4,4,4,4,4,4,4,4,4,2,1,3,0,1,0,3,0,0,0,1,3,4,3,4,1,2,0,4,0,3,2,0,1,2,1,0,4,4,4,4,1,0,0,4,4,4,4,4,4,4,1,0,0,2,2,3,2,1,1,3,2,1,1,2,3,1,1,0,0,1,3,3,4,4,1,3,2,0,3,0,0,3,0,4,4,4,4,4,4,4,4,2,1,2,3,0,4,4,4,4,2,1,3,4,4,4,4,4,4,4,4,4,4,4,4,4,4,4,4,4,4,4,4,4,4,4,4,4,4,4,4,4,4,4,4,4,3,4,4,3,0,3,1,0,4,0,1,1,3,1,4,4,1,4,4,4,2,2,2,1,2,0,0,0,1,2,3,1,2,0,4,4,4,4,4,2,3,3,0,2,2,1,0,1,1,2,1,1,3,3,4,4,4,4,4,4,4,4,4,4,4,4,4,4,4,4,4,4,4,4,4,4,4,4,4,4,4,4,4,4,4,4,4,4,4,4,4,4,4,4,4,4,4,4,4,4,4,4,4,4,4,4,4,4,4,4,4,4,4,4,4,4,4,4,4,4,4,4,4,4,4,4,4,4,4,4,4,4,4,4,4,4,4,4,4,4,4,4,4,4,4,4,4,4,4,4,4,4,4,4,4,4,4,4,4,4,4,4,4,4,4,4,4,4,4,4,4,4,4,4,4,4,4,4,4,4,4,4,4,4,4,4,4,4,4,4,4,4,4,4,4,4,4,4,4,4,4,4,4,4,4,4,4,4,4,4,4,4,4,4,4,4,4,4,4,4,4,4,4,4,4,4,4,4,4,4,4,4,4,4,4,4,4,4,4,4,4,4,4,4,4,4,4,4,4,AFCM01001000.1/207-60,1
1578,3,2,3,3,2,1,3,1,0,3,3,1,4,0,0,1,4,3,2,4,2,3,3,0,3,2,0,3,3,2,1,2,3,3,2,4,1,3,2,0,1,4,3,2,2,1,0,0,0,3,4,0,3,3,3,3,4,4,4,4,4,4,4,4,4,4,4,4,4,4,4,4,4,4,4,4,4,4,4,4,4,1,2,1,3,1,0,3,0,0,1,0,3,1,3,4,2,2,0,4,0,3,2,0,3,2,1,1,4,4,4,4,0,0,0,0,2,4,4,4,4,0,0,0,2,2,2,3,2,1,1,3,0,3,1,2,3,1,1,0,1,1,0,2,0,4,1,1,2,0,3,0,0,1,0,2,2,2,1,4,4,2,3,2,0,0,0,0,1,2,4,0,0,1,2,4,4,4,4,4,4,4,4,4,4,4,4,4,4,4,4,4,4,4,4,4,4,4,4,4,4,4,4,4,4,4,4,4,3,4,4,3,0,3,1,0,4,0,2,1,0,3,4,4,1,4,4,4,2,2,2,1,2,0,1,0,1,2,3,3,2,0,4,4,4,4,4,2,3,2,0,2,2,1,0,1,1,2,1,1,3,0,4,4,4,4,4,4,4,4,4,4,4,4,4,4,4,4,4,4,4,4,4,4,4,4,4,4,4,4,4,4,4,4,4,4,4,4,4,4,4,4,4,4,4,4,4,4,4,4,4,4,4,4,4,4,4,4,4,4,4,4,4,4,4,4,4,4,4,4,4,4,4,4,4,4,4,4,4,4,4,4,4,4,4,4,4,4,4,4,4,4,4,4,4,4,4,4,4,4,4,4,4,4,4,4,4,4,4,4,4,4,4,4,4,4,4,4,4,4,4,4,4,4,4,4,4,4,4,4,4,4,4,4,4,4,4,4,4,4,4,4,4,4,4,4,4,4,4,4,4,4,4,4,4,4,4,4,4,4,4,4,4,4,4,4,4,4,4,4,4,4,4,4,4,4,4,4,4,4,4,4,4,4,4,4,4,4,4,4,4,4,4,4,4,4,4,CP001657.1/3440160-3439990,1
1579,0,2,0,3,2,1,3,1,0,3,3,1,4,1,0,3,4,1,3,4,1,3,3,0,3,2,3,3,4,1,2,1,1,3,3,4,1,4,4,4,4,4,4,4,4,4,4,4,4,4,4,4,4,4,4,4,3,4,4,4,4,4,4,4,4,4,4,4,4,4,4,4,4,4,4,4,4,4,4,4,2,2,1,1,3,1,0,3,0,0,0,1,3,1,0,4,2,2,0,4,0,3,2,0,3,2,1,0,4,4,4,4,2,0,2,1,1,2,4,4,3,3,3,0,1,2,2,3,2,1,3,3,0,3,1,2,3,1,1,4,0,1,3,2,0,4,1,0,2,0,3,2,3,1,4,4,4,4,4,4,4,4,4,2,1,3,3,0,1,4,4,4,2,1,1,4,4,4,4,4,4,4,4,4,4,4,4,4,4,4,4,4,4,4,4,4,4,4,4,4,4,4,4,4,4,4,4,4,3,4,4,1,0,3,1,0,4,0,0,1,0,1,4,4,1,1,4,3,2,2,0,1,0,1,0,0,1,2,3,3,2,0,4,4,4,4,4,2,3,2,0,0,2,1,0,1,1,1,1,3,3,3,4,4,4,4,4,4,4,4,4,4,4,4,4,4,4,4,4,4,4,4,4,4,4,4,4,4,4,4,4,4,4,4,4,4,4,4,4,4,4,4,4,4,4,4,4,4,4,4,4,4,4,4,4,4,4,4,4,4,4,4,4,4,4,4,4,4,4,4,4,4,4,4,4,4,4,4,4,4,4,4,4,4,4,4,4,4,4,4,4,4,4,4,4,4,4,4,4,4,4,4,4,4,4,4,4,4,4,4,4,4,4,4,4,4,4,4,4,4,4,4,4,4,4,4,4,4,4,4,4,4,4,4,4,4,4,4,4,4,4,4,4,4,4,4,4,4,4,4,4,4,4,4,4,4,4,4,4,4,4,4,4,4,4,4,4,4,4,4,4,4,4,4,4,4,4,4,4,4,4,4,4,4,4,4,4,4,4,4,4,4,4,4,4,4,4,AFCR01001520.1/295-443,1
1580,0,2,3,2,2,1,3,1,0,3,3,1,4,0,1,1,4,2,0,4,1,3,3,0,3,2,3,1,4,0,2,1,4,4,4,4,1,1,1,3,3,4,1,2,2,4,4,4,4,4,4,2,0,1,2,3,4,4,4,4,4,4,4,4,4,4,4,4,4,4,4,4,4,4,4,4,4,4,4,4,4,2,1,3,0,1,0,3,0,0,0,0,3,4,0,4,1,2,0,4,0,3,2,0,1,2,1,0,4,4,4,4,1,0,0,4,4,4,4,4,4,4,1,0,0,2,2,3,2,1,1,3,2,1,1,2,3,1,1,0,0,1,3,3,4,4,1,3,2,0,3,0,3,1,0,4,4,4,4,4,4,4,4,2,1,2,3,0,4,4,4,4,2,1,3,4,4,4,4,4,4,4,4,4,4,4,4,4,4,4,4,4,4,4,4,4,4,4,4,4,4,4,4,4,4,4,4,4,0,4,4,3,0,3,1,0,4,0,1,1,0,3,4,4,1,4,4,4,2,2,2,1,2,0,0,0,1,2,3,1,2,0,4,4,4,4,4,2,3,3,0,2,2,1,0,1,1,2,1,1,3,3,4,4,4,4,4,4,4,4,4,4,4,4,4,4,4,4,4,4,4,4,4,4,4,4,4,4,4,4,4,4,4,4,4,4,4,4,4,4,4,4,4,4,4,4,4,4,4,4,4,4,4,4,4,4,4,4,4,4,4,4,4,4,4,4,4,4,4,4,4,4,4,4,4,4,4,4,4,4,4,4,4,4,4,4,4,4,4,4,4,4,4,4,4,4,4,4,4,4,4,4,4,4,4,4,4,4,4,4,4,4,4,4,4,4,4,4,4,4,4,4,4,4,4,4,4,4,4,4,4,4,4,4,4,4,4,4,4,4,4,4,4,4,4,4,4,4,4,4,4,4,4,4,4,4,4,4,4,4,4,4,4,4,4,4,4,4,4,4,4,4,4,4,4,4,4,4,4,4,4,4,4,4,4,4,4,4,4,4,4,4,4,4,4,4,4,CP000948.1/2781127-2780980,1
1581,0,2,0,3,2,1,3,1,0,3,3,1,4,1,0,3,4,1,3,4,1,3,3,0,3,2,3,3,4,1,2,1,1,3,4,4,4,4,4,4,4,4,4,4,4,4,4,4,4,4,4,4,4,4,4,4,3,0,4,4,4,4,4,4,4,4,4,4,4,4,4,4,4,4,4,4,4,4,4,2,3,2,1,1,3,1,0,3,0,0,0,1,3,1,1,4,2,2,0,4,0,3,2,0,1,2,1,0,4,4,4,4,2,0,2,1,1,2,4,4,3,3,3,0,1,2,2,3,2,1,3,3,0,3,1,2,3,1,1,4,0,1,3,2,0,4,1,0,2,0,3,2,3,1,4,4,4,4,4,4,4,4,4,2,1,3,3,0,3,4,4,4,2,1,1,4,4,4,4,4,4,4,4,4,4,4,4,4,4,4,4,4,4,4,4,4,4,4,4,4,4,4,4,4,4,4,4,4,3,4,4,1,0,3,1,0,4,2,0,1,0,1,4,4,1,0,4,3,2,2,0,1,0,1,0,0,1,2,3,3,2,0,4,4,4,4,4,2,3,2,0,0,2,1,0,1,1,1,0,1,3,3,4,4,4,4,4,4,4,4,4,4,4,4,4,4,4,4,4,4,4,4,4,4,4,4,4,4,4,4,4,4,4,4,4,4,4,4,4,4,4,4,4,4,4,4,4,4,4,4,4,4,4,4,4,4,4,4,4,4,4,4,4,4,4,4,4,4,4,4,4,4,4,4,4,4,4,4,4,4,4,4,4,4,4,4,4,4,4,4,4,4,4,4,4,4,4,4,4,4,4,4,4,4,4,4,4,4,4,4,4,4,4,4,4,4,4,4,4,4,4,4,4,4,4,4,4,4,4,4,4,4,4,4,4,4,4,4,4,4,4,4,4,4,4,4,4,4,4,4,4,4,4,4,4,4,4,4,4,4,4,4,4,4,4,4,4,4,4,4,4,4,4,4,4,4,4,4,4,4,4,4,4,4,4,4,4,4,4,4,4,4,4,4,4,4,4,AFGX01000059.1/57885-57737,1
1582,0,2,3,2,2,1,3,1,0,3,3,1,4,0,1,1,4,2,0,4,1,3,3,0,3,2,3,1,4,0,2,1,4,4,4,4,1,1,1,3,3,4,1,2,2,4,4,4,4,4,4,2,0,1,2,3,4,4,4,4,4,4,4,4,4,4,4,4,4,4,4,4,4,4,4,4,4,4,4,4,4,2,1,3,0,1,0,3,0,0,0,0,3,4,0,4,1,2,0,4,0,3,2,0,1,2,1,0,4,4,4,4,1,0,0,4,4,4,4,4,4,4,1,0,0,2,2,3,2,1,1,3,2,1,1,2,3,1,1,0,0,1,3,3,4,4,1,3,2,0,3,0,3,1,0,4,4,4,4,4,4,4,4,2,1,2,3,0,4,4,4,4,2,1,3,4,4,4,4,4,4,4,4,4,4,4,4,4,4,4,4,4,4,4,4,4,4,4,4,4,4,4,4,4,4,4,4,4,0,4,4,3,0,3,1,0,4,0,1,1,0,3,4,4,1,4,4,4,2,2,2,1,2,0,0,0,1,2,3,1,2,0,4,4,4,4,4,2,3,3,0,2,2,1,0,1,1,2,1,1,3,3,4,4,4,4,4,4,4,4,4,4,4,4,4,4,4,4,4,4,4,4,4,4,4,4,4,4,4,4,4,4,4,4,4,4,4,4,4,4,4,4,4,4,4,4,4,4,4,4,4,4,4,4,4,4,4,4,4,4,4,4,4,4,4,4,4,4,4,4,4,4,4,4,4,4,4,4,4,4,4,4,4,4,4,4,4,4,4,4,4,4,4,4,4,4,4,4,4,4,4,4,4,4,4,4,4,4,4,4,4,4,4,4,4,4,4,4,4,4,4,4,4,4,4,4,4,4,4,4,4,4,4,4,4,4,4,4,4,4,4,4,4,4,4,4,4,4,4,4,4,4,4,4,4,4,4,4,4,4,4,4,4,4,4,4,4,4,4,4,4,4,4,4,4,4,4,4,4,4,4,4,4,4,4,4,4,4,4,4,4,4,4,4,4,4,4,ACDM01000002.1/9239-9386,1
1583,0,2,0,3,2,1,3,1,0,3,3,1,4,1,0,3,4,1,3,4,1,3,3,0,3,2,3,3,4,1,2,1,1,3,4,4,4,4,4,4,4,4,4,4,4,4,4,4,4,4,4,4,4,4,4,4,3,0,4,4,4,4,4,4,4,4,4,4,4,4,4,4,4,4,4,4,4,4,4,2,3,2,1,1,3,1,0,3,0,0,0,1,3,1,1,4,2,2,0,4,0,3,2,0,1,2,1,0,4,4,4,4,2,0,2,1,1,2,4,4,3,3,3,0,1,2,2,3,2,1,3,3,0,3,1,2,3,1,1,4,0,1,3,2,0,4,1,0,2,0,3,2,3,1,4,4,4,4,4,4,4,4,4,2,1,3,3,0,3,4,4,4,2,1,1,4,4,4,4,4,4,4,4,4,4,4,4,4,4,4,4,4,4,4,4,4,4,4,4,4,4,4,4,4,4,4,4,4,3,4,4,1,0,3,1,0,4,2,0,1,0,1,4,4,1,0,4,3,2,2,0,1,0,1,0,0,1,2,3,3,2,0,4,4,4,4,4,2,3,2,0,0,2,1,0,1,1,1,0,1,3,3,4,4,4,4,4,4,4,4,4,4,4,4,4,4,4,4,4,4,4,4,4,4,4,4,4,4,4,4,4,4,4,4,4,4,4,4,4,4,4,4,4,4,4,4,4,4,4,4,4,4,4,4,4,4,4,4,4,4,4,4,4,4,4,4,4,4,4,4,4,4,4,4,4,4,4,4,4,4,4,4,4,4,4,4,4,4,4,4,4,4,4,4,4,4,4,4,4,4,4,4,4,4,4,4,4,4,4,4,4,4,4,4,4,4,4,4,4,4,4,4,4,4,4,4,4,4,4,4,4,4,4,4,4,4,4,4,4,4,4,4,4,4,4,4,4,4,4,4,4,4,4,4,4,4,4,4,4,4,4,4,4,4,4,4,4,4,4,4,4,4,4,4,4,4,4,4,4,4,4,4,4,4,4,4,4,4,4,4,4,4,4,4,4,4,4,AFVG01000054.1/163291-163439,1
1584,0,2,0,3,2,1,3,1,0,3,3,1,4,1,0,3,4,1,3,4,1,3,3,0,3,2,3,3,4,1,2,1,1,3,4,4,4,4,4,4,4,4,4,4,4,4,4,4,4,4,4,4,4,4,4,4,3,0,4,4,4,4,4,4,4,4,4,4,4,4,4,4,4,4,4,4,4,4,4,2,3,2,1,1,3,1,0,3,0,0,0,1,3,1,1,4,2,2,0,4,0,3,2,0,1,2,1,0,4,4,4,4,2,0,2,1,1,2,4,4,3,3,3,0,1,2,2,3,2,1,3,3,0,3,1,2,3,1,1,4,0,1,3,2,0,4,1,0,2,0,3,2,3,1,4,4,4,4,4,4,4,4,4,2,1,3,3,0,3,4,4,4,2,1,1,4,4,4,4,4,4,4,4,4,4,4,4,4,4,4,4,4,4,4,4,4,4,4,4,4,4,4,4,4,4,4,4,4,3,4,4,1,0,3,1,0,4,2,0,1,0,1,4,4,1,0,4,3,2,2,0,1,0,1,0,0,1,2,3,3,2,0,4,4,4,4,4,2,3,2,0,0,2,1,0,1,1,1,0,1,3,3,4,4,4,4,4,4,4,4,4,4,4,4,4,4,4,4,4,4,4,4,4,4,4,4,4,4,4,4,4,4,4,4,4,4,4,4,4,4,4,4,4,4,4,4,4,4,4,4,4,4,4,4,4,4,4,4,4,4,4,4,4,4,4,4,4,4,4,4,4,4,4,4,4,4,4,4,4,4,4,4,4,4,4,4,4,4,4,4,4,4,4,4,4,4,4,4,4,4,4,4,4,4,4,4,4,4,4,4,4,4,4,4,4,4,4,4,4,4,4,4,4,4,4,4,4,4,4,4,4,4,4,4,4,4,4,4,4,4,4,4,4,4,4,4,4,4,4,4,4,4,4,4,4,4,4,4,4,4,4,4,4,4,4,4,4,4,4,4,4,4,4,4,4,4,4,4,4,4,4,4,4,4,4,4,4,4,4,4,4,4,4,4,4,4,4,ADUG01000206.1/194-46,1
1585,0,2,3,2,2,1,3,1,0,3,3,1,4,0,1,1,4,3,2,4,2,3,3,0,3,2,0,1,4,0,2,1,1,4,4,4,1,3,2,1,2,4,1,0,0,2,1,2,2,0,4,1,0,0,2,3,4,4,4,4,4,4,4,4,4,4,4,4,4,4,4,4,4,4,4,4,4,4,4,4,4,2,1,4,1,1,0,3,0,0,3,0,3,4,3,4,1,2,0,4,0,3,2,0,1,2,1,0,4,4,4,4,1,0,0,4,4,4,4,4,4,4,3,0,1,2,2,3,2,1,1,3,2,3,1,2,3,1,1,0,1,1,3,1,0,4,1,1,2,0,3,0,0,3,1,2,3,3,1,4,4,0,1,4,4,4,3,3,3,2,3,2,0,1,2,4,4,4,4,4,4,4,4,4,4,4,4,4,4,4,4,4,4,4,4,4,4,4,4,4,4,4,4,4,4,4,4,4,3,4,4,3,0,3,1,0,4,0,0,1,0,3,4,4,1,4,4,4,2,2,0,1,2,1,0,0,1,2,3,3,2,0,4,4,4,4,4,2,3,3,0,2,2,1,0,1,1,0,1,1,3,1,4,4,4,4,4,4,4,4,4,4,4,4,4,4,4,4,4,4,4,4,4,4,4,4,4,4,4,4,4,4,4,4,4,4,4,4,4,4,4,4,4,4,4,4,4,4,4,4,4,4,4,4,4,4,4,4,4,4,4,4,4,4,4,4,4,4,4,4,4,4,4,4,4,4,4,4,4,4,4,4,4,4,4,4,4,4,4,4,4,4,4,4,4,4,4,4,4,4,4,4,4,4,4,4,4,4,4,4,4,4,4,4,4,4,4,4,4,4,4,4,4,4,4,4,4,4,4,4,4,4,4,4,4,4,4,4,4,4,4,4,4,4,4,4,4,4,4,4,4,4,4,4,4,4,4,4,4,4,4,4,4,4,4,4,4,4,4,4,4,4,4,4,4,4,4,4,4,4,4,4,4,4,4,4,4,4,4,4,4,4,4,4,4,4,4,CU468135.1/1120678-1120838,1
1586,0,2,0,3,2,1,3,1,0,3,3,1,4,1,0,3,4,1,3,4,1,3,3,0,3,2,3,3,4,1,2,1,1,3,4,4,4,4,4,4,4,4,4,4,4,4,4,4,4,4,4,4,4,4,4,4,3,0,4,4,4,4,4,4,4,4,4,4,4,4,4,4,4,4,4,4,4,4,4,2,3,2,1,1,3,1,0,3,0,0,0,1,3,1,1,4,2,2,0,4,0,3,2,0,1,2,1,0,4,4,4,4,2,0,2,1,1,2,4,4,3,3,3,0,1,2,2,3,2,1,3,3,0,3,1,2,3,1,1,4,0,1,3,2,0,4,1,0,2,0,3,2,3,1,4,4,4,4,4,4,4,4,4,2,1,3,3,0,3,4,4,4,2,1,1,4,4,4,4,4,4,4,4,4,4,4,4,4,4,4,4,4,4,4,4,4,4,4,4,4,4,4,4,4,4,4,4,4,3,4,4,1,0,3,1,0,4,2,0,1,0,1,4,4,1,0,4,3,2,2,0,1,0,1,0,0,1,2,3,3,2,0,4,4,4,4,4,2,3,2,0,0,2,1,0,1,1,1,0,1,3,3,4,4,4,4,4,4,4,4,4,4,4,4,4,4,4,4,4,4,4,4,4,4,4,4,4,4,4,4,4,4,4,4,4,4,4,4,4,4,4,4,4,4,4,4,4,4,4,4,4,4,4,4,4,4,4,4,4,4,4,4,4,4,4,4,4,4,4,4,4,4,4,4,4,4,4,4,4,4,4,4,4,4,4,4,4,4,4,4,4,4,4,4,4,4,4,4,4,4,4,4,4,4,4,4,4,4,4,4,4,4,4,4,4,4,4,4,4,4,4,4,4,4,4,4,4,4,4,4,4,4,4,4,4,4,4,4,4,4,4,4,4,4,4,4,4,4,4,4,4,4,4,4,4,4,4,4,4,4,4,4,4,4,4,4,4,4,4,4,4,4,4,4,4,4,4,4,4,4,4,4,4,4,4,4,4,4,4,4,4,4,4,4,4,4,4,AEUB01000053.1/39893-40041,1
1587,0,2,0,3,2,1,3,1,0,3,3,1,4,1,0,3,4,1,3,4,1,3,3,0,3,2,3,3,4,1,2,1,1,3,4,4,4,4,4,4,4,4,4,4,4,4,4,4,4,4,4,4,4,4,4,4,3,0,4,4,4,4,4,4,4,4,4,4,4,4,4,4,4,4,4,4,4,4,4,2,3,2,1,1,3,1,0,3,0,0,0,1,3,1,1,4,2,2,0,4,0,3,2,0,1,2,1,0,4,4,4,4,2,0,2,1,1,2,4,4,3,3,3,0,1,2,2,3,2,1,3,3,0,3,1,2,3,1,1,4,0,1,3,2,0,4,1,0,2,0,3,2,3,1,4,4,4,4,4,4,4,4,4,2,1,3,3,0,3,4,4,4,2,1,1,4,4,4,4,4,4,4,4,4,4,4,4,4,4,4,4,4,4,4,4,4,4,4,4,4,4,4,4,4,4,4,4,4,3,4,4,1,0,3,1,0,4,2,0,1,0,1,4,4,1,0,4,3,2,2,0,1,0,1,0,0,1,2,3,3,2,0,4,4,4,4,4,2,3,2,0,0,2,1,0,1,1,1,0,1,3,3,4,4,4,4,4,4,4,4,4,4,4,4,4,4,4,4,4,4,4,4,4,4,4,4,4,4,4,4,4,4,4,4,4,4,4,4,4,4,4,4,4,4,4,4,4,4,4,4,4,4,4,4,4,4,4,4,4,4,4,4,4,4,4,4,4,4,4,4,4,4,4,4,4,4,4,4,4,4,4,4,4,4,4,4,4,4,4,4,4,4,4,4,4,4,4,4,4,4,4,4,4,4,4,4,4,4,4,4,4,4,4,4,4,4,4,4,4,4,4,4,4,4,4,4,4,4,4,4,4,4,4,4,4,4,4,4,4,4,4,4,4,4,4,4,4,4,4,4,4,4,4,4,4,4,4,4,4,4,4,4,4,4,4,4,4,4,4,4,4,4,4,4,4,4,4,4,4,4,4,4,4,4,4,4,4,4,4,4,4,4,4,4,4,4,4,ACAC01000091.1/38611-38759,1
1588,0,2,3,2,2,1,3,1,0,3,3,1,4,0,1,1,4,1,2,4,2,3,3,0,3,2,0,1,4,0,2,1,1,4,4,4,1,3,2,1,3,4,1,0,0,2,1,2,2,0,4,1,0,0,2,3,4,4,4,4,4,4,4,4,4,4,4,4,4,4,4,4,4,4,4,4,4,4,4,4,4,2,1,4,1,1,0,3,0,0,1,0,3,4,3,4,1,2,0,4,0,3,2,0,1,2,1,0,4,4,4,4,1,0,0,4,4,4,4,4,4,4,3,0,1,2,2,3,2,1,1,3,2,3,1,2,3,1,1,0,1,1,1,1,2,4,1,1,2,0,3,0,0,3,1,2,3,3,1,4,4,0,1,4,4,4,3,3,3,2,3,2,2,1,2,4,4,4,4,4,4,4,4,4,4,4,4,4,4,4,4,4,4,4,4,4,4,4,4,4,4,4,4,4,4,4,4,4,3,4,4,3,0,3,1,0,4,2,0,1,0,3,4,4,1,4,4,4,2,2,0,1,2,1,3,0,1,2,3,3,2,0,4,4,4,4,4,2,3,1,0,2,2,3,0,1,1,0,3,1,3,0,4,4,4,4,4,4,4,4,4,4,4,4,4,4,4,4,4,4,4,4,4,4,4,4,4,4,4,4,4,4,4,4,4,4,4,4,4,4,4,4,4,4,4,4,4,4,4,4,4,4,4,4,4,4,4,4,4,4,4,4,4,4,4,4,4,4,4,4,4,4,4,4,4,4,4,4,4,4,4,4,4,4,4,4,4,4,4,4,4,4,4,4,4,4,4,4,4,4,4,4,4,4,4,4,4,4,4,4,4,4,4,4,4,4,4,4,4,4,4,4,4,4,4,4,4,4,4,4,4,4,4,4,4,4,4,4,4,4,4,4,4,4,4,4,4,4,4,4,4,4,4,4,4,4,4,4,4,4,4,4,4,4,4,4,4,4,4,4,4,4,4,4,4,4,4,4,4,4,4,4,4,4,4,4,4,4,4,4,4,4,4,4,4,4,4,FN392235.1/1169615-1169775,1
1589,0,2,3,2,2,1,3,1,0,3,3,1,4,0,1,1,4,2,0,4,1,3,3,0,3,2,3,1,4,0,2,1,4,4,4,4,1,1,1,3,3,4,1,2,2,4,4,4,4,4,4,2,0,1,2,3,4,4,4,4,4,4,4,4,4,4,4,4,4,4,4,4,4,4,4,4,4,4,4,4,4,2,1,3,0,1,0,3,0,0,0,0,3,4,3,4,1,2,0,4,0,3,2,0,1,2,1,0,4,4,4,4,1,0,0,4,4,4,4,4,4,4,1,0,0,2,2,3,2,1,1,3,2,1,1,2,3,1,1,0,0,1,3,3,4,4,1,3,2,0,3,0,3,1,0,4,4,4,4,4,4,4,4,2,1,2,3,0,4,4,4,4,2,1,3,4,4,4,4,4,4,4,4,4,4,4,4,4,4,4,4,4,4,4,4,4,4,4,4,4,4,4,4,4,4,4,4,4,0,4,4,3,0,3,1,0,4,0,1,1,0,3,4,4,1,4,4,4,2,2,2,1,2,0,0,0,1,2,3,1,2,0,4,4,4,4,4,2,3,3,0,2,2,1,0,1,1,2,1,1,3,3,4,4,4,4,4,4,4,4,4,4,4,4,4,4,4,4,4,4,4,4,4,4,4,4,4,4,4,4,4,4,4,4,4,4,4,4,4,4,4,4,4,4,4,4,4,4,4,4,4,4,4,4,4,4,4,4,4,4,4,4,4,4,4,4,4,4,4,4,4,4,4,4,4,4,4,4,4,4,4,4,4,4,4,4,4,4,4,4,4,4,4,4,4,4,4,4,4,4,4,4,4,4,4,4,4,4,4,4,4,4,4,4,4,4,4,4,4,4,4,4,4,4,4,4,4,4,4,4,4,4,4,4,4,4,4,4,4,4,4,4,4,4,4,4,4,4,4,4,4,4,4,4,4,4,4,4,4,4,4,4,4,4,4,4,4,4,4,4,4,4,4,4,4,4,4,4,4,4,4,4,4,4,4,4,4,4,4,4,4,4,4,4,4,4,4,AFUX01000008.1/123283-123136,1
1590,0,2,3,2,2,1,3,1,0,3,3,1,4,0,1,1,4,3,3,4,1,3,3,0,3,2,3,1,4,0,2,1,4,4,4,4,1,1,1,3,3,4,0,2,2,4,4,4,4,4,4,2,0,1,2,1,4,4,4,4,4,4,4,4,4,4,4,4,4,4,4,4,4,4,4,4,4,4,4,4,4,2,1,3,0,1,0,3,0,0,0,1,3,4,3,4,1,2,0,4,0,3,2,0,1,2,1,0,4,4,4,4,1,0,0,4,4,4,4,4,4,4,1,0,0,2,2,3,2,1,1,3,2,1,1,2,3,1,1,0,0,1,3,3,4,4,1,3,2,0,3,0,0,1,0,4,4,4,4,4,4,4,4,2,1,2,3,0,4,4,4,4,2,1,3,4,4,4,4,4,4,4,4,4,4,4,4,4,4,4,4,4,4,4,4,4,4,4,4,4,4,4,4,4,4,4,4,4,3,4,4,3,0,3,1,0,4,0,1,1,3,1,4,4,1,4,4,4,2,2,2,1,2,0,0,0,1,2,3,1,2,0,4,4,4,4,4,2,3,3,0,2,2,1,0,1,1,2,1,1,3,3,4,4,4,4,4,4,4,4,4,4,4,4,4,4,4,4,4,4,4,4,4,4,4,4,4,4,4,4,4,4,4,4,4,4,4,4,4,4,4,4,4,4,4,4,4,4,4,4,4,4,4,4,4,4,4,4,4,4,4,4,4,4,4,4,4,4,4,4,4,4,4,4,4,4,4,4,4,4,4,4,4,4,4,4,4,4,4,4,4,4,4,4,4,4,4,4,4,4,4,4,4,4,4,4,4,4,4,4,4,4,4,4,4,4,4,4,4,4,4,4,4,4,4,4,4,4,4,4,4,4,4,4,4,4,4,4,4,4,4,4,4,4,4,4,4,4,4,4,4,4,4,4,4,4,4,4,4,4,4,4,4,4,4,4,4,4,4,4,4,4,4,4,4,4,4,4,4,4,4,4,4,4,4,4,4,4,4,4,4,4,4,4,4,4,4,ABAO01000016.1/36596-36449,1
1591,0,2,3,2,2,1,3,1,0,3,3,1,4,0,1,1,4,1,0,4,1,3,3,0,3,2,3,1,4,0,2,1,4,4,4,4,1,1,1,3,3,4,1,2,2,4,4,4,4,4,4,2,0,1,2,3,4,4,4,4,4,4,4,4,4,4,4,4,4,4,4,4,4,4,4,4,4,4,4,4,4,2,1,3,0,1,0,3,0,0,0,0,0,4,1,4,1,2,0,4,0,3,2,0,1,2,1,0,4,4,4,4,1,0,0,4,4,4,4,4,4,4,1,0,0,2,2,3,2,1,1,3,2,1,1,2,3,1,1,0,0,1,3,3,4,4,1,3,2,0,3,0,3,1,0,4,4,4,4,4,4,4,4,2,1,2,3,0,4,4,4,4,2,1,3,4,4,4,4,4,4,4,4,4,4,4,4,4,4,4,4,4,4,4,4,4,4,4,4,4,4,4,4,4,4,4,4,4,0,4,4,3,0,3,1,0,4,0,1,1,0,3,4,4,1,4,4,4,2,2,2,1,2,0,0,0,1,2,3,1,2,0,4,4,4,4,4,2,3,3,0,2,2,1,0,1,1,2,1,1,3,3,4,4,4,4,4,4,4,4,4,4,4,4,4,4,4,4,4,4,4,4,4,4,4,4,4,4,4,4,4,4,4,4,4,4,4,4,4,4,4,4,4,4,4,4,4,4,4,4,4,4,4,4,4,4,4,4,4,4,4,4,4,4,4,4,4,4,4,4,4,4,4,4,4,4,4,4,4,4,4,4,4,4,4,4,4,4,4,4,4,4,4,4,4,4,4,4,4,4,4,4,4,4,4,4,4,4,4,4,4,4,4,4,4,4,4,4,4,4,4,4,4,4,4,4,4,4,4,4,4,4,4,4,4,4,4,4,4,4,4,4,4,4,4,4,4,4,4,4,4,4,4,4,4,4,4,4,4,4,4,4,4,4,4,4,4,4,4,4,4,4,4,4,4,4,4,4,4,4,4,4,4,4,4,4,4,4,4,4,4,4,4,4,4,4,4,AEME01000001.1/2998159-2998306,1
1592,0,2,0,3,2,1,3,1,0,3,3,1,4,1,0,3,4,1,3,4,1,3,3,0,3,2,3,3,4,1,2,1,3,3,4,4,4,4,4,4,4,4,4,4,4,4,4,4,4,4,4,4,4,4,4,4,1,4,4,4,4,4,4,4,4,4,4,4,4,4,4,4,4,4,4,4,4,4,4,4,2,2,1,3,3,1,0,3,0,0,0,1,1,1,0,4,2,2,0,4,0,3,2,0,1,2,1,0,4,4,4,4,2,0,2,1,1,2,4,4,3,3,3,0,1,2,2,3,2,1,3,3,0,3,1,2,3,1,1,4,0,1,0,2,0,4,1,0,2,0,3,2,3,1,4,4,4,4,4,4,4,4,4,2,1,3,3,1,2,4,4,4,2,1,1,4,4,4,4,4,4,4,4,4,4,4,4,4,4,4,4,4,4,4,4,4,4,4,4,4,4,4,4,4,4,4,4,4,3,4,4,1,0,3,1,0,4,0,0,1,0,1,4,4,1,0,4,3,2,2,0,1,0,3,0,0,1,2,3,3,2,0,4,4,4,4,4,2,3,2,0,0,2,1,0,1,1,0,1,0,3,3,4,4,4,4,4,4,4,4,4,4,4,4,4,4,4,4,4,4,4,4,4,4,4,4,4,4,4,4,4,4,4,4,4,4,4,4,4,4,4,4,4,4,4,4,4,4,4,4,4,4,4,4,4,4,4,4,4,4,4,4,4,4,4,4,4,4,4,4,4,4,4,4,4,4,4,4,4,4,4,4,4,4,4,4,4,4,4,4,4,4,4,4,4,4,4,4,4,4,4,4,4,4,4,4,4,4,4,4,4,4,4,4,4,4,4,4,4,4,4,4,4,4,4,4,4,4,4,4,4,4,4,4,4,4,4,4,4,4,4,4,4,4,4,4,4,4,4,4,4,4,4,4,4,4,4,4,4,4,4,4,4,4,4,4,4,4,4,4,4,4,4,4,4,4,4,4,4,4,4,4,4,4,4,4,4,4,4,4,4,4,4,4,4,4,4,FN543093.2/262994-263140,1
1593,0,2,3,3,2,1,3,1,0,3,3,1,4,0,1,1,4,3,3,4,3,3,3,0,3,2,0,3,4,0,2,1,1,1,1,2,1,0,0,3,3,4,0,0,2,1,2,2,0,3,4,2,0,3,2,1,4,4,4,4,4,4,4,4,4,4,4,4,4,4,4,4,4,4,4,4,4,4,4,4,4,2,1,3,3,1,0,3,0,0,2,1,1,3,1,4,1,2,0,4,0,3,2,0,3,2,1,1,4,4,4,4,3,0,0,2,4,4,4,4,4,4,0,1,3,2,2,3,2,1,1,3,0,3,1,2,3,1,1,0,1,1,3,0,0,0,1,1,2,0,1,0,3,3,2,3,2,3,4,4,4,4,4,2,0,0,0,2,1,4,4,4,0,1,0,4,4,4,4,4,4,4,4,4,4,4,4,4,4,4,4,4,4,4,4,4,4,4,4,4,4,4,4,4,4,4,4,4,3,4,4,3,0,3,1,0,4,0,0,1,0,3,4,4,1,4,4,4,2,2,0,1,2,0,1,0,1,2,3,3,2,0,4,4,4,4,4,2,3,2,0,2,2,1,0,1,1,2,1,1,3,0,4,4,4,4,4,4,4,4,4,4,4,4,4,4,4,4,4,4,4,4,4,4,4,4,4,4,4,4,4,4,4,4,4,4,4,4,4,4,4,4,4,4,4,4,4,4,4,4,4,4,4,4,4,4,4,4,4,4,4,4,4,4,4,4,4,4,4,4,4,4,4,4,4,4,4,4,4,4,4,4,4,4,4,4,4,4,4,4,4,4,4,4,4,4,4,4,4,4,4,4,4,4,4,4,4,4,4,4,4,4,4,4,4,4,4,4,4,4,4,4,4,4,4,4,4,4,4,4,4,4,4,4,4,4,4,4,4,4,4,4,4,4,4,4,4,4,4,4,4,4,4,4,4,4,4,4,4,4,4,4,4,4,4,4,4,4,4,4,4,4,4,4,4,4,4,4,4,4,4,4,4,4,4,4,4,4,4,4,4,4,4,4,4,4,4,AAYV01000001.1/206022-206186,1
1594,0,2,3,2,2,1,3,1,0,3,3,1,4,0,1,1,4,3,3,4,1,3,3,0,3,2,3,1,4,0,2,1,4,4,4,4,1,1,1,3,3,4,0,2,2,4,4,4,4,4,4,2,0,1,2,1,4,4,4,4,4,4,4,4,4,4,4,4,4,4,4,4,4,4,4,4,4,4,4,4,4,2,1,3,0,1,0,3,0,0,0,1,3,4,3,4,1,2,0,4,0,3,2,0,1,2,1,0,4,4,4,4,1,0,0,4,4,4,4,4,4,4,1,0,0,2,2,3,2,1,1,3,2,1,1,2,3,1,1,0,0,1,3,3,4,4,1,3,2,0,3,0,0,1,0,4,4,4,4,4,4,4,4,2,1,2,3,0,4,4,4,4,2,1,3,4,4,4,4,4,4,4,4,4,4,4,4,4,4,4,4,4,4,4,4,4,4,4,4,4,4,4,4,4,4,4,4,4,3,4,4,3,0,3,1,0,4,0,1,1,3,1,4,4,1,4,4,4,2,2,2,1,2,0,0,0,1,2,3,1,2,0,4,4,4,4,4,2,3,3,0,2,2,1,0,1,1,2,1,1,3,3,4,4,4,4,4,4,4,4,4,4,4,4,4,4,4,4,4,4,4,4,4,4,4,4,4,4,4,4,4,4,4,4,4,4,4,4,4,4,4,4,4,4,4,4,4,4,4,4,4,4,4,4,4,4,4,4,4,4,4,4,4,4,4,4,4,4,4,4,4,4,4,4,4,4,4,4,4,4,4,4,4,4,4,4,4,4,4,4,4,4,4,4,4,4,4,4,4,4,4,4,4,4,4,4,4,4,4,4,4,4,4,4,4,4,4,4,4,4,4,4,4,4,4,4,4,4,4,4,4,4,4,4,4,4,4,4,4,4,4,4,4,4,4,4,4,4,4,4,4,4,4,4,4,4,4,4,4,4,4,4,4,4,4,4,4,4,4,4,4,4,4,4,4,4,4,4,4,4,4,4,4,4,4,4,4,4,4,4,4,4,4,4,4,4,4,ABEL01000007.1/174371-174224,1
1595,0,2,0,3,2,1,3,1,0,3,3,1,4,1,0,3,4,1,3,4,1,3,3,0,3,2,3,3,4,1,2,1,1,3,4,4,4,4,4,4,4,4,4,4,4,4,4,4,4,4,4,4,4,4,4,4,3,0,4,4,4,4,4,4,4,4,4,4,4,4,4,4,4,4,4,4,4,4,4,2,3,2,1,1,3,1,0,3,0,0,0,1,3,1,1,4,2,2,0,4,0,3,2,0,1,2,1,0,4,4,4,4,2,0,2,1,1,2,4,4,3,3,3,0,1,2,2,3,2,1,3,3,0,3,1,2,3,1,1,4,0,1,3,2,0,4,1,0,2,0,3,2,3,1,4,4,4,4,4,4,4,4,4,2,1,3,3,0,3,4,4,4,2,1,1,4,4,4,4,4,4,4,4,4,4,4,4,4,4,4,4,4,4,4,4,4,4,4,4,4,4,4,4,4,4,4,4,4,3,4,4,1,0,3,1,0,4,2,0,1,0,1,4,4,1,0,4,3,2,2,0,1,0,1,0,0,1,2,3,3,2,0,4,4,4,4,4,2,3,2,0,0,2,1,0,1,1,1,0,1,3,3,4,4,4,4,4,4,4,4,4,4,4,4,4,4,4,4,4,4,4,4,4,4,4,4,4,4,4,4,4,4,4,4,4,4,4,4,4,4,4,4,4,4,4,4,4,4,4,4,4,4,4,4,4,4,4,4,4,4,4,4,4,4,4,4,4,4,4,4,4,4,4,4,4,4,4,4,4,4,4,4,4,4,4,4,4,4,4,4,4,4,4,4,4,4,4,4,4,4,4,4,4,4,4,4,4,4,4,4,4,4,4,4,4,4,4,4,4,4,4,4,4,4,4,4,4,4,4,4,4,4,4,4,4,4,4,4,4,4,4,4,4,4,4,4,4,4,4,4,4,4,4,4,4,4,4,4,4,4,4,4,4,4,4,4,4,4,4,4,4,4,4,4,4,4,4,4,4,4,4,4,4,4,4,4,4,4,4,4,4,4,4,4,4,4,4,ABHO01000016.1/65765-65617,1
1596,0,2,0,3,2,1,3,1,0,3,3,1,4,1,0,3,4,1,3,4,1,3,3,0,3,2,3,3,4,1,2,1,1,3,4,4,4,4,4,4,4,4,4,4,4,4,4,4,4,4,4,4,4,4,4,4,3,0,4,4,4,4,4,4,4,4,4,4,4,4,4,4,4,4,4,4,4,4,4,2,3,2,1,1,3,1,0,3,0,0,0,1,3,1,1,4,2,2,0,4,0,3,2,0,1,2,1,0,4,4,4,4,2,0,2,1,1,2,4,4,3,3,3,0,1,2,2,3,2,1,3,3,0,3,1,2,3,1,1,4,0,1,3,2,0,4,1,0,2,0,3,2,3,1,4,4,4,4,4,4,4,4,4,2,1,3,3,0,3,4,4,4,2,1,1,4,4,4,4,4,4,4,4,4,4,4,4,4,4,4,4,4,4,4,4,4,4,4,4,4,4,4,4,4,4,4,4,4,3,4,4,1,0,3,1,0,4,2,0,1,0,1,4,4,1,0,4,3,2,2,0,1,0,1,0,0,1,2,3,3,2,0,4,4,4,4,4,2,3,2,0,0,2,1,0,1,1,1,0,1,3,3,4,4,4,4,4,4,4,4,4,4,4,4,4,4,4,4,4,4,4,4,4,4,4,4,4,4,4,4,4,4,4,4,4,4,4,4,4,4,4,4,4,4,4,4,4,4,4,4,4,4,4,4,4,4,4,4,4,4,4,4,4,4,4,4,4,4,4,4,4,4,4,4,4,4,4,4,4,4,4,4,4,4,4,4,4,4,4,4,4,4,4,4,4,4,4,4,4,4,4,4,4,4,4,4,4,4,4,4,4,4,4,4,4,4,4,4,4,4,4,4,4,4,4,4,4,4,4,4,4,4,4,4,4,4,4,4,4,4,4,4,4,4,4,4,4,4,4,4,4,4,4,4,4,4,4,4,4,4,4,4,4,4,4,4,4,4,4,4,4,4,4,4,4,4,4,4,4,4,4,4,4,4,4,4,4,4,4,4,4,4,4,4,4,4,4,AFHA01000078.1/58742-58594,1
1597,0,2,3,2,2,1,3,1,0,3,3,1,4,0,1,1,4,2,0,4,1,3,3,0,3,2,3,1,4,0,2,1,4,4,4,4,1,1,1,3,3,4,1,2,2,4,4,4,4,4,4,2,0,1,2,3,4,4,4,4,4,4,4,4,4,4,4,4,4,4,4,4,4,4,4,4,4,4,4,4,4,2,1,3,0,1,0,3,0,0,0,0,3,4,3,4,1,2,0,4,0,3,2,0,1,2,1,0,4,4,4,4,1,0,0,4,4,4,4,4,4,4,1,0,0,2,2,3,2,1,1,3,2,1,1,2,3,1,1,0,0,1,3,3,4,4,1,3,2,0,3,0,3,1,0,4,4,4,4,4,4,4,4,2,1,2,3,0,4,4,4,4,2,1,3,4,4,4,4,4,4,4,4,4,4,4,4,4,4,4,4,4,4,4,4,4,4,4,4,4,4,4,4,4,4,4,4,4,0,4,4,3,0,3,1,0,4,0,1,1,0,3,4,4,1,4,4,4,2,2,2,1,2,0,0,0,1,2,3,1,2,0,4,4,4,4,4,2,3,3,0,2,2,1,0,1,1,2,1,1,3,3,4,4,4,4,4,4,4,4,4,4,4,4,4,4,4,4,4,4,4,4,4,4,4,4,4,4,4,4,4,4,4,4,4,4,4,4,4,4,4,4,4,4,4,4,4,4,4,4,4,4,4,4,4,4,4,4,4,4,4,4,4,4,4,4,4,4,4,4,4,4,4,4,4,4,4,4,4,4,4,4,4,4,4,4,4,4,4,4,4,4,4,4,4,4,4,4,4,4,4,4,4,4,4,4,4,4,4,4,4,4,4,4,4,4,4,4,4,4,4,4,4,4,4,4,4,4,4,4,4,4,4,4,4,4,4,4,4,4,4,4,4,4,4,4,4,4,4,4,4,4,4,4,4,4,4,4,4,4,4,4,4,4,4,4,4,4,4,4,4,4,4,4,4,4,4,4,4,4,4,4,4,4,4,4,4,4,4,4,4,4,4,4,4,4,4,ADWQ01000005.1/210923-210776,1
1598,0,2,0,3,2,1,3,1,0,3,3,1,4,1,0,3,4,1,3,4,1,3,3,0,3,2,3,3,4,1,2,1,1,3,3,4,4,4,4,4,4,4,4,4,4,4,4,4,4,4,4,4,4,4,4,4,1,4,4,4,4,4,4,4,4,4,4,4,4,4,4,4,4,4,4,4,4,4,4,2,3,2,1,1,3,1,0,3,0,0,0,1,3,1,1,4,2,2,0,4,0,3,2,0,3,2,1,0,4,4,4,4,2,0,2,1,1,2,3,3,1,3,3,0,1,2,2,3,2,1,3,3,0,3,1,2,3,1,1,4,0,1,3,2,0,4,1,0,2,0,3,2,3,1,2,1,0,3,4,4,4,4,4,3,3,0,3,4,4,4,4,4,2,1,1,4,4,4,4,4,4,4,4,4,4,4,4,4,4,4,4,4,4,4,4,4,4,4,4,4,4,4,4,4,4,4,4,4,3,4,4,1,0,3,1,0,4,0,0,1,0,1,4,4,1,0,4,3,2,2,0,1,0,3,3,0,1,2,3,3,2,0,4,4,4,4,4,2,3,2,0,0,2,1,0,1,1,1,0,0,3,3,4,4,4,4,4,4,4,4,4,4,4,4,4,4,4,4,4,4,4,4,4,4,4,4,4,4,4,4,4,4,4,4,4,4,4,4,4,4,4,4,4,4,4,4,4,4,4,4,4,4,4,4,4,4,4,4,4,4,4,4,4,4,4,4,4,4,4,4,4,4,4,4,4,4,4,4,4,4,4,4,4,4,4,4,4,4,4,4,4,4,4,4,4,4,4,4,4,4,4,4,4,4,4,4,4,4,4,4,4,4,4,4,4,4,4,4,4,4,4,4,4,4,4,4,4,4,4,4,4,4,4,4,4,4,4,4,4,4,4,4,4,4,4,4,4,4,4,4,4,4,4,4,4,4,4,4,4,4,4,4,4,4,4,4,4,4,4,4,4,4,4,4,4,4,4,4,4,4,4,4,4,4,4,4,4,4,4,4,4,4,4,4,4,4,4,CP000647.1/4707423-4707575,1
1599,0,2,0,3,2,1,3,1,0,3,3,1,4,1,0,3,4,1,3,4,1,3,3,0,3,2,3,3,4,1,2,1,1,3,4,4,4,4,4,4,4,4,4,4,4,4,4,4,4,4,4,4,4,4,4,4,3,0,4,4,4,4,4,4,4,4,4,4,4,4,4,4,4,4,4,4,4,4,4,2,3,2,1,1,3,1,0,3,0,0,0,1,3,1,1,4,2,2,0,4,0,3,2,0,1,2,1,0,4,4,4,4,2,0,2,1,1,2,4,4,3,3,3,0,1,2,2,3,2,1,3,3,0,3,1,2,3,1,1,4,0,1,3,2,0,4,1,0,2,0,3,2,3,1,4,4,4,4,4,4,4,4,4,2,1,3,3,0,3,4,4,4,2,1,1,4,4,4,4,4,4,4,4,4,4,4,4,4,4,4,4,4,4,4,4,4,4,4,4,4,4,4,4,4,4,4,4,4,3,4,4,1,0,3,1,0,4,2,0,1,0,1,4,4,1,0,4,3,2,2,0,1,0,1,0,0,1,2,3,3,2,0,4,4,4,4,4,2,3,2,0,0,2,1,0,1,1,1,0,1,3,3,4,4,4,4,4,4,4,4,4,4,4,4,4,4,4,4,4,4,4,4,4,4,4,4,4,4,4,4,4,4,4,4,4,4,4,4,4,4,4,4,4,4,4,4,4,4,4,4,4,4,4,4,4,4,4,4,4,4,4,4,4,4,4,4,4,4,4,4,4,4,4,4,4,4,4,4,4,4,4,4,4,4,4,4,4,4,4,4,4,4,4,4,4,4,4,4,4,4,4,4,4,4,4,4,4,4,4,4,4,4,4,4,4,4,4,4,4,4,4,4,4,4,4,4,4,4,4,4,4,4,4,4,4,4,4,4,4,4,4,4,4,4,4,4,4,4,4,4,4,4,4,4,4,4,4,4,4,4,4,4,4,4,4,4,4,4,4,4,4,4,4,4,4,4,4,4,4,4,4,4,4,4,4,4,4,4,4,4,4,4,4,4,4,4,4,ADUM01000069.1/14997-14849,1
1600,0,2,3,2,2,1,3,1,0,3,3,1,4,0,1,1,4,2,0,4,1,3,3,0,3,2,3,1,4,0,2,1,4,4,4,4,1,1,1,3,3,4,1,2,2,4,4,4,4,4,4,2,0,1,2,3,4,4,4,4,4,4,4,4,4,4,4,4,4,4,4,4,4,4,4,4,4,4,4,4,4,2,1,3,0,1,0,3,0,0,0,0,3,4,3,4,1,2,0,4,0,3,2,0,1,2,1,0,4,4,4,4,1,0,0,4,4,4,4,4,4,4,1,0,0,2,2,3,2,1,1,3,2,1,1,2,3,1,1,0,0,1,3,3,4,4,1,3,2,0,3,0,3,1,0,4,4,4,4,4,4,4,4,2,1,2,3,0,4,4,4,4,2,1,3,4,4,4,4,4,4,4,4,4,4,4,4,4,4,4,4,4,4,4,4,4,4,4,4,4,4,4,4,4,4,4,4,4,0,4,4,3,0,3,1,0,4,0,1,1,0,3,4,4,1,4,4,4,2,2,2,1,2,0,0,0,1,2,3,1,2,0,4,4,4,4,4,2,3,3,0,2,2,1,0,1,1,2,1,1,3,3,4,4,4,4,4,4,4,4,4,4,4,4,4,4,4,4,4,4,4,4,4,4,4,4,4,4,4,4,4,4,4,4,4,4,4,4,4,4,4,4,4,4,4,4,4,4,4,4,4,4,4,4,4,4,4,4,4,4,4,4,4,4,4,4,4,4,4,4,4,4,4,4,4,4,4,4,4,4,4,4,4,4,4,4,4,4,4,4,4,4,4,4,4,4,4,4,4,4,4,4,4,4,4,4,4,4,4,4,4,4,4,4,4,4,4,4,4,4,4,4,4,4,4,4,4,4,4,4,4,4,4,4,4,4,4,4,4,4,4,4,4,4,4,4,4,4,4,4,4,4,4,4,4,4,4,4,4,4,4,4,4,4,4,4,4,4,4,4,4,4,4,4,4,4,4,4,4,4,4,4,4,4,4,4,4,4,4,4,4,4,4,4,4,4,4,ACGN01000122.1/586170-586023,1
1601,0,2,0,3,2,1,3,1,0,3,3,1,4,1,0,3,4,1,3,4,1,3,3,0,3,2,3,3,4,1,2,1,1,3,3,4,4,4,4,4,4,4,4,4,4,4,4,4,4,4,4,4,4,4,4,4,1,4,4,4,4,4,4,4,4,4,4,4,4,4,4,4,4,4,4,4,4,4,4,2,3,2,1,1,3,1,0,3,0,0,0,1,3,1,1,4,2,2,0,4,0,3,2,0,3,2,1,0,4,4,4,4,2,0,2,1,1,2,3,3,1,3,3,0,1,2,2,3,2,1,3,3,0,3,1,2,3,1,1,4,0,1,3,2,0,4,1,0,2,0,3,2,3,1,2,1,0,3,4,4,4,4,4,3,3,0,3,4,4,4,4,4,2,1,1,4,4,4,4,4,4,4,4,4,4,4,4,4,4,4,4,4,4,4,4,4,4,4,4,4,4,4,4,4,4,4,4,4,3,4,4,1,0,3,1,0,4,0,0,1,0,1,4,4,1,0,4,3,2,2,0,1,0,3,3,0,1,2,3,3,2,0,4,4,4,4,4,2,3,2,0,0,2,1,0,1,1,1,0,0,3,3,4,4,4,4,4,4,4,4,4,4,4,4,4,4,4,4,4,4,4,4,4,4,4,4,4,4,4,4,4,4,4,4,4,4,4,4,4,4,4,4,4,4,4,4,4,4,4,4,4,4,4,4,4,4,4,4,4,4,4,4,4,4,4,4,4,4,4,4,4,4,4,4,4,4,4,4,4,4,4,4,4,4,4,4,4,4,4,4,4,4,4,4,4,4,4,4,4,4,4,4,4,4,4,4,4,4,4,4,4,4,4,4,4,4,4,4,4,4,4,4,4,4,4,4,4,4,4,4,4,4,4,4,4,4,4,4,4,4,4,4,4,4,4,4,4,4,4,4,4,4,4,4,4,4,4,4,4,4,4,4,4,4,4,4,4,4,4,4,4,4,4,4,4,4,4,4,4,4,4,4,4,4,4,4,4,4,4,4,4,4,4,4,4,4,4,AP006725.1/164422-164574,1
1602,0,2,1,3,2,1,3,1,0,3,3,1,4,0,1,1,4,3,2,4,3,3,3,0,3,2,0,3,4,3,2,1,1,1,1,4,4,4,2,1,3,4,3,0,2,4,1,2,2,0,4,2,0,0,2,0,4,4,4,4,4,4,4,4,4,4,4,4,4,4,4,4,4,4,4,4,4,4,4,4,4,2,1,4,3,1,0,3,0,0,0,2,1,4,1,4,1,2,0,4,0,3,2,0,1,2,1,0,4,4,4,4,1,1,0,4,4,4,4,4,4,4,0,0,1,2,2,0,2,1,1,3,2,1,1,2,3,1,1,0,0,1,3,2,0,4,1,1,2,0,3,0,0,3,1,4,4,4,4,4,4,4,4,2,1,3,3,2,4,4,4,4,4,1,2,4,4,4,4,4,4,4,4,4,4,4,4,4,4,4,4,4,4,4,4,4,4,4,4,4,4,4,4,4,4,4,4,4,3,4,4,3,0,3,1,0,4,0,0,1,0,1,4,4,1,4,4,4,2,2,0,1,2,3,0,0,1,2,3,3,2,0,4,4,4,4,4,2,3,0,0,2,2,1,3,1,1,0,1,1,1,0,4,4,4,4,4,4,4,4,4,4,4,4,4,4,4,4,4,4,4,4,4,4,4,4,4,4,4,4,4,4,4,4,4,4,4,4,4,4,4,4,4,4,4,4,4,4,4,4,4,4,4,4,4,4,4,4,4,4,4,4,4,4,4,4,4,4,4,4,4,4,4,4,4,4,4,4,4,4,4,4,4,4,4,4,4,4,4,4,4,4,4,4,4,4,4,4,4,4,4,4,4,4,4,4,4,4,4,4,4,4,4,4,4,4,4,4,4,4,4,4,4,4,4,4,4,4,4,4,4,4,4,4,4,4,4,4,4,4,4,4,4,4,4,4,4,4,4,4,4,4,4,4,4,4,4,4,4,4,4,4,4,4,4,4,4,4,4,4,4,4,4,4,4,4,4,4,4,4,4,4,4,4,4,4,4,4,4,4,4,4,4,4,4,4,4,BAEF01000006.1/22127-22278,1
1603,0,2,3,2,2,1,3,1,0,3,3,1,4,0,1,1,4,3,3,4,1,3,3,0,3,2,3,1,4,0,2,1,4,4,4,4,1,1,1,3,3,4,0,2,2,4,4,4,4,4,4,2,0,1,2,1,4,4,4,4,4,4,4,4,4,4,4,4,4,4,4,4,4,4,4,4,4,4,4,4,4,2,1,3,0,1,0,3,0,0,0,1,3,4,3,4,1,2,0,4,0,3,2,0,1,2,1,0,4,4,4,4,1,0,0,4,4,4,4,4,4,4,1,0,0,2,2,3,2,1,1,3,2,1,1,2,3,1,1,0,0,1,3,3,4,4,1,3,2,0,3,0,0,3,0,4,4,4,4,4,4,4,4,2,1,2,3,0,4,4,4,4,2,1,3,4,4,4,4,4,4,4,4,4,4,4,4,4,4,4,4,4,4,4,4,4,4,4,4,4,4,4,4,4,4,4,4,4,3,4,4,3,0,3,1,0,4,0,1,1,3,1,4,4,1,4,4,4,2,2,2,1,2,0,0,0,1,2,3,1,2,0,4,4,4,4,4,2,3,3,0,2,2,1,0,1,1,2,1,1,3,3,4,4,4,4,4,4,4,4,4,4,4,4,4,4,4,4,4,4,4,4,4,4,4,4,4,4,4,4,4,4,4,4,4,4,4,4,4,4,4,4,4,4,4,4,4,4,4,4,4,4,4,4,4,4,4,4,4,4,4,4,4,4,4,4,4,4,4,4,4,4,4,4,4,4,4,4,4,4,4,4,4,4,4,4,4,4,4,4,4,4,4,4,4,4,4,4,4,4,4,4,4,4,4,4,4,4,4,4,4,4,4,4,4,4,4,4,4,4,4,4,4,4,4,4,4,4,4,4,4,4,4,4,4,4,4,4,4,4,4,4,4,4,4,4,4,4,4,4,4,4,4,4,4,4,4,4,4,4,4,4,4,4,4,4,4,4,4,4,4,4,4,4,4,4,4,4,4,4,4,4,4,4,4,4,4,4,4,4,4,4,4,4,4,4,4,AESP01000023.1/2657-2804,1
1604,0,2,3,3,2,1,3,1,0,3,3,1,4,0,1,1,4,3,3,4,3,3,3,0,3,2,0,3,4,0,2,1,1,1,1,2,1,0,0,3,3,4,0,0,2,1,2,2,0,3,4,2,0,3,2,1,4,4,4,4,4,4,4,4,4,4,4,4,4,4,4,4,4,4,4,4,4,4,4,4,4,2,1,3,3,1,0,3,0,0,2,1,1,3,1,4,1,2,0,4,0,3,2,0,3,2,1,1,4,4,4,4,3,0,0,2,4,4,4,4,4,4,0,1,3,2,2,3,2,1,1,3,0,3,1,2,3,1,1,0,1,1,3,0,0,0,1,1,2,0,1,0,3,3,2,3,2,3,4,4,4,4,4,2,0,0,0,2,1,4,4,4,0,1,0,4,4,4,4,4,4,4,4,4,4,4,4,4,4,4,4,4,4,4,4,4,4,4,4,4,4,4,4,4,4,4,4,4,3,4,4,3,0,3,1,0,4,0,0,1,0,3,4,4,1,4,4,4,2,2,0,1,2,0,1,0,1,2,3,3,2,0,4,4,4,4,4,2,3,2,0,2,2,1,0,1,1,2,1,1,3,0,4,4,4,4,4,4,4,4,4,4,4,4,4,4,4,4,4,4,4,4,4,4,4,4,4,4,4,4,4,4,4,4,4,4,4,4,4,4,4,4,4,4,4,4,4,4,4,4,4,4,4,4,4,4,4,4,4,4,4,4,4,4,4,4,4,4,4,4,4,4,4,4,4,4,4,4,4,4,4,4,4,4,4,4,4,4,4,4,4,4,4,4,4,4,4,4,4,4,4,4,4,4,4,4,4,4,4,4,4,4,4,4,4,4,4,4,4,4,4,4,4,4,4,4,4,4,4,4,4,4,4,4,4,4,4,4,4,4,4,4,4,4,4,4,4,4,4,4,4,4,4,4,4,4,4,4,4,4,4,4,4,4,4,4,4,4,4,4,4,4,4,4,4,4,4,4,4,4,4,4,4,4,4,4,4,4,4,4,4,4,4,4,4,4,4,CP000720.1/1353391-1353555,1
1605,0,2,0,3,2,1,3,1,0,3,3,1,4,1,0,3,4,1,3,4,1,3,3,0,3,2,3,3,4,1,2,1,1,3,4,4,4,4,4,4,4,4,4,4,4,4,4,4,4,4,4,4,4,4,4,4,3,0,4,4,4,4,4,4,4,4,4,4,4,4,4,4,4,4,4,4,4,4,4,2,3,2,1,1,3,1,0,3,0,0,0,1,3,1,1,4,2,2,0,4,0,3,2,0,1,2,1,0,4,4,4,4,2,0,2,1,1,2,4,4,3,3,3,0,1,2,2,3,2,1,3,3,0,3,1,2,3,1,1,4,0,1,3,2,0,4,1,0,2,0,3,2,3,1,4,4,4,4,4,4,4,4,4,2,1,3,3,1,3,4,4,4,2,1,1,4,4,4,4,4,4,4,4,4,4,4,4,4,4,4,4,4,4,4,4,4,4,4,4,4,4,4,4,4,4,4,4,4,3,4,4,1,0,3,1,0,4,2,0,1,0,1,4,4,1,0,4,3,2,2,0,1,0,1,0,0,1,2,3,3,2,0,4,4,4,4,4,2,3,2,0,0,2,1,0,1,1,1,0,1,3,3,4,4,4,4,4,4,4,4,4,4,4,4,4,4,4,4,4,4,4,4,4,4,4,4,4,4,4,4,4,4,4,4,4,4,4,4,4,4,4,4,4,4,4,4,4,4,4,4,4,4,4,4,4,4,4,4,4,4,4,4,4,4,4,4,4,4,4,4,4,4,4,4,4,4,4,4,4,4,4,4,4,4,4,4,4,4,4,4,4,4,4,4,4,4,4,4,4,4,4,4,4,4,4,4,4,4,4,4,4,4,4,4,4,4,4,4,4,4,4,4,4,4,4,4,4,4,4,4,4,4,4,4,4,4,4,4,4,4,4,4,4,4,4,4,4,4,4,4,4,4,4,4,4,4,4,4,4,4,4,4,4,4,4,4,4,4,4,4,4,4,4,4,4,4,4,4,4,4,4,4,4,4,4,4,4,4,4,4,4,4,4,4,4,4,4,CU928162.2/4422294-4422442,1
1606,0,2,3,2,2,1,3,1,0,3,3,1,4,0,1,1,4,2,0,4,1,3,3,0,3,2,3,1,4,0,2,1,4,4,4,4,1,1,1,3,3,4,1,2,2,4,4,4,4,4,4,2,0,1,2,3,4,4,4,4,4,4,4,4,4,4,4,4,4,4,4,4,4,4,4,4,4,4,4,4,4,2,1,3,0,1,0,3,0,0,0,0,3,4,3,4,1,2,0,4,0,3,2,0,1,2,1,0,4,4,4,4,1,0,0,4,4,4,4,4,4,4,1,0,0,2,2,3,2,1,1,3,2,1,1,2,3,1,1,0,0,1,3,3,4,4,1,3,2,0,3,0,3,1,0,4,4,4,4,4,4,4,4,2,1,2,3,0,4,4,4,4,2,1,3,4,4,4,4,4,4,4,4,4,4,4,4,4,4,4,4,4,4,4,4,4,4,4,4,4,4,4,4,4,4,4,4,4,0,4,4,3,0,3,1,0,4,0,1,1,0,3,4,4,1,4,4,4,2,2,2,1,2,0,0,0,1,2,3,1,2,0,4,4,4,4,4,2,3,3,0,2,2,1,0,1,1,2,1,1,3,3,4,4,4,4,4,4,4,4,4,4,4,4,4,4,4,4,4,4,4,4,4,4,4,4,4,4,4,4,4,4,4,4,4,4,4,4,4,4,4,4,4,4,4,4,4,4,4,4,4,4,4,4,4,4,4,4,4,4,4,4,4,4,4,4,4,4,4,4,4,4,4,4,4,4,4,4,4,4,4,4,4,4,4,4,4,4,4,4,4,4,4,4,4,4,4,4,4,4,4,4,4,4,4,4,4,4,4,4,4,4,4,4,4,4,4,4,4,4,4,4,4,4,4,4,4,4,4,4,4,4,4,4,4,4,4,4,4,4,4,4,4,4,4,4,4,4,4,4,4,4,4,4,4,4,4,4,4,4,4,4,4,4,4,4,4,4,4,4,4,4,4,4,4,4,4,4,4,4,4,4,4,4,4,4,4,4,4,4,4,4,4,4,4,4,4,AE005674.2/2676210-2676063,1
1607,0,2,0,3,2,1,3,1,0,3,1,3,4,1,0,1,4,3,3,4,1,3,3,0,3,2,0,1,4,0,2,1,2,4,4,4,4,4,4,4,4,4,4,4,4,4,4,4,4,4,4,4,4,4,4,4,0,4,4,4,4,4,4,4,4,4,4,4,4,4,4,4,4,4,4,4,4,4,4,4,0,2,1,3,3,1,0,3,0,0,0,1,1,1,0,4,2,0,2,4,0,3,2,0,1,2,1,0,4,4,4,4,0,0,2,1,1,2,4,0,3,3,0,3,1,2,2,3,2,1,1,3,0,3,3,2,3,1,1,0,0,1,3,3,0,2,0,3,2,0,3,4,4,4,4,4,4,4,4,4,4,4,4,4,4,4,4,4,4,4,4,4,4,4,4,1,0,0,2,0,2,1,3,1,0,4,4,4,4,4,4,4,4,4,4,4,4,4,3,1,1,3,1,3,3,0,1,1,4,4,4,4,0,3,1,0,4,0,1,2,0,0,4,4,1,4,4,4,2,2,2,1,2,0,0,0,1,2,3,3,2,0,4,4,4,4,4,2,3,2,0,2,2,1,0,1,1,0,3,1,1,2,4,4,4,4,4,4,4,4,4,4,4,4,4,4,4,4,4,4,4,4,4,4,4,4,4,4,4,4,4,4,4,4,4,4,4,4,4,4,4,4,4,4,4,4,4,4,4,4,4,4,4,4,4,4,4,4,4,4,4,4,4,4,4,4,4,4,4,4,4,4,4,4,4,4,4,4,4,4,4,4,4,4,4,4,4,4,4,4,4,4,4,4,4,4,4,4,4,4,4,4,4,4,4,4,4,4,4,4,4,4,4,4,4,4,4,4,4,4,4,4,4,4,4,4,4,4,4,4,4,4,4,4,4,4,4,4,4,4,4,4,4,4,4,4,4,4,4,4,4,4,4,4,4,4,4,4,4,4,4,4,4,4,4,4,4,4,4,4,4,4,4,4,4,4,4,4,4,4,4,4,4,4,4,4,4,4,4,4,4,4,4,4,4,4,4,ACCI02000081.1/211559-211407,1
1608,0,2,3,2,2,1,3,1,0,3,3,1,4,0,1,1,4,2,0,4,1,3,3,0,3,2,3,1,4,0,2,1,4,4,4,4,1,1,1,3,3,4,1,2,2,4,4,4,4,4,4,2,0,1,2,3,4,4,4,4,4,4,4,4,4,4,4,4,4,4,4,4,4,4,4,4,4,4,4,4,4,2,1,3,0,1,0,3,0,0,0,0,3,4,3,4,1,2,0,4,0,3,2,0,1,2,1,0,4,4,4,4,1,0,0,4,4,4,4,4,4,4,1,0,0,2,2,3,2,1,1,3,2,1,1,2,3,1,1,0,0,1,3,3,4,4,1,3,2,0,3,0,3,1,0,4,4,4,4,4,4,4,4,2,1,2,3,0,4,4,4,4,2,1,3,4,4,4,4,4,4,4,4,4,4,4,4,4,4,4,4,4,4,4,4,4,4,4,4,4,4,4,4,4,4,4,4,4,0,4,4,3,0,3,1,0,4,0,1,1,0,3,4,4,1,4,4,4,2,2,2,1,2,0,0,0,1,2,3,1,2,0,4,4,4,4,4,2,3,3,0,2,2,1,0,1,1,2,1,1,3,3,4,4,4,4,4,4,4,4,4,4,4,4,4,4,4,4,4,4,4,4,4,4,4,4,4,4,4,4,4,4,4,4,4,4,4,4,4,4,4,4,4,4,4,4,4,4,4,4,4,4,4,4,4,4,4,4,4,4,4,4,4,4,4,4,4,4,4,4,4,4,4,4,4,4,4,4,4,4,4,4,4,4,4,4,4,4,4,4,4,4,4,4,4,4,4,4,4,4,4,4,4,4,4,4,4,4,4,4,4,4,4,4,4,4,4,4,4,4,4,4,4,4,4,4,4,4,4,4,4,4,4,4,4,4,4,4,4,4,4,4,4,4,4,4,4,4,4,4,4,4,4,4,4,4,4,4,4,4,4,4,4,4,4,4,4,4,4,4,4,4,4,4,4,4,4,4,4,4,4,4,4,4,4,4,4,4,4,4,4,4,4,4,4,4,4,ABHR01000031.1/29597-29744,1
1609,0,2,3,2,2,1,3,1,0,3,3,1,4,0,1,1,4,2,0,4,1,3,3,0,3,2,3,1,4,0,2,1,4,4,4,4,1,1,1,3,3,4,1,2,2,4,4,4,4,4,4,2,0,1,2,3,4,4,4,4,4,4,4,4,4,4,4,4,4,4,4,4,4,4,4,4,4,4,4,4,4,2,1,3,0,1,0,3,0,0,0,0,3,4,3,4,1,2,0,4,0,3,2,0,1,2,1,0,4,4,4,4,1,0,0,4,4,4,4,4,4,4,1,0,0,2,2,3,2,1,1,3,2,1,1,2,3,1,1,0,0,1,3,3,4,4,1,3,2,0,3,0,3,1,0,4,4,4,4,4,4,4,4,2,1,2,3,0,4,4,4,4,2,1,3,4,4,4,4,4,4,4,4,4,4,4,4,4,4,4,4,4,4,4,4,4,4,4,4,4,4,4,4,4,4,4,4,4,0,4,4,3,0,3,1,0,4,0,1,1,0,3,4,4,1,4,4,4,2,2,2,1,2,0,0,0,1,2,3,1,2,0,4,4,4,4,4,2,3,3,0,2,2,1,0,1,1,2,1,1,3,3,4,4,4,4,4,4,4,4,4,4,4,4,4,4,4,4,4,4,4,4,4,4,4,4,4,4,4,4,4,4,4,4,4,4,4,4,4,4,4,4,4,4,4,4,4,4,4,4,4,4,4,4,4,4,4,4,4,4,4,4,4,4,4,4,4,4,4,4,4,4,4,4,4,4,4,4,4,4,4,4,4,4,4,4,4,4,4,4,4,4,4,4,4,4,4,4,4,4,4,4,4,4,4,4,4,4,4,4,4,4,4,4,4,4,4,4,4,4,4,4,4,4,4,4,4,4,4,4,4,4,4,4,4,4,4,4,4,4,4,4,4,4,4,4,4,4,4,4,4,4,4,4,4,4,4,4,4,4,4,4,4,4,4,4,4,4,4,4,4,4,4,4,4,4,4,4,4,4,4,4,4,4,4,4,4,4,4,4,4,4,4,4,4,4,4,ADTY01000372.1/34522-34669,1
1610,0,2,0,3,2,1,3,1,0,3,3,1,4,1,0,3,4,1,3,4,1,3,3,0,3,2,3,3,4,1,2,1,1,3,4,4,4,4,4,4,4,4,4,4,4,4,4,4,4,4,4,4,4,4,4,4,3,0,4,4,4,4,4,4,4,4,4,4,4,4,4,4,4,4,4,4,4,4,4,2,3,2,1,1,3,1,0,3,0,0,0,1,3,1,1,4,2,2,0,4,0,3,2,0,1,2,1,0,4,4,4,4,2,0,2,1,1,2,4,4,3,3,3,0,1,2,2,3,2,1,3,3,0,3,1,2,3,1,1,4,0,1,3,2,0,4,1,0,2,0,3,2,3,1,4,4,4,4,4,4,4,4,4,2,1,3,3,0,3,4,4,4,2,1,1,4,4,4,4,4,4,4,4,4,4,4,4,4,4,4,4,4,4,4,4,4,4,4,4,4,4,4,4,4,4,4,4,4,3,4,4,1,0,3,1,0,4,2,0,1,0,1,4,4,1,0,4,3,2,2,0,1,0,1,0,0,1,2,3,3,2,0,4,4,4,4,4,2,3,2,0,0,2,1,0,1,1,1,0,1,3,3,4,4,4,4,4,4,4,4,4,4,4,4,4,4,4,4,4,4,4,4,4,4,4,4,4,4,4,4,4,4,4,4,4,4,4,4,4,4,4,4,4,4,4,4,4,4,4,4,4,4,4,4,4,4,4,4,4,4,4,4,4,4,4,4,4,4,4,4,4,4,4,4,4,4,4,4,4,4,4,4,4,4,4,4,4,4,4,4,4,4,4,4,4,4,4,4,4,4,4,4,4,4,4,4,4,4,4,4,4,4,4,4,4,4,4,4,4,4,4,4,4,4,4,4,4,4,4,4,4,4,4,4,4,4,4,4,4,4,4,4,4,4,4,4,4,4,4,4,4,4,4,4,4,4,4,4,4,4,4,4,4,4,4,4,4,4,4,4,4,4,4,4,4,4,4,4,4,4,4,4,4,4,4,4,4,4,4,4,4,4,4,4,4,4,4,ACID01000070.1/39493-39641,1
1611,0,2,3,2,2,1,3,1,0,3,3,1,4,0,1,1,4,2,0,4,1,3,3,0,3,2,3,1,4,0,2,1,4,4,4,4,1,1,1,3,3,4,1,2,2,4,4,4,4,4,4,2,0,1,2,3,4,4,4,4,4,4,4,4,4,4,4,4,4,4,4,4,4,4,4,4,4,4,4,4,4,2,1,3,0,1,0,3,0,0,0,0,3,4,3,4,1,2,0,4,0,3,2,0,1,2,1,0,4,4,4,4,1,0,0,4,4,4,4,4,4,4,1,0,0,2,2,3,2,1,1,3,2,1,1,2,3,1,1,0,0,1,3,3,4,4,1,3,2,0,3,0,3,1,0,4,4,4,4,4,4,4,4,2,1,2,3,0,4,4,4,4,2,1,3,4,4,4,4,4,4,4,4,4,4,4,4,4,4,4,4,4,4,4,4,4,4,4,4,4,4,4,4,4,4,4,4,4,0,4,4,3,0,3,1,0,4,0,1,1,0,3,4,4,1,4,4,4,2,2,2,1,2,0,0,0,1,2,3,1,2,0,4,4,4,4,4,2,3,3,0,2,2,1,0,1,1,2,1,1,3,3,4,4,4,4,4,4,4,4,4,4,4,4,4,4,4,4,4,4,4,4,4,4,4,4,4,4,4,4,4,4,4,4,4,4,4,4,4,4,4,4,4,4,4,4,4,4,4,4,4,4,4,4,4,4,4,4,4,4,4,4,4,4,4,4,4,4,4,4,4,4,4,4,4,4,4,4,4,4,4,4,4,4,4,4,4,4,4,4,4,4,4,4,4,4,4,4,4,4,4,4,4,4,4,4,4,4,4,4,4,4,4,4,4,4,4,4,4,4,4,4,4,4,4,4,4,4,4,4,4,4,4,4,4,4,4,4,4,4,4,4,4,4,4,4,4,4,4,4,4,4,4,4,4,4,4,4,4,4,4,4,4,4,4,4,4,4,4,4,4,4,4,4,4,4,4,4,4,4,4,4,4,4,4,4,4,4,4,4,4,4,4,4,4,4,4,AEZX01000059.1/74538-74685,1
1612,0,2,0,3,2,1,3,1,0,3,3,1,4,1,0,3,4,1,3,4,1,3,3,0,3,2,3,3,4,1,2,1,1,3,3,4,1,4,4,4,4,4,4,4,4,4,4,4,4,4,4,4,4,4,4,4,3,4,4,4,4,4,4,4,4,4,4,4,4,4,4,4,4,4,4,4,4,4,4,4,2,2,1,1,3,1,0,3,0,0,0,1,3,1,0,4,2,2,0,4,0,3,2,0,3,2,1,0,4,4,4,4,2,0,2,1,1,2,4,4,3,3,3,0,1,2,2,3,2,1,3,3,0,3,1,2,3,1,1,4,0,1,3,2,0,4,1,0,2,0,3,2,3,1,4,4,4,4,4,4,4,4,4,2,1,3,3,0,1,4,4,4,2,1,1,4,4,4,4,4,4,4,4,4,4,4,4,4,4,4,4,4,4,4,4,4,4,4,4,4,4,4,4,4,4,4,4,4,3,4,4,1,0,3,1,0,4,0,0,1,0,1,4,4,1,1,4,3,2,2,0,1,0,1,0,0,1,2,3,3,2,0,4,4,4,4,4,2,3,2,0,0,2,1,0,1,1,1,1,3,3,3,4,4,4,4,4,4,4,4,4,4,4,4,4,4,4,4,4,4,4,4,4,4,4,4,4,4,4,4,4,4,4,4,4,4,4,4,4,4,4,4,4,4,4,4,4,4,4,4,4,4,4,4,4,4,4,4,4,4,4,4,4,4,4,4,4,4,4,4,4,4,4,4,4,4,4,4,4,4,4,4,4,4,4,4,4,4,4,4,4,4,4,4,4,4,4,4,4,4,4,4,4,4,4,4,4,4,4,4,4,4,4,4,4,4,4,4,4,4,4,4,4,4,4,4,4,4,4,4,4,4,4,4,4,4,4,4,4,4,4,4,4,4,4,4,4,4,4,4,4,4,4,4,4,4,4,4,4,4,4,4,4,4,4,4,4,4,4,4,4,4,4,4,4,4,4,4,4,4,4,4,4,4,4,4,4,4,4,4,4,4,4,4,4,4,4,AE014613.1/3464981-3464833,1
1613,3,2,3,3,2,1,3,1,0,3,3,1,4,0,3,1,4,3,2,4,3,3,3,0,3,2,0,3,4,3,2,1,1,0,1,4,1,1,1,0,1,4,0,2,1,2,2,4,4,4,4,2,1,0,2,0,4,4,4,4,4,4,4,4,4,4,4,4,4,4,4,4,4,4,4,4,4,4,4,4,4,2,1,4,3,1,0,3,0,0,0,0,3,4,1,4,1,2,0,4,0,3,2,0,1,2,1,0,4,4,4,4,1,1,0,4,4,4,4,4,4,4,0,0,1,2,2,0,2,1,1,3,2,3,1,2,3,1,1,0,1,1,1,0,0,4,1,1,2,0,3,0,0,3,1,2,3,0,3,4,4,2,3,4,3,1,3,2,1,4,4,0,3,1,2,4,4,4,4,4,4,4,4,4,4,4,4,4,4,4,4,4,4,4,4,4,4,4,4,4,4,4,4,4,4,4,4,4,3,4,4,3,0,3,1,0,4,0,2,1,0,3,4,4,1,4,4,4,2,2,0,1,2,1,0,0,1,2,3,3,2,0,4,4,4,4,4,2,3,3,0,2,2,1,3,1,1,0,1,1,1,0,4,4,4,4,4,4,4,4,4,4,4,4,4,4,4,4,4,4,4,4,4,4,4,4,4,4,4,4,4,4,4,4,4,4,4,4,4,4,4,4,4,4,4,4,4,4,4,4,4,4,4,4,4,4,4,4,4,4,4,4,4,4,4,4,4,4,4,4,4,4,4,4,4,4,4,4,4,4,4,4,4,4,4,4,4,4,4,4,4,4,4,4,4,4,4,4,4,4,4,4,4,4,4,4,4,4,4,4,4,4,4,4,4,4,4,4,4,4,4,4,4,4,4,4,4,4,4,4,4,4,4,4,4,4,4,4,4,4,4,4,4,4,4,4,4,4,4,4,4,4,4,4,4,4,4,4,4,4,4,4,4,4,4,4,4,4,4,4,4,4,4,4,4,4,4,4,4,4,4,4,4,4,4,4,4,4,4,4,4,4,4,4,4,4,4,CP001875.2/3245281-3245122,1
1614,0,2,3,2,2,1,3,1,0,3,3,1,4,0,1,1,4,3,3,4,1,3,3,0,3,2,3,1,4,0,2,1,4,4,4,4,1,1,1,3,3,4,0,2,2,4,4,4,4,4,4,2,0,1,2,1,4,4,4,4,4,4,4,4,4,4,4,4,4,4,4,4,4,4,4,4,4,4,4,4,4,2,1,3,0,1,0,3,0,0,0,1,3,4,3,4,1,2,0,4,0,3,2,0,1,2,1,0,4,4,4,4,1,0,0,4,4,4,4,4,4,4,1,0,0,2,2,3,2,1,1,3,2,1,1,2,3,1,1,0,0,1,3,3,4,4,1,3,2,0,3,0,0,3,0,4,4,4,4,4,4,4,4,2,1,2,3,0,4,4,4,4,2,1,3,4,4,4,4,4,4,4,4,4,4,4,4,4,4,4,4,4,4,4,4,4,4,4,4,4,4,4,4,4,4,4,4,4,3,4,4,3,0,3,1,0,4,0,1,1,3,1,4,4,1,4,4,4,2,2,2,1,2,0,0,0,1,2,3,1,2,0,4,4,4,4,4,2,3,3,0,2,2,1,0,1,1,2,1,1,3,3,4,4,4,4,4,4,4,4,4,4,4,4,4,4,4,4,4,4,4,4,4,4,4,4,4,4,4,4,4,4,4,4,4,4,4,4,4,4,4,4,4,4,4,4,4,4,4,4,4,4,4,4,4,4,4,4,4,4,4,4,4,4,4,4,4,4,4,4,4,4,4,4,4,4,4,4,4,4,4,4,4,4,4,4,4,4,4,4,4,4,4,4,4,4,4,4,4,4,4,4,4,4,4,4,4,4,4,4,4,4,4,4,4,4,4,4,4,4,4,4,4,4,4,4,4,4,4,4,4,4,4,4,4,4,4,4,4,4,4,4,4,4,4,4,4,4,4,4,4,4,4,4,4,4,4,4,4,4,4,4,4,4,4,4,4,4,4,4,4,4,4,4,4,4,4,4,4,4,4,4,4,4,4,4,4,4,4,4,4,4,4,4,4,4,4,AESK01000010.1/40321-40468,1
1615,0,2,0,3,2,1,3,1,0,3,3,1,4,1,0,3,4,1,3,4,1,3,3,0,3,2,3,3,4,1,2,1,1,3,4,4,4,4,4,4,4,4,4,4,4,4,4,4,4,4,4,4,4,4,4,4,3,0,4,4,4,4,4,4,4,4,4,4,4,4,4,4,4,4,4,4,4,4,4,2,3,2,1,1,3,1,0,3,0,0,0,1,3,1,1,4,2,2,0,4,0,3,2,0,1,2,1,0,4,4,4,4,2,0,2,1,1,2,4,4,3,3,3,0,1,2,2,3,2,1,3,3,0,3,1,2,3,1,1,4,0,1,3,2,0,4,1,0,2,0,3,2,3,1,4,4,4,4,4,4,4,4,4,2,1,3,3,1,3,4,4,4,2,1,1,4,4,4,4,4,4,4,4,4,4,4,4,4,4,4,4,4,4,4,4,4,4,4,4,4,4,4,4,4,4,4,4,4,3,4,4,1,0,3,1,0,4,2,0,1,0,1,4,4,1,0,4,3,2,2,0,1,0,1,0,0,1,2,3,3,2,0,4,4,4,4,4,2,3,2,0,0,2,1,0,1,1,1,0,1,3,3,4,4,4,4,4,4,4,4,4,4,4,4,4,4,4,4,4,4,4,4,4,4,4,4,4,4,4,4,4,4,4,4,4,4,4,4,4,4,4,4,4,4,4,4,4,4,4,4,4,4,4,4,4,4,4,4,4,4,4,4,4,4,4,4,4,4,4,4,4,4,4,4,4,4,4,4,4,4,4,4,4,4,4,4,4,4,4,4,4,4,4,4,4,4,4,4,4,4,4,4,4,4,4,4,4,4,4,4,4,4,4,4,4,4,4,4,4,4,4,4,4,4,4,4,4,4,4,4,4,4,4,4,4,4,4,4,4,4,4,4,4,4,4,4,4,4,4,4,4,4,4,4,4,4,4,4,4,4,4,4,4,4,4,4,4,4,4,4,4,4,4,4,4,4,4,4,4,4,4,4,4,4,4,4,4,4,4,4,4,4,4,4,4,4,4,CAFL01000115.1/38675-38823,1
1616,0,2,3,2,2,1,3,1,0,3,3,1,4,0,1,1,4,2,0,4,1,3,3,0,3,2,3,1,4,0,2,1,4,4,4,4,1,1,1,3,3,4,1,2,2,4,4,4,4,4,4,2,0,1,2,3,4,4,4,4,4,4,4,4,4,4,4,4,4,4,4,4,4,4,4,4,4,4,4,4,4,2,1,3,0,1,0,3,0,0,0,0,3,4,3,4,1,2,0,4,0,3,2,0,1,2,1,0,4,4,4,4,1,0,0,4,4,4,4,4,4,4,1,0,0,2,2,3,2,1,1,3,2,1,1,2,3,1,1,0,0,1,3,3,4,4,1,3,2,0,3,0,3,1,0,4,4,4,4,4,4,4,4,2,1,2,3,0,4,4,4,4,2,1,3,4,4,4,4,4,4,4,4,4,4,4,4,4,4,4,4,4,4,4,4,4,4,4,4,4,4,4,4,4,4,4,4,4,0,4,4,3,0,3,1,0,4,0,1,1,0,3,4,4,1,4,4,4,2,2,2,1,2,0,0,0,1,2,3,1,2,0,4,4,4,4,4,2,3,3,0,2,2,1,0,1,1,2,1,1,3,3,4,4,4,4,4,4,4,4,4,4,4,4,4,4,4,4,4,4,4,4,4,4,4,4,4,4,4,4,4,4,4,4,4,4,4,4,4,4,4,4,4,4,4,4,4,4,4,4,4,4,4,4,4,4,4,4,4,4,4,4,4,4,4,4,4,4,4,4,4,4,4,4,4,4,4,4,4,4,4,4,4,4,4,4,4,4,4,4,4,4,4,4,4,4,4,4,4,4,4,4,4,4,4,4,4,4,4,4,4,4,4,4,4,4,4,4,4,4,4,4,4,4,4,4,4,4,4,4,4,4,4,4,4,4,4,4,4,4,4,4,4,4,4,4,4,4,4,4,4,4,4,4,4,4,4,4,4,4,4,4,4,4,4,4,4,4,4,4,4,4,4,4,4,4,4,4,4,4,4,4,4,4,4,4,4,4,4,4,4,4,4,4,4,4,4,CP001969.1/2988020-2987873,1
1617,0,2,0,3,2,1,3,1,0,3,3,1,4,3,0,3,4,1,3,4,1,3,3,0,3,2,3,3,4,1,2,1,1,3,4,4,4,4,4,4,4,4,4,4,4,4,4,4,4,4,4,4,4,4,4,4,3,0,4,4,4,4,4,4,4,4,4,4,4,4,4,4,4,4,4,4,4,4,4,2,3,2,1,1,3,1,0,3,0,0,0,1,3,1,1,4,2,2,0,4,0,3,2,0,1,2,1,0,4,4,4,4,2,0,2,1,1,2,4,4,3,3,3,0,1,2,2,3,2,1,3,3,0,3,1,2,3,1,1,4,0,1,3,2,0,4,1,0,2,0,3,2,3,1,4,4,4,4,4,4,4,4,4,2,1,3,3,0,3,4,4,4,2,1,1,4,4,4,4,4,4,4,4,4,4,4,4,4,4,4,4,4,4,4,4,4,4,4,4,4,4,4,4,4,4,4,4,4,3,4,4,1,0,3,1,0,4,2,0,1,0,1,4,4,1,0,4,3,2,2,0,1,0,1,0,0,1,2,3,3,2,0,4,4,4,4,4,2,3,2,0,0,2,1,0,1,1,1,0,1,3,3,4,4,4,4,4,4,4,4,4,4,4,4,4,4,4,4,4,4,4,4,4,4,4,4,4,4,4,4,4,4,4,4,4,4,4,4,4,4,4,4,4,4,4,4,4,4,4,4,4,4,4,4,4,4,4,4,4,4,4,4,4,4,4,4,4,4,4,4,4,4,4,4,4,4,4,4,4,4,4,4,4,4,4,4,4,4,4,4,4,4,4,4,4,4,4,4,4,4,4,4,4,4,4,4,4,4,4,4,4,4,4,4,4,4,4,4,4,4,4,4,4,4,4,4,4,4,4,4,4,4,4,4,4,4,4,4,4,4,4,4,4,4,4,4,4,4,4,4,4,4,4,4,4,4,4,4,4,4,4,4,4,4,4,4,4,4,4,4,4,4,4,4,4,4,4,4,4,4,4,4,4,4,4,4,4,4,4,4,4,4,4,4,4,4,4,AM946981.2/3876674-3876822,1
1618,0,2,3,3,2,1,3,1,0,3,3,1,4,0,1,1,4,3,3,4,3,3,3,0,3,2,0,3,4,0,2,1,1,1,1,2,1,0,0,3,3,4,0,0,2,1,2,2,0,3,4,2,0,3,2,1,4,4,4,4,4,4,4,4,4,4,4,4,4,4,4,4,4,4,4,4,4,4,4,4,4,2,1,3,3,1,0,3,0,0,2,1,1,3,1,4,1,2,0,4,0,3,2,0,3,2,1,1,4,4,4,4,3,0,0,2,4,4,4,4,4,4,0,1,3,2,2,3,2,1,1,3,0,3,1,2,3,1,1,0,1,1,3,0,0,0,1,1,2,0,1,0,3,3,2,3,2,3,4,4,4,4,4,2,0,0,0,2,1,4,4,4,0,1,0,4,4,4,4,4,4,4,4,4,4,4,4,4,4,4,4,4,4,4,4,4,4,4,4,4,4,4,4,4,4,4,4,4,3,4,4,3,0,3,1,0,4,0,0,1,0,3,4,4,1,4,4,4,2,2,0,1,2,0,1,0,1,2,3,3,2,0,4,4,4,4,4,2,3,2,0,2,2,1,0,1,1,2,1,1,3,0,4,4,4,4,4,4,4,4,4,4,4,4,4,4,4,4,4,4,4,4,4,4,4,4,4,4,4,4,4,4,4,4,4,4,4,4,4,4,4,4,4,4,4,4,4,4,4,4,4,4,4,4,4,4,4,4,4,4,4,4,4,4,4,4,4,4,4,4,4,4,4,4,4,4,4,4,4,4,4,4,4,4,4,4,4,4,4,4,4,4,4,4,4,4,4,4,4,4,4,4,4,4,4,4,4,4,4,4,4,4,4,4,4,4,4,4,4,4,4,4,4,4,4,4,4,4,4,4,4,4,4,4,4,4,4,4,4,4,4,4,4,4,4,4,4,4,4,4,4,4,4,4,4,4,4,4,4,4,4,4,4,4,4,4,4,4,4,4,4,4,4,4,4,4,4,4,4,4,4,4,4,4,4,4,4,4,4,4,4,4,4,4,4,4,4,CP001589.1/3045322-3045486,1
1619,0,2,3,2,2,1,3,1,0,3,3,1,4,0,1,1,4,2,0,4,1,3,3,0,3,2,3,1,4,0,2,1,4,4,4,4,1,1,1,3,3,4,1,2,2,4,4,4,4,4,4,2,0,1,2,3,4,4,4,4,4,4,4,4,4,4,4,4,4,4,4,4,4,4,4,4,4,4,4,4,4,2,1,3,0,1,0,3,0,0,0,0,3,4,3,4,1,2,0,4,0,3,2,0,1,2,1,0,4,4,4,4,1,0,0,4,4,4,4,4,4,4,1,0,0,2,2,3,2,1,1,3,2,1,1,2,3,1,1,0,0,1,3,3,4,4,1,3,2,0,3,0,3,1,0,4,4,4,4,4,4,4,4,2,1,2,3,0,4,4,4,4,2,1,3,4,4,4,4,4,4,4,4,4,4,4,4,4,4,4,4,4,4,4,4,4,4,4,4,4,4,4,4,4,4,4,4,4,0,4,4,3,0,3,1,0,4,0,1,1,0,3,4,4,1,4,4,4,2,2,2,1,2,0,0,0,1,2,3,1,2,0,4,4,4,4,4,2,3,3,0,2,2,1,0,1,1,2,1,1,3,3,4,4,4,4,4,4,4,4,4,4,4,4,4,4,4,4,4,4,4,4,4,4,4,4,4,4,4,4,4,4,4,4,4,4,4,4,4,4,4,4,4,4,4,4,4,4,4,4,4,4,4,4,4,4,4,4,4,4,4,4,4,4,4,4,4,4,4,4,4,4,4,4,4,4,4,4,4,4,4,4,4,4,4,4,4,4,4,4,4,4,4,4,4,4,4,4,4,4,4,4,4,4,4,4,4,4,4,4,4,4,4,4,4,4,4,4,4,4,4,4,4,4,4,4,4,4,4,4,4,4,4,4,4,4,4,4,4,4,4,4,4,4,4,4,4,4,4,4,4,4,4,4,4,4,4,4,4,4,4,4,4,4,4,4,4,4,4,4,4,4,4,4,4,4,4,4,4,4,4,4,4,4,4,4,4,4,4,4,4,4,4,4,4,4,4,ABJT01000008.1/153539-153392,1
1620,0,2,0,3,2,1,3,1,0,3,3,1,4,1,0,3,4,1,3,4,1,3,3,0,3,2,3,3,4,1,2,1,1,3,4,4,4,4,4,4,4,4,4,4,4,4,4,4,4,4,4,4,4,4,4,4,3,0,4,4,4,4,4,4,4,4,4,4,4,4,4,4,4,4,4,4,4,4,4,2,3,2,1,1,3,1,0,3,0,0,0,1,3,1,1,4,2,2,0,4,0,3,2,0,1,2,1,0,4,4,4,4,2,0,2,1,1,2,4,4,3,3,3,0,1,2,2,3,2,1,3,3,0,3,1,2,3,1,1,4,0,1,3,2,0,4,1,0,2,0,3,2,3,1,4,4,4,4,4,4,4,4,4,2,1,3,3,0,3,4,4,4,2,1,1,4,4,4,4,4,4,4,4,4,4,4,4,4,4,4,4,4,4,4,4,4,4,4,4,4,4,4,4,4,4,4,4,4,3,4,4,1,0,3,1,0,4,2,0,1,0,1,4,4,1,0,4,3,2,2,0,1,0,1,0,0,1,2,3,3,2,0,4,4,4,4,4,2,3,2,0,0,2,1,0,1,1,1,0,1,3,3,4,4,4,4,4,4,4,4,4,4,4,4,4,4,4,4,4,4,4,4,4,4,4,4,4,4,4,4,4,4,4,4,4,4,4,4,4,4,4,4,4,4,4,4,4,4,4,4,4,4,4,4,4,4,4,4,4,4,4,4,4,4,4,4,4,4,4,4,4,4,4,4,4,4,4,4,4,4,4,4,4,4,4,4,4,4,4,4,4,4,4,4,4,4,4,4,4,4,4,4,4,4,4,4,4,4,4,4,4,4,4,4,4,4,4,4,4,4,4,4,4,4,4,4,4,4,4,4,4,4,4,4,4,4,4,4,4,4,4,4,4,4,4,4,4,4,4,4,4,4,4,4,4,4,4,4,4,4,4,4,4,4,4,4,4,4,4,4,4,4,4,4,4,4,4,4,4,4,4,4,4,4,4,4,4,4,4,4,4,4,4,4,4,4,4,AEFE01000042.1/40972-41120,1
1621,0,2,3,2,2,1,3,1,0,3,3,1,4,0,1,1,4,3,3,4,1,3,3,0,3,2,3,1,4,0,2,1,4,4,4,4,1,1,1,3,3,4,0,2,2,4,4,4,4,4,4,2,0,1,2,1,4,4,4,4,4,4,4,4,4,4,4,4,4,4,4,4,4,4,4,4,4,4,4,4,4,2,1,3,0,1,0,3,0,0,0,1,3,4,3,4,1,2,0,4,0,3,2,0,1,2,1,0,4,4,4,4,1,0,0,4,4,4,4,4,4,4,1,0,0,2,2,3,2,1,1,3,2,1,1,2,3,1,1,0,0,1,3,3,4,4,1,3,2,0,3,0,0,3,0,4,4,4,4,4,4,4,4,2,1,2,3,0,4,4,4,4,2,1,3,4,4,4,4,4,4,4,4,4,4,4,4,4,4,4,4,4,4,4,4,4,4,4,4,4,4,4,4,4,4,4,4,4,3,4,4,3,0,3,1,0,4,0,1,1,3,1,4,4,1,4,4,4,2,2,2,1,2,0,0,0,1,2,3,1,2,0,4,4,4,4,4,2,3,3,0,2,2,1,0,1,1,2,1,1,3,3,4,4,4,4,4,4,4,4,4,4,4,4,4,4,4,4,4,4,4,4,4,4,4,4,4,4,4,4,4,4,4,4,4,4,4,4,4,4,4,4,4,4,4,4,4,4,4,4,4,4,4,4,4,4,4,4,4,4,4,4,4,4,4,4,4,4,4,4,4,4,4,4,4,4,4,4,4,4,4,4,4,4,4,4,4,4,4,4,4,4,4,4,4,4,4,4,4,4,4,4,4,4,4,4,4,4,4,4,4,4,4,4,4,4,4,4,4,4,4,4,4,4,4,4,4,4,4,4,4,4,4,4,4,4,4,4,4,4,4,4,4,4,4,4,4,4,4,4,4,4,4,4,4,4,4,4,4,4,4,4,4,4,4,4,4,4,4,4,4,4,4,4,4,4,4,4,4,4,4,4,4,4,4,4,4,4,4,4,4,4,4,4,4,4,4,AEUK01000021.1/360921-360774,1
1622,0,2,3,2,2,1,3,1,0,3,3,1,4,0,1,1,4,3,3,4,1,3,3,0,3,2,3,1,4,0,2,1,4,4,4,4,1,1,1,3,3,4,1,2,2,4,4,4,4,4,4,2,0,0,2,1,4,4,4,4,4,4,4,4,4,4,4,4,4,4,4,4,4,4,4,4,4,4,4,4,4,2,1,3,0,1,0,3,0,0,0,1,3,4,3,4,1,2,0,4,0,3,2,0,1,2,1,0,4,4,4,4,1,0,0,4,4,4,4,4,4,4,1,0,0,2,2,3,2,1,1,3,2,1,1,2,3,1,1,0,0,1,3,3,4,4,1,3,2,0,3,0,0,3,0,4,4,4,4,4,4,4,4,2,1,2,3,1,4,4,4,4,2,1,3,4,4,4,4,4,4,4,4,4,4,4,4,4,4,4,4,4,4,4,4,4,4,4,4,4,4,4,4,4,4,4,4,4,3,4,4,3,0,3,1,0,4,0,1,1,0,1,4,4,1,4,4,4,2,2,2,1,2,0,0,0,1,2,3,1,2,0,4,4,4,4,4,2,3,3,0,2,2,1,0,1,1,2,1,1,3,3,4,4,4,4,4,4,4,4,4,4,4,4,4,4,4,4,4,4,4,4,4,4,4,4,4,4,4,4,4,4,4,4,4,4,4,4,4,4,4,4,4,4,4,4,4,4,4,4,4,4,4,4,4,4,4,4,4,4,4,4,4,4,4,4,4,4,4,4,4,4,4,4,4,4,4,4,4,4,4,4,4,4,4,4,4,4,4,4,4,4,4,4,4,4,4,4,4,4,4,4,4,4,4,4,4,4,4,4,4,4,4,4,4,4,4,4,4,4,4,4,4,4,4,4,4,4,4,4,4,4,4,4,4,4,4,4,4,4,4,4,4,4,4,4,4,4,4,4,4,4,4,4,4,4,4,4,4,4,4,4,4,4,4,4,4,4,4,4,4,4,4,4,4,4,4,4,4,4,4,4,4,4,4,4,4,4,4,4,4,4,4,4,4,4,4,CP000822.1/222308-222455,1
1623,0,2,0,3,2,1,3,1,0,3,3,1,4,3,0,3,4,1,3,4,1,3,3,0,3,2,3,3,4,1,2,1,1,3,4,4,4,4,4,4,4,4,4,4,4,4,4,4,4,4,4,4,4,4,4,4,3,0,4,4,4,4,4,4,4,4,4,4,4,4,4,4,4,4,4,4,4,4,4,2,3,2,1,1,3,1,0,3,0,0,0,1,3,1,1,4,2,2,0,4,0,3,2,0,1,2,1,0,4,4,4,4,2,0,2,1,1,2,4,4,3,3,3,0,1,2,2,3,2,1,3,3,0,3,1,2,3,1,1,4,0,1,3,2,0,4,1,0,2,0,3,2,3,1,4,4,4,4,4,4,4,4,4,2,1,3,3,0,3,4,4,4,2,1,1,4,4,4,4,4,4,4,4,4,4,4,4,4,4,4,4,4,4,4,4,4,4,4,4,4,4,4,4,4,4,4,4,4,3,4,4,1,0,3,1,0,4,2,0,1,0,1,4,4,1,0,4,3,2,2,0,1,0,1,0,0,1,2,3,3,2,0,4,4,4,4,4,2,3,2,0,0,2,1,0,1,1,1,0,1,3,3,4,4,4,4,4,4,4,4,4,4,4,4,4,4,4,4,4,4,4,4,4,4,4,4,4,4,4,4,4,4,4,4,4,4,4,4,4,4,4,4,4,4,4,4,4,4,4,4,4,4,4,4,4,4,4,4,4,4,4,4,4,4,4,4,4,4,4,4,4,4,4,4,4,4,4,4,4,4,4,4,4,4,4,4,4,4,4,4,4,4,4,4,4,4,4,4,4,4,4,4,4,4,4,4,4,4,4,4,4,4,4,4,4,4,4,4,4,4,4,4,4,4,4,4,4,4,4,4,4,4,4,4,4,4,4,4,4,4,4,4,4,4,4,4,4,4,4,4,4,4,4,4,4,4,4,4,4,4,4,4,4,4,4,4,4,4,4,4,4,4,4,4,4,4,4,4,4,4,4,4,4,4,4,4,4,4,4,4,4,4,4,4,4,4,4,CP003034.1/4532725-4532873,1
1624,0,2,0,3,2,1,3,1,0,3,3,1,4,1,0,3,4,1,3,4,1,3,3,0,3,2,3,3,4,1,2,1,1,3,3,4,1,4,4,4,4,4,4,4,4,4,4,4,4,4,4,4,4,4,4,4,3,4,4,4,4,4,4,4,4,4,4,4,4,4,4,4,4,4,4,4,4,4,4,4,2,2,1,1,3,1,0,3,0,0,0,1,3,1,0,4,2,2,0,4,0,3,2,0,3,2,1,0,4,4,4,4,2,0,2,1,1,2,4,4,3,3,3,0,1,2,2,3,2,1,3,3,0,3,1,2,3,1,1,4,0,1,3,2,0,4,1,0,2,0,3,2,3,1,4,4,4,4,4,4,4,4,4,2,1,3,3,0,1,4,4,4,2,1,1,4,4,4,4,4,4,4,4,4,4,4,4,4,4,4,4,4,4,4,4,4,4,4,4,4,4,4,4,4,4,4,4,4,3,4,4,1,0,3,1,0,4,0,0,1,0,1,4,4,1,1,4,3,2,2,0,1,0,1,0,0,1,2,3,3,2,0,4,4,4,4,4,2,3,2,0,0,2,1,0,1,1,1,1,3,3,3,4,4,4,4,4,4,4,4,4,4,4,4,4,4,4,4,4,4,4,4,4,4,4,4,4,4,4,4,4,4,4,4,4,4,4,4,4,4,4,4,4,4,4,4,4,4,4,4,4,4,4,4,4,4,4,4,4,4,4,4,4,4,4,4,4,4,4,4,4,4,4,4,4,4,4,4,4,4,4,4,4,4,4,4,4,4,4,4,4,4,4,4,4,4,4,4,4,4,4,4,4,4,4,4,4,4,4,4,4,4,4,4,4,4,4,4,4,4,4,4,4,4,4,4,4,4,4,4,4,4,4,4,4,4,4,4,4,4,4,4,4,4,4,4,4,4,4,4,4,4,4,4,4,4,4,4,4,4,4,4,4,4,4,4,4,4,4,4,4,4,4,4,4,4,4,4,4,4,4,4,4,4,4,4,4,4,4,4,4,4,4,4,4,4,4,AETE01000025.1/53203-53055,1
1625,0,2,0,3,2,1,3,1,0,3,3,1,4,1,0,3,4,1,3,4,1,3,3,0,3,2,3,3,4,1,2,1,1,3,4,4,4,4,4,4,4,4,4,4,4,4,4,4,4,4,4,4,4,4,4,4,3,0,4,4,4,4,4,4,4,4,4,4,4,4,4,4,4,4,4,4,4,4,4,2,3,2,1,1,3,1,0,3,0,0,0,1,3,1,1,4,2,2,0,4,0,3,2,0,1,2,1,0,4,4,4,4,2,0,2,1,1,2,4,4,3,3,3,0,1,2,2,3,2,1,3,3,0,3,1,2,3,1,1,4,0,1,3,2,0,4,1,0,2,0,3,2,3,1,4,4,4,4,4,4,4,4,4,2,1,3,3,0,3,4,4,4,2,1,1,4,4,4,4,4,4,4,4,4,4,4,4,4,4,4,4,4,4,4,4,4,4,4,4,4,4,4,4,4,4,4,4,4,3,4,4,1,0,3,1,0,4,2,0,1,0,1,4,4,1,0,4,3,2,2,0,1,0,1,0,0,1,2,3,3,2,0,4,4,4,4,4,2,3,2,0,0,2,1,0,1,1,1,0,1,3,3,4,4,4,4,4,4,4,4,4,4,4,4,4,4,4,4,4,4,4,4,4,4,4,4,4,4,4,4,4,4,4,4,4,4,4,4,4,4,4,4,4,4,4,4,4,4,4,4,4,4,4,4,4,4,4,4,4,4,4,4,4,4,4,4,4,4,4,4,4,4,4,4,4,4,4,4,4,4,4,4,4,4,4,4,4,4,4,4,4,4,4,4,4,4,4,4,4,4,4,4,4,4,4,4,4,4,4,4,4,4,4,4,4,4,4,4,4,4,4,4,4,4,4,4,4,4,4,4,4,4,4,4,4,4,4,4,4,4,4,4,4,4,4,4,4,4,4,4,4,4,4,4,4,4,4,4,4,4,4,4,4,4,4,4,4,4,4,4,4,4,4,4,4,4,4,4,4,4,4,4,4,4,4,4,4,4,4,4,4,4,4,4,4,4,4,AFDU01000027.1/136149-136297,1
1626,0,2,0,3,2,1,3,1,0,3,3,1,4,1,0,1,4,3,1,4,1,3,3,0,3,2,0,1,4,0,2,4,4,4,4,4,4,4,4,4,4,4,4,4,4,4,4,4,4,4,4,4,4,4,4,4,1,0,3,4,4,4,4,4,4,4,4,4,4,4,4,4,4,4,4,4,4,0,3,2,0,4,1,3,3,1,0,3,0,0,0,1,1,3,0,4,2,2,0,4,0,3,2,0,3,2,1,0,4,4,4,4,2,0,2,1,1,2,4,0,3,3,0,3,1,2,2,3,2,1,1,3,0,4,1,2,3,1,1,0,1,2,3,3,0,4,3,1,2,0,3,2,0,0,0,4,4,4,4,4,4,4,4,4,4,4,1,0,1,4,4,4,1,0,3,4,4,4,4,4,4,4,4,4,4,4,4,4,4,4,4,4,4,4,4,4,4,4,4,4,4,4,4,4,4,4,4,4,3,4,4,1,0,3,1,0,4,1,1,0,0,1,4,4,0,4,4,4,2,2,0,1,2,0,0,0,1,2,3,3,2,0,4,4,4,4,4,2,3,2,0,2,2,1,0,1,1,0,3,1,1,2,4,4,4,4,4,4,4,4,4,4,4,4,4,4,4,4,4,4,4,4,4,4,4,4,4,4,4,4,4,4,4,4,4,4,4,4,4,4,4,4,4,4,4,4,4,4,4,4,4,4,4,4,4,4,4,4,4,4,4,4,4,4,4,4,4,4,4,4,4,4,4,4,4,4,4,4,4,4,4,4,4,4,4,4,4,4,4,4,4,4,4,4,4,4,4,4,4,4,4,4,4,4,4,4,4,4,4,4,4,4,4,4,4,4,4,4,4,4,4,4,4,4,4,4,4,4,4,4,4,4,4,4,4,4,4,4,4,4,4,4,4,4,4,4,4,4,4,4,4,4,4,4,4,4,4,4,4,4,4,4,4,4,4,4,4,4,4,4,4,4,4,4,4,4,4,4,4,4,4,4,4,4,4,4,4,4,4,4,4,4,4,4,4,4,4,ACLE01000052.1/57122-56978,1
1627,0,2,0,3,2,1,3,1,0,3,3,1,4,1,0,3,4,1,3,4,1,3,3,0,3,2,3,3,4,1,2,1,1,3,4,4,4,4,4,4,4,4,4,4,4,4,4,4,4,4,4,4,4,4,4,4,3,0,4,4,4,4,4,4,4,4,4,4,4,4,4,4,4,4,4,4,4,4,4,2,3,2,1,1,3,1,0,3,0,0,0,1,3,1,0,4,2,2,0,4,0,3,2,0,1,2,1,0,4,4,4,4,2,0,2,1,1,2,4,4,3,3,3,0,1,2,2,3,2,1,3,3,0,3,1,2,3,1,1,4,0,1,3,2,0,4,1,0,2,0,3,2,3,1,4,4,4,4,4,4,4,4,4,2,1,3,3,0,3,4,4,4,2,1,1,4,4,4,4,4,4,4,4,4,4,4,4,4,4,4,4,4,4,4,4,4,4,4,4,4,4,4,4,4,4,4,4,4,3,4,4,1,0,3,1,0,4,0,0,1,0,1,4,4,1,0,4,3,2,2,0,1,0,3,0,0,1,2,3,3,2,0,4,4,4,4,4,2,3,2,0,0,2,1,0,1,1,1,0,0,3,3,4,4,4,4,4,4,4,4,4,4,4,4,4,4,4,4,4,4,4,4,4,4,4,4,4,4,4,4,4,4,4,4,4,4,4,4,4,4,4,4,4,4,4,4,4,4,4,4,4,4,4,4,4,4,4,4,4,4,4,4,4,4,4,4,4,4,4,4,4,4,4,4,4,4,4,4,4,4,4,4,4,4,4,4,4,4,4,4,4,4,4,4,4,4,4,4,4,4,4,4,4,4,4,4,4,4,4,4,4,4,4,4,4,4,4,4,4,4,4,4,4,4,4,4,4,4,4,4,4,4,4,4,4,4,4,4,4,4,4,4,4,4,4,4,4,4,4,4,4,4,4,4,4,4,4,4,4,4,4,4,4,4,4,4,4,4,4,4,4,4,4,4,4,4,4,4,4,4,4,4,4,4,4,4,4,4,4,4,4,4,4,4,4,4,4,AEIA01000024.1/38939-39087,1
1628,0,2,3,2,2,1,3,1,0,3,3,1,4,0,1,1,4,2,0,4,1,3,3,0,3,2,3,1,4,0,2,1,4,4,4,4,1,1,1,3,3,4,1,2,2,4,4,4,4,4,4,2,0,1,2,3,4,4,4,4,4,4,4,4,4,4,4,4,4,4,4,4,4,4,4,4,4,4,4,4,4,2,1,3,0,1,0,3,0,0,0,0,3,4,3,4,1,2,0,4,0,3,2,0,1,2,1,0,4,4,4,4,1,0,0,4,4,4,4,4,4,4,1,0,0,2,2,3,2,1,1,3,2,1,1,2,3,1,1,0,0,1,3,3,4,4,1,3,2,0,3,0,3,1,0,4,4,4,4,4,4,4,4,2,1,2,3,0,4,4,4,4,2,1,3,4,4,4,4,4,4,4,4,4,4,4,4,4,4,4,4,4,4,4,4,4,4,4,4,4,4,4,4,4,4,4,4,4,0,4,4,3,0,3,1,0,4,0,1,1,0,3,4,4,1,4,4,4,2,2,2,1,2,0,0,0,1,2,3,1,2,0,4,4,4,4,4,2,3,3,0,2,2,1,0,1,1,2,1,1,3,3,4,4,4,4,4,4,4,4,4,4,4,4,4,4,4,4,4,4,4,4,4,4,4,4,4,4,4,4,4,4,4,4,4,4,4,4,4,4,4,4,4,4,4,4,4,4,4,4,4,4,4,4,4,4,4,4,4,4,4,4,4,4,4,4,4,4,4,4,4,4,4,4,4,4,4,4,4,4,4,4,4,4,4,4,4,4,4,4,4,4,4,4,4,4,4,4,4,4,4,4,4,4,4,4,4,4,4,4,4,4,4,4,4,4,4,4,4,4,4,4,4,4,4,4,4,4,4,4,4,4,4,4,4,4,4,4,4,4,4,4,4,4,4,4,4,4,4,4,4,4,4,4,4,4,4,4,4,4,4,4,4,4,4,4,4,4,4,4,4,4,4,4,4,4,4,4,4,4,4,4,4,4,4,4,4,4,4,4,4,4,4,4,4,4,4,ACXH01000079.1/37522-37375,1
1629,0,2,0,3,2,1,3,1,0,3,3,1,4,1,0,3,4,1,3,4,1,3,3,0,3,2,3,3,4,1,2,1,1,3,4,4,4,4,4,4,4,4,4,4,4,4,4,4,4,4,4,4,4,4,4,4,3,0,4,4,4,4,4,4,4,4,4,4,4,4,4,4,4,4,4,4,4,4,4,2,3,2,1,1,3,1,0,3,0,0,0,1,3,1,1,4,2,2,0,4,0,3,2,0,1,2,1,0,4,4,4,4,2,0,2,1,1,2,4,4,3,3,3,0,1,2,2,3,2,1,3,3,0,3,1,2,3,1,1,4,0,1,3,2,0,4,1,0,2,0,3,2,3,1,4,4,4,4,4,4,4,4,4,2,1,3,3,0,3,4,4,4,2,1,1,4,4,4,4,4,4,4,4,4,4,4,4,4,4,4,4,4,4,4,4,4,4,4,4,4,4,4,4,4,4,4,4,4,3,4,4,1,0,3,1,0,4,2,0,1,0,1,4,4,1,0,4,3,2,2,0,1,0,1,0,0,1,2,3,3,2,0,4,4,4,4,4,2,3,2,0,0,2,1,0,1,1,1,0,1,3,3,4,4,4,4,4,4,4,4,4,4,4,4,4,4,4,4,4,4,4,4,4,4,4,4,4,4,4,4,4,4,4,4,4,4,4,4,4,4,4,4,4,4,4,4,4,4,4,4,4,4,4,4,4,4,4,4,4,4,4,4,4,4,4,4,4,4,4,4,4,4,4,4,4,4,4,4,4,4,4,4,4,4,4,4,4,4,4,4,4,4,4,4,4,4,4,4,4,4,4,4,4,4,4,4,4,4,4,4,4,4,4,4,4,4,4,4,4,4,4,4,4,4,4,4,4,4,4,4,4,4,4,4,4,4,4,4,4,4,4,4,4,4,4,4,4,4,4,4,4,4,4,4,4,4,4,4,4,4,4,4,4,4,4,4,4,4,4,4,4,4,4,4,4,4,4,4,4,4,4,4,4,4,4,4,4,4,4,4,4,4,4,4,4,4,4,CU928160.2/4061224-4061372,1
1630,0,2,3,2,2,1,3,1,0,3,3,1,4,0,1,1,4,2,0,4,1,3,3,0,3,2,3,1,4,0,2,1,4,4,4,4,1,1,1,3,3,4,1,2,2,4,4,4,4,4,4,2,0,1,2,3,4,4,4,4,4,4,4,4,4,4,4,4,4,4,4,4,4,4,4,4,4,4,4,4,4,2,1,3,0,1,0,3,0,0,0,0,3,4,0,4,1,2,0,4,0,3,2,0,1,2,1,0,4,4,4,4,1,0,0,4,4,4,4,4,4,4,1,0,0,2,2,3,2,1,1,3,2,1,1,2,3,1,1,0,0,1,3,3,4,4,1,3,2,0,3,0,3,1,0,4,4,4,4,4,4,4,4,2,1,2,3,0,4,4,4,4,2,1,3,4,4,4,4,4,4,4,4,4,4,4,4,4,4,4,4,4,4,4,4,4,4,4,4,4,4,4,4,4,4,4,4,4,0,4,4,3,0,3,1,0,4,0,1,1,0,3,4,4,1,4,4,4,2,2,2,1,2,0,0,0,1,2,3,1,2,0,4,4,4,4,4,2,3,3,0,2,2,1,0,1,1,2,1,1,3,3,4,4,4,4,4,4,4,4,4,4,4,4,4,4,4,4,4,4,4,4,4,4,4,4,4,4,4,4,4,4,4,4,4,4,4,4,4,4,4,4,4,4,4,4,4,4,4,4,4,4,4,4,4,4,4,4,4,4,4,4,4,4,4,4,4,4,4,4,4,4,4,4,4,4,4,4,4,4,4,4,4,4,4,4,4,4,4,4,4,4,4,4,4,4,4,4,4,4,4,4,4,4,4,4,4,4,4,4,4,4,4,4,4,4,4,4,4,4,4,4,4,4,4,4,4,4,4,4,4,4,4,4,4,4,4,4,4,4,4,4,4,4,4,4,4,4,4,4,4,4,4,4,4,4,4,4,4,4,4,4,4,4,4,4,4,4,4,4,4,4,4,4,4,4,4,4,4,4,4,4,4,4,4,4,4,4,4,4,4,4,4,4,4,4,4,ADTN01000324.1/27079-26932,1
1631,0,2,0,3,2,1,3,1,0,3,3,1,4,1,0,3,4,1,3,4,1,3,3,0,3,2,3,3,4,1,2,1,1,3,4,4,4,4,4,4,4,4,4,4,4,4,4,4,4,4,4,4,4,4,4,4,3,0,4,4,4,4,4,4,4,4,4,4,4,4,4,4,4,4,4,4,4,4,4,2,3,2,1,1,3,1,0,3,0,0,0,1,3,1,1,4,2,2,0,4,0,3,2,0,1,2,1,0,4,4,4,4,2,0,2,1,1,2,4,4,3,3,3,0,1,2,2,3,2,1,3,3,0,3,1,2,3,1,1,4,0,1,3,2,0,4,1,0,2,0,3,2,3,1,4,4,4,4,4,4,4,4,4,2,1,3,3,0,3,4,4,4,2,1,1,4,4,4,4,4,4,4,4,4,4,4,4,4,4,4,4,4,4,4,4,4,4,4,4,4,4,4,4,4,4,4,4,4,3,4,4,1,0,3,1,0,4,2,0,1,0,1,4,4,1,0,4,3,2,2,0,1,0,1,0,0,1,2,3,3,2,0,4,4,4,4,4,2,3,2,0,0,2,1,0,1,1,1,0,1,3,3,4,4,4,4,4,4,4,4,4,4,4,4,4,4,4,4,4,4,4,4,4,4,4,4,4,4,4,4,4,4,4,4,4,4,4,4,4,4,4,4,4,4,4,4,4,4,4,4,4,4,4,4,4,4,4,4,4,4,4,4,4,4,4,4,4,4,4,4,4,4,4,4,4,4,4,4,4,4,4,4,4,4,4,4,4,4,4,4,4,4,4,4,4,4,4,4,4,4,4,4,4,4,4,4,4,4,4,4,4,4,4,4,4,4,4,4,4,4,4,4,4,4,4,4,4,4,4,4,4,4,4,4,4,4,4,4,4,4,4,4,4,4,4,4,4,4,4,4,4,4,4,4,4,4,4,4,4,4,4,4,4,4,4,4,4,4,4,4,4,4,4,4,4,4,4,4,4,4,4,4,4,4,4,4,4,4,4,4,4,4,4,4,4,4,4,ABHQ01000006.1/62155-62303,1
1632,0,2,3,3,2,1,3,1,0,3,3,1,4,0,1,1,4,3,3,4,3,3,3,0,3,2,0,3,4,0,2,1,1,1,1,2,1,0,0,3,3,4,0,0,2,1,2,2,0,3,4,2,0,3,2,1,4,4,4,4,4,4,4,4,4,4,4,4,4,4,4,4,4,4,4,4,4,4,4,4,4,2,1,3,3,1,0,3,0,0,2,1,1,3,1,4,1,2,0,4,0,3,2,0,3,2,1,1,4,4,4,4,3,0,0,2,4,4,4,4,4,4,0,1,3,2,2,3,2,1,1,3,0,3,1,2,3,1,1,0,1,1,3,0,0,0,1,1,2,0,1,0,3,3,2,3,2,3,4,4,4,4,4,2,0,0,0,2,1,4,4,4,0,1,0,4,4,4,4,4,4,4,4,4,4,4,4,4,4,4,4,4,4,4,4,4,4,4,4,4,4,4,4,4,4,4,4,4,3,4,4,3,0,3,1,0,4,0,0,1,0,3,4,4,1,4,4,4,2,2,0,1,2,0,1,0,1,2,3,3,2,0,4,4,4,4,4,2,3,2,0,2,2,1,0,1,1,2,1,1,3,0,4,4,4,4,4,4,4,4,4,4,4,4,4,4,4,4,4,4,4,4,4,4,4,4,4,4,4,4,4,4,4,4,4,4,4,4,4,4,4,4,4,4,4,4,4,4,4,4,4,4,4,4,4,4,4,4,4,4,4,4,4,4,4,4,4,4,4,4,4,4,4,4,4,4,4,4,4,4,4,4,4,4,4,4,4,4,4,4,4,4,4,4,4,4,4,4,4,4,4,4,4,4,4,4,4,4,4,4,4,4,4,4,4,4,4,4,4,4,4,4,4,4,4,4,4,4,4,4,4,4,4,4,4,4,4,4,4,4,4,4,4,4,4,4,4,4,4,4,4,4,4,4,4,4,4,4,4,4,4,4,4,4,4,4,4,4,4,4,4,4,4,4,4,4,4,4,4,4,4,4,4,4,4,4,4,4,4,4,4,4,4,4,4,4,4,CP000668.1/2562423-2562259,1
1633,0,2,3,2,2,1,3,1,0,3,3,1,4,0,1,1,4,2,0,4,1,3,3,0,3,2,3,1,4,0,2,1,4,4,4,4,1,1,1,3,3,4,1,2,2,4,4,4,4,4,4,2,0,1,2,3,4,4,4,4,4,4,4,4,4,4,4,4,4,4,4,4,4,4,4,4,4,4,4,4,4,2,1,3,0,1,0,3,0,0,0,0,3,4,3,4,1,2,0,4,0,3,2,0,1,2,1,0,4,4,4,4,1,0,0,4,4,4,4,4,4,4,1,0,0,2,2,3,2,1,1,3,2,1,1,2,3,1,1,0,0,1,3,3,4,4,1,3,2,0,3,0,3,1,0,4,4,4,4,4,4,4,4,2,1,2,3,0,4,4,4,4,2,1,3,4,4,4,4,4,4,4,4,4,4,4,4,4,4,4,4,4,4,4,4,4,4,4,4,4,4,4,4,4,4,4,4,4,0,4,4,3,0,3,1,0,4,0,1,1,0,3,4,4,1,4,4,4,2,2,2,1,2,0,0,0,1,2,3,1,2,0,4,4,4,4,4,2,3,3,0,2,2,1,0,1,1,2,1,1,3,3,4,4,4,4,4,4,4,4,4,4,4,4,4,4,4,4,4,4,4,4,4,4,4,4,4,4,4,4,4,4,4,4,4,4,4,4,4,4,4,4,4,4,4,4,4,4,4,4,4,4,4,4,4,4,4,4,4,4,4,4,4,4,4,4,4,4,4,4,4,4,4,4,4,4,4,4,4,4,4,4,4,4,4,4,4,4,4,4,4,4,4,4,4,4,4,4,4,4,4,4,4,4,4,4,4,4,4,4,4,4,4,4,4,4,4,4,4,4,4,4,4,4,4,4,4,4,4,4,4,4,4,4,4,4,4,4,4,4,4,4,4,4,4,4,4,4,4,4,4,4,4,4,4,4,4,4,4,4,4,4,4,4,4,4,4,4,4,4,4,4,4,4,4,4,4,4,4,4,4,4,4,4,4,4,4,4,4,4,4,4,4,4,4,4,4,ADUO01000175.1/28136-27989,1
1634,0,2,3,2,2,1,3,1,0,3,3,1,4,2,1,1,4,2,0,4,1,3,3,0,3,2,3,1,4,0,2,1,4,4,4,4,1,1,1,3,3,4,1,2,2,4,4,4,4,4,4,2,0,1,2,3,4,4,4,4,4,4,4,4,4,4,4,4,4,4,4,4,4,4,4,4,4,4,4,4,4,2,1,3,0,1,0,3,0,0,0,0,3,4,3,4,1,2,0,4,0,3,2,0,1,2,1,0,4,4,4,4,1,0,0,4,4,4,4,4,4,4,1,0,0,2,2,3,2,1,1,3,2,1,1,2,3,1,1,0,0,1,3,3,4,4,1,3,2,0,3,0,3,1,0,4,4,4,4,4,4,4,4,2,1,2,3,0,4,4,4,4,2,1,3,4,4,4,4,4,4,4,4,4,4,4,4,4,4,4,4,4,4,4,4,4,4,4,4,4,4,4,4,4,4,4,4,4,0,4,4,3,0,3,1,0,4,0,1,1,0,3,4,4,1,4,4,4,2,2,2,1,2,0,0,0,1,2,3,1,2,0,4,4,4,4,4,2,3,3,0,2,2,1,0,1,1,2,1,1,3,3,4,4,4,4,4,4,4,4,4,4,4,4,4,4,4,4,4,4,4,4,4,4,4,4,4,4,4,4,4,4,4,4,4,4,4,4,4,4,4,4,4,4,4,4,4,4,4,4,4,4,4,4,4,4,4,4,4,4,4,4,4,4,4,4,4,4,4,4,4,4,4,4,4,4,4,4,4,4,4,4,4,4,4,4,4,4,4,4,4,4,4,4,4,4,4,4,4,4,4,4,4,4,4,4,4,4,4,4,4,4,4,4,4,4,4,4,4,4,4,4,4,4,4,4,4,4,4,4,4,4,4,4,4,4,4,4,4,4,4,4,4,4,4,4,4,4,4,4,4,4,4,4,4,4,4,4,4,4,4,4,4,4,4,4,4,4,4,4,4,4,4,4,4,4,4,4,4,4,4,4,4,4,4,4,4,4,4,4,4,4,4,4,4,4,4,CU651637.1/2669015-2668868,1
1635,0,2,0,3,2,1,3,1,0,3,3,1,4,1,0,3,4,1,3,4,1,3,3,0,3,2,3,3,4,1,2,1,1,3,3,4,1,4,4,4,4,4,4,4,4,4,4,4,4,4,4,4,4,4,4,4,3,4,4,4,4,4,4,4,4,4,4,4,4,4,4,4,4,4,4,4,4,4,4,4,2,2,1,1,3,1,0,3,0,0,0,1,3,1,0,4,2,2,0,4,0,3,2,0,3,2,1,0,4,4,4,4,2,0,2,1,1,4,4,4,3,3,3,0,1,2,2,3,2,1,3,3,0,3,1,2,3,1,1,4,0,1,3,2,0,4,1,0,2,0,3,2,3,1,4,4,4,4,4,4,4,4,4,2,1,3,3,0,1,4,4,4,2,1,1,4,4,4,4,4,4,4,4,4,4,4,4,4,4,4,4,4,4,4,4,4,4,4,4,4,4,4,4,4,4,4,4,4,3,4,4,1,0,3,1,0,4,0,0,1,0,1,4,4,1,1,4,3,2,2,0,1,0,1,0,0,1,2,3,3,2,0,4,4,4,4,4,2,3,2,0,0,2,1,0,1,1,1,1,3,3,3,4,4,4,4,4,4,4,4,4,4,4,4,4,4,4,4,4,4,4,4,4,4,4,4,4,4,4,4,4,4,4,4,4,4,4,4,4,4,4,4,4,4,4,4,4,4,4,4,4,4,4,4,4,4,4,4,4,4,4,4,4,4,4,4,4,4,4,4,4,4,4,4,4,4,4,4,4,4,4,4,4,4,4,4,4,4,4,4,4,4,4,4,4,4,4,4,4,4,4,4,4,4,4,4,4,4,4,4,4,4,4,4,4,4,4,4,4,4,4,4,4,4,4,4,4,4,4,4,4,4,4,4,4,4,4,4,4,4,4,4,4,4,4,4,4,4,4,4,4,4,4,4,4,4,4,4,4,4,4,4,4,4,4,4,4,4,4,4,4,4,4,4,4,4,4,4,4,4,4,4,4,4,4,4,4,4,4,4,4,4,4,4,4,4,4,AFCO01001829.1/1258-1405,1
1636,0,2,3,2,2,1,3,1,0,3,3,1,4,0,1,1,4,2,0,4,1,3,3,0,3,2,3,1,4,0,2,1,4,4,4,4,1,1,1,3,3,4,1,2,2,4,4,4,4,4,4,2,0,1,2,3,4,4,4,4,4,4,4,4,4,4,4,4,4,4,4,4,4,4,4,4,4,4,4,4,4,2,1,3,0,1,0,3,0,0,0,0,3,4,3,4,1,2,0,4,0,3,2,0,1,2,1,0,4,4,4,4,1,0,0,4,4,4,4,4,4,4,1,0,0,2,2,3,2,1,1,3,2,1,1,2,3,1,1,0,0,1,3,3,4,4,1,3,2,0,3,0,3,1,0,4,4,4,4,4,4,4,4,2,1,2,3,0,4,4,4,4,2,1,3,4,4,4,4,4,4,4,4,4,4,4,4,4,4,4,4,4,4,4,4,4,4,4,4,4,4,4,4,4,4,4,4,4,0,4,4,3,0,3,1,0,4,0,1,1,0,3,4,4,1,4,4,4,2,2,2,1,2,0,0,0,1,2,3,1,2,0,4,4,4,4,4,2,3,3,0,2,2,1,0,1,1,2,1,1,3,3,4,4,4,4,4,4,4,4,4,4,4,4,4,4,4,4,4,4,4,4,4,4,4,4,4,4,4,4,4,4,4,4,4,4,4,4,4,4,4,4,4,4,4,4,4,4,4,4,4,4,4,4,4,4,4,4,4,4,4,4,4,4,4,4,4,4,4,4,4,4,4,4,4,4,4,4,4,4,4,4,4,4,4,4,4,4,4,4,4,4,4,4,4,4,4,4,4,4,4,4,4,4,4,4,4,4,4,4,4,4,4,4,4,4,4,4,4,4,4,4,4,4,4,4,4,4,4,4,4,4,4,4,4,4,4,4,4,4,4,4,4,4,4,4,4,4,4,4,4,4,4,4,4,4,4,4,4,4,4,4,4,4,4,4,4,4,4,4,4,4,4,4,4,4,4,4,4,4,4,4,4,4,4,4,4,4,4,4,4,4,4,4,4,4,4,AEZU01000069.1/75375-75522,1
1637,0,2,0,3,2,1,3,1,0,3,3,1,4,1,0,3,4,1,3,4,1,3,3,0,3,2,3,3,4,1,2,1,1,3,4,4,4,4,4,4,4,4,4,4,4,4,4,4,4,4,4,4,4,4,4,4,3,0,4,4,4,4,4,4,4,4,4,4,4,4,4,4,4,4,4,4,4,4,4,2,3,2,1,1,3,1,0,3,0,0,0,1,3,1,1,4,2,2,0,4,0,3,2,0,1,2,1,0,4,4,4,4,2,0,2,1,1,2,4,4,3,3,3,0,1,2,2,3,2,1,3,3,0,3,1,2,3,1,1,4,0,1,3,2,0,4,1,0,2,0,3,2,3,1,4,4,4,4,4,4,4,4,4,2,1,3,3,0,3,4,4,4,2,1,1,4,4,4,4,4,4,4,4,4,4,4,4,4,4,4,4,4,4,4,4,4,4,4,4,4,4,4,4,4,4,4,4,4,3,4,4,1,0,3,1,0,4,2,0,1,0,1,4,4,1,0,4,3,2,2,0,1,0,1,0,0,1,2,3,3,2,0,4,4,4,4,4,2,3,2,0,0,2,1,0,1,1,1,0,1,3,3,4,4,4,4,4,4,4,4,4,4,4,4,4,4,4,4,4,4,4,4,4,4,4,4,4,4,4,4,4,4,4,4,4,4,4,4,4,4,4,4,4,4,4,4,4,4,4,4,4,4,4,4,4,4,4,4,4,4,4,4,4,4,4,4,4,4,4,4,4,4,4,4,4,4,4,4,4,4,4,4,4,4,4,4,4,4,4,4,4,4,4,4,4,4,4,4,4,4,4,4,4,4,4,4,4,4,4,4,4,4,4,4,4,4,4,4,4,4,4,4,4,4,4,4,4,4,4,4,4,4,4,4,4,4,4,4,4,4,4,4,4,4,4,4,4,4,4,4,4,4,4,4,4,4,4,4,4,4,4,4,4,4,4,4,4,4,4,4,4,4,4,4,4,4,4,4,4,4,4,4,4,4,4,4,4,4,4,4,4,4,4,4,4,4,4,AFVS01000306.1/1551-1403,1
1638,0,2,3,2,2,1,3,1,0,3,3,1,4,0,1,1,4,2,0,4,1,3,3,0,3,2,3,1,4,0,2,1,4,4,4,4,1,1,1,3,3,4,1,2,2,4,4,4,4,4,4,2,0,1,2,3,4,4,4,4,4,4,4,4,4,4,4,4,4,4,4,4,4,4,4,4,4,4,4,4,4,2,1,3,0,1,0,3,0,0,0,0,3,4,3,4,1,2,0,4,0,3,2,0,1,2,1,0,4,4,4,4,1,0,0,4,4,4,4,4,4,4,1,0,0,2,2,3,2,1,1,3,2,1,1,2,3,1,1,0,0,1,3,3,4,4,1,3,2,0,3,0,3,1,0,4,4,4,4,4,4,4,4,2,1,2,3,0,4,4,4,4,2,1,3,4,4,4,4,4,4,4,4,4,4,4,4,4,4,4,4,4,4,4,4,4,4,4,4,4,4,4,4,4,4,4,4,4,0,4,4,3,0,3,1,0,4,0,1,1,0,3,4,4,1,4,4,4,2,2,2,1,2,0,0,0,1,2,3,1,2,0,4,4,4,4,4,2,3,3,0,2,2,1,0,1,1,2,1,1,3,3,4,4,4,4,4,4,4,4,4,4,4,4,4,4,4,4,4,4,4,4,4,4,4,4,4,4,4,4,4,4,4,4,4,4,4,4,4,4,4,4,4,4,4,4,4,4,4,4,4,4,4,4,4,4,4,4,4,4,4,4,4,4,4,4,4,4,4,4,4,4,4,4,4,4,4,4,4,4,4,4,4,4,4,4,4,4,4,4,4,4,4,4,4,4,4,4,4,4,4,4,4,4,4,4,4,4,4,4,4,4,4,4,4,4,4,4,4,4,4,4,4,4,4,4,4,4,4,4,4,4,4,4,4,4,4,4,4,4,4,4,4,4,4,4,4,4,4,4,4,4,4,4,4,4,4,4,4,4,4,4,4,4,4,4,4,4,4,4,4,4,4,4,4,4,4,4,4,4,4,4,4,4,4,4,4,4,4,4,4,4,4,4,4,4,4,AFVC01000011.1/214151-214004,1
1639,0,2,3,2,2,1,3,1,0,3,3,1,4,0,1,1,4,2,0,4,1,3,3,0,3,2,3,1,4,0,2,1,4,4,4,4,1,1,1,3,3,4,1,2,2,4,4,4,4,4,4,2,0,1,2,3,4,4,4,4,4,4,4,4,4,4,4,4,4,4,4,4,4,4,4,4,4,4,4,4,4,2,1,3,0,1,0,3,0,0,0,0,3,4,3,4,1,2,0,4,0,3,2,0,1,2,1,0,4,4,4,4,1,0,0,4,4,4,4,4,4,4,1,0,0,2,2,3,2,1,1,3,2,1,1,2,3,1,1,0,0,1,3,3,4,4,1,3,2,0,3,0,3,1,0,4,4,4,4,4,4,4,4,2,1,2,3,0,4,4,4,4,2,1,3,4,4,4,4,4,4,4,4,4,4,4,4,4,4,4,4,4,4,4,4,4,4,4,4,4,4,4,4,4,4,4,4,4,0,4,4,3,0,3,1,0,4,0,1,1,0,3,4,4,1,4,4,4,2,2,2,1,2,0,0,0,1,2,3,1,2,0,4,4,4,4,4,2,3,3,0,2,2,1,0,1,1,2,1,1,3,3,4,4,4,4,4,4,4,4,4,4,4,4,4,4,4,4,4,4,4,4,4,4,4,4,4,4,4,4,4,4,4,4,4,4,4,4,4,4,4,4,4,4,4,4,4,4,4,4,4,4,4,4,4,4,4,4,4,4,4,4,4,4,4,4,4,4,4,4,4,4,4,4,4,4,4,4,4,4,4,4,4,4,4,4,4,4,4,4,4,4,4,4,4,4,4,4,4,4,4,4,4,4,4,4,4,4,4,4,4,4,4,4,4,4,4,4,4,4,4,4,4,4,4,4,4,4,4,4,4,4,4,4,4,4,4,4,4,4,4,4,4,4,4,4,4,4,4,4,4,4,4,4,4,4,4,4,4,4,4,4,4,4,4,4,4,4,4,4,4,4,4,4,4,4,4,4,4,4,4,4,4,4,4,4,4,4,4,4,4,4,4,4,4,4,4,AFHD01000035.1/38485-38338,1
1640,0,2,0,3,2,1,3,1,0,3,3,1,4,1,0,1,4,1,3,4,3,1,3,0,3,2,1,3,4,3,2,1,3,3,4,4,4,4,4,4,4,4,4,4,4,4,4,4,4,4,4,4,4,4,4,4,1,4,4,4,4,4,4,4,4,4,4,4,4,4,4,4,4,4,4,4,4,4,4,4,2,2,1,3,3,1,0,3,0,0,3,1,1,3,2,4,2,2,0,4,0,3,2,0,1,2,1,0,4,4,4,4,2,0,2,1,1,0,4,0,3,3,3,2,0,2,2,3,2,1,1,3,0,3,1,2,3,1,1,0,0,1,3,1,4,4,1,0,2,0,3,2,0,0,4,2,0,3,4,4,4,4,4,2,1,0,0,2,4,4,4,4,3,1,3,4,4,4,4,4,4,4,4,4,4,4,4,4,4,4,4,4,4,4,4,4,4,4,4,4,4,4,4,4,4,4,4,4,1,4,4,1,0,3,1,2,4,2,2,1,1,3,3,1,1,4,4,4,2,2,0,1,0,3,0,0,1,2,3,3,2,0,4,4,4,4,4,2,3,2,0,2,2,1,0,1,1,0,3,3,1,3,4,4,4,4,4,4,4,4,4,4,4,4,4,4,4,4,4,4,4,4,4,4,4,4,4,4,4,4,4,4,4,4,4,4,4,4,4,4,4,4,4,4,4,4,4,4,4,4,4,4,4,4,4,4,4,4,4,4,4,4,4,4,4,4,4,4,4,4,4,4,4,4,4,4,4,4,4,4,4,4,4,4,4,4,4,4,4,4,4,4,4,4,4,4,4,4,4,4,4,4,4,4,4,4,4,4,4,4,4,4,4,4,4,4,4,4,4,4,4,4,4,4,4,4,4,4,4,4,4,4,4,4,4,4,4,4,4,4,4,4,4,4,4,4,4,4,4,4,4,4,4,4,4,4,4,4,4,4,4,4,4,4,4,4,4,4,4,4,4,4,4,4,4,4,4,4,4,4,4,4,4,4,4,4,4,4,4,4,4,4,4,4,4,4,4,ABVX01000044.1/32247-32098,1
1641,0,2,0,3,2,1,3,1,0,3,3,1,4,1,0,3,4,1,3,4,1,3,3,0,3,2,3,3,4,1,2,1,1,3,3,4,1,4,4,4,4,4,4,4,4,4,4,4,4,4,4,4,4,4,4,4,3,4,4,4,4,4,4,4,4,4,4,4,4,4,4,4,4,4,4,4,4,4,4,4,2,2,1,1,3,1,0,3,0,0,0,1,3,1,0,4,2,2,0,4,0,3,2,0,3,2,1,0,4,4,4,4,2,0,2,1,1,2,4,4,3,3,3,0,1,2,2,3,2,1,3,3,0,3,1,2,3,1,1,4,0,1,3,2,0,4,1,0,2,0,3,2,3,1,4,4,4,4,4,4,4,4,4,2,1,3,3,0,1,4,4,4,2,1,1,4,4,4,4,4,4,4,4,4,4,4,4,4,4,4,4,4,4,4,4,4,4,4,4,4,4,4,4,4,4,4,4,4,3,4,4,1,0,3,1,0,4,0,0,1,0,1,4,4,1,1,4,3,2,2,0,1,0,1,0,0,1,2,3,3,2,0,4,4,4,4,4,2,3,2,0,0,2,1,0,1,1,1,1,3,3,3,4,4,4,4,4,4,4,4,4,4,4,4,4,4,4,4,4,4,4,4,4,4,4,4,4,4,4,4,4,4,4,4,4,4,4,4,4,4,4,4,4,4,4,4,4,4,4,4,4,4,4,4,4,4,4,4,4,4,4,4,4,4,4,4,4,4,4,4,4,4,4,4,4,4,4,4,4,4,4,4,4,4,4,4,4,4,4,4,4,4,4,4,4,4,4,4,4,4,4,4,4,4,4,4,4,4,4,4,4,4,4,4,4,4,4,4,4,4,4,4,4,4,4,4,4,4,4,4,4,4,4,4,4,4,4,4,4,4,4,4,4,4,4,4,4,4,4,4,4,4,4,4,4,4,4,4,4,4,4,4,4,4,4,4,4,4,4,4,4,4,4,4,4,4,4,4,4,4,4,4,4,4,4,4,4,4,4,4,4,4,4,4,4,4,4,CAAT01000113.1/425-573,1
1642,0,2,3,3,2,1,3,1,0,3,3,1,4,0,0,1,4,3,1,4,3,3,3,0,3,2,0,3,4,0,2,3,1,1,1,2,1,2,3,3,3,4,0,2,2,1,2,2,0,0,4,3,0,3,2,1,4,4,4,4,4,4,4,4,4,4,4,4,4,4,4,4,4,4,4,4,4,4,4,4,4,2,1,3,3,1,0,3,0,0,2,1,1,0,1,4,1,2,0,4,0,3,2,0,3,2,1,1,4,4,4,4,0,0,0,2,4,4,4,4,4,4,0,1,3,2,2,3,0,1,1,3,0,3,1,2,3,1,1,0,0,1,1,0,0,0,3,1,2,0,3,0,3,1,2,3,2,3,4,4,4,4,4,2,0,0,3,2,1,4,4,4,0,1,0,4,4,4,4,4,4,4,4,4,4,4,4,4,4,4,4,4,4,4,4,4,4,4,4,4,4,4,4,4,4,4,4,4,3,4,4,3,0,3,1,0,4,0,0,1,0,3,4,4,1,4,4,4,2,2,0,1,2,0,1,0,1,2,3,3,2,0,4,4,4,4,4,2,3,3,0,2,2,3,2,1,1,2,1,1,3,0,4,4,4,4,4,4,4,4,4,4,4,4,4,4,4,4,4,4,4,4,4,4,4,4,4,4,4,4,4,4,4,4,4,4,4,4,4,4,4,4,4,4,4,4,4,4,4,4,4,4,4,4,4,4,4,4,4,4,4,4,4,4,4,4,4,4,4,4,4,4,4,4,4,4,4,4,4,4,4,4,4,4,4,4,4,4,4,4,4,4,4,4,4,4,4,4,4,4,4,4,4,4,4,4,4,4,4,4,4,4,4,4,4,4,4,4,4,4,4,4,4,4,4,4,4,4,4,4,4,4,4,4,4,4,4,4,4,4,4,4,4,4,4,4,4,4,4,4,4,4,4,4,4,4,4,4,4,4,4,4,4,4,4,4,4,4,4,4,4,4,4,4,4,4,4,4,4,4,4,4,4,4,4,4,4,4,4,4,4,4,4,4,4,4,4,ACCB01000029.1/51337-51501,1
1643,0,2,0,3,2,1,3,1,0,3,3,1,4,1,0,3,4,1,3,4,1,3,3,0,3,2,3,3,4,1,2,1,1,3,4,4,4,4,4,4,4,4,4,4,4,4,4,4,4,4,4,4,4,4,4,4,3,0,4,4,4,4,4,4,4,4,4,4,4,4,4,4,4,4,4,4,4,4,4,2,3,2,1,1,3,1,0,3,0,0,0,1,3,1,1,4,2,2,0,4,0,3,2,0,1,2,1,0,4,4,4,4,2,0,2,1,1,2,4,4,3,3,3,0,1,2,2,3,2,1,3,3,0,3,1,2,3,1,1,4,0,1,3,2,0,4,1,0,2,0,3,2,3,1,4,4,4,4,4,4,4,4,4,2,1,3,3,0,3,4,4,4,2,1,1,4,4,4,4,4,4,4,4,4,4,4,4,4,4,4,4,4,4,4,4,4,4,4,4,4,4,4,4,4,4,4,4,4,3,4,4,1,0,3,1,0,4,2,0,1,0,1,4,4,1,0,4,3,2,2,0,1,0,1,0,0,1,2,3,3,2,0,4,4,4,4,4,2,3,2,0,0,2,1,0,1,1,1,0,1,3,3,4,4,4,4,4,4,4,4,4,4,4,4,4,4,4,4,4,4,4,4,4,4,4,4,4,4,4,4,4,4,4,4,4,4,4,4,4,4,4,4,4,4,4,4,4,4,4,4,4,4,4,4,4,4,4,4,4,4,4,4,4,4,4,4,4,4,4,4,4,4,4,4,4,4,4,4,4,4,4,4,4,4,4,4,4,4,4,4,4,4,4,4,4,4,4,4,4,4,4,4,4,4,4,4,4,4,4,4,4,4,4,4,4,4,4,4,4,4,4,4,4,4,4,4,4,4,4,4,4,4,4,4,4,4,4,4,4,4,4,4,4,4,4,4,4,4,4,4,4,4,4,4,4,4,4,4,4,4,4,4,4,4,4,4,4,4,4,4,4,4,4,4,4,4,4,4,4,4,4,4,4,4,4,4,4,4,4,4,4,4,4,4,4,4,4,CP000800.1/4306706-4306854,1
1644,0,2,3,2,2,1,3,1,0,3,3,1,4,0,1,1,4,2,0,4,1,3,3,0,3,2,3,1,4,0,2,1,4,4,4,4,1,1,1,3,3,4,1,2,2,4,4,4,4,4,4,2,0,1,2,3,4,4,4,4,4,4,4,4,4,4,4,4,4,4,4,4,4,4,4,4,4,4,4,4,4,2,1,3,0,1,0,3,0,0,0,0,3,4,0,4,1,2,0,4,0,3,2,0,1,2,1,0,4,4,4,4,1,0,0,4,4,4,4,4,4,4,1,0,0,2,2,3,2,1,1,3,2,1,1,2,3,1,1,0,0,1,3,3,4,4,1,3,2,0,3,0,3,1,0,4,4,4,4,4,4,4,4,2,1,2,3,0,4,4,4,4,2,1,3,4,4,4,4,4,4,4,4,4,4,4,4,4,4,4,4,4,4,4,4,4,4,4,4,4,4,4,4,4,4,4,4,4,0,4,4,3,0,3,1,0,4,0,1,1,0,3,4,4,1,4,4,4,2,2,2,1,2,0,0,0,1,2,3,1,2,0,4,4,4,4,4,2,3,3,0,2,2,1,0,1,1,2,1,1,3,3,4,4,4,4,4,4,4,4,4,4,4,4,4,4,4,4,4,4,4,4,4,4,4,4,4,4,4,4,4,4,4,4,4,4,4,4,4,4,4,4,4,4,4,4,4,4,4,4,4,4,4,4,4,4,4,4,4,4,4,4,4,4,4,4,4,4,4,4,4,4,4,4,4,4,4,4,4,4,4,4,4,4,4,4,4,4,4,4,4,4,4,4,4,4,4,4,4,4,4,4,4,4,4,4,4,4,4,4,4,4,4,4,4,4,4,4,4,4,4,4,4,4,4,4,4,4,4,4,4,4,4,4,4,4,4,4,4,4,4,4,4,4,4,4,4,4,4,4,4,4,4,4,4,4,4,4,4,4,4,4,4,4,4,4,4,4,4,4,4,4,4,4,4,4,4,4,4,4,4,4,4,4,4,4,4,4,4,4,4,4,4,4,4,4,4,AP012030.1/2669249-2669102,1
1645,0,2,0,3,2,1,3,1,0,3,3,1,4,1,0,3,4,1,3,4,1,3,3,0,3,2,3,3,4,1,2,1,1,3,4,4,4,4,4,4,4,4,4,4,4,4,4,4,4,4,4,4,4,4,4,4,3,0,4,4,4,4,4,4,4,4,4,4,4,4,4,4,4,4,4,4,4,4,4,2,3,2,1,1,3,1,0,3,0,0,0,1,3,1,1,4,2,2,0,4,0,3,2,0,1,2,1,0,4,4,4,4,2,0,2,1,1,2,4,4,3,3,3,0,1,2,2,3,2,1,3,3,0,3,1,2,3,1,1,4,0,1,3,2,0,4,1,0,2,0,3,2,3,1,4,4,4,4,4,4,4,4,4,2,1,3,3,0,3,4,4,4,2,1,1,4,4,4,4,4,4,4,4,4,4,4,4,4,4,4,4,4,4,4,4,4,4,4,4,4,4,4,4,4,4,4,4,4,3,4,4,1,0,3,1,0,4,2,0,1,0,1,4,4,1,0,4,3,2,2,0,1,0,1,0,0,1,2,3,3,2,0,4,4,4,4,4,2,3,2,0,0,2,1,0,1,1,1,0,1,3,3,4,4,4,4,4,4,4,4,4,4,4,4,4,4,4,4,4,4,4,4,4,4,4,4,4,4,4,4,4,4,4,4,4,4,4,4,4,4,4,4,4,4,4,4,4,4,4,4,4,4,4,4,4,4,4,4,4,4,4,4,4,4,4,4,4,4,4,4,4,4,4,4,4,4,4,4,4,4,4,4,4,4,4,4,4,4,4,4,4,4,4,4,4,4,4,4,4,4,4,4,4,4,4,4,4,4,4,4,4,4,4,4,4,4,4,4,4,4,4,4,4,4,4,4,4,4,4,4,4,4,4,4,4,4,4,4,4,4,4,4,4,4,4,4,4,4,4,4,4,4,4,4,4,4,4,4,4,4,4,4,4,4,4,4,4,4,4,4,4,4,4,4,4,4,4,4,4,4,4,4,4,4,4,4,4,4,4,4,4,4,4,4,4,4,4,CP000266.1/3788117-3787969,1
1646,0,2,3,2,2,1,3,1,0,3,3,1,4,0,1,1,4,3,3,4,1,3,3,0,3,2,3,1,4,0,2,1,4,4,4,4,1,1,1,3,3,4,0,2,2,4,4,4,4,4,4,2,0,1,2,1,4,4,4,4,4,4,4,4,4,4,4,4,4,4,4,4,4,4,4,4,4,4,4,4,4,2,1,3,0,1,0,3,0,0,0,1,3,4,3,4,1,2,0,4,0,3,2,0,1,2,1,0,4,4,4,4,1,0,0,4,4,4,4,4,4,4,1,0,0,2,2,3,2,1,1,3,2,1,1,2,3,1,1,0,0,1,3,3,4,4,1,3,2,0,3,0,0,3,0,4,4,4,4,4,4,4,4,2,1,2,3,0,4,4,4,4,2,1,3,4,4,4,4,4,4,4,4,4,4,4,4,4,4,4,4,4,4,4,4,4,4,4,4,4,4,4,4,4,4,4,4,4,3,4,4,3,0,3,1,0,4,0,1,1,3,1,4,4,1,4,4,4,2,2,2,1,2,0,0,0,1,2,3,1,2,0,4,4,4,4,4,2,3,3,0,2,2,1,0,1,1,2,1,1,3,3,4,4,4,4,4,4,4,4,4,4,4,4,4,4,4,4,4,4,4,4,4,4,4,4,4,4,4,4,4,4,4,4,4,4,4,4,4,4,4,4,4,4,4,4,4,4,4,4,4,4,4,4,4,4,4,4,4,4,4,4,4,4,4,4,4,4,4,4,4,4,4,4,4,4,4,4,4,4,4,4,4,4,4,4,4,4,4,4,4,4,4,4,4,4,4,4,4,4,4,4,4,4,4,4,4,4,4,4,4,4,4,4,4,4,4,4,4,4,4,4,4,4,4,4,4,4,4,4,4,4,4,4,4,4,4,4,4,4,4,4,4,4,4,4,4,4,4,4,4,4,4,4,4,4,4,4,4,4,4,4,4,4,4,4,4,4,4,4,4,4,4,4,4,4,4,4,4,4,4,4,4,4,4,4,4,4,4,4,4,4,4,4,4,4,4,AETK01000027.1/40318-40465,1
1647,0,2,0,3,2,1,3,1,0,3,3,1,4,1,0,3,4,1,3,4,1,3,3,0,3,2,3,3,4,1,2,1,1,1,3,4,1,4,4,4,4,4,4,4,4,4,4,4,4,4,4,4,4,4,4,4,3,4,4,4,4,4,4,4,4,4,4,4,4,4,4,4,4,4,4,4,4,4,4,4,2,2,1,1,3,1,0,3,0,0,0,1,3,1,0,4,2,2,0,4,0,3,2,0,3,2,1,0,4,4,4,4,2,0,2,1,1,0,4,4,3,3,3,0,1,2,2,3,2,1,3,3,0,3,1,2,3,1,1,4,0,1,0,2,0,4,1,0,2,0,3,2,3,1,4,4,4,4,4,4,4,4,4,2,1,2,3,0,4,4,4,4,2,1,1,4,4,4,4,4,4,4,4,4,4,4,4,4,4,4,4,4,4,4,4,4,4,4,4,4,4,4,4,4,4,4,4,4,3,4,4,1,0,3,1,0,4,0,0,1,0,1,4,4,1,0,4,3,2,2,0,1,0,3,0,0,1,2,3,3,2,0,4,4,4,4,4,2,3,2,0,0,2,1,0,1,1,1,0,3,3,3,4,4,4,4,4,4,4,4,4,4,4,4,4,4,4,4,4,4,4,4,4,4,4,4,4,4,4,4,4,4,4,4,4,4,4,4,4,4,4,4,4,4,4,4,4,4,4,4,4,4,4,4,4,4,4,4,4,4,4,4,4,4,4,4,4,4,4,4,4,4,4,4,4,4,4,4,4,4,4,4,4,4,4,4,4,4,4,4,4,4,4,4,4,4,4,4,4,4,4,4,4,4,4,4,4,4,4,4,4,4,4,4,4,4,4,4,4,4,4,4,4,4,4,4,4,4,4,4,4,4,4,4,4,4,4,4,4,4,4,4,4,4,4,4,4,4,4,4,4,4,4,4,4,4,4,4,4,4,4,4,4,4,4,4,4,4,4,4,4,4,4,4,4,4,4,4,4,4,4,4,4,4,4,4,4,4,4,4,4,4,4,4,4,4,4,AEQT01000004.1/49157-49010,1
1648,0,2,3,2,2,1,3,1,0,3,3,1,4,0,1,1,4,3,3,4,1,3,3,0,3,2,3,1,4,0,2,1,4,4,4,4,1,1,1,3,3,4,0,2,2,4,4,4,4,4,4,2,0,1,2,1,4,4,4,4,4,4,4,4,4,4,4,4,4,4,4,4,4,4,4,4,4,4,4,4,4,2,1,3,0,1,0,3,0,0,0,1,3,4,3,4,1,2,0,4,0,3,2,0,1,2,1,0,4,4,4,4,1,0,0,4,4,4,4,4,4,4,1,0,0,2,2,3,2,1,1,3,2,1,1,2,3,1,1,0,0,1,3,3,4,4,1,3,2,0,3,0,0,3,0,4,4,4,4,4,4,4,4,2,1,2,3,0,4,4,4,4,2,1,3,4,4,4,4,4,4,4,4,4,4,4,4,4,4,4,4,4,4,4,4,4,4,4,4,4,4,4,4,4,4,4,4,4,3,4,4,3,0,3,1,0,4,0,1,1,3,1,4,4,1,4,4,4,2,2,2,1,2,0,0,0,1,2,3,1,2,0,4,4,4,4,4,2,3,3,0,2,2,1,0,1,1,2,1,1,3,3,4,4,4,4,4,4,4,4,4,4,4,4,4,4,4,4,4,4,4,4,4,4,4,4,4,4,4,4,4,4,4,4,4,4,4,4,4,4,4,4,4,4,4,4,4,4,4,4,4,4,4,4,4,4,4,4,4,4,4,4,4,4,4,4,4,4,4,4,4,4,4,4,4,4,4,4,4,4,4,4,4,4,4,4,4,4,4,4,4,4,4,4,4,4,4,4,4,4,4,4,4,4,4,4,4,4,4,4,4,4,4,4,4,4,4,4,4,4,4,4,4,4,4,4,4,4,4,4,4,4,4,4,4,4,4,4,4,4,4,4,4,4,4,4,4,4,4,4,4,4,4,4,4,4,4,4,4,4,4,4,4,4,4,4,4,4,4,4,4,4,4,4,4,4,4,4,4,4,4,4,4,4,4,4,4,4,4,4,4,4,4,4,4,4,4,AE017220.1/2728454-2728307,1
1649,0,2,0,3,2,1,3,1,0,3,3,1,4,1,0,3,4,1,3,4,1,3,3,0,3,2,3,3,4,1,2,1,1,3,4,4,4,4,4,4,4,4,4,4,4,4,4,4,4,4,4,4,4,4,4,4,3,0,4,4,4,4,4,4,4,4,4,4,4,4,4,4,4,4,4,4,4,4,4,2,3,2,1,1,3,1,0,3,0,0,0,1,3,1,1,4,2,2,0,4,0,3,2,0,1,2,1,0,4,4,4,4,2,0,2,1,1,2,4,4,3,3,3,0,1,2,2,3,2,1,3,3,0,3,1,2,3,1,1,4,0,1,3,2,0,4,1,0,2,0,3,2,3,1,4,4,4,4,4,4,4,4,4,2,1,3,3,0,3,4,4,4,2,1,1,4,4,4,4,4,4,4,4,4,4,4,4,4,4,4,4,4,4,4,4,4,4,4,4,4,4,4,4,4,4,4,4,4,3,4,4,1,0,3,1,0,4,2,0,1,0,1,4,4,1,0,4,3,2,2,0,1,0,1,0,0,1,2,3,3,2,0,4,4,4,4,4,2,3,2,0,0,2,1,0,1,1,1,0,1,3,3,4,4,4,4,4,4,4,4,4,4,4,4,4,4,4,4,4,4,4,4,4,4,4,4,4,4,4,4,4,4,4,4,4,4,4,4,4,4,4,4,4,4,4,4,4,4,4,4,4,4,4,4,4,4,4,4,4,4,4,4,4,4,4,4,4,4,4,4,4,4,4,4,4,4,4,4,4,4,4,4,4,4,4,4,4,4,4,4,4,4,4,4,4,4,4,4,4,4,4,4,4,4,4,4,4,4,4,4,4,4,4,4,4,4,4,4,4,4,4,4,4,4,4,4,4,4,4,4,4,4,4,4,4,4,4,4,4,4,4,4,4,4,4,4,4,4,4,4,4,4,4,4,4,4,4,4,4,4,4,4,4,4,4,4,4,4,4,4,4,4,4,4,4,4,4,4,4,4,4,4,4,4,4,4,4,4,4,4,4,4,4,4,4,4,4,AGTL01000163.1/35181-35033,1
1650,0,2,3,2,2,1,3,1,0,3,3,1,4,0,1,1,4,1,3,4,1,3,3,0,3,2,3,1,4,0,2,1,4,4,4,4,1,1,1,3,3,4,1,2,2,4,4,4,4,4,4,2,0,1,2,3,4,4,4,4,4,4,4,4,4,4,4,4,4,4,4,4,4,4,4,4,4,4,4,4,4,2,1,3,0,1,0,3,0,0,0,1,3,4,3,4,1,2,0,4,0,3,2,0,1,2,1,0,4,4,4,4,1,0,0,4,4,4,4,4,4,4,1,0,0,2,2,3,4,4,4,4,4,4,4,4,4,4,4,4,4,4,4,4,4,4,4,4,4,4,4,4,4,4,4,4,4,4,4,4,4,4,4,4,4,4,4,4,4,4,4,4,4,4,4,4,4,4,4,4,4,4,4,4,4,4,4,4,4,4,4,4,4,4,4,4,4,4,4,4,4,4,4,4,4,4,4,4,4,4,4,4,4,4,4,4,4,4,4,4,4,4,4,4,4,4,4,4,4,4,4,4,4,4,4,4,4,4,4,4,4,4,2,1,4,1,3,4,4,4,4,4,4,4,2,1,1,2,3,1,1,0,4,4,4,4,4,4,4,4,4,4,4,4,4,4,4,4,4,4,4,4,4,4,4,4,4,4,4,4,4,4,4,4,4,4,4,4,4,4,4,4,4,4,4,4,4,4,4,4,4,4,4,4,4,4,4,4,4,4,4,4,4,4,4,4,4,4,4,4,4,4,4,4,4,4,4,4,4,4,4,4,4,4,4,4,4,4,4,4,4,4,4,4,4,4,4,4,4,4,4,4,4,4,4,4,4,4,4,4,4,4,4,4,4,4,4,4,4,4,4,4,4,4,4,4,4,4,4,4,4,4,4,4,4,4,4,4,4,4,4,4,4,4,4,4,4,4,4,4,4,4,4,4,4,4,4,4,4,4,4,4,4,4,4,4,4,4,4,4,4,4,4,4,4,4,4,4,4,4,4,4,4,4,4,4,4,4,4,4,4,4,4,4,4,4,4,AGFS01106841.1/117-32,1
1651,0,2,0,3,2,1,3,1,0,3,3,1,4,1,0,3,4,1,3,4,1,3,3,0,3,2,3,3,4,1,2,1,1,3,3,4,1,4,4,4,4,4,4,4,4,4,4,4,4,4,4,4,4,4,4,4,3,4,4,4,4,4,4,4,4,4,4,4,4,4,4,4,4,4,4,4,4,4,4,4,2,2,1,1,3,1,0,3,0,0,0,1,3,1,0,4,2,2,0,4,0,3,2,0,3,2,1,0,4,4,4,4,2,0,2,1,1,2,4,4,3,3,3,0,1,2,2,3,2,1,3,3,0,3,1,2,3,1,1,4,0,1,3,2,0,4,1,0,2,0,3,2,3,1,4,4,4,4,4,4,4,4,4,2,1,3,3,0,1,4,4,4,2,1,1,4,4,4,4,4,4,4,4,4,4,4,4,4,4,4,4,4,4,4,4,4,4,4,4,4,4,4,4,4,4,4,4,4,3,4,4,1,0,3,1,0,4,0,0,1,0,1,4,4,1,1,4,3,2,2,0,1,0,1,0,0,1,2,3,3,2,0,4,4,4,4,4,2,3,2,0,0,2,1,0,1,1,1,1,3,3,3,4,4,4,4,4,4,4,4,4,4,4,4,4,4,4,4,4,4,4,4,4,4,4,4,4,4,4,4,4,4,4,4,4,4,4,4,4,4,4,4,4,4,4,4,4,4,4,4,4,4,4,4,4,4,4,4,4,4,4,4,4,4,4,4,4,4,4,4,4,4,4,4,4,4,4,4,4,4,4,4,4,4,4,4,4,4,4,4,4,4,4,4,4,4,4,4,4,4,4,4,4,4,4,4,4,4,4,4,4,4,4,4,4,4,4,4,4,4,4,4,4,4,4,4,4,4,4,4,4,4,4,4,4,4,4,4,4,4,4,4,4,4,4,4,4,4,4,4,4,4,4,4,4,4,4,4,4,4,4,4,4,4,4,4,4,4,4,4,4,4,4,4,4,4,4,4,4,4,4,4,4,4,4,4,4,4,4,4,4,4,4,4,4,4,4,AESQ01000013.1/39712-39860,1
1652,0,2,3,2,2,1,3,1,0,3,3,1,4,0,1,1,4,2,0,4,1,3,3,0,3,2,3,1,4,0,2,1,4,4,4,4,1,1,1,3,3,4,1,2,2,4,4,4,4,4,4,2,0,1,2,3,4,4,4,4,4,4,4,4,4,4,4,4,4,4,4,4,4,4,4,4,4,4,4,4,4,2,1,3,0,1,0,3,0,0,0,0,3,4,3,4,1,2,0,4,0,3,2,0,1,2,1,0,4,4,4,4,1,0,0,4,4,4,4,4,4,4,1,0,0,2,2,3,2,1,1,3,2,1,1,2,3,1,1,0,0,1,3,3,4,4,1,3,2,0,3,0,3,1,0,4,4,4,4,4,4,4,4,2,1,2,3,0,4,4,4,4,2,1,3,4,4,4,4,4,4,4,4,4,4,4,4,4,4,4,4,4,4,4,4,4,4,4,4,4,4,4,4,4,4,4,4,4,0,4,4,3,0,3,1,0,4,0,1,1,0,3,4,4,1,4,4,4,2,2,2,1,2,0,0,0,1,2,3,1,2,0,4,4,4,4,4,2,3,3,0,2,2,1,0,1,1,2,1,1,3,3,4,4,4,4,4,4,4,4,4,4,4,4,4,4,4,4,4,4,4,4,4,4,4,4,4,4,4,4,4,4,4,4,4,4,4,4,4,4,4,4,4,4,4,4,4,4,4,4,4,4,4,4,4,4,4,4,4,4,4,4,4,4,4,4,4,4,4,4,4,4,4,4,4,4,4,4,4,4,4,4,4,4,4,4,4,4,4,4,4,4,4,4,4,4,4,4,4,4,4,4,4,4,4,4,4,4,4,4,4,4,4,4,4,4,4,4,4,4,4,4,4,4,4,4,4,4,4,4,4,4,4,4,4,4,4,4,4,4,4,4,4,4,4,4,4,4,4,4,4,4,4,4,4,4,4,4,4,4,4,4,4,4,4,4,4,4,4,4,4,4,4,4,4,4,4,4,4,4,4,4,4,4,4,4,4,4,4,4,4,4,4,4,4,4,4,ADUY01000103.1/2669-2522,1
1653,0,2,0,3,2,1,3,1,0,3,3,1,4,1,0,3,4,1,3,4,1,3,3,0,3,2,3,3,4,1,2,1,1,3,3,4,1,4,4,4,4,4,4,4,4,4,4,4,4,4,4,4,4,4,4,4,3,4,4,4,4,4,4,4,4,4,4,4,4,4,4,4,4,4,4,4,4,4,4,4,2,2,1,1,3,1,0,3,0,0,0,1,3,1,0,4,2,2,0,4,0,3,2,0,3,2,1,0,4,4,4,4,2,0,2,1,1,2,4,4,3,3,3,0,1,2,2,3,2,1,3,3,0,3,1,2,3,1,1,4,0,1,3,2,0,4,1,0,2,0,3,2,3,1,4,4,4,4,4,4,4,4,4,2,1,3,3,0,1,4,4,4,2,1,1,4,4,4,4,4,4,4,4,4,4,4,4,4,4,4,4,4,4,4,4,4,4,4,4,4,4,4,4,4,4,4,4,4,3,4,4,1,0,3,1,0,4,0,0,1,0,1,4,4,1,1,4,3,2,2,0,1,0,1,0,0,1,2,3,3,2,0,4,4,4,4,4,2,3,2,0,0,2,1,0,1,1,1,1,3,3,3,4,4,4,4,4,4,4,4,4,4,4,4,4,4,4,4,4,4,4,4,4,4,4,4,4,4,4,4,4,4,4,4,4,4,4,4,4,4,4,4,4,4,4,4,4,4,4,4,4,4,4,4,4,4,4,4,4,4,4,4,4,4,4,4,4,4,4,4,4,4,4,4,4,4,4,4,4,4,4,4,4,4,4,4,4,4,4,4,4,4,4,4,4,4,4,4,4,4,4,4,4,4,4,4,4,4,4,4,4,4,4,4,4,4,4,4,4,4,4,4,4,4,4,4,4,4,4,4,4,4,4,4,4,4,4,4,4,4,4,4,4,4,4,4,4,4,4,4,4,4,4,4,4,4,4,4,4,4,4,4,4,4,4,4,4,4,4,4,4,4,4,4,4,4,4,4,4,4,4,4,4,4,4,4,4,4,4,4,4,4,4,4,4,4,4,AESL01000037.1/53125-52977,1
1654,1,2,1,3,2,1,3,1,0,3,3,1,4,0,0,1,4,3,2,4,2,3,3,0,3,2,0,3,4,2,1,0,1,4,4,4,4,4,4,4,4,4,4,0,2,2,3,0,2,3,4,3,3,3,0,0,4,4,4,4,4,4,4,4,4,4,4,4,4,4,4,4,4,4,4,4,4,4,4,4,4,3,2,1,3,1,0,3,0,0,1,0,1,1,1,4,2,2,0,4,0,3,2,0,3,2,1,1,4,4,4,4,0,1,0,0,2,4,4,4,4,0,3,0,0,2,2,3,2,1,1,3,0,3,1,2,3,1,1,0,0,1,0,3,1,0,3,3,2,0,3,0,0,1,3,4,4,4,4,4,4,4,4,2,1,1,3,2,1,2,4,2,2,1,3,4,4,4,4,4,4,4,4,4,4,4,4,4,4,4,4,4,4,4,4,4,4,4,4,4,4,4,4,4,4,4,4,4,3,4,4,3,0,3,1,2,4,1,0,1,0,3,4,4,1,4,4,4,2,2,2,1,2,0,1,0,1,2,3,3,2,0,4,4,4,4,4,2,3,2,0,2,2,1,0,1,1,2,1,1,3,0,4,4,4,4,4,4,4,4,4,4,4,4,4,4,4,4,4,4,4,4,4,4,4,4,4,4,4,4,4,4,4,4,4,4,4,4,4,4,4,4,4,4,4,4,4,4,4,4,4,4,4,4,4,4,4,4,4,4,4,4,4,4,4,4,4,4,4,4,4,4,4,4,4,4,4,4,4,4,4,4,4,4,4,4,4,4,4,4,4,4,4,4,4,4,4,4,4,4,4,4,4,4,4,4,4,4,4,4,4,4,4,4,4,4,4,4,4,4,4,4,4,4,4,4,4,4,4,4,4,4,4,4,4,4,4,4,4,4,4,4,4,4,4,4,4,4,4,4,4,4,4,4,4,4,4,4,4,4,4,4,4,4,4,4,4,4,4,4,4,4,4,4,4,4,4,4,4,4,4,4,4,4,4,4,4,4,4,4,4,4,4,4,4,4,4,CP001655.1/1250973-1251129,1
1655,0,2,0,3,2,1,3,1,0,3,3,1,4,1,0,3,4,1,3,4,1,3,3,0,3,2,3,3,4,1,2,1,1,3,4,4,4,4,4,4,4,4,4,4,4,4,4,4,4,4,4,4,4,4,4,4,3,0,4,4,4,4,4,4,4,4,4,4,4,4,4,4,4,4,4,4,4,4,4,2,3,2,1,1,3,1,0,3,0,0,0,1,3,1,1,4,2,2,0,4,0,3,2,0,1,2,1,0,4,4,4,4,2,0,2,1,1,2,4,4,3,3,3,0,1,2,2,3,2,1,3,3,0,3,1,2,3,1,1,4,0,1,3,2,0,4,1,0,2,0,3,2,3,1,4,4,4,4,4,4,4,4,4,2,1,3,3,1,3,4,4,4,2,1,1,4,4,4,4,4,4,4,4,4,4,4,4,4,4,4,4,4,4,4,4,4,4,4,4,4,4,4,4,4,4,4,4,4,3,4,4,1,0,3,1,0,4,2,0,1,0,1,4,4,1,0,4,3,2,2,0,1,0,1,0,0,1,2,3,3,2,0,4,4,4,4,4,2,3,2,0,0,2,1,0,1,1,1,0,1,3,3,4,4,4,4,4,4,4,4,4,4,4,4,4,4,4,4,4,4,4,4,4,4,4,4,4,4,4,4,4,4,4,4,4,4,4,4,4,4,4,4,4,4,4,4,4,4,4,4,4,4,4,4,4,4,4,4,4,4,4,4,4,4,4,4,4,4,4,4,4,4,4,4,4,4,4,4,4,4,4,4,4,4,4,4,4,4,4,4,4,4,4,4,4,4,4,4,4,4,4,4,4,4,4,4,4,4,4,4,4,4,4,4,4,4,4,4,4,4,4,4,4,4,4,4,4,4,4,4,4,4,4,4,4,4,4,4,4,4,4,4,4,4,4,4,4,4,4,4,4,4,4,4,4,4,4,4,4,4,4,4,4,4,4,4,4,4,4,4,4,4,4,4,4,4,4,4,4,4,4,4,4,4,4,4,4,4,4,4,4,4,4,4,4,4,4,ADAV01000096.1/39262-39410,1
1656,0,2,3,2,2,1,3,1,0,3,3,1,4,0,1,1,4,3,3,4,1,3,3,0,3,2,3,1,4,0,2,1,4,4,4,4,1,1,1,3,3,4,0,2,2,4,4,4,4,4,4,2,0,1,2,1,4,4,4,4,4,4,4,4,4,4,4,4,4,4,4,4,4,4,4,4,4,4,4,4,4,2,1,3,0,1,0,3,0,0,0,1,3,4,3,4,1,2,0,4,0,3,2,0,1,2,1,0,4,4,4,4,1,0,0,4,4,4,4,4,4,4,1,0,0,2,2,3,2,1,1,3,2,1,1,2,3,1,1,0,0,1,3,3,4,4,1,3,2,0,3,0,0,3,0,4,4,4,4,4,4,4,4,2,1,2,3,0,4,4,4,4,2,1,3,4,4,4,4,4,4,4,4,4,4,4,4,4,4,4,4,4,4,4,4,4,4,4,4,4,4,4,4,4,4,4,4,4,3,4,4,3,0,3,1,0,4,0,1,1,3,1,4,4,1,4,4,4,2,2,2,1,2,0,0,0,1,2,3,1,2,0,4,4,4,4,4,2,3,3,0,2,2,1,0,1,1,2,1,1,3,3,4,4,4,4,4,4,4,4,4,4,4,4,4,4,4,4,4,4,4,4,4,4,4,4,4,4,4,4,4,4,4,4,4,4,4,4,4,4,4,4,4,4,4,4,4,4,4,4,4,4,4,4,4,4,4,4,4,4,4,4,4,4,4,4,4,4,4,4,4,4,4,4,4,4,4,4,4,4,4,4,4,4,4,4,4,4,4,4,4,4,4,4,4,4,4,4,4,4,4,4,4,4,4,4,4,4,4,4,4,4,4,4,4,4,4,4,4,4,4,4,4,4,4,4,4,4,4,4,4,4,4,4,4,4,4,4,4,4,4,4,4,4,4,4,4,4,4,4,4,4,4,4,4,4,4,4,4,4,4,4,4,4,4,4,4,4,4,4,4,4,4,4,4,4,4,4,4,4,4,4,4,4,4,4,4,4,4,4,4,4,4,4,4,4,4,AETB01000017.1/40321-40468,1
1657,0,2,0,3,2,1,3,1,0,3,3,1,4,1,0,3,4,1,3,4,1,3,3,0,3,2,3,3,4,1,2,1,1,3,3,4,1,4,4,4,4,4,4,4,4,4,4,4,4,4,4,4,4,4,4,4,3,4,4,4,4,4,4,4,4,4,4,4,4,4,4,4,4,4,4,4,4,4,4,4,2,2,1,1,3,1,0,3,0,0,0,1,3,1,0,4,2,2,0,4,0,3,2,0,3,2,1,0,4,4,4,4,2,0,2,1,1,2,4,4,3,3,3,0,1,2,2,3,2,1,3,3,0,3,1,2,3,1,1,4,0,1,3,2,0,4,1,0,2,0,3,2,3,1,4,4,4,4,4,4,4,4,4,2,1,3,3,0,1,4,4,4,2,1,1,4,4,4,4,4,4,4,4,4,4,4,4,4,4,4,4,4,4,4,4,4,4,4,4,4,4,4,4,4,4,4,4,4,3,4,4,1,0,3,1,0,4,0,0,1,0,1,4,4,1,1,4,3,2,2,0,1,0,1,0,0,1,2,3,3,2,0,4,4,4,4,4,2,3,2,0,0,2,1,0,1,1,1,1,3,3,3,4,4,4,4,4,4,4,4,4,4,4,4,4,4,4,4,4,4,4,4,4,4,4,4,4,4,4,4,4,4,4,4,4,4,4,4,4,4,4,4,4,4,4,4,4,4,4,4,4,4,4,4,4,4,4,4,4,4,4,4,4,4,4,4,4,4,4,4,4,4,4,4,4,4,4,4,4,4,4,4,4,4,4,4,4,4,4,4,4,4,4,4,4,4,4,4,4,4,4,4,4,4,4,4,4,4,4,4,4,4,4,4,4,4,4,4,4,4,4,4,4,4,4,4,4,4,4,4,4,4,4,4,4,4,4,4,4,4,4,4,4,4,4,4,4,4,4,4,4,4,4,4,4,4,4,4,4,4,4,4,4,4,4,4,4,4,4,4,4,4,4,4,4,4,4,4,4,4,4,4,4,4,4,4,4,4,4,4,4,4,4,4,4,4,4,AFCM01001404.1/295-443,1
1658,0,2,0,3,2,1,3,1,0,3,3,1,4,1,0,3,4,1,3,4,1,3,3,0,3,2,3,3,4,1,2,1,1,3,4,4,4,4,4,4,4,4,4,4,4,4,4,4,4,4,4,4,4,4,4,4,3,0,4,4,4,4,4,4,4,4,4,4,4,4,4,4,4,4,4,4,4,4,4,2,3,2,1,1,3,1,0,3,0,0,0,1,3,1,1,4,2,2,0,4,0,3,2,0,1,2,1,0,4,4,4,4,2,0,2,1,1,2,4,4,3,3,3,0,1,2,2,3,2,1,3,3,0,3,1,2,3,1,1,4,0,1,3,2,0,4,1,0,2,0,3,2,3,1,4,4,4,4,4,4,4,4,4,2,1,3,3,0,3,4,4,4,2,1,1,4,4,4,4,4,4,4,4,4,4,4,4,4,4,4,4,4,4,4,4,4,4,4,4,4,4,4,4,4,4,4,4,4,3,4,4,1,0,3,1,0,4,2,0,1,0,1,4,4,1,0,4,3,2,2,0,1,0,1,0,0,1,2,3,3,2,0,4,4,4,4,4,2,3,2,0,0,2,1,0,1,1,1,0,1,3,3,4,4,4,4,4,4,4,4,4,4,4,4,4,4,4,4,4,4,4,4,4,4,4,4,4,4,4,4,4,4,4,4,4,4,4,4,4,4,4,4,4,4,4,4,4,4,4,4,4,4,4,4,4,4,4,4,4,4,4,4,4,4,4,4,4,4,4,4,4,4,4,4,4,4,4,4,4,4,4,4,4,4,4,4,4,4,4,4,4,4,4,4,4,4,4,4,4,4,4,4,4,4,4,4,4,4,4,4,4,4,4,4,4,4,4,4,4,4,4,4,4,4,4,4,4,4,4,4,4,4,4,4,4,4,4,4,4,4,4,4,4,4,4,4,4,4,4,4,4,4,4,4,4,4,4,4,4,4,4,4,4,4,4,4,4,4,4,4,4,4,4,4,4,4,4,4,4,4,4,4,4,4,4,4,4,4,4,4,4,4,4,4,4,4,4,AFOG01000142.1/2224-2372,1
1659,0,2,0,3,2,1,3,1,0,3,3,1,4,1,0,1,4,1,3,4,1,3,3,0,3,2,3,3,4,1,2,1,1,3,4,4,4,4,4,4,4,4,4,4,4,4,4,4,4,4,4,4,4,4,4,4,3,4,4,4,4,4,4,4,4,4,4,4,4,4,4,4,4,4,4,4,4,4,4,0,2,2,1,3,3,1,0,3,0,0,0,1,1,1,3,2,2,2,0,4,0,3,2,0,3,2,1,0,4,4,4,4,2,0,2,1,1,2,4,0,3,3,3,0,2,2,2,3,2,1,1,3,0,3,3,2,3,1,1,0,1,1,0,2,0,4,0,1,2,0,3,2,0,1,0,2,1,2,4,4,4,4,4,4,4,4,4,4,4,4,4,4,4,4,4,3,3,2,1,3,3,2,1,4,4,4,4,4,4,4,4,4,4,4,4,4,4,4,4,4,0,0,1,3,2,1,3,2,0,4,4,1,0,3,1,0,4,1,0,1,3,1,4,4,1,4,4,4,2,2,2,1,0,3,0,0,1,2,3,3,2,0,4,4,4,4,4,2,3,2,0,2,2,1,0,1,1,2,1,1,1,1,4,4,4,4,4,4,4,4,4,4,4,4,4,4,4,4,4,4,4,4,4,4,4,4,4,4,4,4,4,4,4,4,4,4,4,4,4,4,4,4,4,4,4,4,4,4,4,4,4,4,4,4,4,4,4,4,4,4,4,4,4,4,4,4,4,4,4,4,4,4,4,4,4,4,4,4,4,4,4,4,4,4,4,4,4,4,4,4,4,4,4,4,4,4,4,4,4,4,4,4,4,4,4,4,4,4,4,4,4,4,4,4,4,4,4,4,4,4,4,4,4,4,4,4,4,4,4,4,4,4,4,4,4,4,4,4,4,4,4,4,4,4,4,4,4,4,4,4,4,4,4,4,4,4,4,4,4,4,4,4,4,4,4,4,4,4,4,4,4,4,4,4,4,4,4,4,4,4,4,4,4,4,4,4,4,4,4,4,4,4,4,4,4,4,4,CP002773.1/160648-160807,1
1660,0,2,3,2,2,1,3,1,0,3,3,1,4,0,1,1,4,3,3,4,1,3,3,0,3,2,3,1,4,0,2,1,4,4,4,4,1,1,1,3,3,4,0,2,2,4,4,4,4,4,4,2,0,1,2,1,4,4,4,4,4,4,4,4,4,4,4,4,4,4,4,4,4,4,4,4,4,4,4,4,4,2,1,3,0,1,0,3,0,0,0,1,3,4,3,4,1,2,0,4,0,3,2,0,1,2,1,0,4,4,4,4,1,0,0,4,4,4,4,4,4,4,1,0,0,2,2,3,2,1,1,3,2,1,1,2,3,1,1,0,0,1,3,3,4,4,1,3,2,0,3,0,0,3,0,4,4,4,4,4,4,4,4,2,1,2,3,0,4,4,4,4,2,1,3,4,4,4,4,4,4,4,4,4,4,4,4,4,4,4,4,4,4,4,4,4,4,4,4,4,4,4,4,4,4,4,4,4,3,4,4,3,0,3,1,0,4,0,1,1,3,1,4,4,1,4,4,4,2,2,2,1,2,0,0,0,1,2,3,1,2,0,4,4,4,4,4,2,3,3,0,2,2,1,0,1,1,2,1,1,3,3,4,4,4,4,4,4,4,4,4,4,4,4,4,4,4,4,4,4,4,4,4,4,4,4,4,4,4,4,4,4,4,4,4,4,4,4,4,4,4,4,4,4,4,4,4,4,4,4,4,4,4,4,4,4,4,4,4,4,4,4,4,4,4,4,4,4,4,4,4,4,4,4,4,4,4,4,4,4,4,4,4,4,4,4,4,4,4,4,4,4,4,4,4,4,4,4,4,4,4,4,4,4,4,4,4,4,4,4,4,4,4,4,4,4,4,4,4,4,4,4,4,4,4,4,4,4,4,4,4,4,4,4,4,4,4,4,4,4,4,4,4,4,4,4,4,4,4,4,4,4,4,4,4,4,4,4,4,4,4,4,4,4,4,4,4,4,4,4,4,4,4,4,4,4,4,4,4,4,4,4,4,4,4,4,4,4,4,4,4,4,4,4,4,4,4,AFCN01001084.1/156-9,1
1661,0,2,0,3,2,1,3,1,0,3,3,1,4,1,0,3,4,1,3,4,1,3,3,0,3,2,3,3,4,1,2,1,1,3,4,4,4,4,4,4,4,4,4,4,4,4,4,4,4,4,4,4,4,4,4,4,3,0,4,4,4,4,4,4,4,4,4,4,4,4,4,4,4,4,4,4,4,4,4,2,3,2,1,1,3,1,0,3,0,0,0,1,3,1,1,4,2,2,0,4,0,3,2,0,1,2,1,0,4,4,4,4,2,0,2,1,1,2,4,4,3,3,3,0,1,2,2,3,2,1,3,3,0,3,1,2,3,1,1,4,0,1,3,2,0,4,1,0,2,0,3,2,3,1,4,4,4,4,4,4,4,4,4,2,1,3,3,0,3,4,4,4,2,1,1,4,4,4,4,4,4,4,4,4,4,4,4,4,4,4,4,4,4,4,4,4,4,4,4,4,4,4,4,4,4,4,4,4,3,4,4,1,0,3,1,0,4,2,0,1,0,1,4,4,1,0,4,3,2,2,0,1,0,1,0,0,1,2,3,3,2,0,4,4,4,4,4,2,3,2,0,0,2,1,0,1,1,1,0,1,3,3,4,4,4,4,4,4,4,4,4,4,4,4,4,4,4,4,4,4,4,4,4,4,4,4,4,4,4,4,4,4,4,4,4,4,4,4,4,4,4,4,4,4,4,4,4,4,4,4,4,4,4,4,4,4,4,4,4,4,4,4,4,4,4,4,4,4,4,4,4,4,4,4,4,4,4,4,4,4,4,4,4,4,4,4,4,4,4,4,4,4,4,4,4,4,4,4,4,4,4,4,4,4,4,4,4,4,4,4,4,4,4,4,4,4,4,4,4,4,4,4,4,4,4,4,4,4,4,4,4,4,4,4,4,4,4,4,4,4,4,4,4,4,4,4,4,4,4,4,4,4,4,4,4,4,4,4,4,4,4,4,4,4,4,4,4,4,4,4,4,4,4,4,4,4,4,4,4,4,4,4,4,4,4,4,4,4,4,4,4,4,4,4,4,4,4,ADUN01000087.1/38312-38460,1
1662,0,2,3,2,2,1,3,1,0,3,3,1,4,0,1,1,4,3,3,4,1,3,3,0,3,2,3,1,4,0,2,1,4,4,4,4,1,1,1,3,3,4,0,2,2,4,4,4,4,4,4,2,0,1,2,1,4,4,4,4,4,4,4,4,4,4,4,4,4,4,4,4,4,4,4,4,4,4,4,4,4,2,1,3,0,1,0,3,0,0,0,1,3,4,3,4,1,2,0,4,0,3,2,0,1,2,1,0,4,4,4,4,1,0,0,4,4,4,4,4,4,4,1,0,0,2,2,3,2,1,1,3,2,1,1,2,3,1,1,0,0,1,3,3,4,4,1,3,2,0,3,0,0,3,0,4,4,4,4,4,4,4,4,2,1,2,3,0,4,4,4,4,2,1,3,4,4,4,4,4,4,4,4,4,4,4,4,4,4,4,4,4,4,4,4,4,4,4,4,4,4,4,4,4,4,4,4,4,3,4,4,3,0,3,1,0,4,0,1,1,3,1,4,4,1,4,4,4,2,2,2,1,2,0,0,0,1,2,3,1,2,0,4,4,4,4,4,2,3,3,0,2,2,1,0,1,1,2,1,1,3,3,4,4,4,4,4,4,4,4,4,4,4,4,4,4,4,4,4,4,4,4,4,4,4,4,4,4,4,4,4,4,4,4,4,4,4,4,4,4,4,4,4,4,4,4,4,4,4,4,4,4,4,4,4,4,4,4,4,4,4,4,4,4,4,4,4,4,4,4,4,4,4,4,4,4,4,4,4,4,4,4,4,4,4,4,4,4,4,4,4,4,4,4,4,4,4,4,4,4,4,4,4,4,4,4,4,4,4,4,4,4,4,4,4,4,4,4,4,4,4,4,4,4,4,4,4,4,4,4,4,4,4,4,4,4,4,4,4,4,4,4,4,4,4,4,4,4,4,4,4,4,4,4,4,4,4,4,4,4,4,4,4,4,4,4,4,4,4,4,4,4,4,4,4,4,4,4,4,4,4,4,4,4,4,4,4,4,4,4,4,4,4,4,4,4,4,AFYI01000002.1/2430129-2429982,1
1663,0,2,0,3,2,1,3,1,0,3,3,1,4,1,0,3,4,1,3,4,1,3,3,0,3,2,3,3,4,1,2,1,1,3,4,4,4,4,4,4,4,4,4,4,4,4,4,4,4,4,4,4,4,4,4,4,3,4,4,4,4,4,4,4,4,4,4,4,4,4,4,4,4,4,4,4,4,4,4,0,2,2,1,1,3,1,0,3,0,0,0,1,3,1,0,4,2,2,0,4,0,3,2,0,1,2,1,0,4,4,4,4,2,0,2,1,1,2,4,4,3,3,3,0,1,2,2,3,2,1,3,3,0,3,1,2,3,1,1,4,0,1,3,2,0,4,1,0,2,0,3,2,3,1,4,4,4,4,4,4,4,4,4,2,1,3,3,1,2,4,4,4,2,1,1,4,4,4,4,4,4,4,4,4,4,4,4,4,4,4,4,4,4,4,4,4,4,4,4,4,4,4,4,4,4,4,4,4,3,4,4,1,0,3,1,0,4,2,0,1,0,1,4,4,1,0,4,3,2,2,0,1,0,1,0,0,1,2,3,3,2,0,4,4,4,4,4,2,3,2,0,0,2,1,0,1,1,0,0,0,3,0,4,4,4,4,4,4,4,4,4,4,4,4,4,4,4,4,4,4,4,4,4,4,4,4,4,4,4,4,4,4,4,4,4,4,4,4,4,4,4,4,4,4,4,4,4,4,4,4,4,4,4,4,4,4,4,4,4,4,4,4,4,4,4,4,4,4,4,4,4,4,4,4,4,4,4,4,4,4,4,4,4,4,4,4,4,4,4,4,4,4,4,4,4,4,4,4,4,4,4,4,4,4,4,4,4,4,4,4,4,4,4,4,4,4,4,4,4,4,4,4,4,4,4,4,4,4,4,4,4,4,4,4,4,4,4,4,4,4,4,4,4,4,4,4,4,4,4,4,4,4,4,4,4,4,4,4,4,4,4,4,4,4,4,4,4,4,4,4,4,4,4,4,4,4,4,4,4,4,4,4,4,4,4,4,4,4,4,4,4,4,4,4,4,4,4,AFHR01000073.1/53985-53838,1
1664,0,2,0,3,2,1,3,1,0,3,3,1,4,1,0,3,4,1,3,4,1,3,3,0,3,2,3,3,4,1,2,1,1,3,4,4,4,4,4,4,4,4,4,4,4,4,4,4,4,4,4,4,4,4,4,4,3,0,4,4,4,4,4,4,4,4,4,4,4,4,4,4,4,4,4,4,4,4,4,2,3,2,1,1,3,1,0,3,0,0,0,1,3,1,1,4,2,2,0,4,0,3,2,0,1,2,1,0,4,4,4,4,2,0,2,1,1,2,4,4,3,3,3,0,1,2,2,3,2,1,3,3,0,3,1,2,3,1,1,4,0,1,3,2,0,4,1,0,2,0,3,2,3,1,4,4,4,4,4,4,4,4,4,2,1,3,3,0,3,4,4,4,2,1,1,4,4,4,4,4,4,4,4,4,4,4,4,4,4,4,4,4,4,4,4,4,4,4,4,4,4,4,4,4,4,4,4,4,3,4,4,1,0,3,1,0,4,2,0,1,0,1,4,4,1,0,4,3,2,2,0,1,0,1,0,0,1,2,3,3,2,0,4,4,4,4,4,2,3,2,0,0,2,1,0,1,1,1,0,1,3,3,4,4,4,4,4,4,4,4,4,4,4,4,4,4,4,4,4,4,4,4,4,4,4,4,4,4,4,4,4,4,4,4,4,4,4,4,4,4,4,4,4,4,4,4,4,4,4,4,4,4,4,4,4,4,4,4,4,4,4,4,4,4,4,4,4,4,4,4,4,4,4,4,4,4,4,4,4,4,4,4,4,4,4,4,4,4,4,4,4,4,4,4,4,4,4,4,4,4,4,4,4,4,4,4,4,4,4,4,4,4,4,4,4,4,4,4,4,4,4,4,4,4,4,4,4,4,4,4,4,4,4,4,4,4,4,4,4,4,4,4,4,4,4,4,4,4,4,4,4,4,4,4,4,4,4,4,4,4,4,4,4,4,4,4,4,4,4,4,4,4,4,4,4,4,4,4,4,4,4,4,4,4,4,4,4,4,4,4,4,4,4,4,4,4,4,AFVB01000009.1/41265-41413,1
1665,0,2,3,3,2,1,3,1,0,3,3,1,4,0,0,1,4,3,3,4,3,3,3,0,3,2,3,1,4,2,2,3,1,1,0,4,1,0,0,3,0,4,3,2,2,2,3,2,2,2,4,0,0,1,0,3,4,4,4,4,4,4,4,4,4,4,4,4,4,4,4,4,4,4,4,4,4,4,4,4,4,0,1,1,0,1,0,3,0,0,2,1,1,4,0,4,0,2,0,4,0,3,2,0,1,2,1,1,4,4,4,4,0,2,0,2,4,4,4,4,4,4,3,0,0,2,2,3,2,1,1,3,0,1,1,2,3,1,1,0,0,1,0,3,1,4,0,3,2,0,3,0,1,3,1,2,1,1,4,4,4,4,4,4,4,4,3,3,1,2,4,2,2,1,1,4,4,4,4,4,4,4,4,4,4,4,4,4,4,4,4,4,4,4,4,4,4,4,4,4,4,4,4,4,4,4,4,4,3,4,4,3,0,3,1,0,4,0,0,1,0,1,4,4,0,4,4,4,2,2,2,1,2,0,1,0,1,2,3,2,2,0,4,4,4,4,4,2,3,2,0,2,2,1,0,1,1,0,1,1,3,3,4,4,4,4,4,4,4,4,4,4,4,4,4,4,4,4,4,4,4,4,4,4,4,4,4,4,4,4,4,4,4,4,4,4,4,4,4,4,4,4,4,4,4,4,4,4,4,4,4,4,4,4,4,4,4,4,4,4,4,4,4,4,4,4,4,4,4,4,4,4,4,4,4,4,4,4,4,4,4,4,4,4,4,4,4,4,4,4,4,4,4,4,4,4,4,4,4,4,4,4,4,4,4,4,4,4,4,4,4,4,4,4,4,4,4,4,4,4,4,4,4,4,4,4,4,4,4,4,4,4,4,4,4,4,4,4,4,4,4,4,4,4,4,4,4,4,4,4,4,4,4,4,4,4,4,4,4,4,4,4,4,4,4,4,4,4,4,4,4,4,4,4,4,4,4,4,4,4,4,4,4,4,4,4,4,4,4,4,4,4,4,4,4,4,4,AAZX01020872.1/792-632,1
1666,0,2,0,3,2,1,3,1,0,3,3,1,4,1,0,3,4,1,3,4,1,3,3,0,3,2,3,3,4,1,2,1,1,3,4,4,4,4,4,4,4,4,4,4,4,4,4,4,4,4,4,4,4,4,4,4,3,0,4,4,4,4,4,4,4,4,4,4,4,4,4,4,4,4,4,4,4,4,4,2,3,2,1,1,3,1,0,3,0,0,0,1,3,1,1,4,2,2,0,4,0,3,2,0,1,2,1,0,4,4,4,4,2,0,2,1,1,2,4,4,3,3,3,0,1,2,2,3,2,1,3,3,0,3,1,2,3,1,1,4,0,1,3,2,0,4,1,0,2,0,3,2,3,1,4,4,4,4,4,4,4,4,4,2,1,3,3,0,3,4,4,4,2,1,1,4,4,4,4,4,4,4,4,4,4,4,4,4,4,4,4,4,4,4,4,4,4,4,4,4,4,4,4,4,4,4,4,4,3,4,4,1,0,3,1,0,4,2,0,1,0,1,4,4,1,0,4,3,2,2,0,1,0,1,0,0,1,2,3,3,2,0,4,4,4,4,4,2,3,2,0,0,2,1,0,1,1,1,0,1,3,3,4,4,4,4,4,4,4,4,4,4,4,4,4,4,4,4,4,4,4,4,4,4,4,4,4,4,4,4,4,4,4,4,4,4,4,4,4,4,4,4,4,4,4,4,4,4,4,4,4,4,4,4,4,4,4,4,4,4,4,4,4,4,4,4,4,4,4,4,4,4,4,4,4,4,4,4,4,4,4,4,4,4,4,4,4,4,4,4,4,4,4,4,4,4,4,4,4,4,4,4,4,4,4,4,4,4,4,4,4,4,4,4,4,4,4,4,4,4,4,4,4,4,4,4,4,4,4,4,4,4,4,4,4,4,4,4,4,4,4,4,4,4,4,4,4,4,4,4,4,4,4,4,4,4,4,4,4,4,4,4,4,4,4,4,4,4,4,4,4,4,4,4,4,4,4,4,4,4,4,4,4,4,4,4,4,4,4,4,4,4,4,4,4,4,4,ADBC01000155.1/39143-39291,1
1667,0,2,3,2,2,1,3,1,0,3,3,1,4,0,1,1,4,2,0,4,1,3,3,0,3,2,3,1,4,0,2,1,4,4,4,4,1,1,1,3,3,4,1,2,2,4,4,4,4,4,4,2,0,1,2,3,4,4,4,4,4,4,4,4,4,4,4,4,4,4,4,4,4,4,4,4,4,4,4,4,4,2,1,3,0,1,0,3,0,0,0,0,3,4,3,4,1,2,0,4,0,3,2,0,1,2,1,0,4,4,4,4,1,0,0,4,4,4,4,4,4,4,1,0,0,2,2,3,2,1,1,3,2,1,1,2,3,1,1,0,0,1,3,3,4,4,1,3,2,0,3,0,3,1,0,4,4,4,4,4,4,4,4,2,1,2,3,0,4,4,4,4,2,1,3,4,4,4,4,4,4,4,4,4,4,4,4,4,4,4,4,4,4,4,4,4,4,4,4,4,4,4,4,4,4,4,4,4,0,4,4,3,0,3,1,0,4,0,1,1,0,3,4,4,1,4,4,4,2,2,2,1,2,0,0,0,1,2,3,1,2,0,4,4,4,4,4,2,3,3,0,2,2,1,0,1,1,2,1,1,3,3,4,4,4,4,4,4,4,4,4,4,4,4,4,4,4,4,4,4,4,4,4,4,4,4,4,4,4,4,4,4,4,4,4,4,4,4,4,4,4,4,4,4,4,4,4,4,4,4,4,4,4,4,4,4,4,4,4,4,4,4,4,4,4,4,4,4,4,4,4,4,4,4,4,4,4,4,4,4,4,4,4,4,4,4,4,4,4,4,4,4,4,4,4,4,4,4,4,4,4,4,4,4,4,4,4,4,4,4,4,4,4,4,4,4,4,4,4,4,4,4,4,4,4,4,4,4,4,4,4,4,4,4,4,4,4,4,4,4,4,4,4,4,4,4,4,4,4,4,4,4,4,4,4,4,4,4,4,4,4,4,4,4,4,4,4,4,4,4,4,4,4,4,4,4,4,4,4,4,4,4,4,4,4,4,4,4,4,4,4,4,4,4,4,4,4,ADVA01000251.1/34552-34699,1
1668,0,2,0,3,2,1,3,1,0,3,3,1,4,1,0,1,4,1,3,4,1,3,3,0,3,2,3,3,4,1,2,1,1,3,4,4,4,4,4,4,4,4,4,4,4,4,4,4,4,4,4,4,4,4,4,4,3,4,4,4,4,4,4,4,4,4,4,4,4,4,4,4,4,4,4,4,4,4,4,0,2,2,1,3,3,1,0,3,0,0,0,1,1,1,3,2,2,2,0,4,0,3,2,0,3,2,1,0,4,4,4,4,2,0,2,1,1,2,4,0,3,3,3,0,2,2,2,3,2,1,1,3,0,3,3,2,3,1,1,0,1,1,0,2,0,4,0,1,2,0,3,2,0,1,0,2,1,2,4,4,4,4,4,4,4,4,4,4,4,4,4,4,4,4,4,3,3,2,1,3,3,2,1,4,4,4,4,4,4,4,4,4,4,4,4,4,4,4,4,4,0,0,1,3,2,1,3,2,0,4,4,1,0,3,1,0,4,1,0,1,3,1,4,4,1,4,4,4,2,2,2,1,0,3,0,0,1,2,3,3,2,0,4,4,4,4,4,2,3,2,0,2,2,1,0,1,1,2,1,1,1,1,4,4,4,4,4,4,4,4,4,4,4,4,4,4,4,4,4,4,4,4,4,4,4,4,4,4,4,4,4,4,4,4,4,4,4,4,4,4,4,4,4,4,4,4,4,4,4,4,4,4,4,4,4,4,4,4,4,4,4,4,4,4,4,4,4,4,4,4,4,4,4,4,4,4,4,4,4,4,4,4,4,4,4,4,4,4,4,4,4,4,4,4,4,4,4,4,4,4,4,4,4,4,4,4,4,4,4,4,4,4,4,4,4,4,4,4,4,4,4,4,4,4,4,4,4,4,4,4,4,4,4,4,4,4,4,4,4,4,4,4,4,4,4,4,4,4,4,4,4,4,4,4,4,4,4,4,4,4,4,4,4,4,4,4,4,4,4,4,4,4,4,4,4,4,4,4,4,4,4,4,4,4,4,4,4,4,4,4,4,4,4,4,4,4,4,CP002775.1/160656-160815,1
1669,0,2,0,3,0,1,3,1,0,3,3,1,4,1,0,3,4,1,3,4,1,3,3,0,3,2,3,3,4,1,2,1,1,3,4,4,4,4,4,4,4,4,4,4,4,4,4,4,4,4,4,4,4,4,4,4,3,0,4,4,4,4,4,4,4,4,4,4,4,4,4,4,4,4,4,4,4,4,4,2,3,2,1,1,3,1,0,3,0,0,0,1,3,1,1,4,2,2,0,4,0,3,2,0,1,2,1,0,4,4,4,4,2,0,2,1,1,2,4,4,3,3,3,0,1,2,2,3,2,1,3,3,0,3,1,2,3,1,1,4,0,1,3,2,0,4,1,0,2,0,3,2,3,1,4,4,4,4,4,4,4,4,4,2,1,3,3,0,3,4,4,4,2,1,1,4,4,4,4,4,4,4,4,4,4,4,4,4,4,4,4,4,4,4,4,4,4,4,4,4,4,4,4,4,4,4,4,4,3,4,4,1,0,3,1,0,4,2,0,1,0,1,4,4,1,0,4,3,2,2,0,1,0,1,0,0,1,2,3,3,2,0,4,4,4,4,4,2,3,2,0,0,2,1,0,1,1,1,0,1,3,3,4,4,4,4,4,4,4,4,4,4,4,4,4,4,4,4,4,4,4,4,4,4,4,4,4,4,4,4,4,4,4,4,4,4,4,4,4,4,4,4,4,4,4,4,4,4,4,4,4,4,4,4,4,4,4,4,4,4,4,4,4,4,4,4,4,4,4,4,4,4,4,4,4,4,4,4,4,4,4,4,4,4,4,4,4,4,4,4,4,4,4,4,4,4,4,4,4,4,4,4,4,4,4,4,4,4,4,4,4,4,4,4,4,4,4,4,4,4,4,4,4,4,4,4,4,4,4,4,4,4,4,4,4,4,4,4,4,4,4,4,4,4,4,4,4,4,4,4,4,4,4,4,4,4,4,4,4,4,4,4,4,4,4,4,4,4,4,4,4,4,4,4,4,4,4,4,4,4,4,4,4,4,4,4,4,4,4,4,4,4,4,4,4,4,4,AETZ01000103.1/39767-39915,1
1670,0,2,3,2,2,1,3,1,0,3,3,1,4,0,1,1,4,2,0,4,1,3,3,0,3,2,3,1,4,0,2,1,4,4,4,4,1,1,1,3,3,4,1,2,2,4,4,4,4,4,4,2,0,1,2,3,4,4,4,4,4,4,4,4,4,4,4,4,4,4,4,4,4,4,4,4,4,4,4,4,4,2,1,3,0,1,0,3,0,0,0,0,3,4,3,4,1,2,0,4,0,3,2,0,1,2,1,0,4,4,4,4,1,0,0,4,4,4,4,4,4,4,1,0,0,2,2,3,2,1,1,3,2,1,1,2,3,1,1,0,0,1,3,3,4,4,1,3,2,0,3,0,3,1,0,4,4,4,4,4,4,4,4,2,1,2,3,0,4,4,4,4,2,1,3,4,4,4,4,4,4,4,4,4,4,4,4,4,4,4,4,4,4,4,4,4,4,4,4,4,4,4,4,4,4,4,4,4,0,4,4,3,0,3,1,0,4,0,1,1,0,3,4,4,1,4,4,4,2,2,2,1,2,0,0,0,1,2,3,1,2,0,4,4,4,4,4,2,3,3,0,2,2,1,0,1,1,2,1,1,3,3,4,4,4,4,4,4,4,4,4,4,4,4,4,4,4,4,4,4,4,4,4,4,4,4,4,4,4,4,4,4,4,4,4,4,4,4,4,4,4,4,4,4,4,4,4,4,4,4,4,4,4,4,4,4,4,4,4,4,4,4,4,4,4,4,4,4,4,4,4,4,4,4,4,4,4,4,4,4,4,4,4,4,4,4,4,4,4,4,4,4,4,4,4,4,4,4,4,4,4,4,4,4,4,4,4,4,4,4,4,4,4,4,4,4,4,4,4,4,4,4,4,4,4,4,4,4,4,4,4,4,4,4,4,4,4,4,4,4,4,4,4,4,4,4,4,4,4,4,4,4,4,4,4,4,4,4,4,4,4,4,4,4,4,4,4,4,4,4,4,4,4,4,4,4,4,4,4,4,4,4,4,4,4,4,4,4,4,4,4,4,4,4,4,4,4,ADAX01000135.1/32188-32041,1
1671,0,2,0,3,2,1,3,1,0,3,3,1,4,1,0,1,4,1,3,4,3,1,3,0,3,2,1,3,4,3,2,1,3,3,4,4,4,4,4,4,4,4,4,4,4,4,4,4,4,4,4,4,4,4,4,4,1,4,4,4,4,4,4,4,4,4,4,4,4,4,4,4,4,4,4,4,4,4,4,4,2,2,1,3,3,1,0,3,0,0,3,1,1,3,2,4,2,2,0,4,0,3,2,0,1,2,1,0,4,4,4,4,2,0,2,1,1,0,4,0,3,3,3,2,0,2,2,3,2,1,1,3,0,3,1,2,3,1,1,0,0,1,3,1,4,4,1,0,2,0,3,2,0,0,4,2,0,3,4,4,4,4,4,2,1,0,0,0,4,4,4,4,3,1,3,4,4,4,4,4,4,4,4,4,4,4,4,4,4,4,4,4,4,4,4,4,4,4,4,4,4,4,4,4,4,4,4,4,1,4,4,1,0,3,1,2,4,2,2,1,3,3,3,1,1,4,4,4,2,2,0,1,0,3,0,0,1,2,3,3,2,0,4,4,4,4,4,2,3,2,0,2,2,1,0,1,1,0,3,3,1,3,4,4,4,4,4,4,4,4,4,4,4,4,4,4,4,4,4,4,4,4,4,4,4,4,4,4,4,4,4,4,4,4,4,4,4,4,4,4,4,4,4,4,4,4,4,4,4,4,4,4,4,4,4,4,4,4,4,4,4,4,4,4,4,4,4,4,4,4,4,4,4,4,4,4,4,4,4,4,4,4,4,4,4,4,4,4,4,4,4,4,4,4,4,4,4,4,4,4,4,4,4,4,4,4,4,4,4,4,4,4,4,4,4,4,4,4,4,4,4,4,4,4,4,4,4,4,4,4,4,4,4,4,4,4,4,4,4,4,4,4,4,4,4,4,4,4,4,4,4,4,4,4,4,4,4,4,4,4,4,4,4,4,4,4,4,4,4,4,4,4,4,4,4,4,4,4,4,4,4,4,4,4,4,4,4,4,4,4,4,4,4,4,4,4,4,CP001790.1/4600790-4600641,1
1672,0,2,3,2,2,1,3,1,0,3,3,1,4,0,1,1,4,2,0,4,1,3,3,0,3,2,3,1,4,0,2,1,4,4,4,4,1,1,1,3,3,4,1,2,2,4,4,4,4,4,4,2,0,1,2,3,4,4,4,4,4,4,4,4,4,4,4,4,4,4,4,4,4,4,4,4,4,4,4,4,4,2,1,3,0,1,0,3,0,0,0,0,3,4,3,4,1,2,0,4,0,3,2,0,1,2,1,0,4,4,4,4,1,0,0,4,4,4,4,4,4,4,1,0,0,2,2,3,2,1,1,3,2,1,1,2,3,1,1,0,0,1,3,3,4,4,1,3,2,0,3,0,3,1,0,4,4,4,4,4,4,4,4,2,1,3,3,0,4,4,4,4,2,1,3,4,4,4,4,4,4,4,4,4,4,4,4,4,4,4,4,4,4,4,4,4,4,4,4,4,4,4,4,4,4,4,4,4,0,4,4,3,0,3,1,0,4,0,1,1,1,3,4,4,1,4,4,4,2,2,2,1,2,0,0,0,1,2,3,1,2,0,4,4,4,4,4,2,3,3,0,2,2,1,0,1,1,2,1,1,3,3,4,4,4,4,4,4,4,4,4,4,4,4,4,4,4,4,4,4,4,4,4,4,4,4,4,4,4,4,4,4,4,4,4,4,4,4,4,4,4,4,4,4,4,4,4,4,4,4,4,4,4,4,4,4,4,4,4,4,4,4,4,4,4,4,4,4,4,4,4,4,4,4,4,4,4,4,4,4,4,4,4,4,4,4,4,4,4,4,4,4,4,4,4,4,4,4,4,4,4,4,4,4,4,4,4,4,4,4,4,4,4,4,4,4,4,4,4,4,4,4,4,4,4,4,4,4,4,4,4,4,4,4,4,4,4,4,4,4,4,4,4,4,4,4,4,4,4,4,4,4,4,4,4,4,4,4,4,4,4,4,4,4,4,4,4,4,4,4,4,4,4,4,4,4,4,4,4,4,4,4,4,4,4,4,4,4,4,4,4,4,4,4,4,4,4,AEJX01000091.1/7140-6993,1
1673,0,2,0,3,2,1,3,1,0,3,3,1,4,1,0,3,4,1,3,4,1,3,3,0,3,2,3,3,4,1,2,1,1,3,4,4,4,4,4,4,4,4,4,4,4,4,4,4,4,4,4,4,4,4,4,4,3,0,4,4,4,4,4,4,4,4,4,4,4,4,4,4,4,4,4,4,4,4,4,2,3,2,1,1,3,1,0,3,0,0,0,1,3,1,1,4,2,2,0,4,0,3,2,0,1,2,1,0,4,4,4,4,2,0,2,1,1,2,4,4,3,3,3,0,1,2,2,3,2,1,3,3,0,3,1,2,3,1,1,4,0,1,3,2,0,4,1,0,2,0,3,2,3,1,4,4,4,4,4,4,4,4,4,2,1,3,3,0,3,4,4,4,2,1,1,4,4,4,4,4,4,4,4,4,4,4,4,4,4,4,4,4,4,4,4,4,4,4,4,4,4,4,4,4,4,4,4,4,3,4,4,1,0,3,1,0,4,2,0,1,0,1,4,4,1,0,4,3,2,2,0,1,0,1,0,0,1,2,3,3,2,0,4,4,4,4,4,2,3,2,0,0,2,1,0,1,1,1,0,1,3,3,4,4,4,4,4,4,4,4,4,4,4,4,4,4,4,4,4,4,4,4,4,4,4,4,4,4,4,4,4,4,4,4,4,4,4,4,4,4,4,4,4,4,4,4,4,4,4,4,4,4,4,4,4,4,4,4,4,4,4,4,4,4,4,4,4,4,4,4,4,4,4,4,4,4,4,4,4,4,4,4,4,4,4,4,4,4,4,4,4,4,4,4,4,4,4,4,4,4,4,4,4,4,4,4,4,4,4,4,4,4,4,4,4,4,4,4,4,4,4,4,4,4,4,4,4,4,4,4,4,4,4,4,4,4,4,4,4,4,4,4,4,4,4,4,4,4,4,4,4,4,4,4,4,4,4,4,4,4,4,4,4,4,4,4,4,4,4,4,4,4,4,4,4,4,4,4,4,4,4,4,4,4,4,4,4,4,4,4,4,4,4,4,4,4,4,ADTX01000204.1/194-46,1
1674,0,2,0,3,2,1,3,1,0,3,1,1,4,1,0,1,4,3,3,4,0,3,3,0,3,2,0,1,4,0,2,1,3,3,2,2,1,1,0,3,3,4,0,0,2,2,1,3,0,4,4,0,3,3,3,0,4,4,4,4,4,4,4,4,4,4,4,4,4,4,4,4,4,4,4,4,4,4,4,4,4,2,1,3,3,1,0,3,0,0,0,1,1,1,0,4,2,2,2,4,0,3,2,0,1,2,1,0,4,4,4,4,2,0,2,1,1,2,0,3,3,3,3,0,2,0,2,3,2,1,1,3,0,3,3,2,3,1,1,0,3,2,3,0,0,4,1,1,2,0,3,2,3,3,4,4,4,4,4,4,4,4,4,2,0,2,3,0,4,4,4,4,0,3,2,4,4,4,4,4,4,4,4,4,4,4,4,4,4,4,4,4,4,4,4,4,4,4,4,4,4,4,4,4,4,4,4,4,3,4,4,1,0,3,1,0,4,1,0,3,0,1,4,4,1,4,4,4,2,2,2,1,0,3,0,0,1,2,3,3,2,0,4,4,4,4,4,2,3,2,0,2,2,1,0,1,3,2,0,3,0,3,4,4,4,4,4,4,4,4,4,4,4,4,4,4,4,4,4,4,4,4,4,4,4,4,4,4,4,4,4,4,4,4,4,4,4,4,4,4,4,4,4,4,4,4,4,4,4,4,4,4,4,4,4,4,4,4,4,4,4,4,4,4,4,4,4,4,4,4,4,4,4,4,4,4,4,4,4,4,4,4,4,4,4,4,4,4,4,4,4,4,4,4,4,4,4,4,4,4,4,4,4,4,4,4,4,4,4,4,4,4,4,4,4,4,4,4,4,4,4,4,4,4,4,4,4,4,4,4,4,4,4,4,4,4,4,4,4,4,4,4,4,4,4,4,4,4,4,4,4,4,4,4,4,4,4,4,4,4,4,4,4,4,4,4,4,4,4,4,4,4,4,4,4,4,4,4,4,4,4,4,4,4,4,4,4,4,4,4,4,4,4,4,4,4,4,ACNS01000001.1/1776990-1776827,1
1675,0,2,3,3,2,1,3,1,0,3,3,1,4,0,0,1,4,3,3,4,3,3,3,0,3,2,3,1,4,2,2,3,1,1,0,4,1,0,0,3,0,0,3,2,2,2,3,2,2,2,4,0,0,1,0,3,4,4,4,4,4,4,4,4,4,4,4,4,4,4,4,4,4,4,4,4,4,4,4,4,4,0,1,1,0,1,0,3,0,0,2,1,1,4,0,4,2,2,0,4,0,3,2,0,1,2,1,1,4,4,4,4,0,2,0,2,4,4,4,4,4,4,3,0,0,2,2,3,2,1,1,3,2,1,1,2,3,1,1,0,0,1,0,3,1,4,0,3,2,0,3,0,1,3,1,2,3,1,4,4,4,4,4,3,3,1,2,2,4,4,4,4,0,1,1,4,4,4,4,4,4,4,4,4,4,4,4,4,4,4,4,4,4,4,4,4,4,4,4,4,4,4,4,4,4,4,4,4,3,4,4,3,0,3,1,0,4,0,0,1,0,1,4,4,0,4,4,4,2,2,2,1,2,0,1,0,1,2,3,2,2,0,4,4,4,4,4,2,3,2,0,2,2,1,0,1,1,0,1,1,3,3,4,4,4,4,4,4,4,4,4,4,4,4,4,4,4,4,4,4,4,4,4,4,4,4,4,4,4,4,4,4,4,4,4,4,4,4,4,4,4,4,4,4,4,4,4,4,4,4,4,4,4,4,4,4,4,4,4,4,4,4,4,4,4,4,4,4,4,4,4,4,4,4,4,4,4,4,4,4,4,4,4,4,4,4,4,4,4,4,4,4,4,4,4,4,4,4,4,4,4,4,4,4,4,4,4,4,4,4,4,4,4,4,4,4,4,4,4,4,4,4,4,4,4,4,4,4,4,4,4,4,4,4,4,4,4,4,4,4,4,4,4,4,4,4,4,4,4,4,4,4,4,4,4,4,4,4,4,4,4,4,4,4,4,4,4,4,4,4,4,4,4,4,4,4,4,4,4,4,4,4,4,4,4,4,4,4,4,4,4,4,4,4,4,4,4,ADGK01000334.1/257-96,1
1676,0,2,0,3,2,1,3,1,0,3,1,1,4,3,0,3,4,3,3,4,1,3,3,0,3,2,0,1,4,0,2,3,0,3,4,4,4,4,4,4,4,4,4,4,4,4,4,4,4,4,4,4,4,4,4,4,0,4,4,4,4,4,4,4,4,4,4,4,4,4,4,4,4,4,4,4,4,4,4,4,2,2,1,3,3,1,0,3,0,0,0,1,1,1,0,4,2,2,2,4,0,3,2,0,3,2,1,0,4,4,4,4,2,0,2,1,1,2,4,0,3,3,0,3,1,2,2,3,2,1,1,3,0,3,3,2,3,1,1,0,3,2,3,1,0,4,1,0,2,0,3,2,0,0,3,0,0,2,0,3,2,3,0,2,3,3,0,3,1,4,4,4,3,3,3,4,4,4,4,4,4,4,4,4,4,4,4,4,4,4,4,4,4,4,4,4,4,4,4,4,4,4,4,4,4,4,4,4,3,4,4,1,0,3,1,0,4,1,1,2,0,3,4,4,1,4,4,4,2,2,0,1,3,1,0,0,1,2,3,3,2,0,4,4,4,4,4,2,3,2,0,2,2,1,0,1,3,0,3,1,1,2,4,4,4,4,4,4,4,4,4,4,4,4,4,4,4,4,4,4,4,4,4,4,4,4,4,4,4,4,4,4,4,4,4,4,4,4,4,4,4,4,4,4,4,4,4,4,4,4,4,4,4,4,4,4,4,4,4,4,4,4,4,4,4,4,4,4,4,4,4,4,4,4,4,4,4,4,4,4,4,4,4,4,4,4,4,4,4,4,4,4,4,4,4,4,4,4,4,4,4,4,4,4,4,4,4,4,4,4,4,4,4,4,4,4,4,4,4,4,4,4,4,4,4,4,4,4,4,4,4,4,4,4,4,4,4,4,4,4,4,4,4,4,4,4,4,4,4,4,4,4,4,4,4,4,4,4,4,4,4,4,4,4,4,4,4,4,4,4,4,4,4,4,4,4,4,4,4,4,4,4,4,4,4,4,4,4,4,4,4,4,4,4,4,4,4,FM162591.1/4795118-4794963,1
1677,0,2,3,2,2,1,3,1,0,3,3,1,4,0,1,1,4,3,3,4,1,3,3,0,3,2,3,1,4,0,2,1,4,4,4,4,1,1,1,3,3,4,0,2,2,4,4,4,4,4,4,2,0,1,2,1,4,4,4,4,4,4,4,4,4,4,4,4,4,4,4,4,4,4,4,4,4,4,4,4,4,2,1,3,0,1,0,3,0,0,0,1,3,4,3,4,1,2,0,4,0,3,2,0,1,2,1,0,4,4,4,4,1,0,0,4,4,4,4,4,4,4,1,0,0,2,2,3,2,1,1,3,2,1,1,2,3,1,1,0,0,1,3,3,4,4,1,3,2,0,3,0,0,3,0,4,4,4,4,4,4,4,4,2,1,2,3,0,4,4,4,4,2,1,3,4,4,4,4,4,4,4,4,4,4,4,4,4,4,4,4,4,4,4,4,4,4,4,4,4,4,4,4,4,4,4,4,4,3,4,4,3,0,3,1,0,4,0,1,1,3,1,4,4,1,4,4,4,2,2,2,1,2,0,0,0,1,2,3,1,2,0,4,4,4,4,4,2,3,3,0,2,2,1,0,1,1,2,1,1,3,3,4,4,4,4,4,4,4,4,4,4,4,4,4,4,4,4,4,4,4,4,4,4,4,4,4,4,4,4,4,4,4,4,4,4,4,4,4,4,4,4,4,4,4,4,4,4,4,4,4,4,4,4,4,4,4,4,4,4,4,4,4,4,4,4,4,4,4,4,4,4,4,4,4,4,4,4,4,4,4,4,4,4,4,4,4,4,4,4,4,4,4,4,4,4,4,4,4,4,4,4,4,4,4,4,4,4,4,4,4,4,4,4,4,4,4,4,4,4,4,4,4,4,4,4,4,4,4,4,4,4,4,4,4,4,4,4,4,4,4,4,4,4,4,4,4,4,4,4,4,4,4,4,4,4,4,4,4,4,4,4,4,4,4,4,4,4,4,4,4,4,4,4,4,4,4,4,4,4,4,4,4,4,4,4,4,4,4,4,4,4,4,4,4,4,4,AETN01000025.1/177194-177047,1
1678,0,2,3,2,2,1,3,1,0,3,3,1,4,0,1,1,4,2,0,4,1,3,3,0,3,2,3,1,4,0,2,1,4,4,4,4,1,1,1,3,3,4,1,2,2,4,4,4,4,4,4,2,0,1,2,3,4,4,4,4,4,4,4,4,4,4,4,4,4,4,4,4,4,4,4,4,4,4,4,4,4,2,1,3,0,1,0,3,0,0,0,0,3,4,3,4,1,2,0,4,0,3,2,0,1,2,1,0,4,4,4,4,1,0,0,4,4,4,4,4,4,4,1,0,0,2,2,3,2,1,1,3,2,1,1,2,3,1,1,0,0,1,3,3,4,4,1,3,2,0,3,0,3,1,0,4,4,4,4,4,4,4,4,2,1,2,3,0,4,4,4,4,2,1,3,4,4,4,4,4,4,4,4,4,4,4,4,4,4,4,4,4,4,4,4,4,4,4,4,4,4,4,4,4,4,4,4,4,0,4,4,3,0,3,1,0,4,0,1,1,0,3,4,4,1,4,4,4,2,2,2,1,2,0,0,0,1,2,3,1,2,0,4,4,4,4,4,2,3,3,0,2,2,1,0,1,1,2,1,1,3,3,4,4,4,4,4,4,4,4,4,4,4,4,4,4,4,4,4,4,4,4,4,4,4,4,4,4,4,4,4,4,4,4,4,4,4,4,4,4,4,4,4,4,4,4,4,4,4,4,4,4,4,4,4,4,4,4,4,4,4,4,4,4,4,4,4,4,4,4,4,4,4,4,4,4,4,4,4,4,4,4,4,4,4,4,4,4,4,4,4,4,4,4,4,4,4,4,4,4,4,4,4,4,4,4,4,4,4,4,4,4,4,4,4,4,4,4,4,4,4,4,4,4,4,4,4,4,4,4,4,4,4,4,4,4,4,4,4,4,4,4,4,4,4,4,4,4,4,4,4,4,4,4,4,4,4,4,4,4,4,4,4,4,4,4,4,4,4,4,4,4,4,4,4,4,4,4,4,4,4,4,4,4,4,4,4,4,4,4,4,4,4,4,4,4,4,AEZW01000032.1/383416-383269,1
1679,0,2,3,2,2,1,3,1,0,3,3,1,4,0,1,1,4,2,0,4,1,3,3,0,3,2,3,1,4,0,2,1,4,4,4,4,1,1,1,3,3,4,1,2,2,4,4,4,4,4,4,2,0,1,2,3,4,4,4,4,4,4,4,4,4,4,4,4,4,4,4,4,4,4,4,4,4,4,4,4,4,2,1,3,0,1,0,3,0,0,0,0,3,4,3,4,1,2,0,4,0,3,2,0,1,2,1,0,4,4,4,4,1,0,0,4,4,4,4,4,4,4,1,0,0,2,2,3,2,1,1,3,2,1,1,2,3,1,1,0,0,1,3,3,4,4,1,3,2,0,3,0,3,1,0,4,4,4,4,4,4,4,4,2,1,3,3,0,4,4,4,4,2,1,3,4,4,4,4,4,4,4,4,4,4,4,4,4,4,4,4,4,4,4,4,4,4,4,4,4,4,4,4,4,4,4,4,4,0,4,4,3,0,3,1,0,4,0,1,1,1,3,4,4,1,4,4,4,2,2,2,1,2,0,0,0,1,2,3,1,2,0,4,4,4,4,4,2,3,3,0,2,2,1,0,1,1,2,1,1,3,3,4,4,4,4,4,4,4,4,4,4,4,4,4,4,4,4,4,4,4,4,4,4,4,4,4,4,4,4,4,4,4,4,4,4,4,4,4,4,4,4,4,4,4,4,4,4,4,4,4,4,4,4,4,4,4,4,4,4,4,4,4,4,4,4,4,4,4,4,4,4,4,4,4,4,4,4,4,4,4,4,4,4,4,4,4,4,4,4,4,4,4,4,4,4,4,4,4,4,4,4,4,4,4,4,4,4,4,4,4,4,4,4,4,4,4,4,4,4,4,4,4,4,4,4,4,4,4,4,4,4,4,4,4,4,4,4,4,4,4,4,4,4,4,4,4,4,4,4,4,4,4,4,4,4,4,4,4,4,4,4,4,4,4,4,4,4,4,4,4,4,4,4,4,4,4,4,4,4,4,4,4,4,4,4,4,4,4,4,4,4,4,4,4,4,4,CU928158.2/520240-520387,1
1680,0,2,0,3,2,1,3,1,0,3,3,1,4,1,0,3,4,1,3,4,1,3,3,0,3,2,3,3,4,1,2,1,1,0,3,4,1,4,4,4,4,4,4,4,4,4,4,4,4,4,4,4,4,4,4,4,3,4,4,4,4,4,4,4,4,4,4,4,4,4,4,4,4,4,4,4,4,4,4,4,2,2,1,1,3,1,0,3,0,0,0,1,3,1,0,4,2,2,0,4,0,3,2,0,3,2,1,0,4,4,4,4,2,0,2,1,1,2,4,4,3,3,3,0,1,2,2,3,2,1,3,3,0,3,1,2,3,1,1,4,0,1,0,2,0,4,1,0,2,0,3,2,3,1,4,4,4,4,4,4,4,4,4,2,1,3,1,3,2,4,4,4,2,1,1,4,4,4,4,4,4,4,4,4,4,4,4,4,4,4,4,4,4,4,4,4,4,4,4,4,4,4,4,4,4,4,4,4,3,4,4,1,0,3,1,0,4,0,0,1,0,1,4,4,1,0,4,3,2,2,0,1,0,3,0,0,1,2,3,3,2,0,4,4,4,4,4,2,3,2,0,0,2,1,0,1,1,1,0,3,3,3,4,4,4,4,4,4,4,4,4,4,4,4,4,4,4,4,4,4,4,4,4,4,4,4,4,4,4,4,4,4,4,4,4,4,4,4,4,4,4,4,4,4,4,4,4,4,4,4,4,4,4,4,4,4,4,4,4,4,4,4,4,4,4,4,4,4,4,4,4,4,4,4,4,4,4,4,4,4,4,4,4,4,4,4,4,4,4,4,4,4,4,4,4,4,4,4,4,4,4,4,4,4,4,4,4,4,4,4,4,4,4,4,4,4,4,4,4,4,4,4,4,4,4,4,4,4,4,4,4,4,4,4,4,4,4,4,4,4,4,4,4,4,4,4,4,4,4,4,4,4,4,4,4,4,4,4,4,4,4,4,4,4,4,4,4,4,4,4,4,4,4,4,4,4,4,4,4,4,4,4,4,4,4,4,4,4,4,4,4,4,4,4,4,4,4,CACD01000298.1/49022-48874,1
1681,0,2,0,3,2,1,3,1,0,3,3,1,4,1,0,3,4,1,3,4,1,3,3,0,3,2,3,3,4,1,2,1,1,3,4,4,4,4,4,4,4,4,4,4,4,4,4,4,4,4,4,4,4,4,4,4,3,0,4,4,4,4,4,4,4,4,4,4,4,4,4,4,4,4,4,4,4,4,4,2,3,2,1,1,3,1,0,3,0,0,0,1,3,1,1,4,2,2,0,4,0,3,2,0,1,2,1,0,4,4,4,4,2,0,2,1,1,2,4,4,3,3,3,0,1,2,2,3,2,1,3,3,0,3,1,2,3,1,1,4,0,1,3,2,0,4,1,0,2,0,3,2,3,1,4,4,4,4,4,4,4,4,4,2,1,3,3,0,3,4,4,4,2,1,1,4,4,4,4,4,4,4,4,4,4,4,4,4,4,4,4,4,4,4,4,4,4,4,4,4,4,4,4,4,4,4,4,4,3,4,4,1,0,3,1,0,4,2,0,1,0,1,4,4,1,0,4,3,2,2,0,1,0,1,0,0,1,2,3,3,2,0,4,4,4,4,4,2,3,2,0,0,2,1,0,1,1,1,0,1,3,3,4,4,4,4,4,4,4,4,4,4,4,4,4,4,4,4,4,4,4,4,4,4,4,4,4,4,4,4,4,4,4,4,4,4,4,4,4,4,4,4,4,4,4,4,4,4,4,4,4,4,4,4,4,4,4,4,4,4,4,4,4,4,4,4,4,4,4,4,4,4,4,4,4,4,4,4,4,4,4,4,4,4,4,4,4,4,4,4,4,4,4,4,4,4,4,4,4,4,4,4,4,4,4,4,4,4,4,4,4,4,4,4,4,4,4,4,4,4,4,4,4,4,4,4,4,4,4,4,4,4,4,4,4,4,4,4,4,4,4,4,4,4,4,4,4,4,4,4,4,4,4,4,4,4,4,4,4,4,4,4,4,4,4,4,4,4,4,4,4,4,4,4,4,4,4,4,4,4,4,4,4,4,4,4,4,4,4,4,4,4,4,4,4,4,4,ADUB01000086.1/195-47,1
1682,0,2,3,2,2,1,3,1,0,3,3,1,4,0,1,1,4,3,3,4,1,3,3,0,3,2,3,1,4,0,2,1,4,4,4,4,1,1,1,3,3,4,1,2,2,4,4,4,4,4,4,2,0,1,2,3,4,4,4,4,4,4,4,4,4,4,4,4,4,4,4,4,4,4,4,4,4,4,4,4,4,2,1,3,0,1,0,3,0,0,0,1,3,4,3,4,1,2,0,4,0,3,2,0,1,2,1,0,4,4,4,4,1,0,0,4,4,4,4,4,4,4,0,0,0,2,2,3,2,1,1,3,2,1,1,2,3,1,1,0,0,1,3,0,4,4,1,3,2,0,3,1,0,3,0,4,4,4,4,4,4,4,4,2,1,2,3,3,4,4,4,4,2,1,3,4,4,4,4,4,4,4,4,4,4,4,4,4,4,4,4,4,4,4,4,4,4,4,4,4,4,4,4,4,4,4,4,4,3,4,4,3,0,3,1,0,4,2,4,2,0,1,4,4,0,4,4,4,2,2,2,1,2,0,0,0,1,2,3,1,2,0,4,4,4,4,4,2,3,3,0,2,2,1,0,1,1,2,1,1,3,1,4,4,4,4,4,4,4,4,4,4,4,4,4,4,4,4,4,4,4,4,4,4,4,4,4,4,4,4,4,4,4,4,4,4,4,4,4,4,4,4,4,4,4,4,4,4,4,4,4,4,4,4,4,4,4,4,4,4,4,4,4,4,4,4,4,4,4,4,4,4,4,4,4,4,4,4,4,4,4,4,4,4,4,4,4,4,4,4,4,4,4,4,4,4,4,4,4,4,4,4,4,4,4,4,4,4,4,4,4,4,4,4,4,4,4,4,4,4,4,4,4,4,4,4,4,4,4,4,4,4,4,4,4,4,4,4,4,4,4,4,4,4,4,4,4,4,4,4,4,4,4,4,4,4,4,4,4,4,4,4,4,4,4,4,4,4,4,4,4,4,4,4,4,4,4,4,4,4,4,4,4,4,4,4,4,4,4,4,4,4,4,4,4,4,4,CACR01002230.1/10198-10052,1
1683,0,2,0,3,2,1,3,1,0,3,3,1,4,1,0,3,4,1,3,4,1,3,3,0,3,2,3,3,4,1,2,1,1,3,4,4,4,4,4,4,4,4,4,4,4,4,4,4,4,4,4,4,4,4,4,4,3,0,4,4,4,4,4,4,4,4,4,4,4,4,4,4,4,4,4,4,4,4,4,2,3,2,1,1,3,1,0,3,0,0,0,1,3,1,1,4,2,2,0,4,0,3,2,0,1,2,1,0,4,4,4,4,2,0,2,1,1,2,4,4,3,3,3,0,1,2,2,3,2,1,3,3,0,3,1,2,3,1,1,4,0,1,3,2,0,4,1,0,2,0,3,2,3,1,4,4,4,4,4,4,4,4,4,2,1,3,3,0,3,4,4,4,2,1,1,4,4,4,4,4,4,4,4,4,4,4,4,4,4,4,4,4,4,4,4,4,4,4,4,4,4,4,4,4,4,4,4,4,3,4,4,1,0,3,1,0,4,2,0,1,0,1,4,4,1,0,4,3,2,2,0,1,0,1,0,0,1,2,3,3,2,0,4,4,4,4,4,2,3,2,0,0,2,1,0,1,1,1,0,1,3,3,4,4,4,4,4,4,4,4,4,4,4,4,4,4,4,4,4,4,4,4,4,4,4,4,4,4,4,4,4,4,4,4,4,4,4,4,4,4,4,4,4,4,4,4,4,4,4,4,4,4,4,4,4,4,4,4,4,4,4,4,4,4,4,4,4,4,4,4,4,4,4,4,4,4,4,4,4,4,4,4,4,4,4,4,4,4,4,4,4,4,4,4,4,4,4,4,4,4,4,4,4,4,4,4,4,4,4,4,4,4,4,4,4,4,4,4,4,4,4,4,4,4,4,4,4,4,4,4,4,4,4,4,4,4,4,4,4,4,4,4,4,4,4,4,4,4,4,4,4,4,4,4,4,4,4,4,4,4,4,4,4,4,4,4,4,4,4,4,4,4,4,4,4,4,4,4,4,4,4,4,4,4,4,4,4,4,4,4,4,4,4,4,4,4,4,AEZW01000035.1/41893-42041,1
1684,0,2,0,3,2,1,3,1,0,3,3,1,4,1,0,3,4,1,3,4,1,3,3,0,3,2,3,3,4,1,2,1,1,3,4,4,4,4,4,4,4,4,4,4,4,4,4,4,4,4,4,4,4,4,4,4,3,0,4,4,4,4,4,4,4,4,4,4,4,4,4,4,4,4,4,4,4,4,4,2,3,2,1,1,3,1,0,3,0,0,0,1,3,1,1,4,2,2,0,4,0,3,2,0,1,2,1,0,4,4,4,4,2,0,2,1,1,2,4,4,3,3,3,0,1,2,2,3,2,1,3,3,0,3,1,2,3,1,1,4,0,1,3,2,0,4,1,0,2,0,3,2,3,1,4,4,4,4,4,4,4,4,4,2,1,3,3,0,3,4,4,4,2,1,1,4,4,4,4,4,4,4,4,4,4,4,4,4,4,4,4,4,4,4,4,4,4,4,4,4,4,4,4,4,4,4,4,4,3,4,4,1,0,3,1,0,4,2,0,1,0,1,4,4,1,0,4,3,2,2,0,1,0,1,0,0,1,2,3,3,2,0,4,4,4,4,4,2,3,2,0,0,2,1,0,1,1,1,0,1,3,3,4,4,4,4,4,4,4,4,4,4,4,4,4,4,4,4,4,4,4,4,4,4,4,4,4,4,4,4,4,4,4,4,4,4,4,4,4,4,4,4,4,4,4,4,4,4,4,4,4,4,4,4,4,4,4,4,4,4,4,4,4,4,4,4,4,4,4,4,4,4,4,4,4,4,4,4,4,4,4,4,4,4,4,4,4,4,4,4,4,4,4,4,4,4,4,4,4,4,4,4,4,4,4,4,4,4,4,4,4,4,4,4,4,4,4,4,4,4,4,4,4,4,4,4,4,4,4,4,4,4,4,4,4,4,4,4,4,4,4,4,4,4,4,4,4,4,4,4,4,4,4,4,4,4,4,4,4,4,4,4,4,4,4,4,4,4,4,4,4,4,4,4,4,4,4,4,4,4,4,4,4,4,4,4,4,4,4,4,4,4,4,4,4,4,4,AFAA01000087.1/149486-149338,1
1685,0,2,0,3,2,1,3,1,0,3,1,1,4,1,0,1,4,3,3,4,0,3,3,0,3,2,0,1,4,0,2,1,1,3,4,4,4,4,4,4,4,4,4,4,4,4,4,4,4,4,4,4,4,4,4,4,4,4,4,4,4,4,4,4,4,4,4,4,4,4,4,4,4,4,4,4,4,4,4,4,0,2,1,3,3,1,0,3,0,0,0,1,1,0,0,4,2,2,2,4,0,3,2,0,1,2,1,0,4,4,4,4,0,0,2,1,1,2,0,3,3,0,3,0,1,2,2,3,2,1,1,3,0,3,3,2,3,1,1,0,0,3,3,3,0,2,0,3,2,0,3,1,0,0,2,0,2,1,4,4,4,4,4,3,0,0,3,1,1,4,4,4,3,1,3,4,4,4,4,4,4,4,4,4,4,4,4,4,4,4,4,4,4,4,4,4,4,4,4,4,4,4,4,4,4,4,4,4,3,0,1,1,0,3,1,0,4,2,1,2,0,0,4,4,1,4,4,4,2,2,2,1,2,0,0,0,1,2,3,3,2,0,4,4,4,4,4,2,3,2,0,2,2,1,0,1,1,0,3,1,1,2,4,4,4,4,4,4,4,4,4,4,4,4,4,4,4,4,4,4,4,4,4,4,4,4,4,4,4,4,4,4,4,4,4,4,4,4,4,4,4,4,4,4,4,4,4,4,4,4,4,4,4,4,4,4,4,4,4,4,4,4,4,4,4,4,4,4,4,4,4,4,4,4,4,4,4,4,4,4,4,4,4,4,4,4,4,4,4,4,4,4,4,4,4,4,4,4,4,4,4,4,4,4,4,4,4,4,4,4,4,4,4,4,4,4,4,4,4,4,4,4,4,4,4,4,4,4,4,4,4,4,4,4,4,4,4,4,4,4,4,4,4,4,4,4,4,4,4,4,4,4,4,4,4,4,4,4,4,4,4,4,4,4,4,4,4,4,4,4,4,4,4,4,4,4,4,4,4,4,4,4,4,4,4,4,4,4,4,4,4,4,4,4,4,4,4,ABXV02000023.1/273501-273348,1
1686,0,2,0,3,2,1,3,1,0,3,3,1,4,1,0,3,4,1,3,4,1,3,3,0,3,2,3,3,4,1,2,1,1,3,4,4,4,4,4,4,4,4,4,4,4,4,4,4,4,4,4,4,4,4,4,4,3,0,4,4,4,4,4,4,4,4,4,4,4,4,4,4,4,4,4,4,4,4,4,2,3,2,1,1,3,1,0,3,0,0,0,1,3,1,1,4,2,2,0,4,0,3,2,0,1,2,1,0,4,4,4,4,2,0,2,1,1,2,4,4,3,3,3,0,1,2,2,3,2,1,3,3,0,3,1,2,3,1,1,4,0,1,3,2,0,4,1,0,2,0,3,2,3,1,4,4,4,4,4,4,4,4,4,2,1,3,3,0,3,4,4,4,2,1,1,4,4,4,4,4,4,4,4,4,4,4,4,4,4,4,4,4,4,4,4,4,4,4,4,4,4,4,4,4,4,4,4,4,3,4,4,1,0,3,1,0,4,2,0,1,0,1,4,4,1,0,4,3,2,2,0,1,0,1,0,0,1,2,3,3,2,0,4,4,4,4,4,2,3,2,0,0,2,1,0,1,1,1,0,1,3,3,4,4,4,4,4,4,4,4,4,4,4,4,4,4,4,4,4,4,4,4,4,4,4,4,4,4,4,4,4,4,4,4,4,4,4,4,4,4,4,4,4,4,4,4,4,4,4,4,4,4,4,4,4,4,4,4,4,4,4,4,4,4,4,4,4,4,4,4,4,4,4,4,4,4,4,4,4,4,4,4,4,4,4,4,4,4,4,4,4,4,4,4,4,4,4,4,4,4,4,4,4,4,4,4,4,4,4,4,4,4,4,4,4,4,4,4,4,4,4,4,4,4,4,4,4,4,4,4,4,4,4,4,4,4,4,4,4,4,4,4,4,4,4,4,4,4,4,4,4,4,4,4,4,4,4,4,4,4,4,4,4,4,4,4,4,4,4,4,4,4,4,4,4,4,4,4,4,4,4,4,4,4,4,4,4,4,4,4,4,4,4,4,4,4,4,AGTJ01000001.1/52467-52319,1
1687,0,2,3,2,2,1,3,1,0,3,3,1,4,0,1,1,4,3,3,4,1,3,3,0,3,2,3,1,4,0,2,1,4,4,4,4,1,1,1,3,3,4,0,2,2,4,4,4,4,4,4,2,0,1,2,1,4,4,4,4,4,4,4,4,4,4,4,4,4,4,4,4,4,4,4,4,4,4,4,4,4,2,1,3,0,1,0,3,0,0,0,1,3,4,3,4,1,2,0,4,0,3,2,0,1,2,1,0,4,4,4,4,1,0,0,4,4,4,4,4,4,4,1,0,0,2,2,3,2,1,1,3,2,1,1,2,3,1,1,0,0,1,3,3,4,4,1,3,2,0,3,0,0,3,0,4,4,4,4,4,4,4,4,2,1,2,3,0,4,4,4,4,2,1,3,4,4,4,4,4,4,4,4,4,4,4,4,4,4,4,4,4,4,4,4,4,4,4,4,4,4,4,4,4,4,4,4,4,3,4,4,3,0,3,1,0,4,0,1,1,3,1,4,4,1,4,4,4,2,2,2,1,2,0,0,0,1,2,3,1,2,0,4,4,4,4,4,2,3,3,0,2,2,1,0,1,1,2,1,1,3,3,4,4,4,4,4,4,4,4,4,4,4,4,4,4,4,4,4,4,4,4,4,4,4,4,4,4,4,4,4,4,4,4,4,4,4,4,4,4,4,4,4,4,4,4,4,4,4,4,4,4,4,4,4,4,4,4,4,4,4,4,4,4,4,4,4,4,4,4,4,4,4,4,4,4,4,4,4,4,4,4,4,4,4,4,4,4,4,4,4,4,4,4,4,4,4,4,4,4,4,4,4,4,4,4,4,4,4,4,4,4,4,4,4,4,4,4,4,4,4,4,4,4,4,4,4,4,4,4,4,4,4,4,4,4,4,4,4,4,4,4,4,4,4,4,4,4,4,4,4,4,4,4,4,4,4,4,4,4,4,4,4,4,4,4,4,4,4,4,4,4,4,4,4,4,4,4,4,4,4,4,4,4,4,4,4,4,4,4,4,4,4,4,4,4,4,AETR01000039.1/31400-31253,1
1688,0,2,0,3,2,1,3,1,0,3,3,1,4,1,0,3,4,1,3,4,1,3,3,0,3,2,3,3,4,1,2,1,1,3,4,4,4,4,4,4,4,4,4,4,4,4,4,4,4,4,4,4,4,4,4,4,3,0,4,4,4,4,4,4,4,4,4,4,4,4,4,4,4,4,4,4,4,4,4,2,3,2,1,1,3,1,0,3,0,0,0,1,3,1,1,4,2,2,0,4,0,3,2,0,1,2,1,0,4,4,4,4,2,0,2,1,1,2,4,4,3,3,3,0,1,2,2,3,2,1,3,3,0,3,1,2,3,1,1,4,0,1,3,2,0,4,1,0,2,0,3,2,3,1,4,4,4,4,4,4,4,4,4,2,1,3,3,0,3,4,4,4,2,1,1,4,4,4,4,4,4,4,4,4,4,4,4,4,4,4,4,4,4,4,4,4,4,4,4,4,4,4,4,4,4,4,4,4,3,4,4,1,0,3,1,0,4,2,0,1,0,1,4,4,1,0,4,3,2,2,0,1,0,1,0,0,1,2,3,3,2,0,4,4,4,4,4,2,3,2,0,0,2,1,0,1,1,1,0,1,3,3,4,4,4,4,4,4,4,4,4,4,4,4,4,4,4,4,4,4,4,4,4,4,4,4,4,4,4,4,4,4,4,4,4,4,4,4,4,4,4,4,4,4,4,4,4,4,4,4,4,4,4,4,4,4,4,4,4,4,4,4,4,4,4,4,4,4,4,4,4,4,4,4,4,4,4,4,4,4,4,4,4,4,4,4,4,4,4,4,4,4,4,4,4,4,4,4,4,4,4,4,4,4,4,4,4,4,4,4,4,4,4,4,4,4,4,4,4,4,4,4,4,4,4,4,4,4,4,4,4,4,4,4,4,4,4,4,4,4,4,4,4,4,4,4,4,4,4,4,4,4,4,4,4,4,4,4,4,4,4,4,4,4,4,4,4,4,4,4,4,4,4,4,4,4,4,4,4,4,4,4,4,4,4,4,4,4,4,4,4,4,4,4,4,4,4,ACDL01000072.1/53886-53738,1
1689,0,2,0,3,2,1,3,1,0,3,3,1,4,1,0,3,4,1,3,4,1,3,3,0,3,2,3,3,4,1,2,1,1,3,4,4,4,4,4,4,4,4,4,4,4,4,4,4,4,4,4,4,4,4,4,4,3,0,4,4,4,4,4,4,4,4,4,4,4,4,4,4,4,4,4,4,4,4,4,2,3,2,1,1,3,1,0,3,0,0,0,1,3,1,1,4,2,2,0,4,0,3,2,0,1,2,1,0,4,4,4,4,2,0,2,1,1,2,4,4,3,3,3,0,1,2,2,3,2,1,3,3,0,3,1,2,3,1,1,4,0,1,3,2,0,4,1,0,2,0,3,2,3,1,4,4,4,4,4,4,4,4,4,2,1,3,3,0,3,4,4,4,2,1,1,4,4,4,4,4,4,4,4,4,4,4,4,4,4,4,4,4,4,4,4,4,4,4,4,4,4,4,4,4,4,4,4,4,3,4,4,1,0,3,1,0,4,2,0,1,0,1,4,4,1,0,4,3,2,2,0,1,0,1,0,0,1,2,3,3,2,0,4,4,4,4,4,2,3,2,0,0,2,1,0,1,1,1,0,1,3,3,4,4,4,4,4,4,4,4,4,4,4,4,4,4,4,4,4,4,4,4,4,4,4,4,4,4,4,4,4,4,4,4,4,4,4,4,4,4,4,4,4,4,4,4,4,4,4,4,4,4,4,4,4,4,4,4,4,4,4,4,4,4,4,4,4,4,4,4,4,4,4,4,4,4,4,4,4,4,4,4,4,4,4,4,4,4,4,4,4,4,4,4,4,4,4,4,4,4,4,4,4,4,4,4,4,4,4,4,4,4,4,4,4,4,4,4,4,4,4,4,4,4,4,4,4,4,4,4,4,4,4,4,4,4,4,4,4,4,4,4,4,4,4,4,4,4,4,4,4,4,4,4,4,4,4,4,4,4,4,4,4,4,4,4,4,4,4,4,4,4,4,4,4,4,4,4,4,4,4,4,4,4,4,4,4,4,4,4,4,4,4,4,4,4,4,ACXI01000112.1/39030-39178,1
1690,0,2,0,3,2,1,3,1,0,3,3,1,4,1,0,3,4,1,3,4,1,3,3,0,3,2,3,3,4,1,2,1,1,3,4,4,4,4,4,4,4,4,4,4,4,4,4,4,4,4,4,4,4,4,4,4,3,0,4,4,4,4,4,4,4,4,4,4,4,4,4,4,4,4,4,4,4,4,4,2,3,2,1,1,3,1,0,3,0,0,0,1,3,1,1,4,2,2,0,4,0,3,2,0,1,2,1,0,4,4,4,4,2,0,2,1,1,2,4,4,3,3,3,0,1,2,2,3,2,1,3,3,0,3,1,2,3,1,1,4,0,1,3,2,0,4,1,0,2,0,3,2,3,1,4,4,4,4,4,4,4,4,4,2,1,3,3,0,3,4,4,4,2,1,1,4,4,4,4,4,4,4,4,4,4,4,4,4,4,4,4,4,4,4,4,4,4,4,4,4,4,4,4,4,4,4,4,4,3,4,4,1,0,3,1,0,4,2,0,1,0,1,4,4,1,0,4,3,2,2,0,1,0,1,0,0,1,2,3,3,2,0,4,4,4,4,4,2,3,2,0,0,2,1,0,1,1,1,0,1,3,3,4,4,4,4,4,4,4,4,4,4,4,4,4,4,4,4,4,4,4,4,4,4,4,4,4,4,4,4,4,4,4,4,4,4,4,4,4,4,4,4,4,4,4,4,4,4,4,4,4,4,4,4,4,4,4,4,4,4,4,4,4,4,4,4,4,4,4,4,4,4,4,4,4,4,4,4,4,4,4,4,4,4,4,4,4,4,4,4,4,4,4,4,4,4,4,4,4,4,4,4,4,4,4,4,4,4,4,4,4,4,4,4,4,4,4,4,4,4,4,4,4,4,4,4,4,4,4,4,4,4,4,4,4,4,4,4,4,4,4,4,4,4,4,4,4,4,4,4,4,4,4,4,4,4,4,4,4,4,4,4,4,4,4,4,4,4,4,4,4,4,4,4,4,4,4,4,4,4,4,4,4,4,4,4,4,4,4,4,4,4,4,4,4,4,4,AFSO01000035.1/38729-38877,1
1691,0,2,0,3,2,1,3,1,0,3,3,1,4,1,0,3,4,1,3,4,1,3,3,0,3,2,3,3,4,1,2,1,1,3,4,4,4,4,4,4,4,4,4,4,4,4,4,4,4,4,4,4,4,4,4,4,3,0,4,4,4,4,4,4,4,4,4,4,4,4,4,4,4,4,4,4,4,4,4,2,3,2,1,1,3,1,0,3,0,0,0,1,3,1,1,4,2,2,0,4,0,3,2,0,1,2,1,0,4,4,4,4,2,0,2,1,1,2,4,4,3,3,3,0,1,2,2,3,2,1,3,3,0,3,1,2,3,1,1,4,0,1,3,2,0,4,1,0,2,0,3,2,3,1,4,4,4,4,4,4,4,4,4,2,1,3,3,0,3,4,4,4,2,1,1,4,4,4,4,4,4,4,4,4,4,4,4,4,4,4,4,4,4,4,4,4,4,4,4,4,4,4,4,4,4,4,4,4,3,4,4,1,0,3,1,0,4,2,0,1,0,1,4,4,1,0,4,3,2,2,0,1,0,1,0,0,1,2,3,3,2,0,4,4,4,4,4,2,3,2,0,0,2,1,0,1,1,1,0,1,3,3,4,4,4,4,4,4,4,4,4,4,4,4,4,4,4,4,4,4,4,4,4,4,4,4,4,4,4,4,4,4,4,4,4,4,4,4,4,4,4,4,4,4,4,4,4,4,4,4,4,4,4,4,4,4,4,4,4,4,4,4,4,4,4,4,4,4,4,4,4,4,4,4,4,4,4,4,4,4,4,4,4,4,4,4,4,4,4,4,4,4,4,4,4,4,4,4,4,4,4,4,4,4,4,4,4,4,4,4,4,4,4,4,4,4,4,4,4,4,4,4,4,4,4,4,4,4,4,4,4,4,4,4,4,4,4,4,4,4,4,4,4,4,4,4,4,4,4,4,4,4,4,4,4,4,4,4,4,4,4,4,4,4,4,4,4,4,4,4,4,4,4,4,4,4,4,4,4,4,4,4,4,4,4,4,4,4,4,4,4,4,4,4,4,4,4,BA000007.2/4780074-4780222,1
1692,0,2,0,3,2,1,3,1,0,3,3,1,4,1,0,3,4,1,3,4,1,3,3,0,3,2,3,3,4,1,2,1,1,3,3,4,1,4,4,4,4,4,4,4,4,4,4,4,4,4,4,4,4,4,4,4,3,4,4,4,4,4,4,4,4,4,4,4,4,4,4,4,4,4,4,4,4,4,4,4,2,2,1,1,3,1,0,3,0,0,0,1,3,1,0,4,2,2,0,4,0,3,2,0,3,2,1,0,4,4,4,4,2,0,2,1,1,2,4,4,3,3,3,0,1,2,2,3,2,1,3,3,0,3,1,2,3,1,1,4,0,1,3,2,0,4,1,0,2,0,3,2,3,1,4,4,4,4,4,4,4,4,4,2,1,3,3,0,1,4,4,4,2,1,1,4,4,4,4,4,4,4,4,4,4,4,4,4,4,4,4,4,4,4,4,4,4,4,4,4,4,4,4,4,4,4,4,4,3,4,4,1,0,3,1,0,4,0,0,1,0,1,4,4,1,1,4,3,2,2,0,1,0,1,0,0,1,2,3,3,2,0,4,4,4,4,4,2,3,2,0,0,2,1,0,1,1,1,1,3,3,3,4,4,4,4,4,4,4,4,4,4,4,4,4,4,4,4,4,4,4,4,4,4,4,4,4,4,4,4,4,4,4,4,4,4,4,4,4,4,4,4,4,4,4,4,4,4,4,4,4,4,4,4,4,4,4,4,4,4,4,4,4,4,4,4,4,4,4,4,4,4,4,4,4,4,4,4,4,4,4,4,4,4,4,4,4,4,4,4,4,4,4,4,4,4,4,4,4,4,4,4,4,4,4,4,4,4,4,4,4,4,4,4,4,4,4,4,4,4,4,4,4,4,4,4,4,4,4,4,4,4,4,4,4,4,4,4,4,4,4,4,4,4,4,4,4,4,4,4,4,4,4,4,4,4,4,4,4,4,4,4,4,4,4,4,4,4,4,4,4,4,4,4,4,4,4,4,4,4,4,4,4,4,4,4,4,4,4,4,4,4,4,4,4,4,4,AFCV01001347.1/9117-9265,1
1693,0,2,3,2,2,1,3,1,0,3,3,1,4,0,1,1,4,3,3,4,1,3,3,0,3,2,3,1,4,0,2,1,4,4,4,4,1,1,1,3,3,4,1,2,2,4,4,4,4,4,4,2,0,1,2,3,4,4,4,4,4,4,4,4,4,4,4,4,4,4,4,4,4,4,4,4,4,4,4,4,4,2,1,3,0,1,0,3,0,0,0,1,3,4,3,4,1,2,0,4,0,3,2,0,1,2,1,0,4,4,4,4,1,0,0,4,4,4,4,4,4,4,0,0,0,2,2,3,2,1,1,3,2,1,1,2,3,1,1,0,0,1,3,0,4,4,1,3,2,0,3,3,0,3,3,4,4,4,4,4,4,4,4,2,1,0,0,3,4,4,4,4,2,1,3,4,4,4,4,4,4,4,4,4,4,4,4,4,4,4,4,4,4,4,4,4,4,4,4,4,4,4,4,4,4,4,4,4,3,4,4,3,0,3,1,0,4,2,2,1,4,1,4,4,0,4,4,4,2,2,2,1,2,0,0,0,1,2,3,1,2,0,4,4,4,4,4,2,3,3,0,2,2,1,0,1,1,2,1,1,3,3,4,4,4,4,4,4,4,4,4,4,4,4,4,4,4,4,4,4,4,4,4,4,4,4,4,4,4,4,4,4,4,4,4,4,4,4,4,4,4,4,4,4,4,4,4,4,4,4,4,4,4,4,4,4,4,4,4,4,4,4,4,4,4,4,4,4,4,4,4,4,4,4,4,4,4,4,4,4,4,4,4,4,4,4,4,4,4,4,4,4,4,4,4,4,4,4,4,4,4,4,4,4,4,4,4,4,4,4,4,4,4,4,4,4,4,4,4,4,4,4,4,4,4,4,4,4,4,4,4,4,4,4,4,4,4,4,4,4,4,4,4,4,4,4,4,4,4,4,4,4,4,4,4,4,4,4,4,4,4,4,4,4,4,4,4,4,4,4,4,4,4,4,4,4,4,4,4,4,4,4,4,4,4,4,4,4,4,4,4,4,4,4,4,4,4,AFHR01000058.1/259431-259285,1
1694,0,2,0,3,2,1,3,1,0,3,3,1,4,1,0,3,4,1,3,4,1,3,3,0,3,2,3,3,4,1,2,1,1,3,4,4,4,4,4,4,4,4,4,4,4,4,4,4,4,4,4,4,4,4,4,4,3,0,4,4,4,4,4,4,4,4,4,4,4,4,4,4,4,4,4,4,4,4,4,2,3,2,1,1,3,1,0,3,0,0,0,1,3,1,1,4,2,2,0,4,0,3,2,0,1,2,1,0,4,4,4,4,2,0,2,1,1,2,4,4,3,3,3,0,1,2,2,3,2,1,3,3,0,3,1,2,3,1,1,4,0,1,3,2,0,4,1,0,2,0,3,2,3,1,4,4,4,4,4,4,4,4,4,2,1,3,3,0,3,4,4,4,2,1,1,4,4,4,4,4,4,4,4,4,4,4,4,4,4,4,4,4,4,4,4,4,4,4,4,4,4,4,4,4,4,4,4,4,3,4,4,1,0,3,1,0,4,2,0,1,0,1,4,4,1,0,4,3,2,2,0,1,0,1,0,0,1,2,3,3,2,0,4,4,4,4,4,2,3,2,0,0,2,1,0,1,1,1,0,1,3,3,4,4,4,4,4,4,4,4,4,4,4,4,4,4,4,4,4,4,4,4,4,4,4,4,4,4,4,4,4,4,4,4,4,4,4,4,4,4,4,4,4,4,4,4,4,4,4,4,4,4,4,4,4,4,4,4,4,4,4,4,4,4,4,4,4,4,4,4,4,4,4,4,4,4,4,4,4,4,4,4,4,4,4,4,4,4,4,4,4,4,4,4,4,4,4,4,4,4,4,4,4,4,4,4,4,4,4,4,4,4,4,4,4,4,4,4,4,4,4,4,4,4,4,4,4,4,4,4,4,4,4,4,4,4,4,4,4,4,4,4,4,4,4,4,4,4,4,4,4,4,4,4,4,4,4,4,4,4,4,4,4,4,4,4,4,4,4,4,4,4,4,4,4,4,4,4,4,4,4,4,4,4,4,4,4,4,4,4,4,4,4,4,4,4,4,AFAG01000033.1/1343981-1344129,1
1695,0,2,3,2,2,1,3,1,0,3,3,1,4,0,1,1,4,2,0,4,1,3,3,0,3,2,3,1,4,0,2,1,4,4,4,4,1,1,1,3,3,4,1,2,2,4,4,4,4,4,4,2,0,1,2,3,4,4,4,4,4,4,4,4,4,4,4,4,4,4,4,4,4,4,4,4,4,4,4,4,4,2,1,3,0,1,0,3,0,0,0,0,3,4,0,4,1,2,0,4,0,3,2,0,1,2,1,0,4,4,4,4,1,0,0,4,4,4,4,4,4,4,1,0,0,2,2,3,2,1,1,3,2,1,1,2,3,1,1,0,0,1,3,3,4,4,1,3,2,0,3,0,3,1,0,4,4,4,4,4,4,4,4,2,1,2,3,0,4,4,4,4,2,1,3,4,4,4,4,4,4,4,4,4,4,4,4,4,4,4,4,4,4,4,4,4,4,4,4,4,4,4,4,4,4,4,4,4,0,4,4,3,0,3,1,0,4,0,1,1,0,3,4,4,1,4,4,4,2,2,2,1,2,0,0,0,1,2,3,1,2,0,4,4,4,4,4,2,3,3,0,2,2,1,0,1,1,2,1,1,3,3,4,4,4,4,4,4,4,4,4,4,4,4,4,4,4,4,4,4,4,4,4,4,4,4,4,4,4,4,4,4,4,4,4,4,4,4,4,4,4,4,4,4,4,4,4,4,4,4,4,4,4,4,4,4,4,4,4,4,4,4,4,4,4,4,4,4,4,4,4,4,4,4,4,4,4,4,4,4,4,4,4,4,4,4,4,4,4,4,4,4,4,4,4,4,4,4,4,4,4,4,4,4,4,4,4,4,4,4,4,4,4,4,4,4,4,4,4,4,4,4,4,4,4,4,4,4,4,4,4,4,4,4,4,4,4,4,4,4,4,4,4,4,4,4,4,4,4,4,4,4,4,4,4,4,4,4,4,4,4,4,4,4,4,4,4,4,4,4,4,4,4,4,4,4,4,4,4,4,4,4,4,4,4,4,4,4,4,4,4,4,4,4,4,4,4,AFFZ01000073.1/181704-181557,1
1696,0,2,3,2,2,1,3,1,0,3,3,1,4,0,1,1,4,2,0,4,1,3,3,0,3,2,3,1,4,0,2,1,4,4,4,4,1,1,1,3,3,4,1,2,2,4,4,4,4,4,4,2,0,1,2,3,4,4,4,4,4,4,4,4,4,4,4,4,4,4,4,4,4,4,4,4,4,4,4,4,4,2,1,3,0,1,0,3,0,0,0,0,3,4,3,4,1,2,0,4,0,3,2,0,1,2,1,0,4,4,4,4,1,0,0,4,4,4,4,4,4,4,1,0,0,2,2,3,2,1,1,3,2,1,1,2,3,1,1,0,0,1,3,3,4,4,1,3,2,0,3,0,3,1,0,4,4,4,4,4,4,4,4,2,1,2,3,0,4,4,4,4,2,1,3,4,4,4,4,4,4,4,4,4,4,4,4,4,4,4,4,4,4,4,4,4,4,4,4,4,4,4,4,4,4,4,4,4,0,4,4,3,0,3,1,0,4,0,1,1,0,3,4,4,1,4,4,4,2,2,2,1,2,0,0,0,1,2,3,1,2,0,4,4,4,4,4,2,3,3,0,2,2,1,0,1,1,2,1,1,3,3,4,4,4,4,4,4,4,4,4,4,4,4,4,4,4,4,4,4,4,4,4,4,4,4,4,4,4,4,4,4,4,4,4,4,4,4,4,4,4,4,4,4,4,4,4,4,4,4,4,4,4,4,4,4,4,4,4,4,4,4,4,4,4,4,4,4,4,4,4,4,4,4,4,4,4,4,4,4,4,4,4,4,4,4,4,4,4,4,4,4,4,4,4,4,4,4,4,4,4,4,4,4,4,4,4,4,4,4,4,4,4,4,4,4,4,4,4,4,4,4,4,4,4,4,4,4,4,4,4,4,4,4,4,4,4,4,4,4,4,4,4,4,4,4,4,4,4,4,4,4,4,4,4,4,4,4,4,4,4,4,4,4,4,4,4,4,4,4,4,4,4,4,4,4,4,4,4,4,4,4,4,4,4,4,4,4,4,4,4,4,4,4,4,4,4,AFVG01000041.1/563947-563800,1
1697,0,2,0,3,2,1,3,1,0,3,1,1,4,1,0,1,4,3,3,4,0,3,3,0,3,2,0,1,4,0,2,1,3,3,2,2,1,1,0,3,3,4,0,0,2,2,1,3,0,4,4,0,3,3,3,0,4,4,4,4,4,4,4,4,4,4,4,4,4,4,4,4,4,4,4,4,4,4,4,4,4,2,1,3,3,1,0,3,0,0,0,1,1,1,0,4,2,2,2,4,0,3,2,0,1,2,1,0,4,4,4,4,2,0,2,1,1,2,0,3,3,3,3,0,2,0,2,3,2,1,1,3,0,3,3,2,3,1,1,0,3,2,3,0,0,4,1,1,2,0,3,2,3,3,4,4,4,4,4,4,4,4,4,2,0,2,3,0,4,4,4,4,0,3,2,4,4,4,4,4,4,4,4,4,4,4,4,4,4,4,4,4,4,4,4,4,4,4,4,4,4,4,4,4,4,4,4,4,3,4,4,1,0,3,1,0,4,1,0,3,0,1,4,4,1,4,4,4,2,2,2,1,0,3,0,0,1,2,3,3,2,0,4,4,4,4,4,2,3,2,0,2,2,1,0,1,3,2,0,3,0,3,4,4,4,4,4,4,4,4,4,4,4,4,4,4,4,4,4,4,4,4,4,4,4,4,4,4,4,4,4,4,4,4,4,4,4,4,4,4,4,4,4,4,4,4,4,4,4,4,4,4,4,4,4,4,4,4,4,4,4,4,4,4,4,4,4,4,4,4,4,4,4,4,4,4,4,4,4,4,4,4,4,4,4,4,4,4,4,4,4,4,4,4,4,4,4,4,4,4,4,4,4,4,4,4,4,4,4,4,4,4,4,4,4,4,4,4,4,4,4,4,4,4,4,4,4,4,4,4,4,4,4,4,4,4,4,4,4,4,4,4,4,4,4,4,4,4,4,4,4,4,4,4,4,4,4,4,4,4,4,4,4,4,4,4,4,4,4,4,4,4,4,4,4,4,4,4,4,4,4,4,4,4,4,4,4,4,4,4,4,4,4,4,4,4,4,CP000720.1/222228-222391,1
1698,0,2,0,3,2,1,3,1,0,3,1,1,4,1,0,1,4,3,3,4,0,3,3,0,3,2,0,1,4,0,2,1,1,3,4,4,4,4,4,4,4,4,4,4,4,4,4,4,4,4,4,4,4,4,4,4,4,4,4,4,4,4,4,4,4,4,4,4,4,4,4,4,4,4,4,4,4,4,4,4,0,2,1,3,3,1,0,3,0,0,0,1,1,1,0,4,2,2,2,4,0,3,2,0,1,2,1,0,4,4,4,4,0,0,2,1,1,2,4,0,3,3,0,3,1,2,2,3,2,1,1,3,0,3,3,2,3,1,1,0,0,3,3,3,0,2,0,3,2,0,3,1,0,0,2,0,2,1,4,4,4,4,4,3,0,0,3,1,1,4,4,4,3,1,3,4,4,4,4,4,4,4,4,4,4,4,4,4,4,4,4,4,4,4,4,4,4,4,4,4,4,4,4,4,4,4,4,4,3,0,1,1,0,3,1,0,4,2,1,2,0,0,4,4,1,4,4,4,2,2,2,1,2,0,0,0,1,2,3,3,2,0,4,4,4,4,4,2,3,2,0,2,2,1,0,1,1,0,3,1,1,2,4,4,4,4,4,4,4,4,4,4,4,4,4,4,4,4,4,4,4,4,4,4,4,4,4,4,4,4,4,4,4,4,4,4,4,4,4,4,4,4,4,4,4,4,4,4,4,4,4,4,4,4,4,4,4,4,4,4,4,4,4,4,4,4,4,4,4,4,4,4,4,4,4,4,4,4,4,4,4,4,4,4,4,4,4,4,4,4,4,4,4,4,4,4,4,4,4,4,4,4,4,4,4,4,4,4,4,4,4,4,4,4,4,4,4,4,4,4,4,4,4,4,4,4,4,4,4,4,4,4,4,4,4,4,4,4,4,4,4,4,4,4,4,4,4,4,4,4,4,4,4,4,4,4,4,4,4,4,4,4,4,4,4,4,4,4,4,4,4,4,4,4,4,4,4,4,4,4,4,4,4,4,4,4,4,4,4,4,4,4,4,4,4,4,4,ABXW01000018.1/38159-38007,1
1699,0,2,0,3,2,1,3,1,0,3,3,1,4,1,0,3,4,1,3,4,1,3,3,0,3,2,3,3,4,1,2,1,1,3,4,4,4,4,4,4,4,4,4,4,4,4,4,4,4,4,4,4,4,4,4,4,3,0,4,4,4,4,4,4,4,4,4,4,4,4,4,4,4,4,4,4,4,4,4,2,3,2,1,1,3,1,0,3,0,0,0,1,3,1,1,4,2,2,0,4,0,3,2,0,1,2,1,0,4,4,4,4,2,0,2,1,1,2,4,4,3,3,3,0,1,2,2,3,2,1,3,3,0,3,1,2,3,1,1,4,0,1,3,2,0,4,1,0,2,0,3,2,3,1,4,4,4,4,4,4,4,4,4,2,1,3,3,0,3,4,4,4,2,1,1,4,4,4,4,4,4,4,4,4,4,4,4,4,4,4,4,4,4,4,4,4,4,4,4,4,4,4,4,4,4,4,4,4,3,4,4,1,0,3,1,0,4,2,0,1,0,1,4,4,1,0,4,3,2,2,0,1,0,1,0,0,1,2,3,3,2,0,4,4,4,4,4,2,3,2,0,0,2,1,0,1,1,1,0,1,3,3,4,4,4,4,4,4,4,4,4,4,4,4,4,4,4,4,4,4,4,4,4,4,4,4,4,4,4,4,4,4,4,4,4,4,4,4,4,4,4,4,4,4,4,4,4,4,4,4,4,4,4,4,4,4,4,4,4,4,4,4,4,4,4,4,4,4,4,4,4,4,4,4,4,4,4,4,4,4,4,4,4,4,4,4,4,4,4,4,4,4,4,4,4,4,4,4,4,4,4,4,4,4,4,4,4,4,4,4,4,4,4,4,4,4,4,4,4,4,4,4,4,4,4,4,4,4,4,4,4,4,4,4,4,4,4,4,4,4,4,4,4,4,4,4,4,4,4,4,4,4,4,4,4,4,4,4,4,4,4,4,4,4,4,4,4,4,4,4,4,4,4,4,4,4,4,4,4,4,4,4,4,4,4,4,4,4,4,4,4,4,4,4,4,4,4,CP000946.1/4645119-4644971,1
1700,0,2,3,2,2,1,3,1,0,3,3,1,4,0,1,1,4,2,0,4,1,3,3,0,3,2,3,1,4,0,2,1,4,4,4,4,1,1,1,3,3,4,1,2,2,4,4,4,4,4,4,2,0,1,2,3,4,4,4,4,4,4,4,4,4,4,4,4,4,4,4,4,4,4,4,4,4,4,4,4,4,2,1,3,0,1,0,3,0,0,0,0,3,4,3,4,1,2,0,4,0,3,2,0,1,2,1,0,4,4,4,4,1,0,0,4,4,4,4,4,4,4,1,0,0,2,2,3,2,1,1,3,2,1,1,2,3,1,1,0,0,1,3,3,4,4,1,3,2,0,3,0,3,1,0,4,4,4,4,4,4,4,4,2,1,2,3,0,4,4,4,4,2,1,3,4,4,4,4,4,4,4,4,4,4,4,4,4,4,4,4,4,4,4,4,4,4,4,4,4,4,4,4,4,4,4,4,4,0,4,4,3,0,3,1,0,4,0,1,1,0,3,4,4,1,4,4,4,2,2,2,1,2,0,0,0,1,2,3,1,2,0,4,4,4,4,4,2,3,3,0,2,2,1,0,1,1,2,1,1,3,3,4,4,4,4,4,4,4,4,4,4,4,4,4,4,4,4,4,4,4,4,4,4,4,4,4,4,4,4,4,4,4,4,4,4,4,4,4,4,4,4,4,4,4,4,4,4,4,4,4,4,4,4,4,4,4,4,4,4,4,4,4,4,4,4,4,4,4,4,4,4,4,4,4,4,4,4,4,4,4,4,4,4,4,4,4,4,4,4,4,4,4,4,4,4,4,4,4,4,4,4,4,4,4,4,4,4,4,4,4,4,4,4,4,4,4,4,4,4,4,4,4,4,4,4,4,4,4,4,4,4,4,4,4,4,4,4,4,4,4,4,4,4,4,4,4,4,4,4,4,4,4,4,4,4,4,4,4,4,4,4,4,4,4,4,4,4,4,4,4,4,4,4,4,4,4,4,4,4,4,4,4,4,4,4,4,4,4,4,4,4,4,4,4,4,4,AEHX01000056.1/188767-188620,1
1701,0,2,3,2,2,1,3,1,0,3,3,1,4,0,1,1,4,3,3,4,1,3,3,0,3,2,3,1,4,0,2,1,4,4,4,4,1,1,1,3,3,4,0,2,2,4,4,4,4,4,4,2,0,1,2,1,4,4,4,4,4,4,4,4,4,4,4,4,4,4,4,4,4,4,4,4,4,4,4,4,4,2,1,3,0,1,0,3,0,0,0,1,3,4,3,4,1,2,0,4,0,3,2,0,1,2,1,0,4,4,4,4,1,0,0,4,4,4,4,4,4,4,1,0,0,2,2,3,2,1,1,3,2,1,1,2,3,1,3,0,0,1,3,3,4,4,1,3,2,0,3,0,0,3,0,4,4,4,4,4,4,4,4,2,1,2,3,0,4,4,4,4,2,1,3,4,4,4,4,4,4,4,4,4,4,4,4,4,4,4,4,4,4,4,4,4,4,4,4,4,4,4,4,4,4,4,4,4,3,4,4,3,0,3,1,0,4,0,1,1,3,1,4,4,1,4,4,4,2,2,2,1,2,0,0,0,1,2,3,1,2,0,4,4,4,4,4,2,3,3,0,2,2,1,0,1,1,2,1,1,3,3,4,4,4,4,4,4,4,4,4,4,4,4,4,4,4,4,4,4,4,4,4,4,4,4,4,4,4,4,4,4,4,4,4,4,4,4,4,4,4,4,4,4,4,4,4,4,4,4,4,4,4,4,4,4,4,4,4,4,4,4,4,4,4,4,4,4,4,4,4,4,4,4,4,4,4,4,4,4,4,4,4,4,4,4,4,4,4,4,4,4,4,4,4,4,4,4,4,4,4,4,4,4,4,4,4,4,4,4,4,4,4,4,4,4,4,4,4,4,4,4,4,4,4,4,4,4,4,4,4,4,4,4,4,4,4,4,4,4,4,4,4,4,4,4,4,4,4,4,4,4,4,4,4,4,4,4,4,4,4,4,4,4,4,4,4,4,4,4,4,4,4,4,4,4,4,4,4,4,4,4,4,4,4,4,4,4,4,4,4,4,4,4,4,4,4,CAAR01000245.1/4150-4297,1
1702,0,2,3,2,2,1,3,1,0,3,3,1,4,0,1,1,4,2,0,4,1,3,3,0,3,2,3,1,4,0,2,1,4,4,4,4,1,1,1,3,3,4,1,2,2,4,4,4,4,4,4,2,0,1,2,3,4,4,4,4,4,4,4,4,4,4,4,4,4,4,4,4,4,4,4,4,4,4,4,4,4,2,1,3,0,1,0,3,0,0,0,0,3,4,3,4,1,2,0,4,0,3,2,0,1,2,1,0,4,4,4,4,1,0,0,4,4,4,4,4,4,4,1,0,0,2,2,3,2,1,1,3,2,1,1,2,3,1,1,0,0,1,3,3,4,4,1,3,2,0,3,0,3,1,0,4,4,4,4,4,4,4,4,2,1,2,3,0,4,4,4,4,2,1,3,4,4,4,4,4,4,4,4,4,4,4,4,4,4,4,4,4,4,4,4,4,4,4,4,4,4,4,4,4,4,4,4,4,0,4,4,3,0,3,1,0,4,0,1,1,0,3,4,4,1,4,4,4,2,2,2,1,2,0,0,0,1,2,3,1,2,0,4,4,4,4,4,2,3,3,0,2,2,1,0,1,1,2,1,1,3,3,4,4,4,4,4,4,4,4,4,4,4,4,4,4,4,4,4,4,4,4,4,4,4,4,4,4,4,4,4,4,4,4,4,4,4,4,4,4,4,4,4,4,4,4,4,4,4,4,4,4,4,4,4,4,4,4,4,4,4,4,4,4,4,4,4,4,4,4,4,4,4,4,4,4,4,4,4,4,4,4,4,4,4,4,4,4,4,4,4,4,4,4,4,4,4,4,4,4,4,4,4,4,4,4,4,4,4,4,4,4,4,4,4,4,4,4,4,4,4,4,4,4,4,4,4,4,4,4,4,4,4,4,4,4,4,4,4,4,4,4,4,4,4,4,4,4,4,4,4,4,4,4,4,4,4,4,4,4,4,4,4,4,4,4,4,4,4,4,4,4,4,4,4,4,4,4,4,4,4,4,4,4,4,4,4,4,4,4,4,4,4,4,4,4,4,ADWU01000003.1/35066-35213,1
1703,0,2,0,3,2,1,3,1,0,3,3,1,4,1,0,3,4,1,3,4,1,3,3,0,3,2,3,3,4,1,2,1,1,3,4,4,4,4,4,4,4,4,4,4,4,4,4,4,4,4,4,4,4,4,4,4,3,0,4,4,4,4,4,4,4,4,4,4,4,4,4,4,4,4,4,4,4,4,4,2,3,2,1,1,3,1,0,3,0,0,0,1,3,1,1,4,2,2,0,4,0,3,2,0,1,2,1,0,4,4,4,4,2,0,2,1,1,2,4,4,3,3,3,0,1,2,2,3,2,1,3,3,0,3,1,2,3,1,1,4,0,1,3,2,0,4,1,0,2,0,3,2,3,1,4,4,4,4,4,4,4,4,4,2,1,3,3,0,3,4,4,4,2,1,1,4,4,4,4,4,4,4,4,4,4,4,4,4,4,4,4,4,4,4,4,4,4,4,4,4,4,4,4,4,4,4,4,4,3,4,4,1,0,3,1,0,4,2,0,1,0,1,4,4,1,0,4,3,2,2,0,1,0,1,0,0,1,2,3,3,2,0,4,4,4,4,4,2,3,2,0,0,2,1,0,1,1,1,0,1,3,3,4,4,4,4,4,4,4,4,4,4,4,4,4,4,4,4,4,4,4,4,4,4,4,4,4,4,4,4,4,4,4,4,4,4,4,4,4,4,4,4,4,4,4,4,4,4,4,4,4,4,4,4,4,4,4,4,4,4,4,4,4,4,4,4,4,4,4,4,4,4,4,4,4,4,4,4,4,4,4,4,4,4,4,4,4,4,4,4,4,4,4,4,4,4,4,4,4,4,4,4,4,4,4,4,4,4,4,4,4,4,4,4,4,4,4,4,4,4,4,4,4,4,4,4,4,4,4,4,4,4,4,4,4,4,4,4,4,4,4,4,4,4,4,4,4,4,4,4,4,4,4,4,4,4,4,4,4,4,4,4,4,4,4,4,4,4,4,4,4,4,4,4,4,4,4,4,4,4,4,4,4,4,4,4,4,4,4,4,4,4,4,4,4,4,4,AFGC01000054.1/44558-44706,1
1704,0,2,3,2,2,1,3,1,0,3,3,1,4,0,1,1,4,2,0,4,1,3,3,0,3,2,3,1,4,0,2,1,4,4,4,4,1,1,1,3,3,4,1,2,2,4,4,4,4,4,4,2,0,1,2,3,4,4,4,4,4,4,4,4,4,4,4,4,4,4,4,4,4,4,4,4,4,4,4,4,4,2,1,3,0,1,0,3,0,0,0,0,3,4,3,4,1,2,0,4,0,3,2,0,1,2,1,0,4,4,4,4,1,0,0,4,4,4,4,4,4,4,1,0,0,2,2,3,2,1,1,3,2,1,1,2,3,1,1,0,0,1,3,3,4,4,1,3,2,0,3,0,3,1,0,4,4,4,4,4,4,4,4,2,1,2,3,0,4,4,4,4,2,1,3,4,4,4,4,4,4,4,4,4,4,4,4,4,4,4,4,4,4,4,4,4,4,4,4,4,4,4,4,4,4,4,4,4,0,4,4,3,0,3,1,0,4,0,1,1,0,3,4,4,1,4,4,4,2,2,2,1,2,0,0,0,1,2,3,1,2,0,4,4,4,4,4,2,3,3,0,2,2,1,0,1,1,2,1,1,3,3,4,4,4,4,4,4,4,4,4,4,4,4,4,4,4,4,4,4,4,4,4,4,4,4,4,4,4,4,4,4,4,4,4,4,4,4,4,4,4,4,4,4,4,4,4,4,4,4,4,4,4,4,4,4,4,4,4,4,4,4,4,4,4,4,4,4,4,4,4,4,4,4,4,4,4,4,4,4,4,4,4,4,4,4,4,4,4,4,4,4,4,4,4,4,4,4,4,4,4,4,4,4,4,4,4,4,4,4,4,4,4,4,4,4,4,4,4,4,4,4,4,4,4,4,4,4,4,4,4,4,4,4,4,4,4,4,4,4,4,4,4,4,4,4,4,4,4,4,4,4,4,4,4,4,4,4,4,4,4,4,4,4,4,4,4,4,4,4,4,4,4,4,4,4,4,4,4,4,4,4,4,4,4,4,4,4,4,4,4,4,4,4,4,4,4,AFAC01000012.1/388668-388815,1
1705,0,2,0,3,2,1,3,1,0,3,3,1,4,1,0,3,4,1,3,4,1,3,3,0,3,2,3,3,4,1,2,1,1,3,4,4,4,4,4,4,4,4,4,4,4,4,4,4,4,4,4,4,4,4,4,4,3,0,4,4,4,4,4,4,4,4,4,4,4,4,4,4,4,4,4,4,4,4,4,2,3,2,1,1,3,1,0,3,0,0,0,1,3,1,1,4,2,2,0,4,0,3,2,0,1,2,1,0,4,4,4,4,2,0,2,1,1,2,4,4,3,3,3,0,1,2,2,3,2,1,3,3,0,3,1,2,3,1,1,4,0,1,3,2,0,4,1,0,2,0,3,2,3,1,4,4,4,4,4,4,4,4,4,2,1,3,3,0,3,4,4,4,2,1,1,4,4,4,4,4,4,4,4,4,4,4,4,4,4,4,4,4,4,4,4,4,4,4,4,4,4,4,4,4,4,4,4,4,3,4,4,1,0,3,1,0,4,2,0,1,0,1,4,4,1,0,4,3,2,2,0,1,0,1,0,0,1,2,3,3,2,0,4,4,4,4,4,2,3,2,0,0,2,1,0,1,1,1,0,1,3,3,4,4,4,4,4,4,4,4,4,4,4,4,4,4,4,4,4,4,4,4,4,4,4,4,4,4,4,4,4,4,4,4,4,4,4,4,4,4,4,4,4,4,4,4,4,4,4,4,4,4,4,4,4,4,4,4,4,4,4,4,4,4,4,4,4,4,4,4,4,4,4,4,4,4,4,4,4,4,4,4,4,4,4,4,4,4,4,4,4,4,4,4,4,4,4,4,4,4,4,4,4,4,4,4,4,4,4,4,4,4,4,4,4,4,4,4,4,4,4,4,4,4,4,4,4,4,4,4,4,4,4,4,4,4,4,4,4,4,4,4,4,4,4,4,4,4,4,4,4,4,4,4,4,4,4,4,4,4,4,4,4,4,4,4,4,4,4,4,4,4,4,4,4,4,4,4,4,4,4,4,4,4,4,4,4,4,4,4,4,4,4,4,4,4,4,ADVC01000662.1/3657-3805,1
1706,0,2,3,2,2,1,3,1,0,3,3,1,4,0,1,1,4,3,3,4,1,3,3,0,3,2,3,1,4,0,2,1,4,4,4,4,1,1,1,3,3,4,1,2,2,4,4,4,4,4,4,2,0,1,2,1,4,4,4,4,4,4,4,4,4,4,4,4,4,4,4,4,4,4,4,4,4,4,4,4,4,2,1,3,0,1,0,3,0,0,0,1,3,4,3,4,1,2,0,4,0,3,2,0,1,2,1,0,4,4,4,4,1,0,0,4,4,4,4,4,4,4,0,1,0,2,2,3,2,1,1,3,2,1,1,2,3,1,1,0,0,1,3,1,4,4,1,3,2,0,3,0,0,1,0,4,4,4,4,4,4,4,4,2,1,3,3,2,4,4,4,4,2,1,3,4,4,4,4,4,4,4,4,4,4,4,4,4,4,4,4,4,4,4,4,4,4,4,4,4,4,4,4,4,4,4,4,4,3,4,4,3,0,3,1,0,4,2,0,1,0,3,4,4,1,4,4,4,2,2,2,1,2,0,0,0,1,2,3,1,2,0,4,4,4,4,4,2,3,0,0,2,2,1,0,1,1,2,1,1,3,1,4,4,4,4,4,4,4,4,4,4,4,4,4,4,4,4,4,4,4,4,4,4,4,4,4,4,4,4,4,4,4,4,4,4,4,4,4,4,4,4,4,4,4,4,4,4,4,4,4,4,4,4,4,4,4,4,4,4,4,4,4,4,4,4,4,4,4,4,4,4,4,4,4,4,4,4,4,4,4,4,4,4,4,4,4,4,4,4,4,4,4,4,4,4,4,4,4,4,4,4,4,4,4,4,4,4,4,4,4,4,4,4,4,4,4,4,4,4,4,4,4,4,4,4,4,4,4,4,4,4,4,4,4,4,4,4,4,4,4,4,4,4,4,4,4,4,4,4,4,4,4,4,4,4,4,4,4,4,4,4,4,4,4,4,4,4,4,4,4,4,4,4,4,4,4,4,4,4,4,4,4,4,4,4,4,4,4,4,4,4,4,4,4,4,4,CP002910.1/3679039-3678892,1
1707,0,2,3,2,2,1,3,1,0,3,3,1,4,0,1,1,4,2,0,4,1,3,3,0,3,2,3,1,4,0,2,1,4,4,4,4,1,1,1,3,3,4,1,2,2,4,4,4,4,4,4,2,0,1,2,3,4,4,4,4,4,4,4,4,4,4,4,4,4,4,4,4,4,4,4,4,4,4,4,4,4,2,1,3,0,1,0,3,0,0,0,0,3,4,3,4,1,2,0,4,0,3,2,0,1,2,1,0,4,4,4,4,1,0,0,4,4,4,4,4,4,4,1,0,0,2,2,3,2,1,1,3,2,1,1,2,3,1,1,0,0,1,3,3,4,4,1,3,2,0,3,0,3,1,0,4,4,4,4,4,4,4,4,2,1,2,3,0,4,4,4,4,2,1,3,4,4,4,4,4,4,4,4,4,4,4,4,4,4,4,4,4,4,4,4,4,4,4,4,4,4,4,4,4,4,4,4,4,0,4,4,3,0,3,1,0,4,0,1,1,0,3,4,4,1,4,4,4,2,2,2,1,2,0,0,0,1,2,3,1,2,0,4,4,4,4,4,2,3,3,0,2,2,1,0,1,1,2,1,1,3,3,4,4,4,4,4,4,4,4,4,4,4,4,4,4,4,4,4,4,4,4,4,4,4,4,4,4,4,4,4,4,4,4,4,4,4,4,4,4,4,4,4,4,4,4,4,4,4,4,4,4,4,4,4,4,4,4,4,4,4,4,4,4,4,4,4,4,4,4,4,4,4,4,4,4,4,4,4,4,4,4,4,4,4,4,4,4,4,4,4,4,4,4,4,4,4,4,4,4,4,4,4,4,4,4,4,4,4,4,4,4,4,4,4,4,4,4,4,4,4,4,4,4,4,4,4,4,4,4,4,4,4,4,4,4,4,4,4,4,4,4,4,4,4,4,4,4,4,4,4,4,4,4,4,4,4,4,4,4,4,4,4,4,4,4,4,4,4,4,4,4,4,4,4,4,4,4,4,4,4,4,4,4,4,4,4,4,4,4,4,4,4,4,4,4,4,ADUQ01000078.1/73057-73204,1
1708,0,2,0,3,2,1,3,1,0,3,3,1,4,1,0,3,4,1,3,4,1,3,3,0,3,2,3,3,4,1,2,1,1,3,4,4,4,4,4,4,4,4,4,4,4,4,4,4,4,4,4,4,4,4,4,4,3,0,4,4,4,4,4,4,4,4,4,4,4,4,4,4,4,4,4,4,4,4,4,2,3,2,1,1,3,1,0,3,0,0,0,1,3,1,1,4,2,2,0,4,0,3,2,0,1,2,1,0,4,4,4,4,2,0,2,1,1,2,4,4,3,3,3,0,1,2,2,3,2,1,3,3,0,3,1,2,3,1,1,4,0,1,3,2,0,4,1,0,2,0,3,2,3,1,4,4,4,4,4,4,4,4,4,2,1,3,3,0,3,4,4,4,2,1,1,4,4,4,4,4,4,4,4,4,4,4,4,4,4,4,4,4,4,4,4,4,4,4,4,4,4,4,4,4,4,4,4,4,3,4,4,1,0,3,1,0,4,2,0,1,0,1,4,4,1,0,4,3,2,2,0,1,0,1,0,0,1,2,3,3,2,0,4,4,4,4,4,2,3,2,0,0,2,1,0,1,1,1,0,1,3,3,4,4,4,4,4,4,4,4,4,4,4,4,4,4,4,4,4,4,4,4,4,4,4,4,4,4,4,4,4,4,4,4,4,4,4,4,4,4,4,4,4,4,4,4,4,4,4,4,4,4,4,4,4,4,4,4,4,4,4,4,4,4,4,4,4,4,4,4,4,4,4,4,4,4,4,4,4,4,4,4,4,4,4,4,4,4,4,4,4,4,4,4,4,4,4,4,4,4,4,4,4,4,4,4,4,4,4,4,4,4,4,4,4,4,4,4,4,4,4,4,4,4,4,4,4,4,4,4,4,4,4,4,4,4,4,4,4,4,4,4,4,4,4,4,4,4,4,4,4,4,4,4,4,4,4,4,4,4,4,4,4,4,4,4,4,4,4,4,4,4,4,4,4,4,4,4,4,4,4,4,4,4,4,4,4,4,4,4,4,4,4,4,4,4,4,CP000243.1/4246427-4246575,1
1709,0,2,3,2,2,1,3,1,0,3,3,1,4,0,1,1,4,2,0,4,1,3,3,0,3,2,3,1,4,0,2,1,4,4,4,4,1,1,1,3,3,4,1,2,2,4,4,4,4,4,4,2,0,1,2,3,4,4,4,4,4,4,4,4,4,4,4,4,4,4,4,4,4,4,4,4,4,4,4,4,4,2,1,3,0,1,0,3,0,0,0,0,3,4,3,4,1,2,0,4,0,3,2,0,1,2,1,0,4,4,4,4,1,0,0,4,4,4,4,4,4,4,1,0,0,2,2,3,2,1,1,3,2,1,1,2,3,1,1,0,0,1,3,3,4,4,1,3,2,0,3,0,3,1,0,4,4,4,4,4,4,4,4,2,1,2,3,0,4,4,4,4,2,1,3,4,4,4,4,4,4,4,4,4,4,4,4,4,4,4,4,4,4,4,4,4,4,4,4,4,4,4,4,4,4,4,4,4,0,4,4,3,0,3,1,0,4,0,1,1,0,3,4,4,1,4,4,4,2,2,2,1,2,0,0,0,1,2,3,1,2,0,4,4,4,4,4,2,3,3,0,2,2,1,0,1,1,2,1,1,3,3,4,4,4,4,4,4,4,4,4,4,4,4,4,4,4,4,4,4,4,4,4,4,4,4,4,4,4,4,4,4,4,4,4,4,4,4,4,4,4,4,4,4,4,4,4,4,4,4,4,4,4,4,4,4,4,4,4,4,4,4,4,4,4,4,4,4,4,4,4,4,4,4,4,4,4,4,4,4,4,4,4,4,4,4,4,4,4,4,4,4,4,4,4,4,4,4,4,4,4,4,4,4,4,4,4,4,4,4,4,4,4,4,4,4,4,4,4,4,4,4,4,4,4,4,4,4,4,4,4,4,4,4,4,4,4,4,4,4,4,4,4,4,4,4,4,4,4,4,4,4,4,4,4,4,4,4,4,4,4,4,4,4,4,4,4,4,4,4,4,4,4,4,4,4,4,4,4,4,4,4,4,4,4,4,4,4,4,4,4,4,4,4,4,4,4,AEZK01000047.1/233674-233527,1
1710,0,2,0,3,2,1,3,1,0,3,3,1,4,1,0,3,4,1,3,4,1,3,3,0,3,2,3,3,4,1,2,1,1,3,4,4,4,4,4,4,4,4,4,4,4,4,4,4,4,4,4,4,4,4,4,4,3,0,4,4,4,4,4,4,4,4,4,4,4,4,4,4,4,4,4,4,4,4,4,2,3,2,1,1,3,1,0,3,0,0,0,1,3,1,1,4,2,2,0,4,0,3,2,0,1,2,1,0,4,4,4,4,2,0,2,1,1,2,4,4,3,3,3,0,1,2,2,3,2,1,3,3,0,3,1,2,3,1,1,4,0,1,3,2,0,4,1,0,2,0,3,2,3,1,4,4,4,4,4,4,4,4,4,2,1,3,3,0,3,4,4,4,2,1,1,4,4,4,4,4,4,4,4,4,4,4,4,4,4,4,4,4,4,4,4,4,4,4,4,4,4,4,4,4,4,4,4,4,3,4,4,1,0,3,1,0,4,2,0,1,0,1,4,4,1,0,4,3,2,2,0,1,0,1,0,0,1,2,3,3,2,0,4,4,4,4,4,2,3,2,0,0,2,1,0,1,1,1,0,1,3,3,4,4,4,4,4,4,4,4,4,4,4,4,4,4,4,4,4,4,4,4,4,4,4,4,4,4,4,4,4,4,4,4,4,4,4,4,4,4,4,4,4,4,4,4,4,4,4,4,4,4,4,4,4,4,4,4,4,4,4,4,4,4,4,4,4,4,4,4,4,4,4,4,4,4,4,4,4,4,4,4,4,4,4,4,4,4,4,4,4,4,4,4,4,4,4,4,4,4,4,4,4,4,4,4,4,4,4,4,4,4,4,4,4,4,4,4,4,4,4,4,4,4,4,4,4,4,4,4,4,4,4,4,4,4,4,4,4,4,4,4,4,4,4,4,4,4,4,4,4,4,4,4,4,4,4,4,4,4,4,4,4,4,4,4,4,4,4,4,4,4,4,4,4,4,4,4,4,4,4,4,4,4,4,4,4,4,4,4,4,4,4,4,4,4,4,AP009048.1/3650247-3650099,1
1711,0,2,3,2,2,1,3,1,0,3,3,1,4,0,1,1,4,2,0,4,1,3,3,0,3,2,3,1,4,0,2,1,4,4,4,4,1,1,1,3,3,4,1,2,2,4,4,4,4,4,4,2,0,1,2,3,4,4,4,4,4,4,4,4,4,4,4,4,4,4,4,4,4,4,4,4,4,4,4,4,4,2,1,3,0,1,0,3,0,0,0,0,3,4,3,4,1,2,0,4,0,3,2,0,1,2,1,0,4,4,4,4,1,0,0,4,4,4,4,4,4,4,1,0,0,2,2,3,2,1,1,3,2,1,1,2,3,1,1,0,0,1,3,3,4,4,1,3,2,0,3,0,3,1,0,4,4,4,4,4,4,4,4,2,1,2,3,0,4,4,4,4,2,1,3,4,4,4,4,4,4,4,4,4,4,4,4,4,4,4,4,4,4,4,4,4,4,4,4,4,4,4,4,4,4,4,4,4,0,4,4,3,0,3,1,0,4,0,1,1,0,3,4,4,1,4,4,4,2,2,2,1,2,0,0,0,1,2,3,1,2,0,4,4,4,4,4,2,3,3,0,2,2,1,0,1,1,2,1,1,3,3,4,4,4,4,4,4,4,4,4,4,4,4,4,4,4,4,4,4,4,4,4,4,4,4,4,4,4,4,4,4,4,4,4,4,4,4,4,4,4,4,4,4,4,4,4,4,4,4,4,4,4,4,4,4,4,4,4,4,4,4,4,4,4,4,4,4,4,4,4,4,4,4,4,4,4,4,4,4,4,4,4,4,4,4,4,4,4,4,4,4,4,4,4,4,4,4,4,4,4,4,4,4,4,4,4,4,4,4,4,4,4,4,4,4,4,4,4,4,4,4,4,4,4,4,4,4,4,4,4,4,4,4,4,4,4,4,4,4,4,4,4,4,4,4,4,4,4,4,4,4,4,4,4,4,4,4,4,4,4,4,4,4,4,4,4,4,4,4,4,4,4,4,4,4,4,4,4,4,4,4,4,4,4,4,4,4,4,4,4,4,4,4,4,4,4,CP000036.1/2588417-2588270,1
1712,0,2,0,3,2,1,3,1,0,3,3,1,4,1,0,3,4,1,3,4,1,3,3,0,3,2,3,3,4,1,2,1,1,3,3,4,1,4,4,4,4,4,4,4,4,4,4,4,4,4,4,4,4,4,4,4,3,4,4,4,4,4,4,4,4,4,4,4,4,4,4,4,4,4,4,4,4,4,4,4,2,2,1,1,3,1,0,3,0,0,0,1,3,1,0,4,2,2,0,4,0,3,2,0,3,2,1,0,4,4,4,4,2,0,2,1,1,2,4,4,3,3,3,0,1,2,2,3,2,1,3,3,0,3,1,2,3,1,1,4,0,1,3,2,0,4,1,0,2,0,3,2,3,1,4,4,4,4,4,4,4,4,4,2,1,3,3,0,1,4,4,4,2,1,1,4,4,4,4,4,4,4,4,4,4,4,4,4,4,4,4,4,4,4,4,4,4,4,4,4,4,4,4,4,4,4,4,4,3,4,4,1,0,3,1,0,4,0,0,1,0,1,4,4,1,1,4,3,2,2,0,1,0,1,0,0,1,2,3,3,2,0,4,4,4,4,4,2,3,2,0,0,2,1,0,1,1,1,1,3,3,3,4,4,4,4,4,4,4,4,4,4,4,4,4,4,4,4,4,4,4,4,4,4,4,4,4,4,4,4,4,4,4,4,4,4,4,4,4,4,4,4,4,4,4,4,4,4,4,4,4,4,4,4,4,4,4,4,4,4,4,4,4,4,4,4,4,4,4,4,4,4,4,4,4,4,4,4,4,4,4,4,4,4,4,4,4,4,4,4,4,4,4,4,4,4,4,4,4,4,4,4,4,4,4,4,4,4,4,4,4,4,4,4,4,4,4,4,4,4,4,4,4,4,4,4,4,4,4,4,4,4,4,4,4,4,4,4,4,4,4,4,4,4,4,4,4,4,4,4,4,4,4,4,4,4,4,4,4,4,4,4,4,4,4,4,4,4,4,4,4,4,4,4,4,4,4,4,4,4,4,4,4,4,4,4,4,4,4,4,4,4,4,4,4,4,4,AETI01000043.1/53203-53055,1
1713,0,2,0,3,2,1,3,1,0,3,3,1,4,1,0,3,4,1,3,4,1,3,3,0,3,2,3,3,4,1,2,1,1,3,4,4,4,4,4,4,4,4,4,4,4,4,4,4,4,4,4,4,4,4,4,4,3,0,4,4,4,4,4,4,4,4,4,4,4,4,4,4,4,4,4,4,4,4,4,2,3,2,1,1,3,1,0,3,0,0,0,1,3,1,1,4,2,2,0,4,0,3,2,0,1,2,1,0,4,4,4,4,2,0,2,1,1,2,4,4,3,3,3,0,1,2,2,3,2,1,3,3,0,3,1,2,3,1,1,4,0,1,3,2,0,4,1,0,2,0,3,2,3,1,4,4,4,4,4,4,4,4,4,2,1,3,3,0,3,4,4,4,2,1,1,4,4,4,4,4,4,4,4,4,4,4,4,4,4,4,4,4,4,4,4,4,4,4,4,4,4,4,4,4,4,4,4,4,3,4,4,1,0,3,1,0,4,2,0,1,0,1,4,4,1,0,4,3,2,2,0,1,0,1,0,0,1,2,3,3,2,0,4,4,4,4,4,2,3,2,0,0,2,1,0,1,1,1,0,1,3,3,4,4,4,4,4,4,4,4,4,4,4,4,4,4,4,4,4,4,4,4,4,4,4,4,4,4,4,4,4,4,4,4,4,4,4,4,4,4,4,4,4,4,4,4,4,4,4,4,4,4,4,4,4,4,4,4,4,4,4,4,4,4,4,4,4,4,4,4,4,4,4,4,4,4,4,4,4,4,4,4,4,4,4,4,4,4,4,4,4,4,4,4,4,4,4,4,4,4,4,4,4,4,4,4,4,4,4,4,4,4,4,4,4,4,4,4,4,4,4,4,4,4,4,4,4,4,4,4,4,4,4,4,4,4,4,4,4,4,4,4,4,4,4,4,4,4,4,4,4,4,4,4,4,4,4,4,4,4,4,4,4,4,4,4,4,4,4,4,4,4,4,4,4,4,4,4,4,4,4,4,4,4,4,4,4,4,4,4,4,4,4,4,4,4,4,AFAE01000028.1/83963-83815,1
1714,0,2,0,3,2,1,3,1,0,3,3,1,4,1,0,3,4,1,3,4,1,3,3,0,3,2,3,3,4,1,2,1,1,3,3,4,1,4,4,4,4,4,4,4,4,4,4,4,4,4,4,4,4,4,4,4,3,4,4,4,4,4,4,4,4,4,4,4,4,4,4,4,4,4,4,4,4,4,4,4,2,2,1,1,3,1,0,3,0,0,0,1,3,1,0,4,2,2,0,4,0,3,2,0,3,2,1,0,4,4,4,4,2,0,2,1,1,2,4,4,3,3,3,0,1,2,2,3,2,1,3,3,0,3,1,2,3,1,1,4,0,1,3,2,0,4,1,0,2,0,3,2,3,1,4,4,4,4,4,4,4,4,4,2,1,3,3,0,1,4,4,4,2,1,1,4,4,4,4,4,4,4,4,4,4,4,4,4,4,4,4,4,4,4,4,4,4,4,4,4,4,4,4,4,4,4,4,4,3,4,4,1,0,3,1,0,4,0,0,1,0,1,4,4,1,1,4,3,2,2,0,1,0,1,0,0,1,2,3,3,2,0,4,4,4,4,4,2,3,2,0,0,2,1,0,1,1,1,1,3,3,3,4,4,4,4,4,4,4,4,4,4,4,4,4,4,4,4,4,4,4,4,4,4,4,4,4,4,4,4,4,4,4,4,4,4,4,4,4,4,4,4,4,4,4,4,4,4,4,4,4,4,4,4,4,4,4,4,4,4,4,4,4,4,4,4,4,4,4,4,4,4,4,4,4,4,4,4,4,4,4,4,4,4,4,4,4,4,4,4,4,4,4,4,4,4,4,4,4,4,4,4,4,4,4,4,4,4,4,4,4,4,4,4,4,4,4,4,4,4,4,4,4,4,4,4,4,4,4,4,4,4,4,4,4,4,4,4,4,4,4,4,4,4,4,4,4,4,4,4,4,4,4,4,4,4,4,4,4,4,4,4,4,4,4,4,4,4,4,4,4,4,4,4,4,4,4,4,4,4,4,4,4,4,4,4,4,4,4,4,4,4,4,4,4,4,4,CAAV01003619.1/514-662,1
1715,0,2,3,2,2,1,3,1,0,3,3,1,4,0,1,1,4,2,0,4,1,3,3,0,3,2,3,1,4,0,2,1,4,4,4,4,1,1,1,3,3,4,1,2,2,4,4,4,4,4,4,2,0,1,2,3,4,4,4,4,4,4,4,4,4,4,4,4,4,4,4,4,4,4,4,4,4,4,4,4,4,2,1,3,0,1,0,3,0,0,0,0,3,4,0,4,1,2,0,4,0,3,2,0,1,2,1,0,4,4,4,4,1,0,0,4,4,4,4,4,4,4,1,0,0,2,2,3,2,1,1,3,2,1,1,2,3,1,1,0,0,1,3,3,4,4,1,3,2,0,3,0,3,1,0,4,4,4,4,4,4,4,4,2,1,2,3,0,4,4,4,4,2,1,3,4,4,4,4,4,4,4,4,4,4,4,4,4,4,4,4,4,4,4,4,4,4,4,4,4,4,4,4,4,4,4,4,4,0,4,4,3,0,3,1,0,4,0,1,1,0,3,4,4,1,4,4,4,2,2,2,1,2,0,0,0,1,2,3,1,2,0,4,4,4,4,4,2,3,3,0,2,2,1,0,1,1,2,1,1,3,3,4,4,4,4,4,4,4,4,4,4,4,4,4,4,4,4,4,4,4,4,4,4,4,4,4,4,4,4,4,4,4,4,4,4,4,4,4,4,4,4,4,4,4,4,4,4,4,4,4,4,4,4,4,4,4,4,4,4,4,4,4,4,4,4,4,4,4,4,4,4,4,4,4,4,4,4,4,4,4,4,4,4,4,4,4,4,4,4,4,4,4,4,4,4,4,4,4,4,4,4,4,4,4,4,4,4,4,4,4,4,4,4,4,4,4,4,4,4,4,4,4,4,4,4,4,4,4,4,4,4,4,4,4,4,4,4,4,4,4,4,4,4,4,4,4,4,4,4,4,4,4,4,4,4,4,4,4,4,4,4,4,4,4,4,4,4,4,4,4,4,4,4,4,4,4,4,4,4,4,4,4,4,4,4,4,4,4,4,4,4,4,4,4,4,4,ADUB01000370.1/22958-23105,1
1716,0,2,3,3,2,1,3,1,0,3,3,1,4,0,0,3,4,3,3,4,3,3,3,0,3,2,3,1,4,2,2,1,1,1,2,4,1,0,0,3,1,4,0,2,2,4,3,2,2,0,4,0,0,1,0,3,4,4,4,4,4,4,4,4,4,4,4,4,4,4,4,4,4,4,4,4,4,4,4,4,4,2,1,1,0,1,0,3,0,0,2,1,1,4,1,4,0,2,0,4,0,3,2,0,1,2,1,1,4,4,4,4,2,0,0,2,4,4,4,4,4,4,3,0,0,2,2,3,2,1,1,3,0,1,1,2,3,1,1,0,0,1,3,3,0,4,0,3,2,0,3,0,1,3,1,2,3,3,4,4,4,4,4,3,3,1,2,2,4,4,4,4,0,1,1,4,4,4,4,4,4,4,4,4,4,4,4,4,4,4,4,4,4,4,4,4,4,4,4,4,4,4,4,4,4,4,4,4,3,4,4,3,0,3,1,0,4,0,0,1,0,1,4,4,0,4,4,4,2,2,2,1,2,0,1,0,1,2,3,2,2,0,4,4,4,4,4,2,3,3,0,2,2,1,0,1,1,0,1,1,3,0,4,4,4,4,4,4,4,4,4,4,4,4,4,4,4,4,4,4,4,4,4,4,4,4,4,4,4,4,4,4,4,4,4,4,4,4,4,4,4,4,4,4,4,4,4,4,4,4,4,4,4,4,4,4,4,4,4,4,4,4,4,4,4,4,4,4,4,4,4,4,4,4,4,4,4,4,4,4,4,4,4,4,4,4,4,4,4,4,4,4,4,4,4,4,4,4,4,4,4,4,4,4,4,4,4,4,4,4,4,4,4,4,4,4,4,4,4,4,4,4,4,4,4,4,4,4,4,4,4,4,4,4,4,4,4,4,4,4,4,4,4,4,4,4,4,4,4,4,4,4,4,4,4,4,4,4,4,4,4,4,4,4,4,4,4,4,4,4,4,4,4,4,4,4,4,4,4,4,4,4,4,4,4,4,4,4,4,4,4,4,4,4,4,4,4,FN667742.1/3211440-3211599,1
1717,0,2,0,3,2,1,3,1,0,3,3,1,4,1,0,3,4,1,3,4,1,3,3,0,3,2,3,3,4,1,2,1,1,3,4,4,4,4,4,4,4,4,4,4,4,4,4,4,4,4,4,4,4,4,4,4,3,0,4,4,4,4,4,4,4,4,4,4,4,4,4,4,4,4,4,4,4,4,4,2,3,2,1,1,3,1,0,3,0,0,0,1,3,1,1,4,2,2,0,4,0,3,2,0,1,2,1,0,4,4,4,4,2,0,2,1,1,2,4,4,3,3,3,0,1,2,2,3,2,1,3,3,0,3,1,2,3,1,1,4,0,1,3,2,0,4,1,0,2,0,3,2,3,1,4,4,4,4,4,4,4,4,4,2,1,3,3,0,3,4,4,4,2,1,1,4,4,4,4,4,4,4,4,4,4,4,4,4,4,4,4,4,4,4,4,4,4,4,4,4,4,4,4,4,4,4,4,4,3,4,4,1,0,3,1,0,4,2,0,1,0,1,4,4,1,0,4,3,2,2,0,1,0,1,0,0,1,2,3,3,2,0,4,4,4,4,4,2,3,2,0,0,2,1,0,1,1,1,0,1,3,3,4,4,4,4,4,4,4,4,4,4,4,4,4,4,4,4,4,4,4,4,4,4,4,4,4,4,4,4,4,4,4,4,4,4,4,4,4,4,4,4,4,4,4,4,4,4,4,4,4,4,4,4,4,4,4,4,4,4,4,4,4,4,4,4,4,4,4,4,4,4,4,4,4,4,4,4,4,4,4,4,4,4,4,4,4,4,4,4,4,4,4,4,4,4,4,4,4,4,4,4,4,4,4,4,4,4,4,4,4,4,4,4,4,4,4,4,4,4,4,4,4,4,4,4,4,4,4,4,4,4,4,4,4,4,4,4,4,4,4,4,4,4,4,4,4,4,4,4,4,4,4,4,4,4,4,4,4,4,4,4,4,4,4,4,4,4,4,4,4,4,4,4,4,4,4,4,4,4,4,4,4,4,4,4,4,4,4,4,4,4,4,4,4,4,4,AAJW02000005.1/1444-1592,1
1718,0,2,0,3,2,1,3,1,0,3,3,1,4,1,0,3,4,1,3,4,1,3,3,0,3,2,3,3,4,1,2,1,1,3,3,4,4,4,4,4,4,4,4,4,4,4,4,4,4,4,4,4,4,4,4,4,1,4,4,4,4,4,4,4,4,4,4,4,4,4,4,4,4,4,4,4,4,4,4,2,3,2,1,1,3,1,0,3,0,0,0,1,3,1,2,4,2,2,0,4,0,3,2,0,3,2,1,0,4,4,4,4,2,0,2,1,1,2,3,0,1,3,3,0,1,2,2,3,2,1,3,3,0,3,1,2,3,1,1,4,0,1,3,2,0,4,3,0,2,0,3,2,3,1,2,1,0,3,4,4,4,4,4,3,3,3,0,3,4,4,4,4,2,3,1,4,4,4,4,4,4,4,4,4,4,4,4,4,4,4,4,4,4,4,4,4,4,4,4,4,4,4,4,4,4,4,4,4,3,4,4,1,0,3,1,0,4,0,0,1,0,1,4,4,1,0,4,3,2,2,0,1,0,3,3,0,1,2,3,3,2,0,4,4,4,4,4,2,3,2,0,0,2,1,0,1,1,1,0,0,3,3,4,4,4,4,4,4,4,4,4,4,4,4,4,4,4,4,4,4,4,4,4,4,4,4,4,4,4,4,4,4,4,4,4,4,4,4,4,4,4,4,4,4,4,4,4,4,4,4,4,4,4,4,4,4,4,4,4,4,4,4,4,4,4,4,4,4,4,4,4,4,4,4,4,4,4,4,4,4,4,4,4,4,4,4,4,4,4,4,4,4,4,4,4,4,4,4,4,4,4,4,4,4,4,4,4,4,4,4,4,4,4,4,4,4,4,4,4,4,4,4,4,4,4,4,4,4,4,4,4,4,4,4,4,4,4,4,4,4,4,4,4,4,4,4,4,4,4,4,4,4,4,4,4,4,4,4,4,4,4,4,4,4,4,4,4,4,4,4,4,4,4,4,4,4,4,4,4,4,4,4,4,4,4,4,4,4,4,4,4,4,4,4,4,4,4,CP002824.1/1646715-1646868,1
1719,0,2,3,2,2,1,3,1,0,3,3,1,4,0,1,1,4,3,3,4,1,3,3,0,3,2,3,1,4,0,2,1,4,4,4,4,1,1,1,3,3,4,0,2,2,4,4,4,4,4,4,2,0,1,2,1,4,4,4,4,4,4,4,4,4,4,4,4,4,4,4,4,4,4,4,4,4,4,4,4,4,2,1,3,0,1,0,3,0,0,0,1,3,4,3,4,1,2,0,4,0,3,2,0,1,2,1,0,4,4,4,4,1,0,0,4,4,4,4,4,4,4,1,0,0,2,2,3,2,1,1,3,2,1,1,2,3,1,1,0,0,1,3,3,4,4,1,3,2,0,3,0,0,3,0,4,4,4,4,4,4,4,4,2,1,2,3,0,4,4,4,4,2,1,3,4,4,4,4,4,4,4,4,4,4,4,4,4,4,4,4,4,4,4,4,4,4,4,4,4,4,4,4,4,4,4,4,4,3,4,4,3,0,3,1,0,4,0,1,1,3,1,4,4,1,4,4,4,2,2,2,1,2,0,0,0,1,2,3,1,2,0,4,4,4,4,4,2,3,3,0,2,2,1,0,1,1,2,1,1,3,3,4,4,4,4,4,4,4,4,4,4,4,4,4,4,4,4,4,4,4,4,4,4,4,4,4,4,4,4,4,4,4,4,4,4,4,4,4,4,4,4,4,4,4,4,4,4,4,4,4,4,4,4,4,4,4,4,4,4,4,4,4,4,4,4,4,4,4,4,4,4,4,4,4,4,4,4,4,4,4,4,4,4,4,4,4,4,4,4,4,4,4,4,4,4,4,4,4,4,4,4,4,4,4,4,4,4,4,4,4,4,4,4,4,4,4,4,4,4,4,4,4,4,4,4,4,4,4,4,4,4,4,4,4,4,4,4,4,4,4,4,4,4,4,4,4,4,4,4,4,4,4,4,4,4,4,4,4,4,4,4,4,4,4,4,4,4,4,4,4,4,4,4,4,4,4,4,4,4,4,4,4,4,4,4,4,4,4,4,4,4,4,4,4,4,4,AFCV01000968.1/8144-7997,1
1720,0,2,0,3,2,1,3,1,0,3,3,1,4,1,0,3,4,1,3,4,1,3,3,0,3,2,3,3,4,1,2,1,1,3,4,4,4,4,4,4,4,4,4,4,4,4,4,4,4,4,4,4,4,4,4,4,3,0,4,4,4,4,4,4,4,4,4,4,4,4,4,4,4,4,4,4,4,4,4,2,3,2,1,1,3,1,0,3,0,0,0,1,3,1,1,4,2,2,0,4,0,3,2,0,1,2,1,0,4,4,4,4,2,0,2,1,1,2,4,4,3,3,3,0,1,2,2,3,2,1,3,3,0,3,1,2,3,1,1,4,0,1,3,2,0,4,1,0,2,0,3,2,3,1,4,4,4,4,4,4,4,4,4,2,1,3,3,0,3,4,4,4,2,1,1,4,4,4,4,4,4,4,4,4,4,4,4,4,4,4,4,4,4,4,4,4,4,4,4,4,4,4,4,4,4,4,4,4,3,4,4,1,0,3,1,0,4,2,0,1,0,1,4,4,1,0,4,3,2,2,0,1,0,1,0,0,1,2,3,3,2,0,4,4,4,4,4,2,3,2,0,0,2,1,0,1,1,1,0,1,3,3,4,4,4,4,4,4,4,4,4,4,4,4,4,4,4,4,4,4,4,4,4,4,4,4,4,4,4,4,4,4,4,4,4,4,4,4,4,4,4,4,4,4,4,4,4,4,4,4,4,4,4,4,4,4,4,4,4,4,4,4,4,4,4,4,4,4,4,4,4,4,4,4,4,4,4,4,4,4,4,4,4,4,4,4,4,4,4,4,4,4,4,4,4,4,4,4,4,4,4,4,4,4,4,4,4,4,4,4,4,4,4,4,4,4,4,4,4,4,4,4,4,4,4,4,4,4,4,4,4,4,4,4,4,4,4,4,4,4,4,4,4,4,4,4,4,4,4,4,4,4,4,4,4,4,4,4,4,4,4,4,4,4,4,4,4,4,4,4,4,4,4,4,4,4,4,4,4,4,4,4,4,4,4,4,4,4,4,4,4,4,4,4,4,4,4,AEUC01000083.1/39917-40065,1
1721,0,2,0,3,2,1,3,1,0,3,3,1,4,1,0,3,4,1,3,4,1,3,3,0,3,2,3,3,4,1,2,1,1,3,4,4,4,4,4,4,4,4,4,4,4,4,4,4,4,4,4,4,4,4,4,4,3,0,4,4,4,4,4,4,4,4,4,4,4,4,4,4,4,4,4,4,4,4,4,2,3,2,1,1,3,1,0,3,0,0,0,1,3,1,1,4,2,2,0,4,0,3,2,0,1,2,1,0,4,4,4,4,2,0,2,1,1,2,4,4,3,3,3,0,1,2,2,3,2,1,3,3,0,3,1,2,3,1,1,4,0,1,3,2,0,4,1,0,2,0,3,2,3,1,4,4,4,4,4,4,4,4,4,2,1,3,3,0,3,4,4,4,2,1,1,4,4,4,4,4,4,4,4,4,4,4,4,4,4,4,4,4,4,4,4,4,4,4,4,4,4,4,4,4,4,4,4,4,3,4,4,1,0,3,1,0,4,2,0,1,0,1,4,4,1,0,4,3,2,2,0,1,0,1,0,0,1,2,3,3,2,0,4,4,4,4,4,2,3,2,0,0,2,1,0,1,1,1,0,1,3,3,4,4,4,4,4,4,4,4,4,4,4,4,4,4,4,4,4,4,4,4,4,4,4,4,4,4,4,4,4,4,4,4,4,4,4,4,4,4,4,4,4,4,4,4,4,4,4,4,4,4,4,4,4,4,4,4,4,4,4,4,4,4,4,4,4,4,4,4,4,4,4,4,4,4,4,4,4,4,4,4,4,4,4,4,4,4,4,4,4,4,4,4,4,4,4,4,4,4,4,4,4,4,4,4,4,4,4,4,4,4,4,4,4,4,4,4,4,4,4,4,4,4,4,4,4,4,4,4,4,4,4,4,4,4,4,4,4,4,4,4,4,4,4,4,4,4,4,4,4,4,4,4,4,4,4,4,4,4,4,4,4,4,4,4,4,4,4,4,4,4,4,4,4,4,4,4,4,4,4,4,4,4,4,4,4,4,4,4,4,4,4,4,4,4,4,ADBA01000128.1/38992-39140,1
1722,0,2,0,3,2,1,3,1,0,3,3,1,4,1,0,3,4,1,3,4,1,3,3,0,3,2,3,3,4,1,2,1,1,3,3,4,4,4,4,4,4,4,4,4,4,4,4,4,4,4,4,4,4,4,4,4,1,4,4,4,4,4,4,4,4,4,4,4,4,4,4,4,4,4,4,4,4,4,4,2,3,2,1,1,3,1,0,3,0,0,0,1,3,1,1,4,2,2,0,4,0,3,2,0,3,2,1,0,4,4,4,4,2,0,2,1,1,2,3,3,1,3,3,0,1,2,2,3,2,1,3,3,0,3,1,2,3,1,1,4,0,1,3,2,0,4,1,0,2,0,3,2,3,1,2,1,0,3,4,4,4,4,4,3,3,0,3,4,4,4,4,4,2,1,1,4,4,4,4,4,4,4,4,4,4,4,4,4,4,4,4,4,4,4,4,4,4,4,4,4,4,4,4,4,4,4,4,4,3,4,4,1,0,3,1,0,4,0,0,1,0,1,4,4,1,0,4,3,2,2,0,1,0,3,3,0,1,2,3,3,2,0,4,4,4,4,4,2,3,2,0,0,2,1,0,1,1,1,0,0,3,3,4,4,4,4,4,4,4,4,4,4,4,4,4,4,4,4,4,4,4,4,4,4,4,4,4,4,4,4,4,4,4,4,4,4,4,4,4,4,4,4,4,4,4,4,4,4,4,4,4,4,4,4,4,4,4,4,4,4,4,4,4,4,4,4,4,4,4,4,4,4,4,4,4,4,4,4,4,4,4,4,4,4,4,4,4,4,4,4,4,4,4,4,4,4,4,4,4,4,4,4,4,4,4,4,4,4,4,4,4,4,4,4,4,4,4,4,4,4,4,4,4,4,4,4,4,4,4,4,4,4,4,4,4,4,4,4,4,4,4,4,4,4,4,4,4,4,4,4,4,4,4,4,4,4,4,4,4,4,4,4,4,4,4,4,4,4,4,4,4,4,4,4,4,4,4,4,4,4,4,4,4,4,4,4,4,4,4,4,4,4,4,4,4,4,4,ACXA01000084.1/47527-47375,1
1723,0,2,3,2,2,1,3,1,0,3,3,1,4,0,1,1,4,3,3,4,1,3,3,0,3,2,3,1,4,0,2,1,4,4,4,4,1,1,1,3,3,4,0,2,2,4,4,4,4,4,4,2,0,1,2,1,4,4,4,4,4,4,4,4,4,4,4,4,4,4,4,4,4,4,4,4,4,4,4,4,4,2,1,3,0,1,0,3,0,0,0,1,3,4,3,4,1,2,0,4,0,3,2,0,1,2,1,0,4,4,4,4,1,0,0,4,4,4,4,4,4,4,1,0,0,2,2,3,2,1,1,3,2,1,1,2,3,1,1,0,0,1,3,3,4,4,1,3,2,0,3,0,0,3,0,4,4,4,4,4,4,4,4,2,1,2,3,0,4,4,4,4,2,1,3,4,4,4,4,4,4,4,4,4,4,4,4,4,4,4,4,4,4,4,4,4,4,4,4,4,4,4,4,4,4,4,4,4,3,4,4,3,0,3,1,0,4,0,1,1,3,1,4,4,1,4,4,4,2,2,2,1,2,0,0,0,1,2,3,1,2,0,4,4,4,4,4,2,3,3,0,2,2,1,0,1,1,2,1,1,3,3,4,4,4,4,4,4,4,4,4,4,4,4,4,4,4,4,4,4,4,4,4,4,4,4,4,4,4,4,4,4,4,4,4,4,4,4,4,4,4,4,4,4,4,4,4,4,4,4,4,4,4,4,4,4,4,4,4,4,4,4,4,4,4,4,4,4,4,4,4,4,4,4,4,4,4,4,4,4,4,4,4,4,4,4,4,4,4,4,4,4,4,4,4,4,4,4,4,4,4,4,4,4,4,4,4,4,4,4,4,4,4,4,4,4,4,4,4,4,4,4,4,4,4,4,4,4,4,4,4,4,4,4,4,4,4,4,4,4,4,4,4,4,4,4,4,4,4,4,4,4,4,4,4,4,4,4,4,4,4,4,4,4,4,4,4,4,4,4,4,4,4,4,4,4,4,4,4,4,4,4,4,4,4,4,4,4,4,4,4,4,4,4,4,4,4,AETL01000081.1/40306-40453,1
1724,0,2,3,2,2,1,3,1,0,3,3,1,4,0,1,1,4,3,3,4,1,3,3,0,3,2,3,1,4,0,2,1,4,4,4,4,1,1,1,3,3,4,0,2,2,4,4,4,4,4,4,2,0,1,2,1,4,4,4,4,4,4,4,4,4,4,4,4,4,4,4,4,4,4,4,4,4,4,4,4,4,2,1,3,0,1,0,3,0,0,0,1,3,4,3,4,1,2,0,4,0,3,2,0,1,2,1,0,4,4,4,4,1,0,0,4,4,4,4,4,4,4,1,0,0,2,2,3,2,1,1,3,2,1,1,2,3,1,3,0,0,1,3,3,4,4,1,3,2,0,3,0,0,3,0,4,4,4,4,4,4,4,4,2,1,2,3,0,4,4,4,4,2,1,3,4,4,4,4,4,4,4,4,4,4,4,4,4,4,4,4,4,4,4,4,4,4,4,4,4,4,4,4,4,4,4,4,4,3,4,4,3,0,3,1,0,4,0,1,1,3,1,4,4,1,4,4,4,2,2,2,1,2,0,0,0,1,2,3,1,2,0,4,4,4,4,4,2,3,3,0,2,2,1,0,1,1,2,1,1,3,3,4,4,4,4,4,4,4,4,4,4,4,4,4,4,4,4,4,4,4,4,4,4,4,4,4,4,4,4,4,4,4,4,4,4,4,4,4,4,4,4,4,4,4,4,4,4,4,4,4,4,4,4,4,4,4,4,4,4,4,4,4,4,4,4,4,4,4,4,4,4,4,4,4,4,4,4,4,4,4,4,4,4,4,4,4,4,4,4,4,4,4,4,4,4,4,4,4,4,4,4,4,4,4,4,4,4,4,4,4,4,4,4,4,4,4,4,4,4,4,4,4,4,4,4,4,4,4,4,4,4,4,4,4,4,4,4,4,4,4,4,4,4,4,4,4,4,4,4,4,4,4,4,4,4,4,4,4,4,4,4,4,4,4,4,4,4,4,4,4,4,4,4,4,4,4,4,4,4,4,4,4,4,4,4,4,4,4,4,4,4,4,4,4,4,4,CAAU01001354.1/1194-1341,1
1725,0,2,0,3,2,1,3,1,0,3,3,1,4,1,0,3,4,1,3,4,1,3,3,0,3,2,3,3,4,1,2,1,1,3,3,4,1,4,4,4,4,4,4,4,4,4,4,4,4,4,4,4,4,4,4,4,3,4,4,4,4,4,4,4,4,4,4,4,4,4,4,4,4,4,4,4,4,4,4,4,2,2,1,1,3,1,0,3,0,0,0,1,3,1,0,4,2,2,0,4,0,3,2,0,1,2,1,0,4,4,4,4,2,0,2,1,1,2,4,4,3,3,3,0,1,2,2,3,2,1,3,3,0,3,1,2,3,1,1,4,0,1,0,2,0,4,1,0,2,0,3,2,3,1,4,4,4,4,4,4,4,4,4,2,1,3,1,0,2,4,4,4,2,1,1,4,4,4,4,4,4,4,4,4,4,4,4,4,4,4,4,4,4,4,4,4,4,4,4,4,4,4,4,4,4,4,4,4,3,4,4,1,0,3,1,0,4,2,0,1,0,1,4,4,1,0,4,3,2,2,0,1,0,3,0,0,1,2,3,3,2,0,4,4,4,4,4,2,3,2,0,0,2,1,0,1,1,3,3,0,3,0,4,4,4,4,4,4,4,4,4,4,4,4,4,4,4,4,4,4,4,4,4,4,4,4,4,4,4,4,4,4,4,4,4,4,4,4,4,4,4,4,4,4,4,4,4,4,4,4,4,4,4,4,4,4,4,4,4,4,4,4,4,4,4,4,4,4,4,4,4,4,4,4,4,4,4,4,4,4,4,4,4,4,4,4,4,4,4,4,4,4,4,4,4,4,4,4,4,4,4,4,4,4,4,4,4,4,4,4,4,4,4,4,4,4,4,4,4,4,4,4,4,4,4,4,4,4,4,4,4,4,4,4,4,4,4,4,4,4,4,4,4,4,4,4,4,4,4,4,4,4,4,4,4,4,4,4,4,4,4,4,4,4,4,4,4,4,4,4,4,4,4,4,4,4,4,4,4,4,4,4,4,4,4,4,4,4,4,4,4,4,4,4,4,4,4,AGFT01010576.1/79-227,1
1726,0,2,0,3,2,1,3,1,0,3,3,1,4,1,0,3,4,1,3,4,1,3,3,0,3,2,3,3,4,1,2,1,1,3,4,4,4,4,4,4,4,4,4,4,4,4,4,4,4,4,4,4,4,4,4,4,3,0,4,4,4,4,4,4,4,4,4,4,4,4,4,4,4,4,4,4,4,4,4,2,3,2,1,1,3,1,0,3,0,0,0,1,3,1,1,4,2,2,0,4,0,3,2,0,1,2,1,0,4,4,4,4,2,0,2,1,1,2,4,4,3,3,3,0,1,2,2,3,2,1,3,3,0,3,1,2,3,1,1,4,0,1,3,2,0,4,1,0,2,0,3,2,3,1,4,4,4,4,4,4,4,4,4,2,1,3,3,0,3,4,4,4,2,1,1,4,4,4,4,4,4,4,4,4,4,4,4,4,4,4,4,4,4,4,4,4,4,4,4,4,4,4,4,4,4,4,4,4,3,4,4,1,0,3,1,0,4,2,0,1,0,1,4,4,1,0,4,3,2,2,0,1,0,1,0,0,1,2,3,3,2,0,4,4,4,4,4,2,3,2,0,0,2,1,0,1,1,1,0,1,3,3,4,4,4,4,4,4,4,4,4,4,4,4,4,4,4,4,4,4,4,4,4,4,4,4,4,4,4,4,4,4,4,4,4,4,4,4,4,4,4,4,4,4,4,4,4,4,4,4,4,4,4,4,4,4,4,4,4,4,4,4,4,4,4,4,4,4,4,4,4,4,4,4,4,4,4,4,4,4,4,4,4,4,4,4,4,4,4,4,4,4,4,4,4,4,4,4,4,4,4,4,4,4,4,4,4,4,4,4,4,4,4,4,4,4,4,4,4,4,4,4,4,4,4,4,4,4,4,4,4,4,4,4,4,4,4,4,4,4,4,4,4,4,4,4,4,4,4,4,4,4,4,4,4,4,4,4,4,4,4,4,4,4,4,4,4,4,4,4,4,4,4,4,4,4,4,4,4,4,4,4,4,4,4,4,4,4,4,4,4,4,4,4,4,4,4,AFRK01000012.1/42876-43024,1
1727,0,2,0,3,2,1,3,1,0,3,3,1,4,1,0,1,4,1,3,4,1,3,3,0,3,2,3,3,4,1,2,1,1,3,4,4,4,4,4,4,4,4,4,4,4,4,4,4,4,4,4,4,4,4,4,4,3,4,4,4,4,4,4,4,4,4,4,4,4,4,4,4,4,4,4,4,4,4,4,0,2,2,1,3,3,1,0,3,0,0,0,1,1,1,3,2,2,2,0,4,0,3,2,0,3,2,1,0,4,4,4,4,2,0,2,1,1,2,4,0,3,3,3,0,2,2,2,3,2,1,1,3,0,3,3,2,3,1,1,0,1,1,0,2,0,4,0,1,2,0,3,2,0,1,0,2,1,2,4,4,4,4,4,4,4,4,4,4,4,4,4,4,4,4,4,3,3,2,1,3,3,2,1,4,4,4,4,4,4,4,4,4,4,4,4,4,4,4,4,4,0,0,1,3,2,1,3,2,0,4,4,1,0,3,1,0,4,1,0,1,3,1,4,4,1,4,4,4,2,2,2,1,0,3,0,0,1,2,3,3,2,0,4,4,4,4,4,2,3,2,0,2,2,1,0,1,1,2,1,1,1,1,4,4,4,4,4,4,4,4,4,4,4,4,4,4,4,4,4,4,4,4,4,4,4,4,4,4,4,4,4,4,4,4,4,4,4,4,4,4,4,4,4,4,4,4,4,4,4,4,4,4,4,4,4,4,4,4,4,4,4,4,4,4,4,4,4,4,4,4,4,4,4,4,4,4,4,4,4,4,4,4,4,4,4,4,4,4,4,4,4,4,4,4,4,4,4,4,4,4,4,4,4,4,4,4,4,4,4,4,4,4,4,4,4,4,4,4,4,4,4,4,4,4,4,4,4,4,4,4,4,4,4,4,4,4,4,4,4,4,4,4,4,4,4,4,4,4,4,4,4,4,4,4,4,4,4,4,4,4,4,4,4,4,4,4,4,4,4,4,4,4,4,4,4,4,4,4,4,4,4,4,4,4,4,4,4,4,4,4,4,4,4,4,4,4,4,ADBX01000007.1/208099-208258,1
1728,0,2,3,2,2,1,3,1,0,3,3,1,4,0,1,1,4,3,3,4,1,3,3,0,3,2,3,1,4,0,2,1,4,4,4,4,1,1,2,3,3,4,1,2,2,4,4,4,4,4,4,2,0,1,2,1,4,4,4,4,4,4,4,4,4,4,4,4,4,4,4,4,4,4,4,4,4,4,4,4,4,2,1,3,0,1,0,3,0,0,0,1,3,4,3,4,1,2,0,1,0,1,2,0,1,2,1,0,4,4,4,4,1,0,0,4,4,4,4,4,4,4,0,1,0,2,2,3,2,1,1,3,2,1,1,2,3,1,1,0,0,1,3,1,4,4,1,3,2,0,3,0,3,0,1,4,4,0,4,4,4,4,4,2,1,1,3,2,4,4,4,4,2,1,3,4,4,4,4,4,4,4,4,4,4,4,4,4,4,4,4,4,4,4,4,4,4,4,4,4,4,4,4,4,4,4,4,4,3,4,4,3,0,3,1,0,4,2,0,1,0,3,4,4,1,4,4,4,2,2,2,1,2,0,0,0,1,2,3,1,2,0,4,4,4,4,4,2,3,0,0,2,2,1,0,1,1,2,1,1,3,1,4,4,4,4,4,4,4,4,4,4,4,4,4,4,4,4,4,4,4,4,4,4,4,4,4,4,4,4,4,4,4,4,4,4,4,4,4,4,4,4,4,4,4,4,4,4,4,4,4,4,4,4,4,4,4,4,4,4,4,4,4,4,4,4,4,4,4,4,4,4,4,4,4,4,4,4,4,4,4,4,4,4,4,4,4,4,4,4,4,4,4,4,4,4,4,4,4,4,4,4,4,4,4,4,4,4,4,4,4,4,4,4,4,4,4,4,4,4,4,4,4,4,4,4,4,4,4,4,4,4,4,4,4,4,4,4,4,4,4,4,4,4,4,4,4,4,4,4,4,4,4,4,4,4,4,4,4,4,4,4,4,4,4,4,4,4,4,4,4,4,4,4,4,4,4,4,4,4,4,4,4,4,4,4,4,4,4,4,4,4,4,4,4,4,4,BABF01008987.1/245-96,1
1729,0,2,3,3,2,1,3,1,0,3,3,1,4,0,1,1,4,3,3,4,3,3,3,0,3,2,0,3,4,0,2,1,1,1,1,2,1,0,0,3,3,4,0,0,2,1,2,2,0,3,4,2,0,3,2,1,4,4,4,4,4,4,4,4,4,4,4,4,4,4,4,4,4,4,4,4,4,4,4,4,4,2,1,3,3,1,0,3,0,0,2,1,1,3,1,4,1,2,0,4,0,3,2,0,3,2,1,1,4,4,4,4,3,0,0,2,4,4,4,4,4,4,0,1,3,2,2,3,2,1,1,3,0,3,1,2,3,1,1,0,1,1,3,0,0,0,1,1,2,0,1,0,3,3,2,3,2,3,4,4,4,4,4,2,0,0,0,2,1,4,4,4,0,1,0,4,4,4,4,4,4,4,4,4,4,4,4,4,4,4,4,4,4,4,4,4,4,4,4,4,4,4,4,4,4,4,4,4,3,4,4,3,0,3,1,0,4,0,0,1,0,3,4,4,1,4,4,4,2,2,0,1,2,0,1,0,1,2,3,3,2,0,4,4,4,4,4,2,3,2,0,2,2,1,0,1,1,2,1,1,3,0,4,4,4,4,4,4,4,4,4,4,4,4,4,4,4,4,4,4,4,4,4,4,4,4,4,4,4,4,4,4,4,4,4,4,4,4,4,4,4,4,4,4,4,4,4,4,4,4,4,4,4,4,4,4,4,4,4,4,4,4,4,4,4,4,4,4,4,4,4,4,4,4,4,4,4,4,4,4,4,4,4,4,4,4,4,4,4,4,4,4,4,4,4,4,4,4,4,4,4,4,4,4,4,4,4,4,4,4,4,4,4,4,4,4,4,4,4,4,4,4,4,4,4,4,4,4,4,4,4,4,4,4,4,4,4,4,4,4,4,4,4,4,4,4,4,4,4,4,4,4,4,4,4,4,4,4,4,4,4,4,4,4,4,4,4,4,4,4,4,4,4,4,4,4,4,4,4,4,4,4,4,4,4,4,4,4,4,4,4,4,4,4,4,4,4,CP002956.1/2605813-2605649,1
1730,0,2,0,3,2,1,3,1,0,3,3,1,4,1,0,3,4,1,3,4,1,3,3,0,3,2,3,3,4,1,2,1,1,3,3,4,1,4,4,4,4,4,4,4,4,4,4,4,4,4,4,4,4,4,4,4,3,4,4,4,4,4,4,4,4,4,4,4,4,4,4,4,4,4,4,4,4,4,4,4,2,2,1,1,3,1,0,3,0,0,0,1,3,1,0,4,2,2,0,4,0,3,2,0,3,2,1,0,4,4,4,4,2,0,2,1,1,2,4,4,3,3,3,0,1,2,2,3,2,1,3,3,0,3,1,2,3,1,1,4,0,1,3,2,0,4,1,0,2,0,3,2,3,1,4,4,4,4,4,4,4,4,4,2,1,3,3,0,1,4,4,4,2,1,1,4,4,4,4,4,4,4,4,4,4,4,4,4,4,4,4,4,4,4,4,4,4,4,4,4,4,4,4,4,4,4,4,4,3,4,4,1,0,3,1,0,4,0,0,1,0,1,4,4,1,1,4,3,2,2,0,1,0,1,0,0,1,2,3,3,2,0,4,4,4,4,4,2,3,2,0,0,2,1,0,1,1,1,1,3,3,3,4,4,4,4,4,4,4,4,4,4,4,4,4,4,4,4,4,4,4,4,4,4,4,4,4,4,4,4,4,4,4,4,4,4,4,4,4,4,4,4,4,4,4,4,4,4,4,4,4,4,4,4,4,4,4,4,4,4,4,4,4,4,4,4,4,4,4,4,4,4,4,4,4,4,4,4,4,4,4,4,4,4,4,4,4,4,4,4,4,4,4,4,4,4,4,4,4,4,4,4,4,4,4,4,4,4,4,4,4,4,4,4,4,4,4,4,4,4,4,4,4,4,4,4,4,4,4,4,4,4,4,4,4,4,4,4,4,4,4,4,4,4,4,4,4,4,4,4,4,4,4,4,4,4,4,4,4,4,4,4,4,4,4,4,4,4,4,4,4,4,4,4,4,4,4,4,4,4,4,4,4,4,4,4,4,4,4,4,4,4,4,4,4,4,4,AFCN01001569.1/290-438,1
1731,0,2,0,3,2,1,3,1,0,3,3,1,4,1,0,3,4,1,3,4,1,3,3,0,3,2,3,3,4,1,2,1,1,3,4,4,4,4,4,4,4,4,4,4,4,4,4,4,4,4,4,4,4,4,4,4,3,0,4,4,4,4,4,4,4,4,4,4,4,4,4,4,4,4,4,4,4,4,4,2,3,2,1,1,3,1,0,3,0,0,0,1,3,1,1,4,2,2,0,4,0,3,2,0,1,2,1,0,4,4,4,4,2,0,2,1,1,2,4,4,3,3,3,0,1,2,2,3,2,1,3,3,0,3,1,2,3,1,1,4,0,1,3,2,0,4,1,0,2,0,3,2,3,1,4,4,4,4,4,4,4,4,4,2,1,3,3,0,3,4,4,4,2,1,1,4,4,4,4,4,4,4,4,4,4,4,4,4,4,4,4,4,4,4,4,4,4,4,4,4,4,4,4,4,4,4,4,4,3,4,4,1,0,3,1,0,4,2,0,1,0,1,4,4,1,0,4,3,2,2,0,1,0,1,0,0,1,2,3,3,2,0,4,4,4,4,4,2,3,2,0,0,2,1,0,1,1,1,0,1,3,3,4,4,4,4,4,4,4,4,4,4,4,4,4,4,4,4,4,4,4,4,4,4,4,4,4,4,4,4,4,4,4,4,4,4,4,4,4,4,4,4,4,4,4,4,4,4,4,4,4,4,4,4,4,4,4,4,4,4,4,4,4,4,4,4,4,4,4,4,4,4,4,4,4,4,4,4,4,4,4,4,4,4,4,4,4,4,4,4,4,4,4,4,4,4,4,4,4,4,4,4,4,4,4,4,4,4,4,4,4,4,4,4,4,4,4,4,4,4,4,4,4,4,4,4,4,4,4,4,4,4,4,4,4,4,4,4,4,4,4,4,4,4,4,4,4,4,4,4,4,4,4,4,4,4,4,4,4,4,4,4,4,4,4,4,4,4,4,4,4,4,4,4,4,4,4,4,4,4,4,4,4,4,4,4,4,4,4,4,4,4,4,4,4,4,4,AEZR01000039.1/183651-183503,1
1732,0,2,3,2,2,1,3,1,0,3,3,1,4,0,1,1,4,3,3,4,1,3,3,0,3,2,3,1,4,0,2,1,4,4,4,4,1,1,1,3,3,4,1,2,2,4,4,4,4,4,4,2,0,1,2,1,4,4,4,4,4,4,4,4,4,4,4,4,4,4,4,4,4,4,4,4,4,4,4,4,4,2,1,3,0,1,0,3,0,0,0,1,3,4,3,4,0,2,0,4,0,3,2,0,1,2,1,0,4,4,4,4,1,0,0,4,4,4,4,4,4,4,0,0,0,2,2,3,2,1,1,3,2,1,1,2,3,1,1,0,0,1,3,0,4,4,1,3,2,0,3,1,0,3,0,4,4,4,4,4,4,4,4,2,1,2,0,3,4,4,4,4,2,1,3,4,4,4,4,4,4,4,4,4,4,4,4,4,4,4,4,4,4,4,4,4,4,4,4,4,4,4,4,4,4,4,4,4,3,4,4,3,0,3,1,0,4,2,4,2,0,1,4,4,0,4,4,4,2,2,2,1,2,0,0,0,1,2,3,1,2,0,4,4,4,4,4,2,3,3,0,2,2,1,0,1,1,2,1,1,3,1,4,4,4,4,4,4,4,4,4,4,4,4,4,4,4,4,4,4,4,4,4,4,4,4,4,4,4,4,4,4,4,4,4,4,4,4,4,4,4,4,4,4,4,4,4,4,4,4,4,4,4,4,4,4,4,4,4,4,4,4,4,4,4,4,4,4,4,4,4,4,4,4,4,4,4,4,4,4,4,4,4,4,4,4,4,4,4,4,4,4,4,4,4,4,4,4,4,4,4,4,4,4,4,4,4,4,4,4,4,4,4,4,4,4,4,4,4,4,4,4,4,4,4,4,4,4,4,4,4,4,4,4,4,4,4,4,4,4,4,4,4,4,4,4,4,4,4,4,4,4,4,4,4,4,4,4,4,4,4,4,4,4,4,4,4,4,4,4,4,4,4,4,4,4,4,4,4,4,4,4,4,4,4,4,4,4,4,4,4,4,4,4,4,4,4,AEXB01000094.1/20640-20494,1
1733,0,2,3,2,2,1,3,1,0,3,3,1,4,0,1,1,4,2,0,4,1,3,3,0,3,2,3,1,4,0,2,1,4,4,4,4,1,1,1,3,3,4,1,2,2,4,4,4,4,4,4,2,0,1,2,3,4,4,4,4,4,4,4,4,4,4,4,4,4,4,4,4,4,4,4,4,4,4,4,4,4,2,1,3,0,1,0,3,0,0,0,0,3,4,3,4,1,2,0,4,0,3,2,0,1,2,1,0,4,4,4,4,1,0,0,4,4,4,4,4,4,4,1,0,0,2,2,3,2,1,1,3,2,1,1,2,3,1,1,0,0,1,3,3,4,4,1,3,2,0,3,0,3,1,0,4,4,4,4,4,4,4,4,2,1,2,3,0,4,4,4,4,2,1,3,4,4,4,4,4,4,4,4,4,4,4,4,4,4,4,4,4,4,4,4,4,4,4,4,4,4,4,4,4,4,4,4,4,0,4,4,3,0,3,1,0,4,0,1,1,0,3,4,4,1,4,4,4,2,2,2,1,2,0,0,0,1,2,3,1,2,0,4,4,4,4,4,2,3,3,0,2,2,1,0,1,1,2,1,1,3,3,4,4,4,4,4,4,4,4,4,4,4,4,4,4,4,4,4,4,4,4,4,4,4,4,4,4,4,4,4,4,4,4,4,4,4,4,4,4,4,4,4,4,4,4,4,4,4,4,4,4,4,4,4,4,4,4,4,4,4,4,4,4,4,4,4,4,4,4,4,4,4,4,4,4,4,4,4,4,4,4,4,4,4,4,4,4,4,4,4,4,4,4,4,4,4,4,4,4,4,4,4,4,4,4,4,4,4,4,4,4,4,4,4,4,4,4,4,4,4,4,4,4,4,4,4,4,4,4,4,4,4,4,4,4,4,4,4,4,4,4,4,4,4,4,4,4,4,4,4,4,4,4,4,4,4,4,4,4,4,4,4,4,4,4,4,4,4,4,4,4,4,4,4,4,4,4,4,4,4,4,4,4,4,4,4,4,4,4,4,4,4,4,4,4,4,ADUE01000096.1/13218-13071,1
1734,0,2,3,2,2,1,3,1,0,3,3,1,4,0,1,1,4,2,0,4,1,3,3,0,3,2,3,1,4,0,2,1,4,4,4,4,1,1,1,3,3,4,1,2,2,4,4,4,4,4,4,2,0,1,2,3,4,4,4,4,4,4,4,4,4,4,4,4,4,4,4,4,4,4,4,4,4,4,4,4,4,2,1,3,0,1,0,3,0,0,0,0,3,4,3,4,1,2,0,4,0,3,2,0,1,2,1,0,4,4,4,4,1,0,0,4,4,4,4,4,4,4,1,0,0,2,2,3,2,1,1,3,2,1,1,2,3,1,1,0,0,1,3,3,4,4,1,3,2,0,3,0,3,1,0,4,4,4,4,4,4,4,4,2,1,3,3,0,4,4,4,4,2,1,3,4,4,4,4,4,4,4,4,4,4,4,4,4,4,4,4,4,4,4,4,4,4,4,4,4,4,4,4,4,4,4,4,4,0,4,4,3,0,3,1,0,4,0,1,1,1,3,4,4,1,4,4,4,2,2,2,1,2,0,0,0,1,2,3,1,2,0,4,4,4,4,4,2,3,3,0,2,2,1,0,1,1,2,1,1,3,3,4,4,4,4,4,4,4,4,4,4,4,4,4,4,4,4,4,4,4,4,4,4,4,4,4,4,4,4,4,4,4,4,4,4,4,4,4,4,4,4,4,4,4,4,4,4,4,4,4,4,4,4,4,4,4,4,4,4,4,4,4,4,4,4,4,4,4,4,4,4,4,4,4,4,4,4,4,4,4,4,4,4,4,4,4,4,4,4,4,4,4,4,4,4,4,4,4,4,4,4,4,4,4,4,4,4,4,4,4,4,4,4,4,4,4,4,4,4,4,4,4,4,4,4,4,4,4,4,4,4,4,4,4,4,4,4,4,4,4,4,4,4,4,4,4,4,4,4,4,4,4,4,4,4,4,4,4,4,4,4,4,4,4,4,4,4,4,4,4,4,4,4,4,4,4,4,4,4,4,4,4,4,4,4,4,4,4,4,4,4,4,4,4,4,4,AEIA01000013.1/496633-496486,1
1735,0,2,3,2,2,1,3,1,0,3,3,1,4,0,1,1,4,2,0,4,1,3,3,0,3,2,3,1,4,0,2,1,4,4,4,4,1,1,1,3,3,4,1,2,2,4,4,4,4,4,4,2,0,1,2,3,4,4,4,4,4,4,4,4,4,4,4,4,4,4,4,4,4,4,4,4,4,4,4,4,4,2,1,3,0,1,0,3,0,0,0,0,3,4,3,4,1,2,0,4,0,3,2,0,1,2,1,0,4,4,4,4,1,0,0,4,4,4,4,4,4,4,1,0,0,2,2,3,2,1,1,3,2,1,1,2,3,1,1,0,0,1,3,3,4,4,1,3,2,0,3,0,3,1,0,4,4,4,4,4,4,4,4,2,1,2,3,0,4,4,4,4,2,1,3,4,4,4,4,4,4,4,4,4,4,4,4,4,4,4,4,4,4,4,4,4,4,4,4,4,4,4,4,4,4,4,4,4,0,4,4,3,0,3,1,0,4,0,1,1,1,3,4,4,1,4,4,4,2,2,2,1,2,0,0,0,1,2,3,1,2,0,4,4,4,4,4,2,3,3,0,2,2,1,0,1,1,2,1,1,3,3,4,4,4,4,4,4,4,4,4,4,4,4,4,4,4,4,4,4,4,4,4,4,4,4,4,4,4,4,4,4,4,4,4,4,4,4,4,4,4,4,4,4,4,4,4,4,4,4,4,4,4,4,4,4,4,4,4,4,4,4,4,4,4,4,4,4,4,4,4,4,4,4,4,4,4,4,4,4,4,4,4,4,4,4,4,4,4,4,4,4,4,4,4,4,4,4,4,4,4,4,4,4,4,4,4,4,4,4,4,4,4,4,4,4,4,4,4,4,4,4,4,4,4,4,4,4,4,4,4,4,4,4,4,4,4,4,4,4,4,4,4,4,4,4,4,4,4,4,4,4,4,4,4,4,4,4,4,4,4,4,4,4,4,4,4,4,4,4,4,4,4,4,4,4,4,4,4,4,4,4,4,4,4,4,4,4,4,4,4,4,4,4,4,4,4,CU928164.2/2865839-2865692,1
1736,2,2,3,3,2,1,3,1,0,3,3,1,4,2,2,1,4,1,1,4,3,3,3,0,3,2,3,1,4,0,2,1,2,1,1,4,0,2,3,3,0,4,3,2,2,4,4,4,4,4,4,4,4,1,1,4,4,4,4,4,4,4,4,4,4,4,4,4,4,4,4,4,4,4,4,4,4,4,4,4,2,2,1,3,1,1,0,3,0,0,0,0,1,0,3,4,3,2,0,4,0,3,2,0,1,2,1,1,4,4,4,4,0,3,3,0,4,4,4,4,4,2,1,0,1,2,2,3,2,1,1,3,0,1,1,2,3,1,1,2,2,0,0,0,3,0,3,1,2,0,3,0,0,1,0,2,3,1,4,4,4,4,4,2,1,3,3,1,2,2,4,1,2,1,3,4,4,4,4,4,4,4,4,4,4,4,4,4,4,4,4,4,4,4,4,4,4,4,4,4,4,4,4,4,4,4,4,4,3,4,4,3,0,3,1,0,4,2,2,1,0,1,4,4,0,4,4,4,2,2,0,1,2,0,1,0,1,2,3,3,2,0,4,4,4,4,4,2,3,2,0,2,2,1,2,1,1,0,1,1,3,0,4,4,4,4,4,4,4,4,4,4,4,4,4,4,4,4,4,4,4,4,4,4,4,4,4,4,4,4,4,4,4,4,4,4,4,4,4,4,4,4,4,4,4,4,4,4,4,4,4,4,4,4,4,4,4,4,4,4,4,4,4,4,4,4,4,4,4,4,4,4,4,4,4,4,4,4,4,4,4,4,4,4,4,4,4,4,4,4,4,4,4,4,4,4,4,4,4,4,4,4,4,4,4,4,4,4,4,4,4,4,4,4,4,4,4,4,4,4,4,4,4,4,4,4,4,4,4,4,4,4,4,4,4,4,4,4,4,4,4,4,4,4,4,4,4,4,4,4,4,4,4,4,4,4,4,4,4,4,4,4,4,4,4,4,4,4,4,4,4,4,4,4,4,4,4,4,4,4,4,4,4,4,4,4,4,4,4,4,4,4,4,4,4,4,4,CP001135.1/856661-856820,1
1737,0,2,3,2,2,1,3,1,0,3,3,1,4,0,1,1,4,2,0,4,1,3,3,0,3,2,3,1,4,0,2,1,4,4,4,4,1,1,1,3,3,4,1,2,2,4,4,4,4,4,4,2,0,1,2,3,4,4,4,4,4,4,4,4,4,4,4,4,4,4,4,4,4,4,4,4,4,4,4,4,4,2,1,3,0,1,0,3,0,0,0,0,3,4,3,4,1,2,0,4,0,3,2,0,1,2,1,0,4,4,4,4,1,0,0,4,4,4,4,4,4,4,1,0,0,2,2,3,2,1,1,3,2,1,1,2,3,1,1,0,0,1,3,3,4,4,1,3,2,0,3,0,3,1,0,4,4,4,4,4,4,4,4,2,1,2,3,0,4,4,4,4,2,1,3,4,4,4,4,4,4,4,4,4,4,4,4,4,4,4,4,4,4,4,4,4,4,4,4,4,4,4,4,4,4,4,4,4,0,4,4,3,0,3,1,0,4,0,1,1,0,3,4,4,1,4,4,4,2,2,2,1,2,0,0,0,1,2,3,1,2,0,4,4,4,4,4,2,3,3,0,2,2,1,0,1,1,2,1,1,3,3,4,4,4,4,4,4,4,4,4,4,4,4,4,4,4,4,4,4,4,4,4,4,4,4,4,4,4,4,4,4,4,4,4,4,4,4,4,4,4,4,4,4,4,4,4,4,4,4,4,4,4,4,4,4,4,4,4,4,4,4,4,4,4,4,4,4,4,4,4,4,4,4,4,4,4,4,4,4,4,4,4,4,4,4,4,4,4,4,4,4,4,4,4,4,4,4,4,4,4,4,4,4,4,4,4,4,4,4,4,4,4,4,4,4,4,4,4,4,4,4,4,4,4,4,4,4,4,4,4,4,4,4,4,4,4,4,4,4,4,4,4,4,4,4,4,4,4,4,4,4,4,4,4,4,4,4,4,4,4,4,4,4,4,4,4,4,4,4,4,4,4,4,4,4,4,4,4,4,4,4,4,4,4,4,4,4,4,4,4,4,4,4,4,4,4,AAJT02000043.1/35315-35462,1
1738,0,2,0,3,2,1,3,1,0,3,3,1,4,1,0,3,4,1,3,4,1,3,3,0,3,2,3,3,4,1,2,1,1,3,3,4,1,4,4,4,4,4,4,4,4,4,4,4,4,4,4,4,4,4,4,4,3,4,4,4,4,4,4,4,4,4,4,4,4,4,4,4,4,4,4,4,4,4,4,4,2,2,1,1,3,1,0,3,0,0,0,1,3,1,0,4,2,2,0,4,0,3,2,0,3,2,1,0,4,4,4,4,2,0,2,1,1,2,4,4,3,3,3,0,1,2,2,3,2,1,3,3,0,3,1,2,3,1,1,4,0,1,3,2,0,4,1,0,2,0,3,2,3,1,4,4,4,4,4,4,4,4,4,2,1,3,3,0,1,4,4,4,2,1,1,4,4,4,4,4,4,4,4,4,4,4,4,4,4,4,4,4,4,4,4,4,4,4,4,4,4,4,4,4,4,4,4,4,3,4,4,1,0,3,1,0,4,0,0,1,0,1,4,4,1,1,4,3,2,2,0,1,0,1,0,0,1,2,3,3,2,0,4,4,4,4,4,2,3,2,0,0,2,1,0,1,1,1,1,3,3,3,4,4,4,4,4,4,4,4,4,4,4,4,4,4,4,4,4,4,4,4,4,4,4,4,4,4,4,4,4,4,4,4,4,4,4,4,4,4,4,4,4,4,4,4,4,4,4,4,4,4,4,4,4,4,4,4,4,4,4,4,4,4,4,4,4,4,4,4,4,4,4,4,4,4,4,4,4,4,4,4,4,4,4,4,4,4,4,4,4,4,4,4,4,4,4,4,4,4,4,4,4,4,4,4,4,4,4,4,4,4,4,4,4,4,4,4,4,4,4,4,4,4,4,4,4,4,4,4,4,4,4,4,4,4,4,4,4,4,4,4,4,4,4,4,4,4,4,4,4,4,4,4,4,4,4,4,4,4,4,4,4,4,4,4,4,4,4,4,4,4,4,4,4,4,4,4,4,4,4,4,4,4,4,4,4,4,4,4,4,4,4,4,4,4,4,AETV01000025.1/53203-53055,1
1739,0,2,0,3,2,1,3,1,0,3,1,1,4,1,0,1,4,3,3,4,0,3,3,0,3,2,0,1,4,0,2,1,3,3,2,2,1,1,0,3,3,4,0,0,2,2,1,3,0,4,4,0,3,3,3,0,4,4,4,4,4,4,4,4,4,4,4,4,4,4,4,4,4,4,4,4,4,4,4,4,4,2,1,3,3,1,0,3,0,0,0,1,1,1,0,4,2,2,2,4,0,3,2,0,1,2,1,0,4,4,4,4,2,0,2,1,1,2,0,3,3,3,3,0,2,0,2,3,2,1,1,3,0,3,3,2,3,1,1,0,3,2,3,0,0,4,1,1,2,0,3,2,3,3,4,4,4,4,4,4,4,4,4,2,0,2,3,0,4,4,4,4,0,3,2,4,4,4,4,4,4,4,4,4,4,4,4,4,4,4,4,4,4,4,4,4,4,4,4,4,4,4,4,4,4,4,4,4,3,4,4,1,0,3,1,0,4,1,0,3,0,1,4,4,1,4,4,4,2,2,2,1,0,3,0,0,1,2,3,3,2,0,4,4,4,4,4,2,3,2,0,2,2,1,0,1,3,2,0,3,0,3,4,4,4,4,4,4,4,4,4,4,4,4,4,4,4,4,4,4,4,4,4,4,4,4,4,4,4,4,4,4,4,4,4,4,4,4,4,4,4,4,4,4,4,4,4,4,4,4,4,4,4,4,4,4,4,4,4,4,4,4,4,4,4,4,4,4,4,4,4,4,4,4,4,4,4,4,4,4,4,4,4,4,4,4,4,4,4,4,4,4,4,4,4,4,4,4,4,4,4,4,4,4,4,4,4,4,4,4,4,4,4,4,4,4,4,4,4,4,4,4,4,4,4,4,4,4,4,4,4,4,4,4,4,4,4,4,4,4,4,4,4,4,4,4,4,4,4,4,4,4,4,4,4,4,4,4,4,4,4,4,4,4,4,4,4,4,4,4,4,4,4,4,4,4,4,4,4,4,4,4,4,4,4,4,4,4,4,4,4,4,4,4,4,4,4,ACNQ01000001.1/61973-62136,1
1740,0,2,0,3,2,1,3,1,0,3,3,1,4,1,0,1,4,1,3,4,1,3,3,0,3,2,3,3,4,1,2,1,1,3,4,4,4,4,4,4,4,4,4,4,4,4,4,4,4,4,4,4,4,4,4,4,3,4,4,4,4,4,4,4,4,4,4,4,4,4,4,4,4,4,4,4,4,4,4,0,2,2,1,1,3,1,0,3,0,0,0,1,1,1,3,2,2,2,0,4,0,3,2,0,1,2,1,0,4,4,4,4,2,0,2,1,1,2,4,0,3,3,3,0,2,2,2,3,2,1,1,3,0,3,1,2,1,1,1,0,1,2,0,2,0,4,0,1,2,0,3,2,0,1,3,4,4,4,4,4,4,4,4,4,4,4,0,0,1,4,4,4,1,1,2,4,4,4,4,4,4,4,4,4,4,4,4,4,4,4,4,4,4,4,4,4,4,4,4,4,4,4,4,4,4,4,4,4,3,4,4,1,0,3,1,0,4,1,2,1,3,1,4,4,0,4,4,4,2,2,2,1,0,0,0,0,1,2,3,3,2,0,4,4,4,4,4,2,3,2,0,2,2,1,0,1,1,2,1,1,1,1,4,4,4,4,4,4,4,4,4,4,4,4,4,4,4,4,4,4,4,4,4,4,4,4,4,4,4,4,4,4,4,4,4,4,4,4,4,4,4,4,4,4,4,4,4,4,4,4,4,4,4,4,4,4,4,4,4,4,4,4,4,4,4,4,4,4,4,4,4,4,4,4,4,4,4,4,4,4,4,4,4,4,4,4,4,4,4,4,4,4,4,4,4,4,4,4,4,4,4,4,4,4,4,4,4,4,4,4,4,4,4,4,4,4,4,4,4,4,4,4,4,4,4,4,4,4,4,4,4,4,4,4,4,4,4,4,4,4,4,4,4,4,4,4,4,4,4,4,4,4,4,4,4,4,4,4,4,4,4,4,4,4,4,4,4,4,4,4,4,4,4,4,4,4,4,4,4,4,4,4,4,4,4,4,4,4,4,4,4,4,4,4,4,4,4,AEQT01000898.1/89523-89377,1
1741,0,2,0,3,2,1,3,1,0,3,3,1,4,1,0,3,4,1,3,4,1,3,3,0,3,2,3,3,4,1,2,1,1,3,4,4,4,4,4,4,4,4,4,4,4,4,4,4,4,4,4,4,4,4,4,4,3,0,4,4,4,4,4,4,4,4,4,4,4,4,4,4,4,4,4,4,4,4,4,2,3,2,1,1,3,1,0,3,0,0,0,1,3,1,1,4,2,2,0,4,0,3,2,0,1,2,1,0,4,4,4,4,2,0,2,1,1,2,4,4,3,3,3,0,1,2,2,3,2,1,3,3,0,3,1,2,3,1,1,4,0,1,3,2,0,4,1,0,2,0,3,2,3,1,4,4,4,4,4,4,4,4,4,2,1,3,3,0,3,4,4,4,2,1,1,4,4,4,4,4,4,4,4,4,4,4,4,4,4,4,4,4,4,4,4,4,4,4,4,4,4,4,4,4,4,4,4,4,3,4,4,1,0,3,1,0,4,2,0,1,0,1,4,4,1,0,4,3,2,2,0,1,0,1,0,0,1,2,3,3,2,0,4,4,4,4,4,2,3,2,0,0,2,1,0,1,1,1,0,1,3,3,4,4,4,4,4,4,4,4,4,4,4,4,4,4,4,4,4,4,4,4,4,4,4,4,4,4,4,4,4,4,4,4,4,4,4,4,4,4,4,4,4,4,4,4,4,4,4,4,4,4,4,4,4,4,4,4,4,4,4,4,4,4,4,4,4,4,4,4,4,4,4,4,4,4,4,4,4,4,4,4,4,4,4,4,4,4,4,4,4,4,4,4,4,4,4,4,4,4,4,4,4,4,4,4,4,4,4,4,4,4,4,4,4,4,4,4,4,4,4,4,4,4,4,4,4,4,4,4,4,4,4,4,4,4,4,4,4,4,4,4,4,4,4,4,4,4,4,4,4,4,4,4,4,4,4,4,4,4,4,4,4,4,4,4,4,4,4,4,4,4,4,4,4,4,4,4,4,4,4,4,4,4,4,4,4,4,4,4,4,4,4,4,4,4,4,AFVE01000015.1/41222-41370,1
1742,0,2,0,3,2,1,3,1,0,3,3,1,4,3,0,3,4,1,3,4,1,3,3,0,3,2,3,3,4,1,2,1,1,3,4,4,4,4,4,4,4,4,4,4,4,4,4,4,4,4,4,4,4,4,4,4,3,0,4,4,4,4,4,4,4,4,4,4,4,4,4,4,4,4,4,4,4,4,4,2,3,2,1,1,3,1,0,3,0,0,0,1,3,1,1,4,2,2,0,4,0,3,2,0,1,2,1,0,4,4,4,4,2,0,2,1,1,2,4,4,3,3,3,0,1,2,2,3,2,1,3,3,0,3,1,2,3,1,1,4,0,1,3,2,0,4,1,0,2,0,3,2,3,1,4,4,4,4,4,4,4,4,4,2,1,3,3,0,3,4,4,4,2,1,1,4,4,4,4,4,4,4,4,4,4,4,4,4,4,4,4,4,4,4,4,4,4,4,4,4,4,4,4,4,4,4,4,4,3,4,4,1,0,3,1,0,4,2,0,1,0,1,4,4,1,0,4,3,2,2,0,1,0,1,0,0,1,2,3,3,2,0,4,4,4,4,4,2,3,2,0,0,2,1,0,1,1,1,0,1,3,3,4,4,4,4,4,4,4,4,4,4,4,4,4,4,4,4,4,4,4,4,4,4,4,4,4,4,4,4,4,4,4,4,4,4,4,4,4,4,4,4,4,4,4,4,4,4,4,4,4,4,4,4,4,4,4,4,4,4,4,4,4,4,4,4,4,4,4,4,4,4,4,4,4,4,4,4,4,4,4,4,4,4,4,4,4,4,4,4,4,4,4,4,4,4,4,4,4,4,4,4,4,4,4,4,4,4,4,4,4,4,4,4,4,4,4,4,4,4,4,4,4,4,4,4,4,4,4,4,4,4,4,4,4,4,4,4,4,4,4,4,4,4,4,4,4,4,4,4,4,4,4,4,4,4,4,4,4,4,4,4,4,4,4,4,4,4,4,4,4,4,4,4,4,4,4,4,4,4,4,4,4,4,4,4,4,4,4,4,4,4,4,4,4,4,4,ADTQ01000140.1/200-52,1
1743,0,2,0,3,2,1,3,1,0,3,3,1,4,1,0,1,4,3,1,4,1,3,3,0,3,2,0,3,4,3,2,3,3,0,4,4,4,4,4,4,4,4,4,4,4,4,4,4,4,4,4,4,4,4,4,4,0,4,4,4,4,4,4,4,4,4,4,4,4,4,4,4,4,4,4,4,4,4,4,4,1,2,1,3,3,1,0,3,0,0,0,1,1,4,0,4,2,2,0,4,0,3,2,0,3,2,1,0,4,4,4,4,2,0,2,1,1,1,4,4,3,3,3,0,1,2,2,3,0,1,1,3,2,3,3,2,3,1,1,0,1,1,1,4,4,4,4,2,1,1,0,2,3,1,3,1,2,1,4,4,4,4,4,3,3,1,2,2,1,4,4,4,1,3,3,4,4,4,4,4,4,4,4,4,4,4,4,4,4,4,4,4,4,4,4,4,4,4,4,4,4,4,4,4,4,4,4,4,0,4,4,1,3,2,2,0,4,2,3,1,1,0,4,4,0,4,4,4,2,2,0,1,0,0,3,0,1,2,3,3,2,0,4,4,4,4,4,2,3,1,0,2,2,3,0,1,1,0,2,1,1,0,4,4,4,4,4,4,4,4,4,4,4,4,4,4,4,4,4,4,4,4,4,4,4,4,4,4,4,4,4,4,4,4,4,4,4,4,4,4,4,4,4,4,4,4,4,4,4,4,4,4,4,4,4,4,4,4,4,4,4,4,4,4,4,4,4,4,4,4,4,4,4,4,4,4,4,4,4,4,4,4,4,4,4,4,4,4,4,4,4,4,4,4,4,4,4,4,4,4,4,4,4,4,4,4,4,4,4,4,4,4,4,4,4,4,4,4,4,4,4,4,4,4,4,4,4,4,4,4,4,4,4,4,4,4,4,4,4,4,4,4,4,4,4,4,4,4,4,4,4,4,4,4,4,4,4,4,4,4,4,4,4,4,4,4,4,4,4,4,4,4,4,4,4,4,4,4,4,4,4,4,4,4,4,4,4,4,4,4,4,4,4,4,4,4,4,FP236843.1/235020-235165,1
1744,0,2,3,2,2,1,3,1,0,3,3,1,4,0,1,1,4,2,0,4,1,3,3,0,3,2,3,1,4,0,2,1,4,4,4,4,1,1,1,3,3,4,1,2,2,4,4,4,4,4,4,2,0,1,2,3,4,4,4,4,4,4,4,4,4,4,4,4,4,4,4,4,4,4,4,4,4,4,4,4,4,2,1,3,0,1,0,3,0,0,0,0,3,4,3,4,1,2,0,4,0,3,2,0,1,2,1,0,4,4,4,4,1,0,0,4,4,4,4,4,4,4,1,0,0,2,2,3,2,1,1,3,2,1,1,2,3,1,1,0,0,1,3,3,4,4,1,3,2,0,3,0,3,1,0,4,4,4,4,4,4,4,4,2,1,2,3,0,4,4,4,4,2,1,3,4,4,4,4,4,4,4,4,4,4,4,4,4,4,4,4,4,4,4,4,4,4,4,4,4,4,4,4,4,4,4,4,4,0,4,4,3,0,3,1,0,4,0,1,1,0,3,4,4,1,4,4,4,2,2,2,1,2,0,0,0,1,2,3,1,2,0,4,4,4,4,4,2,3,3,0,2,2,1,0,1,1,2,1,1,3,3,4,4,4,4,4,4,4,4,4,4,4,4,4,4,4,4,4,4,4,4,4,4,4,4,4,4,4,4,4,4,4,4,4,4,4,4,4,4,4,4,4,4,4,4,4,4,4,4,4,4,4,4,4,4,4,4,4,4,4,4,4,4,4,4,4,4,4,4,4,4,4,4,4,4,4,4,4,4,4,4,4,4,4,4,4,4,4,4,4,4,4,4,4,4,4,4,4,4,4,4,4,4,4,4,4,4,4,4,4,4,4,4,4,4,4,4,4,4,4,4,4,4,4,4,4,4,4,4,4,4,4,4,4,4,4,4,4,4,4,4,4,4,4,4,4,4,4,4,4,4,4,4,4,4,4,4,4,4,4,4,4,4,4,4,4,4,4,4,4,4,4,4,4,4,4,4,4,4,4,4,4,4,4,4,4,4,4,4,4,4,4,4,4,4,4,AGTH01000006.1/34812-34959,1
1745,0,2,3,2,2,1,3,1,0,3,3,1,4,0,1,1,4,2,0,4,1,3,3,0,3,2,3,1,4,0,2,1,4,4,4,4,1,1,1,3,3,4,1,2,2,4,4,4,4,4,4,2,0,1,2,3,4,4,4,4,4,4,4,4,4,4,4,4,4,4,4,4,4,4,4,4,4,4,4,4,4,2,1,3,0,1,0,3,0,0,0,0,3,4,0,4,1,2,0,4,0,3,2,0,1,2,1,0,4,4,4,4,1,0,0,4,4,4,4,4,4,4,1,0,0,2,2,3,2,1,1,3,2,1,1,2,3,1,1,0,0,1,3,3,4,4,1,3,2,0,3,0,3,1,0,4,4,4,4,4,4,4,4,2,1,2,3,0,4,4,4,4,2,1,3,4,4,4,4,4,4,4,4,4,4,4,4,4,4,4,4,4,4,4,4,4,4,4,4,4,4,4,4,4,4,4,4,4,0,4,4,3,0,3,1,0,4,0,1,1,0,3,4,4,1,4,4,4,2,2,2,1,2,0,0,0,1,2,3,1,2,0,4,4,4,4,4,2,3,3,0,2,2,1,0,1,1,2,1,1,3,3,4,4,4,4,4,4,4,4,4,4,4,4,4,4,4,4,4,4,4,4,4,4,4,4,4,4,4,4,4,4,4,4,4,4,4,4,4,4,4,4,4,4,4,4,4,4,4,4,4,4,4,4,4,4,4,4,4,4,4,4,4,4,4,4,4,4,4,4,4,4,4,4,4,4,4,4,4,4,4,4,4,4,4,4,4,4,4,4,4,4,4,4,4,4,4,4,4,4,4,4,4,4,4,4,4,4,4,4,4,4,4,4,4,4,4,4,4,4,4,4,4,4,4,4,4,4,4,4,4,4,4,4,4,4,4,4,4,4,4,4,4,4,4,4,4,4,4,4,4,4,4,4,4,4,4,4,4,4,4,4,4,4,4,4,4,4,4,4,4,4,4,4,4,4,4,4,4,4,4,4,4,4,4,4,4,4,4,4,4,4,4,4,4,4,4,ADAU01000086.1/163134-162987,1
1746,0,2,0,3,2,1,3,1,0,3,3,1,4,1,0,3,4,1,3,4,1,3,3,0,3,2,3,3,4,1,2,1,1,3,4,4,4,4,4,4,4,4,4,4,4,4,4,4,4,4,4,4,4,4,4,4,3,0,4,4,4,4,4,4,4,4,4,4,4,4,4,4,4,4,4,4,4,4,4,2,3,2,1,1,3,1,0,3,0,0,0,1,3,1,1,4,2,2,0,4,0,3,2,0,1,2,1,0,4,4,4,4,2,0,2,1,1,2,4,4,3,3,3,0,1,2,2,3,2,1,3,3,0,3,1,2,3,1,1,4,0,1,3,2,0,4,1,0,2,0,3,2,3,1,4,4,4,4,4,4,4,4,4,2,1,3,3,0,3,4,4,4,2,1,1,4,4,4,4,4,4,4,4,4,4,4,4,4,4,4,4,4,4,4,4,4,4,4,4,4,4,4,4,4,4,4,4,4,3,4,4,1,0,3,1,0,4,2,0,1,0,1,4,4,1,0,4,3,2,2,0,1,0,1,0,0,1,2,3,3,2,0,4,4,4,4,4,2,3,2,0,0,2,1,0,1,1,1,0,1,3,3,4,4,4,4,4,4,4,4,4,4,4,4,4,4,4,4,4,4,4,4,4,4,4,4,4,4,4,4,4,4,4,4,4,4,4,4,4,4,4,4,4,4,4,4,4,4,4,4,4,4,4,4,4,4,4,4,4,4,4,4,4,4,4,4,4,4,4,4,4,4,4,4,4,4,4,4,4,4,4,4,4,4,4,4,4,4,4,4,4,4,4,4,4,4,4,4,4,4,4,4,4,4,4,4,4,4,4,4,4,4,4,4,4,4,4,4,4,4,4,4,4,4,4,4,4,4,4,4,4,4,4,4,4,4,4,4,4,4,4,4,4,4,4,4,4,4,4,4,4,4,4,4,4,4,4,4,4,4,4,4,4,4,4,4,4,4,4,4,4,4,4,4,4,4,4,4,4,4,4,4,4,4,4,4,4,4,4,4,4,4,4,4,4,4,4,ADTO01000229.1/194-46,1
1747,0,2,3,3,2,1,3,1,0,3,3,1,4,0,0,3,4,3,3,4,3,3,3,0,3,2,3,1,4,2,2,1,1,1,2,4,1,0,0,3,0,4,3,2,2,1,2,2,4,0,4,0,0,1,0,3,4,4,4,4,4,4,4,4,4,4,4,4,4,4,4,4,4,4,4,4,4,4,4,4,4,2,1,1,0,1,0,3,0,0,2,1,1,1,2,4,2,2,0,4,0,3,2,0,3,2,1,1,4,4,4,4,0,2,0,2,4,4,4,4,4,4,3,0,0,2,2,3,2,1,1,3,0,1,1,2,3,1,1,2,3,3,0,0,3,0,1,1,2,0,3,0,0,1,3,4,4,4,4,4,4,4,4,2,1,2,1,0,0,4,4,4,2,1,3,4,4,4,4,4,4,4,4,4,4,4,4,4,4,4,4,4,4,4,4,4,4,4,4,4,4,4,4,4,4,4,4,4,3,4,4,3,0,3,1,0,4,2,0,1,0,1,4,4,0,4,4,4,2,2,2,1,2,0,1,0,1,2,3,3,2,0,4,4,4,4,4,2,3,2,0,2,2,1,0,1,1,0,1,1,3,3,4,4,4,4,4,4,4,4,4,4,4,4,4,4,4,4,4,4,4,4,4,4,4,4,4,4,4,4,4,4,4,4,4,4,4,4,4,4,4,4,4,4,4,4,4,4,4,4,4,4,4,4,4,4,4,4,4,4,4,4,4,4,4,4,4,4,4,4,4,4,4,4,4,4,4,4,4,4,4,4,4,4,4,4,4,4,4,4,4,4,4,4,4,4,4,4,4,4,4,4,4,4,4,4,4,4,4,4,4,4,4,4,4,4,4,4,4,4,4,4,4,4,4,4,4,4,4,4,4,4,4,4,4,4,4,4,4,4,4,4,4,4,4,4,4,4,4,4,4,4,4,4,4,4,4,4,4,4,4,4,4,4,4,4,4,4,4,4,4,4,4,4,4,4,4,4,4,4,4,4,4,4,4,4,4,4,4,4,4,4,4,4,4,4,4,CACX01002073.1/1192965-1192806,1
1748,1,2,3,3,2,1,3,1,0,3,3,1,4,0,0,1,4,3,2,4,2,3,3,0,3,2,0,3,3,2,1,2,1,3,2,4,1,3,2,0,3,4,3,2,2,1,0,2,0,3,4,0,0,0,3,3,4,4,4,4,4,4,4,4,4,4,4,4,4,4,4,4,4,4,4,4,4,4,4,4,4,1,2,1,3,1,0,3,0,0,1,0,3,1,1,4,2,2,0,4,0,3,2,0,1,2,1,1,4,4,4,4,0,0,0,0,2,4,4,4,4,0,0,0,2,2,2,3,2,1,1,3,0,3,1,2,3,1,1,0,1,1,0,2,0,4,3,1,2,0,3,0,0,1,1,2,3,0,1,4,4,2,1,2,1,0,0,2,1,1,4,2,0,1,3,4,4,4,4,4,4,4,4,4,4,4,4,4,4,4,4,4,4,4,4,4,4,4,4,4,4,4,4,4,4,4,4,4,3,4,4,3,0,3,1,0,4,0,0,1,0,3,4,4,1,4,4,4,2,2,2,1,2,0,1,0,1,2,3,3,2,0,4,4,4,4,4,2,3,2,0,2,2,1,0,1,1,2,1,1,3,0,4,4,4,4,4,4,4,4,4,4,4,4,4,4,4,4,4,4,4,4,4,4,4,4,4,4,4,4,4,4,4,4,4,4,4,4,4,4,4,4,4,4,4,4,4,4,4,4,4,4,4,4,4,4,4,4,4,4,4,4,4,4,4,4,4,4,4,4,4,4,4,4,4,4,4,4,4,4,4,4,4,4,4,4,4,4,4,4,4,4,4,4,4,4,4,4,4,4,4,4,4,4,4,4,4,4,4,4,4,4,4,4,4,4,4,4,4,4,4,4,4,4,4,4,4,4,4,4,4,4,4,4,4,4,4,4,4,4,4,4,4,4,4,4,4,4,4,4,4,4,4,4,4,4,4,4,4,4,4,4,4,4,4,4,4,4,4,4,4,4,4,4,4,4,4,4,4,4,4,4,4,4,4,4,4,4,4,4,4,4,4,4,4,4,4,AFWW01000010.1/17750-17920,1
1749,0,2,3,2,2,1,3,1,0,3,3,1,4,0,1,1,4,2,0,4,1,3,3,0,3,2,3,1,4,0,2,1,4,4,4,4,1,1,1,3,3,4,1,2,2,4,4,4,4,4,4,2,0,1,2,3,4,4,4,4,4,4,4,4,4,4,4,4,4,4,4,4,4,4,4,4,4,4,4,4,4,2,1,3,0,1,0,3,0,0,0,0,3,4,3,4,1,2,0,4,0,3,2,0,1,2,1,0,4,4,4,4,1,0,0,4,4,4,4,4,4,4,1,0,0,2,2,3,2,1,1,3,2,1,1,2,3,1,1,0,0,1,3,3,4,4,1,3,2,0,3,0,3,1,0,4,4,4,4,4,4,4,4,2,1,2,3,0,4,4,4,4,2,1,3,4,4,4,4,4,4,4,4,4,4,4,4,4,4,4,4,4,4,4,4,4,4,4,4,4,4,4,4,4,4,4,4,4,0,4,4,3,0,3,1,0,4,0,1,1,0,3,4,4,1,4,4,4,2,2,2,1,2,0,0,0,1,2,3,1,2,0,4,4,4,4,4,2,3,3,0,2,2,1,0,1,1,2,1,1,3,3,4,4,4,4,4,4,4,4,4,4,4,4,4,4,4,4,4,4,4,4,4,4,4,4,4,4,4,4,4,4,4,4,4,4,4,4,4,4,4,4,4,4,4,4,4,4,4,4,4,4,4,4,4,4,4,4,4,4,4,4,4,4,4,4,4,4,4,4,4,4,4,4,4,4,4,4,4,4,4,4,4,4,4,4,4,4,4,4,4,4,4,4,4,4,4,4,4,4,4,4,4,4,4,4,4,4,4,4,4,4,4,4,4,4,4,4,4,4,4,4,4,4,4,4,4,4,4,4,4,4,4,4,4,4,4,4,4,4,4,4,4,4,4,4,4,4,4,4,4,4,4,4,4,4,4,4,4,4,4,4,4,4,4,4,4,4,4,4,4,4,4,4,4,4,4,4,4,4,4,4,4,4,4,4,4,4,4,4,4,4,4,4,4,4,4,ADAZ01000114.1/125305-125158,1
1750,0,2,3,2,2,1,3,1,0,3,3,1,4,0,1,1,4,3,3,4,1,3,3,0,3,2,3,1,4,0,2,1,4,4,4,4,1,1,1,3,3,4,0,2,2,4,4,4,4,4,4,2,0,1,2,1,4,4,4,4,4,4,4,4,4,4,4,4,4,4,4,4,4,4,4,4,4,4,4,4,4,2,1,3,0,1,0,3,0,0,0,1,3,4,3,4,1,2,0,4,0,3,2,0,1,2,1,0,4,4,4,4,1,0,0,4,4,4,4,4,4,4,1,0,0,2,2,3,2,1,1,3,2,1,1,2,3,1,1,0,0,1,3,3,4,4,1,3,2,0,3,0,0,3,0,4,4,4,4,4,4,4,4,2,1,2,3,0,4,4,4,4,2,1,3,4,4,4,4,4,4,4,4,4,4,4,4,4,4,4,4,4,4,4,4,4,4,4,4,4,4,4,4,4,4,4,4,4,3,4,4,3,0,3,1,0,4,0,1,1,3,1,4,4,1,4,4,4,2,2,2,1,2,0,0,0,1,2,3,1,2,0,4,4,4,4,4,2,3,3,0,2,2,1,0,1,1,2,1,1,3,3,4,4,4,4,4,4,4,4,4,4,4,4,4,4,4,4,4,4,4,4,4,4,4,4,4,4,4,4,4,4,4,4,4,4,4,4,4,4,4,4,4,4,4,4,4,4,4,4,4,4,4,4,4,4,4,4,4,4,4,4,4,4,4,4,4,4,4,4,4,4,4,4,4,4,4,4,4,4,4,4,4,4,4,4,4,4,4,4,4,4,4,4,4,4,4,4,4,4,4,4,4,4,4,4,4,4,4,4,4,4,4,4,4,4,4,4,4,4,4,4,4,4,4,4,4,4,4,4,4,4,4,4,4,4,4,4,4,4,4,4,4,4,4,4,4,4,4,4,4,4,4,4,4,4,4,4,4,4,4,4,4,4,4,4,4,4,4,4,4,4,4,4,4,4,4,4,4,4,4,4,4,4,4,4,4,4,4,4,4,4,4,4,4,4,4,ABAK02000001.1/2113545-2113398,1
1751,0,2,0,3,2,1,3,1,0,3,3,1,4,1,0,3,4,1,3,4,1,3,3,0,3,2,3,3,4,1,2,1,1,3,4,4,4,4,4,4,4,4,4,4,4,4,4,4,4,4,4,4,4,4,4,4,3,0,4,4,4,4,4,4,4,4,4,4,4,4,4,4,4,4,4,4,4,4,4,2,3,2,1,1,3,1,0,3,0,0,0,1,3,1,1,4,2,2,0,4,0,3,2,0,1,2,1,0,4,4,4,4,2,0,2,1,1,2,4,4,3,3,3,0,1,2,2,3,2,1,3,3,0,3,1,2,3,1,1,4,0,1,3,2,0,4,1,0,2,0,3,2,3,1,4,4,4,4,4,4,4,4,4,2,1,3,3,0,3,4,4,4,2,1,1,4,4,4,4,4,4,4,4,4,4,4,4,4,4,4,4,4,4,4,4,4,4,4,4,4,4,4,4,4,4,4,4,4,3,4,4,1,0,3,1,0,4,2,0,1,0,1,4,4,1,0,4,3,2,2,0,1,0,1,0,0,1,2,3,3,2,0,4,4,4,4,4,2,3,2,0,0,2,1,0,1,1,1,0,1,3,3,4,4,4,4,4,4,4,4,4,4,4,4,4,4,4,4,4,4,4,4,4,4,4,4,4,4,4,4,4,4,4,4,4,4,4,4,4,4,4,4,4,4,4,4,4,4,4,4,4,4,4,4,4,4,4,4,4,4,4,4,4,4,4,4,4,4,4,4,4,4,4,4,4,4,4,4,4,4,4,4,4,4,4,4,4,4,4,4,4,4,4,4,4,4,4,4,4,4,4,4,4,4,4,4,4,4,4,4,4,4,4,4,4,4,4,4,4,4,4,4,4,4,4,4,4,4,4,4,4,4,4,4,4,4,4,4,4,4,4,4,4,4,4,4,4,4,4,4,4,4,4,4,4,4,4,4,4,4,4,4,4,4,4,4,4,4,4,4,4,4,4,4,4,4,4,4,4,4,4,4,4,4,4,4,4,4,4,4,4,4,4,4,4,4,4,CP002211.1/4308523-4308671,1
1752,0,2,3,2,2,1,3,1,0,3,3,1,4,0,1,1,4,2,0,4,1,3,3,0,3,2,3,1,4,0,2,1,4,4,4,4,1,1,1,3,3,4,1,2,2,4,4,4,4,4,4,2,0,1,2,3,4,4,4,4,4,4,4,4,4,4,4,4,4,4,4,4,4,4,4,4,4,4,4,4,4,2,1,3,0,1,0,3,0,0,0,0,3,4,3,4,0,2,0,4,0,3,2,0,1,2,1,0,4,4,4,4,1,0,0,4,4,4,4,4,4,4,1,0,0,2,2,3,2,1,1,3,2,1,1,2,3,1,1,0,0,1,3,3,4,4,1,3,2,0,3,0,3,1,0,4,4,4,4,4,4,4,4,2,1,3,3,0,4,4,4,4,2,1,3,4,4,4,4,4,4,4,4,4,4,4,4,4,4,4,4,4,4,4,4,4,4,4,4,4,4,4,4,4,4,4,4,4,0,4,4,3,0,3,1,0,4,0,1,1,0,3,4,4,1,4,4,4,2,2,2,1,2,0,0,0,1,2,3,1,2,0,4,4,4,4,4,2,3,3,0,2,2,1,0,1,1,2,1,1,3,3,4,4,4,4,4,4,4,4,4,4,4,4,4,4,4,4,4,4,4,4,4,4,4,4,4,4,4,4,4,4,4,4,4,4,4,4,4,4,4,4,4,4,4,4,4,4,4,4,4,4,4,4,4,4,4,4,4,4,4,4,4,4,4,4,4,4,4,4,4,4,4,4,4,4,4,4,4,4,4,4,4,4,4,4,4,4,4,4,4,4,4,4,4,4,4,4,4,4,4,4,4,4,4,4,4,4,4,4,4,4,4,4,4,4,4,4,4,4,4,4,4,4,4,4,4,4,4,4,4,4,4,4,4,4,4,4,4,4,4,4,4,4,4,4,4,4,4,4,4,4,4,4,4,4,4,4,4,4,4,4,4,4,4,4,4,4,4,4,4,4,4,4,4,4,4,4,4,4,4,4,4,4,4,4,4,4,4,4,4,4,4,4,4,4,4,AEJW01000128.1/23247-23394,1
1753,0,2,3,2,2,1,3,1,0,3,3,1,4,0,1,1,4,3,3,4,1,3,3,0,3,2,3,1,4,0,2,1,4,4,4,4,1,1,1,3,3,4,1,2,2,4,4,4,4,4,4,2,0,1,2,1,4,4,4,4,4,4,4,4,4,4,4,4,4,4,4,4,4,4,4,4,4,4,4,4,4,2,1,3,0,1,0,3,0,0,0,1,3,4,3,4,1,2,0,4,0,3,2,0,1,2,1,0,4,4,4,4,1,0,0,4,4,4,4,4,4,4,0,1,0,2,2,3,2,1,1,3,2,1,1,2,3,1,1,0,0,1,3,1,4,4,1,3,2,0,3,0,0,1,0,4,4,4,4,4,4,4,4,2,1,1,3,2,4,4,4,4,2,1,3,4,4,4,4,4,4,4,4,4,4,4,4,4,4,4,4,4,4,4,4,4,4,4,4,4,4,4,4,4,4,4,4,4,3,4,4,3,0,3,1,0,4,2,0,1,0,3,4,4,1,4,4,4,2,2,2,1,2,0,0,0,1,2,3,1,2,0,4,4,4,4,4,2,3,0,0,2,2,1,0,1,1,2,1,1,3,1,4,4,4,4,4,4,4,4,4,4,4,4,4,4,4,4,4,4,4,4,4,4,4,4,4,4,4,4,4,4,4,4,4,4,4,4,4,4,4,4,4,4,4,4,4,4,4,4,4,4,4,4,4,4,4,4,4,4,4,4,4,4,4,4,4,4,4,4,4,4,4,4,4,4,4,4,4,4,4,4,4,4,4,4,4,4,4,4,4,4,4,4,4,4,4,4,4,4,4,4,4,4,4,4,4,4,4,4,4,4,4,4,4,4,4,4,4,4,4,4,4,4,4,4,4,4,4,4,4,4,4,4,4,4,4,4,4,4,4,4,4,4,4,4,4,4,4,4,4,4,4,4,4,4,4,4,4,4,4,4,4,4,4,4,4,4,4,4,4,4,4,4,4,4,4,4,4,4,4,4,4,4,4,4,4,4,4,4,4,4,4,4,4,4,4,CP000964.1/1260535-1260682,1
1754,0,2,3,2,2,1,3,1,0,3,3,1,4,0,1,1,4,2,0,4,1,3,3,0,3,2,3,1,4,0,2,1,4,4,4,4,1,1,1,3,3,4,1,2,2,4,4,4,4,4,4,2,0,1,2,3,4,4,4,4,4,4,4,4,4,4,4,4,4,4,4,4,4,4,4,4,4,4,4,4,4,2,1,3,0,1,0,3,0,0,0,0,3,4,3,4,1,2,0,4,0,3,2,0,1,2,1,0,4,4,4,4,1,0,0,4,4,4,4,4,4,4,1,0,0,2,2,3,2,1,1,3,2,1,1,2,3,1,1,0,0,1,3,3,4,4,1,3,2,0,3,0,3,1,0,4,4,4,4,4,4,4,4,2,1,2,3,0,4,4,4,4,2,1,3,4,4,4,4,4,4,4,4,4,4,4,4,4,4,4,4,4,4,4,4,4,4,4,4,4,4,4,4,4,4,4,4,4,0,4,4,3,0,3,1,0,4,0,1,1,0,3,4,4,1,4,4,4,2,2,2,1,2,0,0,0,1,2,3,1,2,0,4,4,4,4,4,2,3,3,0,2,2,1,0,1,1,2,1,1,3,3,4,4,4,4,4,4,4,4,4,4,4,4,4,4,4,4,4,4,4,4,4,4,4,4,4,4,4,4,4,4,4,4,4,4,4,4,4,4,4,4,4,4,4,4,4,4,4,4,4,4,4,4,4,4,4,4,4,4,4,4,4,4,4,4,4,4,4,4,4,4,4,4,4,4,4,4,4,4,4,4,4,4,4,4,4,4,4,4,4,4,4,4,4,4,4,4,4,4,4,4,4,4,4,4,4,4,4,4,4,4,4,4,4,4,4,4,4,4,4,4,4,4,4,4,4,4,4,4,4,4,4,4,4,4,4,4,4,4,4,4,4,4,4,4,4,4,4,4,4,4,4,4,4,4,4,4,4,4,4,4,4,4,4,4,4,4,4,4,4,4,4,4,4,4,4,4,4,4,4,4,4,4,4,4,4,4,4,4,4,4,4,4,4,4,4,ADUU01000012.1/18686-18539,1
1755,0,2,3,2,2,1,3,1,0,3,3,1,4,0,1,1,4,2,0,4,1,3,3,0,3,2,3,1,4,0,2,1,4,4,4,4,1,1,1,3,3,4,1,2,2,4,4,4,4,4,4,2,0,1,2,3,4,4,4,4,4,4,4,4,4,4,4,4,4,4,4,4,4,4,4,4,4,4,4,4,4,2,1,3,0,1,0,3,0,0,0,0,3,4,3,4,1,2,0,4,0,3,2,0,1,2,1,0,4,4,4,4,1,0,0,4,4,4,4,4,4,4,1,0,0,2,2,3,2,1,1,3,2,1,1,2,3,1,1,0,0,1,3,3,4,4,1,3,2,0,3,0,3,1,0,4,4,4,4,4,4,4,4,2,1,2,3,0,4,4,4,4,2,1,3,4,4,4,4,4,4,4,4,4,4,4,4,4,4,4,4,4,4,4,4,4,4,4,4,4,4,4,4,4,4,4,4,4,0,4,4,3,0,3,1,0,4,0,1,1,0,3,4,4,1,4,4,4,2,2,2,1,2,0,0,0,1,2,3,1,2,0,4,4,4,4,4,2,3,3,0,2,2,1,0,1,1,2,1,1,3,3,4,4,4,4,4,4,4,4,4,4,4,4,4,4,4,4,4,4,4,4,4,4,4,4,4,4,4,4,4,4,4,4,4,4,4,4,4,4,4,4,4,4,4,4,4,4,4,4,4,4,4,4,4,4,4,4,4,4,4,4,4,4,4,4,4,4,4,4,4,4,4,4,4,4,4,4,4,4,4,4,4,4,4,4,4,4,4,4,4,4,4,4,4,4,4,4,4,4,4,4,4,4,4,4,4,4,4,4,4,4,4,4,4,4,4,4,4,4,4,4,4,4,4,4,4,4,4,4,4,4,4,4,4,4,4,4,4,4,4,4,4,4,4,4,4,4,4,4,4,4,4,4,4,4,4,4,4,4,4,4,4,4,4,4,4,4,4,4,4,4,4,4,4,4,4,4,4,4,4,4,4,4,4,4,4,4,4,4,4,4,4,4,4,4,4,AFVB01000040.1/162280-162133,1
1756,0,2,3,2,2,1,3,1,0,3,3,1,4,0,1,1,4,2,0,4,1,3,3,0,3,2,3,1,4,0,2,1,4,4,4,4,1,1,1,3,3,4,1,2,2,4,4,4,4,4,4,2,0,1,2,3,4,4,4,4,4,4,4,4,4,4,4,4,4,4,4,4,4,4,4,4,4,4,4,4,4,2,1,3,0,1,0,3,0,0,0,0,3,4,3,4,1,2,0,4,0,3,2,0,1,2,1,0,4,4,4,4,1,0,0,4,4,4,4,4,4,4,1,0,0,2,2,3,2,1,1,3,2,1,1,2,3,1,1,0,0,1,3,3,4,4,1,3,2,0,3,0,3,1,0,4,4,4,4,4,4,4,4,2,1,2,3,0,4,4,4,4,2,1,3,4,4,4,4,4,4,4,4,4,4,4,4,4,4,4,4,4,4,4,4,4,4,4,4,4,4,4,4,4,4,4,4,4,0,4,4,3,0,3,1,0,4,0,1,1,0,3,4,4,1,4,4,4,2,2,2,1,2,0,0,0,1,2,3,1,2,0,4,4,4,4,4,2,3,3,0,2,2,1,0,1,1,2,1,1,3,3,4,4,4,4,4,4,4,4,4,4,4,4,4,4,4,4,4,4,4,4,4,4,4,4,4,4,4,4,4,4,4,4,4,4,4,4,4,4,4,4,4,4,4,4,4,4,4,4,4,4,4,4,4,4,4,4,4,4,4,4,4,4,4,4,4,4,4,4,4,4,4,4,4,4,4,4,4,4,4,4,4,4,4,4,4,4,4,4,4,4,4,4,4,4,4,4,4,4,4,4,4,4,4,4,4,4,4,4,4,4,4,4,4,4,4,4,4,4,4,4,4,4,4,4,4,4,4,4,4,4,4,4,4,4,4,4,4,4,4,4,4,4,4,4,4,4,4,4,4,4,4,4,4,4,4,4,4,4,4,4,4,4,4,4,4,4,4,4,4,4,4,4,4,4,4,4,4,4,4,4,4,4,4,4,4,4,4,4,4,4,4,4,4,4,4,AETX01000059.1/68789-68642,1
1757,0,2,0,3,2,1,3,1,0,3,3,1,4,1,0,3,4,1,3,4,1,3,3,0,3,2,3,3,4,1,2,1,1,3,4,4,4,4,4,4,4,4,4,4,4,4,4,4,4,4,4,4,4,4,4,4,3,0,4,4,4,4,4,4,4,4,4,4,4,4,4,4,4,4,4,4,4,4,4,2,3,2,1,1,3,1,0,3,0,0,0,1,3,1,1,4,2,2,0,4,0,3,2,0,1,2,1,0,4,4,4,4,2,0,2,1,1,2,4,4,3,3,3,0,1,2,2,3,2,1,3,3,0,3,1,2,3,1,1,4,0,1,3,2,0,4,1,0,2,0,3,2,3,1,4,4,4,4,4,4,4,4,4,2,1,3,3,0,3,4,4,4,2,1,1,4,4,4,4,4,4,4,4,4,4,4,4,4,4,4,4,4,4,4,4,4,4,4,4,4,4,4,4,4,4,4,4,4,3,4,4,1,0,3,1,0,4,2,0,1,0,1,4,4,1,0,4,3,2,2,0,1,0,1,0,0,1,2,3,3,2,0,4,4,4,4,4,2,3,2,0,0,2,1,0,1,1,1,0,1,3,3,4,4,4,4,4,4,4,4,4,4,4,4,4,4,4,4,4,4,4,4,4,4,4,4,4,4,4,4,4,4,4,4,4,4,4,4,4,4,4,4,4,4,4,4,4,4,4,4,4,4,4,4,4,4,4,4,4,4,4,4,4,4,4,4,4,4,4,4,4,4,4,4,4,4,4,4,4,4,4,4,4,4,4,4,4,4,4,4,4,4,4,4,4,4,4,4,4,4,4,4,4,4,4,4,4,4,4,4,4,4,4,4,4,4,4,4,4,4,4,4,4,4,4,4,4,4,4,4,4,4,4,4,4,4,4,4,4,4,4,4,4,4,4,4,4,4,4,4,4,4,4,4,4,4,4,4,4,4,4,4,4,4,4,4,4,4,4,4,4,4,4,4,4,4,4,4,4,4,4,4,4,4,4,4,4,4,4,4,4,4,4,4,4,4,4,ACXN01000053.1/3646-3794,1
1758,1,2,3,3,2,1,3,1,0,3,3,1,4,3,1,1,4,3,2,4,3,1,3,0,3,2,0,3,4,3,2,1,1,1,1,4,2,1,0,1,3,4,2,1,2,4,4,4,4,4,4,2,3,3,2,0,4,4,4,4,4,4,4,4,4,4,4,4,4,4,4,4,4,4,4,4,4,4,4,4,4,2,1,4,3,1,0,3,0,0,0,0,3,0,3,4,1,2,0,4,0,3,2,0,1,2,1,0,4,4,4,4,1,1,0,4,4,4,4,4,4,4,0,0,1,2,2,0,2,1,1,3,2,1,1,2,3,1,1,0,1,1,1,0,0,4,1,1,2,0,3,0,0,3,1,2,1,3,4,4,4,4,3,2,1,3,3,3,2,1,4,0,0,1,2,4,4,4,4,4,4,4,4,4,4,4,4,4,4,4,4,4,4,4,4,4,4,4,4,4,4,4,4,4,4,4,4,4,3,4,4,3,0,3,1,0,4,0,2,1,0,1,4,4,1,4,4,4,2,2,0,1,2,1,0,0,1,2,3,3,2,0,4,4,4,4,4,2,3,3,0,2,2,1,3,1,1,0,1,1,3,0,4,4,4,4,4,4,4,4,4,4,4,4,4,4,4,4,4,4,4,4,4,4,4,4,4,4,4,4,4,4,4,4,4,4,4,4,4,4,4,4,4,4,4,4,4,4,4,4,4,4,4,4,4,4,4,4,4,4,4,4,4,4,4,4,4,4,4,4,4,4,4,4,4,4,4,4,4,4,4,4,4,4,4,4,4,4,4,4,4,4,4,4,4,4,4,4,4,4,4,4,4,4,4,4,4,4,4,4,4,4,4,4,4,4,4,4,4,4,4,4,4,4,4,4,4,4,4,4,4,4,4,4,4,4,4,4,4,4,4,4,4,4,4,4,4,4,4,4,4,4,4,4,4,4,4,4,4,4,4,4,4,4,4,4,4,4,4,4,4,4,4,4,4,4,4,4,4,4,4,4,4,4,4,4,4,4,4,4,4,4,4,4,4,4,4,BABY01000083.1/135748-135590,1
1759,0,2,3,2,2,1,3,1,0,3,3,1,4,0,1,1,4,2,0,4,1,3,3,0,3,2,3,1,4,0,2,1,4,4,4,4,1,1,1,3,3,4,1,2,2,4,4,4,4,4,4,2,0,1,2,3,4,4,4,4,4,4,4,4,4,4,4,4,4,4,4,4,4,4,4,4,4,4,4,4,4,2,1,3,0,1,0,3,0,0,0,0,3,4,3,4,1,2,0,4,0,3,2,0,1,2,1,0,4,4,4,4,1,0,0,4,4,4,4,4,4,4,1,0,0,2,2,3,2,1,1,3,2,1,1,2,3,1,1,0,0,1,3,3,4,4,1,3,2,0,3,0,3,1,0,4,4,4,4,4,4,4,4,2,1,3,3,0,4,4,4,4,2,1,3,4,4,4,4,4,4,4,4,4,4,4,4,4,4,4,4,4,4,4,4,4,4,4,4,4,4,4,4,4,4,4,4,4,0,4,4,3,0,3,1,0,4,0,1,1,1,3,4,4,1,4,4,4,2,2,2,1,2,0,0,0,1,2,3,1,2,0,4,4,4,4,4,2,3,3,0,2,2,1,0,1,1,2,1,1,3,3,4,4,4,4,4,4,4,4,4,4,4,4,4,4,4,4,4,4,4,4,4,4,4,4,4,4,4,4,4,4,4,4,4,4,4,4,4,4,4,4,4,4,4,4,4,4,4,4,4,4,4,4,4,4,4,4,4,4,4,4,4,4,4,4,4,4,4,4,4,4,4,4,4,4,4,4,4,4,4,4,4,4,4,4,4,4,4,4,4,4,4,4,4,4,4,4,4,4,4,4,4,4,4,4,4,4,4,4,4,4,4,4,4,4,4,4,4,4,4,4,4,4,4,4,4,4,4,4,4,4,4,4,4,4,4,4,4,4,4,4,4,4,4,4,4,4,4,4,4,4,4,4,4,4,4,4,4,4,4,4,4,4,4,4,4,4,4,4,4,4,4,4,4,4,4,4,4,4,4,4,4,4,4,4,4,4,4,4,4,4,4,4,4,4,4,AEKA01000153.1/23100-23247,1
1760,0,2,0,3,2,1,3,1,0,3,3,1,4,1,0,3,4,1,3,4,1,3,3,0,3,2,3,3,4,1,2,1,1,3,4,4,4,4,4,4,4,4,4,4,4,4,4,4,4,4,4,4,4,4,4,4,3,0,4,4,4,4,4,4,4,4,4,4,4,4,4,4,4,4,4,4,4,4,4,2,3,2,1,1,3,1,0,3,0,0,0,1,3,1,1,4,2,2,0,4,0,3,2,0,1,2,1,0,4,4,4,4,2,0,2,1,1,2,4,4,3,3,3,0,1,2,2,3,2,1,3,3,0,3,1,2,3,1,1,4,0,1,3,2,0,4,1,0,2,0,3,2,3,1,4,4,4,4,4,4,4,4,4,2,1,3,3,0,3,4,4,4,2,1,1,4,4,4,4,4,4,4,4,4,4,4,4,4,4,4,4,4,4,4,4,4,4,4,4,4,4,4,4,4,4,4,4,4,3,4,4,1,0,3,1,0,4,2,0,1,0,1,4,4,1,0,4,3,2,2,0,1,0,1,0,0,1,2,3,3,2,0,4,4,4,4,4,2,3,2,0,0,2,1,0,1,1,1,0,1,3,3,4,4,4,4,4,4,4,4,4,4,4,4,4,4,4,4,4,4,4,4,4,4,4,4,4,4,4,4,4,4,4,4,4,4,4,4,4,4,4,4,4,4,4,4,4,4,4,4,4,4,4,4,4,4,4,4,4,4,4,4,4,4,4,4,4,4,4,4,4,4,4,4,4,4,4,4,4,4,4,4,4,4,4,4,4,4,4,4,4,4,4,4,4,4,4,4,4,4,4,4,4,4,4,4,4,4,4,4,4,4,4,4,4,4,4,4,4,4,4,4,4,4,4,4,4,4,4,4,4,4,4,4,4,4,4,4,4,4,4,4,4,4,4,4,4,4,4,4,4,4,4,4,4,4,4,4,4,4,4,4,4,4,4,4,4,4,4,4,4,4,4,4,4,4,4,4,4,4,4,4,4,4,4,4,4,4,4,4,4,4,4,4,4,4,4,AFVH01000039.1/41264-41412,1
1761,0,2,3,2,2,1,3,1,0,3,3,1,4,0,1,1,4,1,2,4,2,3,3,0,3,2,0,1,4,0,2,1,1,4,4,4,1,3,2,1,2,4,1,0,0,2,1,2,2,0,4,1,0,0,2,1,4,4,4,4,4,4,4,4,4,4,4,4,4,4,4,4,4,4,4,4,4,4,4,4,4,2,1,4,1,1,0,3,0,0,1,0,3,4,3,4,1,2,0,4,0,3,2,0,1,2,1,0,4,4,4,4,1,0,0,4,4,4,4,4,4,4,3,0,1,2,2,3,2,1,1,3,2,3,1,2,3,1,1,0,1,1,1,1,0,4,1,1,2,0,3,0,0,3,1,2,3,3,1,4,4,0,1,4,4,4,3,3,3,2,3,2,0,1,2,4,4,4,4,4,4,4,4,4,4,4,4,4,4,4,4,4,4,4,4,4,4,4,4,4,4,4,4,4,4,4,4,4,3,4,4,3,0,3,1,0,4,2,0,1,0,3,4,4,1,4,4,4,2,2,0,1,2,1,0,0,1,2,3,3,2,0,4,4,4,4,4,2,3,3,0,2,2,1,0,1,1,0,1,1,3,2,4,4,4,4,4,4,4,4,4,4,4,4,4,4,4,4,4,4,4,4,4,4,4,4,4,4,4,4,4,4,4,4,4,4,4,4,4,4,4,4,4,4,4,4,4,4,4,4,4,4,4,4,4,4,4,4,4,4,4,4,4,4,4,4,4,4,4,4,4,4,4,4,4,4,4,4,4,4,4,4,4,4,4,4,4,4,4,4,4,4,4,4,4,4,4,4,4,4,4,4,4,4,4,4,4,4,4,4,4,4,4,4,4,4,4,4,4,4,4,4,4,4,4,4,4,4,4,4,4,4,4,4,4,4,4,4,4,4,4,4,4,4,4,4,4,4,4,4,4,4,4,4,4,4,4,4,4,4,4,4,4,4,4,4,4,4,4,4,4,4,4,4,4,4,4,4,4,4,4,4,4,4,4,4,4,4,4,4,4,4,4,4,4,4,4,FR719194.1/83164-83004,1
1762,0,2,3,2,2,1,3,1,0,3,3,1,4,0,1,1,4,3,3,4,1,3,3,0,3,2,3,1,4,0,2,1,4,4,4,4,1,1,1,3,3,4,1,2,2,4,4,4,4,4,4,2,0,1,2,3,4,4,4,4,4,4,4,4,4,4,4,4,4,4,4,4,4,4,4,4,4,4,4,4,4,2,1,3,0,1,0,3,0,0,0,1,3,4,3,4,1,2,0,4,0,3,2,0,1,2,1,0,4,4,4,4,1,0,0,0,4,4,4,4,4,4,0,0,4,4,4,4,4,4,4,4,4,4,4,4,4,4,4,4,4,4,4,4,4,4,4,4,4,4,4,4,4,4,4,4,4,4,4,4,4,4,4,4,4,4,4,4,4,4,4,4,4,4,4,4,4,4,4,4,4,4,4,4,4,4,4,4,4,4,4,4,4,4,4,4,4,4,4,4,4,4,4,4,4,4,4,4,4,4,4,4,4,4,4,4,4,4,4,4,4,4,4,4,4,4,4,4,4,4,4,4,4,4,4,4,4,4,4,4,4,4,2,4,4,2,3,4,4,4,4,4,4,4,4,4,4,2,1,1,3,2,4,4,4,4,4,4,4,4,4,4,4,4,4,4,4,4,4,4,4,4,4,4,4,4,4,4,4,4,4,4,4,4,4,4,4,4,4,4,4,4,4,4,4,4,4,4,4,4,4,4,4,4,4,4,4,4,4,4,4,4,4,4,4,4,4,4,4,4,4,4,4,4,4,4,4,4,4,4,4,4,4,4,4,4,4,4,4,4,4,4,4,4,4,4,4,4,4,4,4,4,4,4,4,4,4,4,4,4,4,4,4,4,4,4,4,4,4,4,4,4,4,4,4,4,4,4,4,4,4,4,4,4,4,4,4,4,4,4,4,4,4,4,4,4,4,4,4,4,4,4,4,4,4,4,4,4,4,4,4,4,4,4,4,4,4,4,4,4,4,4,4,4,4,4,4,4,4,4,4,4,4,4,4,4,4,4,4,4,4,4,4,4,4,4,4,AGFT01104805.1/4374-4452,1
1763,0,2,3,2,2,1,3,1,0,3,3,1,4,0,1,1,4,2,0,4,1,3,3,0,3,2,3,1,4,0,2,1,4,4,4,4,1,1,1,3,3,4,1,2,2,4,4,4,4,4,4,2,0,1,2,3,4,4,4,4,4,4,4,4,4,4,4,4,4,4,4,4,4,4,4,4,4,4,4,4,4,2,1,3,0,1,0,3,0,0,0,0,3,4,3,4,1,2,0,4,0,3,2,0,1,2,1,0,4,4,4,4,1,0,0,4,4,4,4,4,4,4,1,0,0,2,2,3,2,1,1,3,2,1,1,2,3,1,1,0,0,1,3,3,4,4,1,3,2,0,3,0,3,1,0,4,4,4,4,4,4,4,4,2,1,2,3,0,4,4,4,4,2,1,3,4,4,4,4,4,4,4,4,4,4,4,4,4,4,4,4,4,4,4,4,4,4,4,4,4,4,4,4,4,4,4,4,4,0,4,4,3,0,3,1,0,4,0,1,1,0,3,4,4,1,4,4,4,2,2,2,1,2,0,0,0,1,2,3,1,2,0,4,4,4,4,4,2,3,3,0,2,2,1,0,1,1,2,1,1,3,3,4,4,4,4,4,4,4,4,4,4,4,4,4,4,4,4,4,4,4,4,4,4,4,4,4,4,4,4,4,4,4,4,4,4,4,4,4,4,4,4,4,4,4,4,4,4,4,4,4,4,4,4,4,4,4,4,4,4,4,4,4,4,4,4,4,4,4,4,4,4,4,4,4,4,4,4,4,4,4,4,4,4,4,4,4,4,4,4,4,4,4,4,4,4,4,4,4,4,4,4,4,4,4,4,4,4,4,4,4,4,4,4,4,4,4,4,4,4,4,4,4,4,4,4,4,4,4,4,4,4,4,4,4,4,4,4,4,4,4,4,4,4,4,4,4,4,4,4,4,4,4,4,4,4,4,4,4,4,4,4,4,4,4,4,4,4,4,4,4,4,4,4,4,4,4,4,4,4,4,4,4,4,4,4,4,4,4,4,4,4,4,4,4,4,4,AGTI01000216.1/355899-355752,1
1764,0,2,3,2,2,1,3,1,0,3,3,1,4,0,1,1,4,2,0,4,1,3,3,0,3,2,3,1,4,0,2,1,4,4,4,4,1,1,1,3,3,4,1,2,2,4,4,4,4,4,4,2,0,1,2,3,4,4,4,4,4,4,4,4,4,4,4,4,4,4,4,4,4,4,4,4,4,4,4,4,4,2,1,3,0,1,0,3,0,0,0,0,3,4,3,4,1,2,0,4,0,3,2,0,1,2,1,0,4,4,4,4,1,0,0,4,4,4,4,4,4,4,1,0,0,2,2,3,2,1,1,3,2,1,1,2,3,1,1,0,0,1,3,3,4,4,1,3,2,0,3,0,3,1,0,4,4,4,4,4,4,4,4,2,1,2,3,0,4,4,4,4,2,1,3,4,4,4,4,4,4,4,4,4,4,4,4,4,4,4,4,4,4,4,4,4,4,4,4,4,4,4,4,4,4,4,4,4,0,4,4,3,0,3,1,0,4,0,1,1,0,3,4,4,1,4,4,4,2,2,2,1,2,0,0,0,1,2,3,1,2,0,4,4,4,4,4,2,3,3,0,2,2,1,0,1,1,2,1,1,3,3,4,4,4,4,4,4,4,4,4,4,4,4,4,4,4,4,4,4,4,4,4,4,4,4,4,4,4,4,4,4,4,4,4,4,4,4,4,4,4,4,4,4,4,4,4,4,4,4,4,4,4,4,4,4,4,4,4,4,4,4,4,4,4,4,4,4,4,4,4,4,4,4,4,4,4,4,4,4,4,4,4,4,4,4,4,4,4,4,4,4,4,4,4,4,4,4,4,4,4,4,4,4,4,4,4,4,4,4,4,4,4,4,4,4,4,4,4,4,4,4,4,4,4,4,4,4,4,4,4,4,4,4,4,4,4,4,4,4,4,4,4,4,4,4,4,4,4,4,4,4,4,4,4,4,4,4,4,4,4,4,4,4,4,4,4,4,4,4,4,4,4,4,4,4,4,4,4,4,4,4,4,4,4,4,4,4,4,4,4,4,4,4,4,4,4,CU928161.2/2728727-2728580,1
1765,0,2,3,2,2,1,3,1,0,3,3,1,4,0,1,1,4,2,0,4,1,3,3,0,3,2,3,1,4,0,2,1,4,4,4,4,1,1,1,3,3,4,1,2,2,4,4,4,4,4,4,2,0,1,2,3,4,4,4,4,4,4,4,4,4,4,4,4,4,4,4,4,4,4,4,4,4,4,4,4,4,2,1,3,0,1,0,3,0,0,0,0,3,4,3,4,1,2,0,4,0,3,2,0,1,2,1,0,4,4,4,4,1,0,0,4,4,4,4,4,4,4,1,0,0,2,2,3,2,1,1,3,2,1,1,2,3,1,1,0,0,1,3,3,4,4,1,3,2,0,3,0,3,1,0,4,4,4,4,4,4,4,4,2,1,2,3,0,4,4,4,4,2,1,3,4,4,4,4,4,4,4,4,4,4,4,4,4,4,4,4,4,4,4,4,4,4,4,4,4,4,4,4,4,4,4,4,4,0,4,4,3,0,3,1,0,4,0,1,1,0,3,4,4,1,4,4,4,2,2,2,1,2,0,0,0,1,2,3,1,2,0,4,4,4,4,4,2,3,3,0,2,2,1,0,1,1,2,1,1,3,3,4,4,4,4,4,4,4,4,4,4,4,4,4,4,4,4,4,4,4,4,4,4,4,4,4,4,4,4,4,4,4,4,4,4,4,4,4,4,4,4,4,4,4,4,4,4,4,4,4,4,4,4,4,4,4,4,4,4,4,4,4,4,4,4,4,4,4,4,4,4,4,4,4,4,4,4,4,4,4,4,4,4,4,4,4,4,4,4,4,4,4,4,4,4,4,4,4,4,4,4,4,4,4,4,4,4,4,4,4,4,4,4,4,4,4,4,4,4,4,4,4,4,4,4,4,4,4,4,4,4,4,4,4,4,4,4,4,4,4,4,4,4,4,4,4,4,4,4,4,4,4,4,4,4,4,4,4,4,4,4,4,4,4,4,4,4,4,4,4,4,4,4,4,4,4,4,4,4,4,4,4,4,4,4,4,4,4,4,4,4,4,4,4,4,4,ADUS01000037.1/37629-37776,1
1766,0,2,0,3,2,1,3,1,0,3,3,1,4,1,0,3,4,1,3,4,1,1,3,0,3,2,3,3,4,1,2,1,1,3,4,4,4,4,4,4,4,4,4,4,4,4,4,4,4,4,4,4,4,4,4,4,3,0,4,4,4,4,4,4,4,4,4,4,4,4,4,4,4,4,4,4,4,4,4,2,3,2,1,1,3,1,0,3,0,0,0,1,3,1,1,4,2,2,0,4,0,3,2,0,1,2,1,0,4,4,4,4,2,0,2,1,1,2,4,4,3,3,3,0,1,2,2,3,2,1,3,3,0,3,1,2,3,1,1,4,0,1,3,2,0,4,1,0,2,0,3,2,3,1,4,4,4,4,4,4,4,4,4,2,1,3,3,0,3,4,4,4,2,1,1,4,4,4,4,4,4,4,4,4,4,4,4,4,4,4,4,4,4,4,4,4,4,4,4,4,4,4,4,4,4,4,4,4,3,4,4,1,0,3,1,0,4,2,0,1,0,1,4,4,1,0,4,3,2,2,0,1,0,1,0,0,1,2,3,3,2,0,4,4,4,4,4,2,3,2,0,0,2,1,0,1,1,1,0,1,3,3,4,4,4,4,4,4,4,4,4,4,4,4,4,4,4,4,4,4,4,4,4,4,4,4,4,4,4,4,4,4,4,4,4,4,4,4,4,4,4,4,4,4,4,4,4,4,4,4,4,4,4,4,4,4,4,4,4,4,4,4,4,4,4,4,4,4,4,4,4,4,4,4,4,4,4,4,4,4,4,4,4,4,4,4,4,4,4,4,4,4,4,4,4,4,4,4,4,4,4,4,4,4,4,4,4,4,4,4,4,4,4,4,4,4,4,4,4,4,4,4,4,4,4,4,4,4,4,4,4,4,4,4,4,4,4,4,4,4,4,4,4,4,4,4,4,4,4,4,4,4,4,4,4,4,4,4,4,4,4,4,4,4,4,4,4,4,4,4,4,4,4,4,4,4,4,4,4,4,4,4,4,4,4,4,4,4,4,4,4,4,4,4,4,4,4,ADUT01000014.1/43105-43253,1
1767,0,2,3,2,2,1,3,1,0,3,3,1,4,0,1,1,4,2,0,4,1,3,3,0,3,2,3,1,4,0,2,1,4,4,4,4,1,1,1,3,3,4,1,2,2,4,4,4,4,4,4,2,0,1,2,3,4,4,4,4,4,4,4,4,4,4,4,4,4,4,4,4,4,4,4,4,4,4,4,4,4,2,1,3,0,1,0,3,0,0,0,0,3,4,0,4,1,2,0,4,0,3,2,0,1,2,1,0,4,4,4,4,1,0,0,4,4,4,4,4,4,4,1,0,0,2,2,3,2,1,1,3,2,1,1,2,3,1,1,0,0,1,3,3,4,4,1,3,2,0,3,0,3,1,0,4,4,4,4,4,4,4,4,2,1,2,3,0,4,4,4,4,2,1,3,4,4,4,4,4,4,4,4,4,4,4,4,4,4,4,4,4,4,4,4,4,4,4,4,4,4,4,4,4,4,4,4,4,0,4,4,3,0,3,1,0,4,0,1,1,0,3,4,4,1,4,4,4,2,2,2,1,2,0,0,0,1,2,3,1,2,0,4,4,4,4,4,2,3,3,0,2,2,1,0,1,1,2,1,1,3,3,4,4,4,4,4,4,4,4,4,4,4,4,4,4,4,4,4,4,4,4,4,4,4,4,4,4,4,4,4,4,4,4,4,4,4,4,4,4,4,4,4,4,4,4,4,4,4,4,4,4,4,4,4,4,4,4,4,4,4,4,4,4,4,4,4,4,4,4,4,4,4,4,4,4,4,4,4,4,4,4,4,4,4,4,4,4,4,4,4,4,4,4,4,4,4,4,4,4,4,4,4,4,4,4,4,4,4,4,4,4,4,4,4,4,4,4,4,4,4,4,4,4,4,4,4,4,4,4,4,4,4,4,4,4,4,4,4,4,4,4,4,4,4,4,4,4,4,4,4,4,4,4,4,4,4,4,4,4,4,4,4,4,4,4,4,4,4,4,4,4,4,4,4,4,4,4,4,4,4,4,4,4,4,4,4,4,4,4,4,4,4,4,4,4,4,CP001396.1/2575167-2575020,1
1768,0,2,3,2,2,1,3,1,0,3,3,1,4,0,1,1,4,3,3,4,1,3,3,0,3,2,3,1,4,0,2,1,4,4,4,4,1,1,1,3,3,4,0,2,2,4,4,4,4,4,4,2,0,1,2,1,4,4,4,4,4,4,4,4,4,4,4,4,4,4,4,4,4,4,4,4,4,4,4,4,4,2,1,3,0,1,0,3,0,0,0,1,3,4,3,4,1,2,0,4,0,3,2,0,1,2,1,0,4,4,4,4,1,0,0,4,4,4,4,4,4,4,1,0,0,2,2,3,2,1,1,3,2,1,1,2,3,1,1,0,0,1,3,3,4,4,1,3,2,0,3,0,0,3,0,4,4,4,4,4,4,4,4,2,1,2,3,0,4,4,4,4,2,1,3,4,4,4,4,4,4,4,4,4,4,4,4,4,4,4,4,4,4,4,4,4,4,4,4,4,4,4,4,4,4,4,4,4,3,4,4,3,0,3,1,0,4,0,1,1,3,1,4,4,1,4,4,4,2,2,2,1,2,0,0,0,1,2,3,1,2,0,4,4,4,4,4,2,3,3,0,2,2,1,0,1,1,2,1,1,3,3,4,4,4,4,4,4,4,4,4,4,4,4,4,4,4,4,4,4,4,4,4,4,4,4,4,4,4,4,4,4,4,4,4,4,4,4,4,4,4,4,4,4,4,4,4,4,4,4,4,4,4,4,4,4,4,4,4,4,4,4,4,4,4,4,4,4,4,4,4,4,4,4,4,4,4,4,4,4,4,4,4,4,4,4,4,4,4,4,4,4,4,4,4,4,4,4,4,4,4,4,4,4,4,4,4,4,4,4,4,4,4,4,4,4,4,4,4,4,4,4,4,4,4,4,4,4,4,4,4,4,4,4,4,4,4,4,4,4,4,4,4,4,4,4,4,4,4,4,4,4,4,4,4,4,4,4,4,4,4,4,4,4,4,4,4,4,4,4,4,4,4,4,4,4,4,4,4,4,4,4,4,4,4,4,4,4,4,4,4,4,4,4,4,4,4,AESO01000076.1/40320-40467,1
1769,0,2,3,2,2,1,3,1,0,3,3,1,4,0,1,1,4,3,3,4,1,3,3,0,3,2,3,1,4,0,2,1,4,4,4,4,1,1,1,3,3,4,0,2,2,4,4,4,4,4,4,2,0,1,2,1,4,4,4,4,4,4,4,4,4,4,4,4,4,4,4,4,4,4,4,4,4,4,4,4,4,2,1,3,0,1,0,3,0,0,0,1,3,4,3,4,1,2,0,4,0,3,2,0,1,2,1,0,4,4,4,4,1,0,0,4,4,4,4,4,4,4,1,0,0,2,2,3,2,1,1,3,2,1,1,2,3,1,1,0,0,1,3,3,4,4,1,3,2,0,3,0,0,3,0,4,4,4,4,4,4,4,4,2,1,2,3,0,4,4,4,4,2,1,3,4,4,4,4,4,4,4,4,4,4,4,4,4,4,4,4,4,4,4,4,4,4,4,4,4,4,4,4,4,4,4,4,4,3,4,4,3,0,3,1,0,4,0,1,1,3,1,4,4,1,4,4,4,2,2,2,1,2,0,0,0,1,2,3,1,2,0,4,4,4,4,4,2,3,3,0,2,2,1,0,1,1,2,1,1,3,3,4,4,4,4,4,4,4,4,4,4,4,4,4,4,4,4,4,4,4,4,4,4,4,4,4,4,4,4,4,4,4,4,4,4,4,4,4,4,4,4,4,4,4,4,4,4,4,4,4,4,4,4,4,4,4,4,4,4,4,4,4,4,4,4,4,4,4,4,4,4,4,4,4,4,4,4,4,4,4,4,4,4,4,4,4,4,4,4,4,4,4,4,4,4,4,4,4,4,4,4,4,4,4,4,4,4,4,4,4,4,4,4,4,4,4,4,4,4,4,4,4,4,4,4,4,4,4,4,4,4,4,4,4,4,4,4,4,4,4,4,4,4,4,4,4,4,4,4,4,4,4,4,4,4,4,4,4,4,4,4,4,4,4,4,4,4,4,4,4,4,4,4,4,4,4,4,4,4,4,4,4,4,4,4,4,4,4,4,4,4,4,4,4,4,4,AESQ01000036.1/43948-43801,1
1770,0,2,3,2,2,1,3,1,0,3,3,1,4,0,1,1,4,2,0,4,1,3,3,0,3,2,3,1,4,0,2,1,4,4,4,4,1,1,1,3,3,4,1,2,2,4,4,4,4,4,4,2,0,1,2,3,4,4,4,4,4,4,4,4,4,4,4,4,4,4,4,4,4,4,4,4,4,4,4,4,4,2,1,3,0,1,0,3,0,0,0,0,3,4,3,4,1,2,0,4,0,3,2,0,1,2,1,0,4,4,4,4,1,0,0,4,4,4,4,4,4,4,1,0,0,2,2,3,2,1,1,3,2,1,1,2,3,1,1,0,0,1,3,3,4,4,1,3,2,0,3,0,3,1,0,4,4,4,4,4,4,4,4,2,1,2,3,0,4,4,4,4,2,1,3,4,4,4,4,4,4,4,4,4,4,4,4,4,4,4,4,4,4,4,4,4,4,4,4,4,4,4,4,4,4,4,4,4,0,4,4,3,0,3,1,0,4,0,1,1,1,3,4,4,1,4,4,4,2,2,2,1,2,0,0,0,1,2,3,1,2,0,4,4,4,4,4,2,3,3,0,2,2,1,0,1,1,2,1,1,3,3,4,4,4,4,4,4,4,4,4,4,4,4,4,4,4,4,4,4,4,4,4,4,4,4,4,4,4,4,4,4,4,4,4,4,4,4,4,4,4,4,4,4,4,4,4,4,4,4,4,4,4,4,4,4,4,4,4,4,4,4,4,4,4,4,4,4,4,4,4,4,4,4,4,4,4,4,4,4,4,4,4,4,4,4,4,4,4,4,4,4,4,4,4,4,4,4,4,4,4,4,4,4,4,4,4,4,4,4,4,4,4,4,4,4,4,4,4,4,4,4,4,4,4,4,4,4,4,4,4,4,4,4,4,4,4,4,4,4,4,4,4,4,4,4,4,4,4,4,4,4,4,4,4,4,4,4,4,4,4,4,4,4,4,4,4,4,4,4,4,4,4,4,4,4,4,4,4,4,4,4,4,4,4,4,4,4,4,4,4,4,4,4,4,4,4,ADTR01000086.1/7375-7228,1
1771,0,2,0,3,2,1,3,1,0,3,3,1,4,1,0,3,4,1,3,4,1,3,3,0,3,2,3,3,4,1,2,1,1,3,4,4,4,4,4,4,4,4,4,4,4,4,4,4,4,4,4,4,4,4,4,4,3,0,4,4,4,4,4,4,4,4,4,4,4,4,4,4,4,4,4,4,4,4,4,2,3,2,1,1,3,1,0,3,0,0,0,1,3,3,0,4,2,2,0,4,0,3,2,0,1,2,1,0,4,4,4,4,2,0,2,1,1,2,4,4,3,3,3,0,1,2,2,3,2,1,3,3,0,3,1,2,3,1,1,4,0,1,3,2,0,4,1,0,2,0,3,2,3,1,4,4,4,4,4,4,4,4,4,2,1,3,3,3,3,4,4,4,2,1,1,4,4,4,4,4,4,4,4,4,4,4,4,4,4,4,4,4,4,4,4,4,4,4,4,4,4,4,4,4,4,4,4,4,3,4,4,1,0,3,1,0,4,2,0,1,0,1,4,4,1,0,4,3,2,2,0,1,0,1,0,0,1,2,3,3,2,0,4,4,4,4,4,2,3,2,0,0,2,1,0,1,1,1,0,1,3,3,4,4,4,4,4,4,4,4,4,4,4,4,4,4,4,4,4,4,4,4,4,4,4,4,4,4,4,4,4,4,4,4,4,4,4,4,4,4,4,4,4,4,4,4,4,4,4,4,4,4,4,4,4,4,4,4,4,4,4,4,4,4,4,4,4,4,4,4,4,4,4,4,4,4,4,4,4,4,4,4,4,4,4,4,4,4,4,4,4,4,4,4,4,4,4,4,4,4,4,4,4,4,4,4,4,4,4,4,4,4,4,4,4,4,4,4,4,4,4,4,4,4,4,4,4,4,4,4,4,4,4,4,4,4,4,4,4,4,4,4,4,4,4,4,4,4,4,4,4,4,4,4,4,4,4,4,4,4,4,4,4,4,4,4,4,4,4,4,4,4,4,4,4,4,4,4,4,4,4,4,4,4,4,4,4,4,4,4,4,4,4,4,4,4,4,AEJZ01000155.1/2145-2293,1
1772,0,2,3,3,2,1,3,1,0,3,3,1,4,0,1,1,4,3,2,4,0,3,3,0,3,2,0,3,3,2,2,1,3,1,0,4,1,2,1,2,0,4,0,0,2,4,1,2,3,3,4,2,0,3,0,3,4,4,4,4,4,4,4,4,4,4,4,4,4,4,4,4,4,4,4,4,4,4,4,4,4,2,1,4,3,1,0,3,0,0,3,2,3,4,1,4,1,2,0,4,0,3,2,0,1,2,1,1,4,4,4,4,0,0,0,2,4,4,4,4,4,0,0,0,1,2,2,3,2,1,1,3,0,3,1,2,3,3,1,0,1,1,1,2,0,4,1,1,2,0,3,0,0,3,1,2,3,3,2,4,4,4,1,2,1,0,0,2,1,4,4,4,0,1,2,4,4,4,4,4,4,4,4,4,4,4,4,4,4,4,4,4,4,4,4,4,4,4,4,4,4,4,4,4,4,4,4,4,3,4,4,3,0,3,1,0,4,0,0,1,0,3,4,4,1,4,4,4,2,0,0,1,2,0,1,0,1,2,3,3,2,0,4,4,4,4,4,2,3,2,0,2,2,1,0,1,1,0,1,1,3,1,4,4,4,4,4,4,4,4,4,4,4,4,4,4,4,4,4,4,4,4,4,4,4,4,4,4,4,4,4,4,4,4,4,4,4,4,4,4,4,4,4,4,4,4,4,4,4,4,4,4,4,4,4,4,4,4,4,4,4,4,4,4,4,4,4,4,4,4,4,4,4,4,4,4,4,4,4,4,4,4,4,4,4,4,4,4,4,4,4,4,4,4,4,4,4,4,4,4,4,4,4,4,4,4,4,4,4,4,4,4,4,4,4,4,4,4,4,4,4,4,4,4,4,4,4,4,4,4,4,4,4,4,4,4,4,4,4,4,4,4,4,4,4,4,4,4,4,4,4,4,4,4,4,4,4,4,4,4,4,4,4,4,4,4,4,4,4,4,4,4,4,4,4,4,4,4,4,4,4,4,4,4,4,4,4,4,4,4,4,4,4,4,4,4,4,CP002505.1/1087637-1087800,1
1773,0,2,0,3,2,1,3,1,0,3,3,1,4,1,0,3,4,1,3,4,1,3,3,0,3,2,3,3,4,1,2,1,1,3,4,4,4,4,4,4,4,4,4,4,4,4,4,4,4,4,4,4,4,4,4,4,3,0,4,4,4,4,4,4,4,4,4,4,4,4,4,4,4,4,4,4,4,4,4,2,3,2,1,1,3,1,0,3,0,0,0,1,3,1,1,4,2,2,0,4,0,3,2,0,1,2,1,0,4,4,4,4,2,0,2,1,1,2,4,4,3,3,3,0,1,2,2,3,2,1,3,3,0,3,1,2,3,1,1,4,0,1,3,2,0,4,1,0,2,0,3,2,3,1,4,4,4,4,4,4,4,4,4,2,1,3,3,0,3,4,4,4,2,1,1,4,4,4,4,4,4,4,4,4,4,4,4,4,4,4,4,4,4,4,4,4,4,4,4,4,4,4,4,4,4,4,4,4,3,4,4,1,0,3,1,0,4,2,0,1,0,1,4,4,1,0,4,3,2,2,0,1,0,1,0,0,1,2,3,3,2,0,4,4,4,4,4,2,3,2,0,0,2,1,0,1,1,1,0,1,3,3,4,4,4,4,4,4,4,4,4,4,4,4,4,4,4,4,4,4,4,4,4,4,4,4,4,4,4,4,4,4,4,4,4,4,4,4,4,4,4,4,4,4,4,4,4,4,4,4,4,4,4,4,4,4,4,4,4,4,4,4,4,4,4,4,4,4,4,4,4,4,4,4,4,4,4,4,4,4,4,4,4,4,4,4,4,4,4,4,4,4,4,4,4,4,4,4,4,4,4,4,4,4,4,4,4,4,4,4,4,4,4,4,4,4,4,4,4,4,4,4,4,4,4,4,4,4,4,4,4,4,4,4,4,4,4,4,4,4,4,4,4,4,4,4,4,4,4,4,4,4,4,4,4,4,4,4,4,4,4,4,4,4,4,4,4,4,4,4,4,4,4,4,4,4,4,4,4,4,4,4,4,4,4,4,4,4,4,4,4,4,4,4,4,4,4,AGTH01000035.1/54101-53953,1
1774,0,2,3,1,2,1,3,1,0,3,3,1,4,0,1,1,4,3,3,4,2,0,3,0,3,2,0,1,4,0,2,1,2,3,1,0,1,0,1,2,1,4,3,0,2,2,1,0,0,3,0,1,2,0,1,1,4,4,4,4,4,4,4,4,4,4,4,4,4,4,4,4,4,4,4,4,4,4,4,4,4,2,1,3,1,1,0,3,0,3,1,3,2,4,1,4,1,2,0,4,0,3,2,0,3,2,1,1,4,4,4,4,0,0,3,2,4,4,4,4,4,4,3,0,3,2,2,3,2,1,1,3,0,1,3,2,3,1,1,0,0,1,2,3,0,0,1,1,2,3,3,0,0,3,1,2,1,3,4,4,4,4,4,2,1,1,3,3,4,4,4,4,4,4,4,2,2,1,2,4,4,4,4,4,4,4,4,4,4,4,4,4,4,4,4,4,4,4,4,4,4,4,4,4,2,1,2,0,3,4,4,3,0,0,1,0,4,0,3,1,0,1,4,4,0,4,4,4,2,2,2,1,2,0,1,0,1,2,3,3,2,0,4,4,4,4,4,2,3,2,0,2,2,1,0,1,1,3,1,1,3,0,4,4,4,4,4,4,4,4,4,4,4,4,4,4,4,4,4,4,4,4,4,4,4,4,4,4,4,4,4,4,4,4,4,4,4,4,4,4,4,4,4,4,4,4,4,4,4,4,4,4,4,4,4,4,4,4,4,4,4,4,4,4,4,4,4,4,4,4,4,4,4,4,4,4,4,4,4,4,4,4,4,4,4,4,4,4,4,4,4,4,4,4,4,4,4,4,4,4,4,4,4,4,4,4,4,4,4,4,4,4,4,4,4,4,4,4,4,4,4,4,4,4,4,4,4,4,4,4,4,4,4,4,4,4,4,4,4,4,4,4,4,4,4,4,4,4,4,4,4,4,4,4,4,4,4,4,4,4,4,4,4,4,4,4,4,4,4,4,4,4,4,4,4,4,4,4,4,4,4,4,4,4,4,4,4,4,4,4,4,4,4,4,4,4,4,AP008232.1/3036799-3036631,1
1775,0,2,3,2,2,1,3,1,0,3,3,1,4,0,1,1,4,2,0,4,1,3,3,0,3,2,3,1,4,0,2,1,4,4,4,4,1,1,1,3,3,4,1,2,2,4,4,4,4,4,4,2,0,1,2,3,4,4,4,4,4,4,4,4,4,4,4,4,4,4,4,4,4,4,4,4,4,4,4,4,4,2,1,3,0,1,0,3,0,0,0,0,3,4,3,4,1,2,0,4,0,3,2,0,1,2,1,0,4,4,4,4,1,0,0,4,4,4,4,4,4,4,1,0,0,2,2,3,2,1,1,3,2,1,1,2,3,1,1,0,0,1,3,3,4,4,1,3,2,0,3,0,3,1,0,4,4,4,4,4,4,4,4,2,1,3,3,0,4,4,4,4,2,1,3,4,4,4,4,4,4,4,4,4,4,4,4,4,4,4,4,4,4,4,4,4,4,4,4,4,4,4,4,4,4,4,4,4,0,4,4,3,0,3,1,0,4,0,1,1,1,3,4,4,1,4,4,4,2,2,2,1,2,0,0,0,1,2,3,1,2,0,4,4,4,4,4,2,3,3,0,2,2,1,0,1,1,2,1,1,3,3,4,4,4,4,4,4,4,4,4,4,4,4,4,4,4,4,4,4,4,4,4,4,4,4,4,4,4,4,4,4,4,4,4,4,4,4,4,4,4,4,4,4,4,4,4,4,4,4,4,4,4,4,4,4,4,4,4,4,4,4,4,4,4,4,4,4,4,4,4,4,4,4,4,4,4,4,4,4,4,4,4,4,4,4,4,4,4,4,4,4,4,4,4,4,4,4,4,4,4,4,4,4,4,4,4,4,4,4,4,4,4,4,4,4,4,4,4,4,4,4,4,4,4,4,4,4,4,4,4,4,4,4,4,4,4,4,4,4,4,4,4,4,4,4,4,4,4,4,4,4,4,4,4,4,4,4,4,4,4,4,4,4,4,4,4,4,4,4,4,4,4,4,4,4,4,4,4,4,4,4,4,4,4,4,4,4,4,4,4,4,4,4,4,4,4,AEHW01000008.1/35553-35700,1
1776,0,2,3,2,2,1,3,1,0,3,3,1,4,0,1,1,4,3,3,4,1,3,3,0,3,2,3,1,4,0,2,1,1,1,1,4,0,3,3,2,1,4,4,4,4,4,4,4,4,4,4,4,2,0,2,1,4,4,4,4,4,4,4,4,4,4,4,4,4,4,4,4,4,4,4,4,4,4,4,4,4,2,1,3,0,1,0,3,0,0,0,1,3,4,3,4,1,2,0,4,0,3,2,0,1,2,1,0,4,4,4,4,1,3,3,4,4,4,4,4,4,4,0,0,0,2,2,3,2,1,1,3,2,1,1,2,3,1,1,0,0,1,3,2,4,4,1,3,2,0,3,1,0,3,0,4,4,4,4,4,4,4,4,2,1,2,1,3,4,4,4,4,2,1,3,4,4,4,4,4,4,4,4,4,4,4,4,4,4,4,4,4,4,4,4,4,4,4,4,4,4,4,4,4,4,4,4,4,0,4,4,3,3,3,1,0,4,2,0,0,1,1,4,4,1,4,4,4,2,2,2,1,2,0,1,0,1,2,3,3,2,0,4,4,4,4,4,2,3,0,0,2,2,1,0,1,1,2,1,1,3,2,4,4,4,4,4,4,4,4,4,4,4,4,4,4,4,4,4,4,4,4,4,4,4,4,4,4,4,4,4,4,4,4,4,4,4,4,4,4,4,4,4,4,4,4,4,4,4,4,4,4,4,4,4,4,4,4,4,4,4,4,4,4,4,4,4,4,4,4,4,4,4,4,4,4,4,4,4,4,4,4,4,4,4,4,4,4,4,4,4,4,4,4,4,4,4,4,4,4,4,4,4,4,4,4,4,4,4,4,4,4,4,4,4,4,4,4,4,4,4,4,4,4,4,4,4,4,4,4,4,4,4,4,4,4,4,4,4,4,4,4,4,4,4,4,4,4,4,4,4,4,4,4,4,4,4,4,4,4,4,4,4,4,4,4,4,4,4,4,4,4,4,4,4,4,4,4,4,4,4,4,4,4,4,4,4,4,4,4,4,4,4,4,4,4,4,CP000783.1/672564-672710,1
1777,0,2,3,2,2,1,3,1,0,3,3,1,4,0,1,1,4,2,0,4,1,3,3,0,3,2,3,1,4,0,2,1,4,4,4,4,1,1,1,3,3,4,1,2,2,4,4,4,4,4,4,2,0,1,2,3,4,4,4,4,4,4,4,4,4,4,4,4,4,4,4,4,4,4,4,4,4,4,4,4,4,2,1,3,0,1,0,3,0,0,0,0,3,4,3,4,1,2,0,4,0,3,2,0,1,2,1,0,4,4,4,4,1,0,0,4,4,4,4,4,4,4,1,0,0,2,2,3,2,1,1,3,2,1,1,2,3,1,1,0,0,1,3,3,4,4,1,3,2,0,3,0,3,1,0,4,4,4,4,4,4,4,4,2,1,2,3,0,4,4,4,4,2,1,3,4,4,4,4,4,4,4,4,4,4,4,4,4,4,4,4,4,4,4,4,4,4,4,4,4,4,4,4,4,4,4,4,4,0,4,4,3,0,3,1,0,4,0,1,1,0,3,4,4,1,4,4,4,2,2,2,1,2,0,0,0,1,2,3,1,2,0,4,4,4,4,4,2,3,3,0,2,2,1,0,1,1,2,1,1,3,3,4,4,4,4,4,4,4,4,4,4,4,4,4,4,4,4,4,4,4,4,4,4,4,4,4,4,4,4,4,4,4,4,4,4,4,4,4,4,4,4,4,4,4,4,4,4,4,4,4,4,4,4,4,4,4,4,4,4,4,4,4,4,4,4,4,4,4,4,4,4,4,4,4,4,4,4,4,4,4,4,4,4,4,4,4,4,4,4,4,4,4,4,4,4,4,4,4,4,4,4,4,4,4,4,4,4,4,4,4,4,4,4,4,4,4,4,4,4,4,4,4,4,4,4,4,4,4,4,4,4,4,4,4,4,4,4,4,4,4,4,4,4,4,4,4,4,4,4,4,4,4,4,4,4,4,4,4,4,4,4,4,4,4,4,4,4,4,4,4,4,4,4,4,4,4,4,4,4,4,4,4,4,4,4,4,4,4,4,4,4,4,4,4,4,4,CP002212.1/2891271-2891124,1
1778,0,2,3,3,2,1,3,1,0,3,3,1,4,0,1,1,4,3,3,4,3,3,3,0,3,2,0,3,4,0,2,1,1,1,1,2,1,0,0,3,3,4,0,0,2,1,2,2,0,3,4,2,0,3,2,1,4,4,4,4,4,4,4,4,4,4,4,4,4,4,4,4,4,4,4,4,4,4,4,4,4,2,1,3,3,1,0,3,0,0,2,1,1,3,1,4,1,2,0,4,0,3,2,0,3,2,1,1,4,4,4,4,3,0,0,2,4,4,4,4,4,4,0,1,3,2,2,3,2,1,1,3,0,3,1,2,3,1,1,0,1,1,3,0,0,0,1,1,2,0,1,0,3,3,2,3,2,3,4,4,4,4,4,2,0,0,0,2,1,4,4,4,0,1,0,4,4,4,4,4,4,4,4,4,4,4,4,4,4,4,4,4,4,4,4,4,4,4,4,4,4,4,4,4,4,4,4,4,3,4,4,3,0,3,1,0,4,0,0,1,0,3,4,4,1,4,4,4,2,2,0,1,2,0,1,0,1,2,3,3,2,0,4,4,4,4,4,2,3,2,0,2,2,1,0,1,1,2,1,1,3,0,4,4,4,4,4,4,4,4,4,4,4,4,4,4,4,4,4,4,4,4,4,4,4,4,4,4,4,4,4,4,4,4,4,4,4,4,4,4,4,4,4,4,4,4,4,4,4,4,4,4,4,4,4,4,4,4,4,4,4,4,4,4,4,4,4,4,4,4,4,4,4,4,4,4,4,4,4,4,4,4,4,4,4,4,4,4,4,4,4,4,4,4,4,4,4,4,4,4,4,4,4,4,4,4,4,4,4,4,4,4,4,4,4,4,4,4,4,4,4,4,4,4,4,4,4,4,4,4,4,4,4,4,4,4,4,4,4,4,4,4,4,4,4,4,4,4,4,4,4,4,4,4,4,4,4,4,4,4,4,4,4,4,4,4,4,4,4,4,4,4,4,4,4,4,4,4,4,4,4,4,4,4,4,4,4,4,4,4,4,4,4,4,4,4,4,ABCD01000001.1/585322-585158,1
1779,0,2,3,2,2,1,3,1,0,3,3,1,4,0,1,1,4,2,0,4,1,3,3,0,3,2,3,1,4,0,2,1,4,4,4,4,1,1,1,3,3,4,1,2,2,4,4,4,4,4,4,2,0,1,2,3,4,4,4,4,4,4,4,4,4,4,4,4,4,4,4,4,4,4,4,4,4,4,4,4,4,2,1,3,0,1,0,3,0,0,0,0,3,4,3,4,1,2,0,4,0,3,2,0,1,2,1,0,4,4,4,4,1,0,0,4,4,4,4,4,4,4,1,0,0,2,2,3,2,1,1,3,2,1,1,2,3,1,1,0,0,1,3,3,4,4,1,3,2,0,3,0,3,1,0,4,4,4,4,4,4,4,4,2,1,3,3,0,4,4,4,4,2,1,3,4,4,4,4,4,4,4,4,4,4,4,4,4,4,4,4,4,4,4,4,4,4,4,4,4,4,4,4,4,4,4,4,4,0,4,4,3,0,3,1,0,4,0,1,1,1,3,4,4,1,4,4,4,2,2,2,1,2,0,0,0,1,2,3,1,2,0,4,4,4,4,4,2,3,3,0,2,2,1,0,1,1,2,1,1,3,3,4,4,4,4,4,4,4,4,4,4,4,4,4,4,4,4,4,4,4,4,4,4,4,4,4,4,4,4,4,4,4,4,4,4,4,4,4,4,4,4,4,4,4,4,4,4,4,4,4,4,4,4,4,4,4,4,4,4,4,4,4,4,4,4,4,4,4,4,4,4,4,4,4,4,4,4,4,4,4,4,4,4,4,4,4,4,4,4,4,4,4,4,4,4,4,4,4,4,4,4,4,4,4,4,4,4,4,4,4,4,4,4,4,4,4,4,4,4,4,4,4,4,4,4,4,4,4,4,4,4,4,4,4,4,4,4,4,4,4,4,4,4,4,4,4,4,4,4,4,4,4,4,4,4,4,4,4,4,4,4,4,4,4,4,4,4,4,4,4,4,4,4,4,4,4,4,4,4,4,4,4,4,4,4,4,4,4,4,4,4,4,4,4,4,4,AEHZ01000009.1/422061-421914,1
1780,0,2,3,2,2,1,3,1,0,3,3,1,4,0,1,1,4,2,0,4,1,3,3,0,3,2,3,1,4,0,2,1,4,4,4,4,1,1,1,3,3,4,1,2,2,4,4,4,4,4,4,2,0,1,2,3,4,4,4,4,4,4,4,4,4,4,4,4,4,4,4,4,4,4,4,4,4,4,4,4,4,2,1,3,0,1,0,3,0,0,0,0,3,4,0,4,1,2,0,4,0,3,2,0,1,2,1,0,4,4,4,4,1,0,0,4,4,4,4,4,4,4,1,0,0,2,2,3,2,1,1,3,2,1,1,2,3,1,1,0,0,1,3,3,4,4,1,3,2,0,3,0,3,1,0,4,4,4,4,4,4,4,4,2,1,2,3,0,4,4,4,4,2,1,3,4,4,4,4,4,4,4,4,4,4,4,4,4,4,4,4,4,4,4,4,4,4,4,4,4,4,4,4,4,4,4,4,4,0,4,4,3,0,3,1,0,4,0,1,1,0,3,4,4,1,4,4,4,2,2,2,1,2,0,0,0,1,2,3,1,2,0,4,4,4,4,4,2,3,3,0,2,2,1,0,1,1,2,1,1,3,3,4,4,4,4,4,4,4,4,4,4,4,4,4,4,4,4,4,4,4,4,4,4,4,4,4,4,4,4,4,4,4,4,4,4,4,4,4,4,4,4,4,4,4,4,4,4,4,4,4,4,4,4,4,4,4,4,4,4,4,4,4,4,4,4,4,4,4,4,4,4,4,4,4,4,4,4,4,4,4,4,4,4,4,4,4,4,4,4,4,4,4,4,4,4,4,4,4,4,4,4,4,4,4,4,4,4,4,4,4,4,4,4,4,4,4,4,4,4,4,4,4,4,4,4,4,4,4,4,4,4,4,4,4,4,4,4,4,4,4,4,4,4,4,4,4,4,4,4,4,4,4,4,4,4,4,4,4,4,4,4,4,4,4,4,4,4,4,4,4,4,4,4,4,4,4,4,4,4,4,4,4,4,4,4,4,4,4,4,4,4,4,4,4,4,4,AP009048.1/2689996-2689849,1
1781,0,2,0,3,2,1,3,1,0,3,3,1,4,1,0,3,4,1,3,4,1,3,3,0,3,2,3,3,4,1,2,1,1,3,4,4,4,4,4,4,4,4,4,4,4,4,4,4,4,4,4,4,4,4,4,4,3,0,4,4,4,4,4,4,4,4,4,4,4,4,4,4,4,4,4,4,4,4,4,2,3,2,1,1,3,1,0,3,0,0,0,1,3,1,1,4,2,2,0,4,0,3,2,0,1,2,1,0,4,4,4,4,2,0,2,1,1,2,4,4,3,3,3,0,1,2,2,3,2,1,3,3,0,3,1,2,3,1,1,4,0,1,3,2,0,4,1,0,2,0,3,2,3,1,4,4,4,4,4,4,4,4,4,2,1,3,3,0,3,4,4,4,2,1,1,4,4,4,4,4,4,4,4,4,4,4,4,4,4,4,4,4,4,4,4,4,4,4,4,4,4,4,4,4,4,4,4,4,3,4,4,1,0,3,1,0,4,2,0,1,0,1,4,4,1,0,4,3,2,2,0,1,0,1,0,0,1,2,3,3,2,0,4,4,4,4,4,2,3,2,0,0,2,1,0,1,1,1,0,1,3,3,4,4,4,4,4,4,4,4,4,4,4,4,4,4,4,4,4,4,4,4,4,4,4,4,4,4,4,4,4,4,4,4,4,4,4,4,4,4,4,4,4,4,4,4,4,4,4,4,4,4,4,4,4,4,4,4,4,4,4,4,4,4,4,4,4,4,4,4,4,4,4,4,4,4,4,4,4,4,4,4,4,4,4,4,4,4,4,4,4,4,4,4,4,4,4,4,4,4,4,4,4,4,4,4,4,4,4,4,4,4,4,4,4,4,4,4,4,4,4,4,4,4,4,4,4,4,4,4,4,4,4,4,4,4,4,4,4,4,4,4,4,4,4,4,4,4,4,4,4,4,4,4,4,4,4,4,4,4,4,4,4,4,4,4,4,4,4,4,4,4,4,4,4,4,4,4,4,4,4,4,4,4,4,4,4,4,4,4,4,4,4,4,4,4,4,AEZT01000044.1/153743-153595,1
1782,0,2,3,2,2,1,3,1,0,3,3,1,4,0,1,1,4,3,3,4,1,3,3,0,3,2,3,1,4,0,2,1,4,4,4,4,1,1,1,3,3,4,0,2,2,4,4,4,4,4,4,2,0,1,2,1,4,4,4,4,4,4,4,4,4,4,4,4,4,4,4,4,4,4,4,4,4,4,4,4,4,2,1,3,0,1,0,3,0,0,0,1,3,4,3,4,1,2,0,4,0,3,2,0,1,2,1,0,4,4,4,4,1,0,0,4,4,4,4,4,4,4,1,0,0,2,2,3,2,1,1,3,2,1,1,2,3,1,1,0,0,1,3,3,4,4,1,3,2,0,3,0,0,3,0,4,4,4,4,4,4,4,4,2,1,2,3,0,4,4,4,4,2,1,3,4,4,4,4,4,4,4,4,4,4,4,4,4,4,4,4,4,4,4,4,4,4,4,4,4,4,4,4,4,4,4,4,4,3,4,4,3,0,3,1,0,4,0,1,1,3,1,4,4,1,4,4,4,2,2,2,1,2,0,0,0,1,2,3,1,2,0,4,4,4,4,4,2,3,3,0,2,2,1,0,1,1,2,1,1,3,3,4,4,4,4,4,4,4,4,4,4,4,4,4,4,4,4,4,4,4,4,4,4,4,4,4,4,4,4,4,4,4,4,4,4,4,4,4,4,4,4,4,4,4,4,4,4,4,4,4,4,4,4,4,4,4,4,4,4,4,4,4,4,4,4,4,4,4,4,4,4,4,4,4,4,4,4,4,4,4,4,4,4,4,4,4,4,4,4,4,4,4,4,4,4,4,4,4,4,4,4,4,4,4,4,4,4,4,4,4,4,4,4,4,4,4,4,4,4,4,4,4,4,4,4,4,4,4,4,4,4,4,4,4,4,4,4,4,4,4,4,4,4,4,4,4,4,4,4,4,4,4,4,4,4,4,4,4,4,4,4,4,4,4,4,4,4,4,4,4,4,4,4,4,4,4,4,4,4,4,4,4,4,4,4,4,4,4,4,4,4,4,4,4,4,4,AESZ01000038.1/32894-32747,1
1783,0,2,0,3,2,1,3,1,0,3,3,1,4,1,0,3,4,1,3,4,1,3,3,0,3,2,3,3,4,1,2,1,1,3,4,4,4,4,4,4,4,4,4,4,4,4,4,4,4,4,4,4,4,4,4,4,3,0,4,4,4,4,4,4,4,4,4,4,4,4,4,4,4,4,4,4,4,4,4,2,3,2,1,1,3,1,0,3,0,0,0,1,3,1,0,4,2,2,0,4,0,3,2,0,1,2,1,0,4,4,4,4,2,0,2,1,1,2,4,4,3,3,3,0,1,2,2,3,2,1,3,3,0,3,1,2,3,1,1,4,0,1,3,2,0,4,1,0,2,0,3,2,3,1,4,4,4,4,4,4,4,4,4,2,1,3,2,1,2,4,4,4,2,1,1,4,4,4,4,4,4,4,4,4,4,4,4,4,4,4,4,4,4,4,4,4,4,4,4,4,4,4,4,4,4,4,4,4,3,4,4,1,0,3,1,0,4,0,0,1,0,1,4,4,1,0,4,3,2,2,0,1,0,1,0,0,1,2,3,3,2,0,4,4,4,4,4,2,3,2,0,0,2,1,0,1,1,0,0,0,3,0,4,4,4,4,4,4,4,4,4,4,4,4,4,4,4,4,4,4,4,4,4,4,4,4,4,4,4,4,4,4,4,4,4,4,4,4,4,4,4,4,4,4,4,4,4,4,4,4,4,4,4,4,4,4,4,4,4,4,4,4,4,4,4,4,4,4,4,4,4,4,4,4,4,4,4,4,4,4,4,4,4,4,4,4,4,4,4,4,4,4,4,4,4,4,4,4,4,4,4,4,4,4,4,4,4,4,4,4,4,4,4,4,4,4,4,4,4,4,4,4,4,4,4,4,4,4,4,4,4,4,4,4,4,4,4,4,4,4,4,4,4,4,4,4,4,4,4,4,4,4,4,4,4,4,4,4,4,4,4,4,4,4,4,4,4,4,4,4,4,4,4,4,4,4,4,4,4,4,4,4,4,4,4,4,4,4,4,4,4,4,4,4,4,4,4,ABWM02000051.1/33900-34048,1
1784,0,2,0,3,2,1,3,1,0,3,3,1,4,1,0,3,4,1,3,4,1,3,3,0,3,2,3,3,4,1,2,1,1,3,4,4,4,4,4,4,4,4,4,4,4,4,4,4,4,4,4,4,4,4,4,4,3,0,4,4,4,4,4,4,4,4,4,4,4,4,4,4,4,4,4,4,4,4,4,2,3,2,1,1,3,1,0,3,0,0,0,1,3,1,1,4,2,2,0,4,0,3,2,0,1,2,1,0,4,4,4,4,2,0,2,1,1,2,4,4,3,3,3,0,1,2,2,3,2,1,3,3,0,3,1,2,3,1,1,4,0,1,3,2,0,4,1,0,2,0,3,2,3,1,4,4,4,4,4,4,4,4,4,2,1,3,3,0,3,4,4,4,2,1,1,4,4,4,4,4,4,4,4,4,4,4,4,4,4,4,4,4,4,4,4,4,4,4,4,4,4,4,4,4,4,4,4,4,3,4,4,1,0,3,1,0,4,2,0,1,0,1,4,4,1,0,4,3,2,2,0,1,0,1,0,0,1,2,3,3,2,0,4,4,4,4,4,2,3,2,0,0,2,1,0,1,1,1,0,1,3,3,4,4,4,4,4,4,4,4,4,4,4,4,4,4,4,4,4,4,4,4,4,4,4,4,4,4,4,4,4,4,4,4,4,4,4,4,4,4,4,4,4,4,4,4,4,4,4,4,4,4,4,4,4,4,4,4,4,4,4,4,4,4,4,4,4,4,4,4,4,4,4,4,4,4,4,4,4,4,4,4,4,4,4,4,4,4,4,4,4,4,4,4,4,4,4,4,4,4,4,4,4,4,4,4,4,4,4,4,4,4,4,4,4,4,4,4,4,4,4,4,4,4,4,4,4,4,4,4,4,4,4,4,4,4,4,4,4,4,4,4,4,4,4,4,4,4,4,4,4,4,4,4,4,4,4,4,4,4,4,4,4,4,4,4,4,4,4,4,4,4,4,4,4,4,4,4,4,4,4,4,4,4,4,4,4,4,4,4,4,4,4,4,4,4,4,CP001396.1/3874126-3874274,1
1785,0,2,0,3,2,1,3,1,0,3,1,1,4,1,0,1,4,3,3,4,0,3,3,0,3,2,0,1,4,0,2,1,3,3,2,2,1,1,0,3,3,4,0,0,2,2,1,3,0,4,4,0,3,3,3,0,4,4,4,4,4,4,4,4,4,4,4,4,4,4,4,4,4,4,4,4,4,4,4,4,4,2,1,3,3,1,0,3,0,0,0,1,1,1,0,4,2,2,2,4,0,3,2,0,1,2,1,0,4,4,4,4,2,0,2,1,1,2,0,3,3,3,3,0,2,0,2,3,2,1,1,3,0,3,3,2,3,1,1,0,3,2,3,0,0,4,1,1,2,0,3,2,3,3,4,4,4,4,4,4,4,4,4,2,0,2,3,0,4,4,4,4,0,3,2,4,4,4,4,4,4,4,4,4,4,4,4,4,4,4,4,4,4,4,4,4,4,4,4,4,4,4,4,4,4,4,4,4,3,4,4,1,0,3,1,0,4,1,0,3,0,1,4,4,1,4,4,4,2,2,2,1,0,3,0,0,1,2,3,3,2,0,4,4,4,4,4,2,3,2,0,2,2,1,0,1,3,2,0,3,0,3,4,4,4,4,4,4,4,4,4,4,4,4,4,4,4,4,4,4,4,4,4,4,4,4,4,4,4,4,4,4,4,4,4,4,4,4,4,4,4,4,4,4,4,4,4,4,4,4,4,4,4,4,4,4,4,4,4,4,4,4,4,4,4,4,4,4,4,4,4,4,4,4,4,4,4,4,4,4,4,4,4,4,4,4,4,4,4,4,4,4,4,4,4,4,4,4,4,4,4,4,4,4,4,4,4,4,4,4,4,4,4,4,4,4,4,4,4,4,4,4,4,4,4,4,4,4,4,4,4,4,4,4,4,4,4,4,4,4,4,4,4,4,4,4,4,4,4,4,4,4,4,4,4,4,4,4,4,4,4,4,4,4,4,4,4,4,4,4,4,4,4,4,4,4,4,4,4,4,4,4,4,4,4,4,4,4,4,4,4,4,4,4,4,4,4,AAYS01000005.1/289619-289782,1
1786,0,2,0,3,2,1,3,1,0,3,3,1,4,1,0,3,4,1,3,4,1,3,3,0,3,2,3,3,4,1,2,1,1,3,4,4,4,4,4,4,4,4,4,4,4,4,4,4,4,4,4,4,4,4,4,4,3,0,4,4,4,4,4,4,4,4,4,4,4,4,4,4,4,4,4,4,4,4,4,2,3,2,1,1,3,1,0,3,0,0,0,1,3,1,1,4,2,2,0,4,0,3,2,0,1,2,1,0,4,4,4,4,2,0,2,1,1,2,4,4,3,3,3,0,1,2,2,3,2,1,3,3,0,3,1,2,3,1,1,4,0,1,3,2,0,4,1,0,2,0,3,2,3,1,4,4,4,4,4,4,4,4,4,2,1,3,3,0,3,4,4,4,2,1,1,4,4,4,4,4,4,4,4,4,4,4,4,4,4,4,4,4,4,4,4,4,4,4,4,4,4,4,4,4,4,4,4,4,3,4,4,1,0,3,1,0,4,2,0,1,0,1,4,4,1,0,4,3,2,2,0,1,0,1,0,0,1,2,3,3,2,0,4,4,4,4,4,2,3,2,0,0,2,1,0,1,1,1,0,1,3,3,4,4,4,4,4,4,4,4,4,4,4,4,4,4,4,4,4,4,4,4,4,4,4,4,4,4,4,4,4,4,4,4,4,4,4,4,4,4,4,4,4,4,4,4,4,4,4,4,4,4,4,4,4,4,4,4,4,4,4,4,4,4,4,4,4,4,4,4,4,4,4,4,4,4,4,4,4,4,4,4,4,4,4,4,4,4,4,4,4,4,4,4,4,4,4,4,4,4,4,4,4,4,4,4,4,4,4,4,4,4,4,4,4,4,4,4,4,4,4,4,4,4,4,4,4,4,4,4,4,4,4,4,4,4,4,4,4,4,4,4,4,4,4,4,4,4,4,4,4,4,4,4,4,4,4,4,4,4,4,4,4,4,4,4,4,4,4,4,4,4,4,4,4,4,4,4,4,4,4,4,4,4,4,4,4,4,4,4,4,4,4,4,4,4,4,AERQ01000011.1/1027697-1027549,1
1787,0,2,0,3,2,1,3,1,0,3,3,1,4,1,0,3,4,1,3,4,1,3,3,0,3,2,3,3,4,1,2,1,1,3,4,4,4,4,4,4,4,4,4,4,4,4,4,4,4,4,4,4,4,4,4,4,3,0,4,4,4,4,4,4,4,4,4,4,4,4,4,4,4,4,4,4,4,4,4,2,3,2,1,1,3,1,0,3,0,0,0,1,3,1,1,4,2,2,0,4,0,3,2,0,1,2,1,0,4,4,4,4,2,0,2,1,1,2,4,4,3,3,3,0,1,2,2,3,2,1,3,3,0,3,1,2,3,1,1,4,0,1,3,2,0,4,1,0,2,0,3,2,3,1,4,4,4,4,4,4,4,4,4,2,1,3,3,0,3,4,4,4,2,1,1,4,4,4,4,4,4,4,4,4,4,4,4,4,4,4,4,4,4,4,4,4,4,4,4,4,4,4,4,4,4,4,4,4,3,4,4,1,0,3,1,0,4,2,0,1,0,1,4,4,1,0,4,3,2,2,0,1,0,1,0,0,1,2,3,3,2,0,4,4,4,4,4,2,3,2,0,0,2,1,0,1,1,1,0,1,3,3,4,4,4,4,4,4,4,4,4,4,4,4,4,4,4,4,4,4,4,4,4,4,4,4,4,4,4,4,4,4,4,4,4,4,4,4,4,4,4,4,4,4,4,4,4,4,4,4,4,4,4,4,4,4,4,4,4,4,4,4,4,4,4,4,4,4,4,4,4,4,4,4,4,4,4,4,4,4,4,4,4,4,4,4,4,4,4,4,4,4,4,4,4,4,4,4,4,4,4,4,4,4,4,4,4,4,4,4,4,4,4,4,4,4,4,4,4,4,4,4,4,4,4,4,4,4,4,4,4,4,4,4,4,4,4,4,4,4,4,4,4,4,4,4,4,4,4,4,4,4,4,4,4,4,4,4,4,4,4,4,4,4,4,4,4,4,4,4,4,4,4,4,4,4,4,4,4,4,4,4,4,4,4,4,4,4,4,4,4,4,4,4,4,4,4,ADUK01000024.1/187175-187027,1
1788,0,2,3,2,2,1,3,1,0,3,3,1,4,0,1,1,4,2,0,4,1,3,3,0,3,2,3,1,4,0,2,1,4,4,4,4,1,1,1,3,3,4,1,2,2,4,4,4,4,4,4,2,0,1,2,3,4,4,4,4,4,4,4,4,4,4,4,4,4,4,4,4,4,4,4,4,4,4,4,4,4,2,1,3,0,1,0,3,0,0,0,0,3,4,0,4,1,2,0,4,0,3,2,0,1,2,1,0,4,4,4,4,1,0,0,4,4,4,4,4,4,4,1,0,0,2,2,3,2,1,1,3,2,1,1,2,3,1,1,0,0,1,3,3,4,4,1,3,2,0,3,0,3,1,0,4,4,4,4,4,4,4,4,2,1,2,3,0,4,4,4,4,2,1,3,4,4,4,4,4,4,4,4,4,4,4,4,4,4,4,4,4,4,4,4,4,4,4,4,4,4,4,4,4,4,4,4,4,0,4,4,3,0,3,1,0,4,0,1,1,0,3,4,4,1,4,4,4,2,2,2,1,2,0,0,0,1,2,3,1,2,0,4,4,4,4,4,2,3,3,0,2,2,1,0,1,1,2,1,1,3,3,4,4,4,4,4,4,4,4,4,4,4,4,4,4,4,4,4,4,4,4,4,4,4,4,4,4,4,4,4,4,4,4,4,4,4,4,4,4,4,4,4,4,4,4,4,4,4,4,4,4,4,4,4,4,4,4,4,4,4,4,4,4,4,4,4,4,4,4,4,4,4,4,4,4,4,4,4,4,4,4,4,4,4,4,4,4,4,4,4,4,4,4,4,4,4,4,4,4,4,4,4,4,4,4,4,4,4,4,4,4,4,4,4,4,4,4,4,4,4,4,4,4,4,4,4,4,4,4,4,4,4,4,4,4,4,4,4,4,4,4,4,4,4,4,4,4,4,4,4,4,4,4,4,4,4,4,4,4,4,4,4,4,4,4,4,4,4,4,4,4,4,4,4,4,4,4,4,4,4,4,4,4,4,4,4,4,4,4,4,4,4,4,4,4,4,CP000800.1/2841125-2840978,1
1789,0,2,0,3,2,1,3,1,0,3,1,1,4,1,0,1,4,3,3,4,1,3,3,0,3,2,0,1,4,0,2,3,3,3,4,4,4,4,4,4,4,4,4,2,2,3,3,3,3,0,4,3,0,2,1,1,4,4,4,4,4,4,4,4,4,4,4,4,4,4,4,4,4,4,4,4,4,4,4,4,4,0,1,3,3,1,0,3,0,0,0,1,1,1,0,4,2,2,2,4,0,3,2,0,3,2,1,0,4,4,4,4,2,0,2,1,1,2,0,3,3,3,3,0,2,2,2,3,2,1,1,3,0,3,3,2,3,1,1,0,3,2,3,0,0,4,0,1,2,0,3,2,3,3,2,4,4,4,4,4,4,4,4,4,4,0,2,3,1,4,4,4,3,1,3,4,4,4,4,4,4,4,4,4,4,4,4,4,4,4,4,4,4,4,4,4,4,4,4,4,4,4,4,4,4,4,4,4,3,4,4,1,0,3,1,0,4,1,0,3,0,1,4,4,1,4,4,4,2,2,2,1,0,3,0,0,1,2,3,3,2,0,4,4,4,4,4,2,3,2,0,2,2,1,0,1,1,2,0,1,0,3,4,4,4,4,4,4,4,4,4,4,4,4,4,4,4,4,4,4,4,4,4,4,4,4,4,4,4,4,4,4,4,4,4,4,4,4,4,4,4,4,4,4,4,4,4,4,4,4,4,4,4,4,4,4,4,4,4,4,4,4,4,4,4,4,4,4,4,4,4,4,4,4,4,4,4,4,4,4,4,4,4,4,4,4,4,4,4,4,4,4,4,4,4,4,4,4,4,4,4,4,4,4,4,4,4,4,4,4,4,4,4,4,4,4,4,4,4,4,4,4,4,4,4,4,4,4,4,4,4,4,4,4,4,4,4,4,4,4,4,4,4,4,4,4,4,4,4,4,4,4,4,4,4,4,4,4,4,4,4,4,4,4,4,4,4,4,4,4,4,4,4,4,4,4,4,4,4,4,4,4,4,4,4,4,4,4,4,4,4,4,4,4,4,4,4,ACCB01000032.1/230-74,1
1790,0,2,0,3,2,1,3,1,0,3,3,1,4,1,0,3,4,1,3,4,1,3,3,0,3,2,3,3,4,1,2,1,1,3,4,4,4,4,4,4,4,4,4,4,4,4,4,4,4,4,4,4,4,4,4,4,3,0,4,4,4,4,4,4,4,4,4,4,4,4,4,4,4,4,4,4,4,4,4,2,3,2,1,1,3,1,0,3,0,0,0,1,3,1,1,4,2,2,0,4,0,3,2,0,1,2,1,0,4,4,4,4,2,0,2,1,0,2,4,4,3,3,3,0,1,2,2,3,2,1,3,3,0,3,1,2,3,1,1,4,0,1,3,2,0,4,1,0,2,0,3,2,3,1,4,4,4,4,4,4,4,4,4,2,1,3,3,0,3,4,4,4,2,1,1,4,4,4,4,4,4,4,4,4,4,4,4,4,4,4,4,4,4,4,4,4,4,4,4,4,4,4,4,4,4,4,4,4,3,4,4,1,0,3,1,0,4,2,0,1,0,1,4,4,1,0,4,3,2,2,0,1,0,1,0,0,1,2,3,3,2,0,4,4,4,4,4,2,3,2,0,0,2,1,0,1,1,1,0,1,3,3,4,4,4,4,4,4,4,4,4,4,4,4,4,4,4,4,4,4,4,4,4,4,4,4,4,4,4,4,4,4,4,4,4,4,4,4,4,4,4,4,4,4,4,4,4,4,4,4,4,4,4,4,4,4,4,4,4,4,4,4,4,4,4,4,4,4,4,4,4,4,4,4,4,4,4,4,4,4,4,4,4,4,4,4,4,4,4,4,4,4,4,4,4,4,4,4,4,4,4,4,4,4,4,4,4,4,4,4,4,4,4,4,4,4,4,4,4,4,4,4,4,4,4,4,4,4,4,4,4,4,4,4,4,4,4,4,4,4,4,4,4,4,4,4,4,4,4,4,4,4,4,4,4,4,4,4,4,4,4,4,4,4,4,4,4,4,4,4,4,4,4,4,4,4,4,4,4,4,4,4,4,4,4,4,4,4,4,4,4,4,4,4,4,4,4,AAMJ02000024.1/58012-57864,1
1791,0,2,0,3,2,1,3,1,0,3,3,1,4,1,0,3,4,1,3,4,1,3,3,0,3,2,3,3,4,1,2,1,1,3,4,4,4,4,4,4,4,4,4,4,4,4,4,4,4,4,4,4,4,4,4,4,3,0,4,4,4,4,4,4,4,4,4,4,4,4,4,4,4,4,4,4,4,4,4,2,3,2,1,1,3,1,0,3,0,0,0,1,3,1,1,4,2,2,0,4,0,3,2,0,1,2,1,0,4,4,4,4,2,0,2,1,1,2,4,4,3,3,3,0,1,2,2,3,2,1,3,3,0,3,1,2,3,1,1,4,0,1,3,2,0,4,1,0,2,0,3,2,3,1,4,4,4,4,4,4,4,4,4,2,1,3,3,0,3,4,4,4,2,1,1,4,4,4,4,4,4,4,4,4,4,4,4,4,4,4,4,4,4,4,4,4,4,4,4,4,4,4,4,4,4,4,4,4,3,4,4,1,0,3,1,0,4,2,0,1,0,1,4,4,1,0,4,3,2,2,0,1,0,1,0,0,1,2,3,3,2,0,4,4,4,4,4,2,3,2,0,0,2,1,0,1,1,1,0,1,3,3,4,4,4,4,4,4,4,4,4,4,4,4,4,4,4,4,4,4,4,4,4,4,4,4,4,4,4,4,4,4,4,4,4,4,4,4,4,4,4,4,4,4,4,4,4,4,4,4,4,4,4,4,4,4,4,4,4,4,4,4,4,4,4,4,4,4,4,4,4,4,4,4,4,4,4,4,4,4,4,4,4,4,4,4,4,4,4,4,4,4,4,4,4,4,4,4,4,4,4,4,4,4,4,4,4,4,4,4,4,4,4,4,4,4,4,4,4,4,4,4,4,4,4,4,4,4,4,4,4,4,4,4,4,4,4,4,4,4,4,4,4,4,4,4,4,4,4,4,4,4,4,4,4,4,4,4,4,4,4,4,4,4,4,4,4,4,4,4,4,4,4,4,4,4,4,4,4,4,4,4,4,4,4,4,4,4,4,4,4,4,4,4,4,4,4,CU928161.2/4193932-4194080,1
1792,0,2,0,3,2,1,3,1,0,3,3,1,4,1,0,3,4,1,3,4,1,3,3,0,3,2,3,3,4,1,2,1,1,3,3,4,1,4,4,4,4,4,4,4,4,4,4,4,4,4,4,4,4,4,4,4,3,4,4,4,4,4,4,4,4,4,4,4,4,4,4,4,4,4,4,4,4,4,4,4,2,2,1,1,3,1,0,3,0,0,0,1,3,1,0,4,2,2,0,4,0,3,2,0,3,2,1,0,4,4,4,4,2,0,2,1,1,2,4,4,3,3,3,0,1,2,2,3,2,1,3,3,0,3,1,2,3,1,1,4,0,1,3,2,0,4,1,0,2,0,3,2,3,1,4,4,4,4,4,4,4,4,4,2,1,3,3,0,1,4,4,4,2,1,1,4,4,4,4,4,4,4,4,4,4,4,4,4,4,4,4,4,4,4,4,4,4,4,4,4,4,4,4,4,4,4,4,4,3,4,4,1,0,3,1,0,4,0,0,1,0,1,4,4,1,1,4,3,2,2,0,1,0,1,0,0,1,2,3,3,2,0,4,4,4,4,4,2,3,2,0,0,2,1,0,1,1,1,1,3,3,3,4,4,4,4,4,4,4,4,4,4,4,4,4,4,4,4,4,4,4,4,4,4,4,4,4,4,4,4,4,4,4,4,4,4,4,4,4,4,4,4,4,4,4,4,4,4,4,4,4,4,4,4,4,4,4,4,4,4,4,4,4,4,4,4,4,4,4,4,4,4,4,4,4,4,4,4,4,4,4,4,4,4,4,4,4,4,4,4,4,4,4,4,4,4,4,4,4,4,4,4,4,4,4,4,4,4,4,4,4,4,4,4,4,4,4,4,4,4,4,4,4,4,4,4,4,4,4,4,4,4,4,4,4,4,4,4,4,4,4,4,4,4,4,4,4,4,4,4,4,4,4,4,4,4,4,4,4,4,4,4,4,4,4,4,4,4,4,4,4,4,4,4,4,4,4,4,4,4,4,4,4,4,4,4,4,4,4,4,4,4,4,4,4,4,4,AESV01000050.1/39709-39857,1
1793,0,2,3,3,2,1,3,1,0,3,3,1,4,0,1,1,4,3,3,4,3,3,3,0,3,2,0,3,4,0,2,1,1,1,1,2,1,0,0,3,3,4,0,0,2,1,2,2,0,3,4,2,0,3,2,1,4,4,4,4,4,4,4,4,4,4,4,4,4,4,4,4,4,4,4,4,4,4,4,4,4,2,1,3,3,1,0,3,0,0,2,1,1,3,1,4,1,2,0,4,0,3,2,0,3,2,1,1,4,4,4,4,3,0,0,2,4,4,4,4,4,4,0,1,3,2,2,3,2,1,1,3,0,3,1,2,3,1,1,0,1,1,3,0,0,0,1,1,2,0,1,0,3,3,2,3,2,3,4,4,4,4,4,2,0,0,0,2,1,4,4,4,0,1,0,4,4,4,4,4,4,4,4,4,4,4,4,4,4,4,4,4,4,4,4,4,4,4,4,4,4,4,4,4,4,4,4,4,3,4,4,3,0,3,1,0,4,0,0,1,0,3,4,4,1,4,4,4,2,2,0,1,2,0,1,0,1,2,3,3,2,0,4,4,4,4,4,2,3,2,0,2,2,1,0,1,1,2,1,1,3,0,4,4,4,4,4,4,4,4,4,4,4,4,4,4,4,4,4,4,4,4,4,4,4,4,4,4,4,4,4,4,4,4,4,4,4,4,4,4,4,4,4,4,4,4,4,4,4,4,4,4,4,4,4,4,4,4,4,4,4,4,4,4,4,4,4,4,4,4,4,4,4,4,4,4,4,4,4,4,4,4,4,4,4,4,4,4,4,4,4,4,4,4,4,4,4,4,4,4,4,4,4,4,4,4,4,4,4,4,4,4,4,4,4,4,4,4,4,4,4,4,4,4,4,4,4,4,4,4,4,4,4,4,4,4,4,4,4,4,4,4,4,4,4,4,4,4,4,4,4,4,4,4,4,4,4,4,4,4,4,4,4,4,4,4,4,4,4,4,4,4,4,4,4,4,4,4,4,4,4,4,4,4,4,4,4,4,4,4,4,4,4,4,4,4,4,ACNR01000020.1/143031-142867,1
1794,0,2,0,3,2,1,3,1,0,3,3,1,4,1,0,3,4,1,3,4,1,3,3,0,3,2,3,3,4,1,2,1,1,3,4,4,4,4,4,4,4,4,4,4,4,4,4,4,4,4,4,4,4,4,4,4,3,0,4,4,4,4,4,4,4,4,4,4,4,4,4,4,4,4,4,4,4,4,4,2,3,2,1,1,3,1,0,3,0,0,0,1,3,1,1,4,2,2,0,4,0,3,2,0,1,2,1,2,4,4,4,4,0,2,0,2,1,1,4,2,3,3,3,0,1,2,2,3,2,1,3,3,0,3,1,2,3,1,1,4,0,1,3,2,0,4,1,0,2,0,3,2,3,1,4,4,4,4,4,4,4,4,4,2,1,3,3,0,3,4,4,4,2,1,1,4,4,4,4,4,4,4,4,4,4,4,4,4,4,4,4,4,4,4,4,4,4,4,4,4,4,4,4,4,4,4,4,4,3,4,4,1,0,3,1,0,4,2,0,1,0,1,4,4,1,0,4,3,2,2,0,1,0,1,0,0,1,2,3,3,2,0,4,4,4,4,4,2,3,2,0,0,2,1,0,1,1,1,0,1,3,3,4,4,4,4,4,4,4,4,4,4,4,4,4,4,4,4,4,4,4,4,4,4,4,4,4,4,4,4,4,4,4,4,4,4,4,4,4,4,4,4,4,4,4,4,4,4,4,4,4,4,4,4,4,4,4,4,4,4,4,4,4,4,4,4,4,4,4,4,4,4,4,4,4,4,4,4,4,4,4,4,4,4,4,4,4,4,4,4,4,4,4,4,4,4,4,4,4,4,4,4,4,4,4,4,4,4,4,4,4,4,4,4,4,4,4,4,4,4,4,4,4,4,4,4,4,4,4,4,4,4,4,4,4,4,4,4,4,4,4,4,4,4,4,4,4,4,4,4,4,4,4,4,4,4,4,4,4,4,4,4,4,4,4,4,4,4,4,4,4,4,4,4,4,4,4,4,4,4,4,4,4,4,4,4,4,4,4,4,4,4,4,4,4,4,4,M90498.1/3572-3721,1
1795,0,2,3,2,2,1,3,1,0,3,3,1,4,0,1,1,4,2,0,4,1,3,3,0,3,2,3,1,4,0,2,1,4,4,4,4,1,1,1,3,3,4,1,2,2,4,4,4,4,4,4,2,0,1,2,3,4,4,4,4,4,4,4,4,4,4,4,4,4,4,4,4,4,4,4,4,4,4,4,4,4,2,1,3,0,1,0,3,0,0,0,0,3,4,3,4,1,2,0,4,0,3,2,0,1,2,1,0,4,4,4,4,1,0,0,4,4,4,4,4,4,4,1,0,0,2,2,3,2,1,1,3,2,1,1,2,3,1,1,0,0,1,3,3,4,4,1,3,2,0,3,0,3,1,0,4,4,4,4,4,4,4,4,2,1,3,3,0,4,4,4,4,2,1,3,4,4,4,4,4,4,4,4,4,4,4,4,4,4,4,4,4,4,4,4,4,4,4,4,4,4,4,4,4,4,4,4,4,0,4,4,3,0,3,1,0,4,0,1,1,0,3,4,4,1,4,4,4,2,2,2,1,2,0,0,0,1,2,3,1,2,0,4,4,4,4,4,2,3,3,0,2,2,1,0,1,1,2,1,1,3,3,4,4,4,4,4,4,4,4,4,4,4,4,4,4,4,4,4,4,4,4,4,4,4,4,4,4,4,4,4,4,4,4,4,4,4,4,4,4,4,4,4,4,4,4,4,4,4,4,4,4,4,4,4,4,4,4,4,4,4,4,4,4,4,4,4,4,4,4,4,4,4,4,4,4,4,4,4,4,4,4,4,4,4,4,4,4,4,4,4,4,4,4,4,4,4,4,4,4,4,4,4,4,4,4,4,4,4,4,4,4,4,4,4,4,4,4,4,4,4,4,4,4,4,4,4,4,4,4,4,4,4,4,4,4,4,4,4,4,4,4,4,4,4,4,4,4,4,4,4,4,4,4,4,4,4,4,4,4,4,4,4,4,4,4,4,4,4,4,4,4,4,4,4,4,4,4,4,4,4,4,4,4,4,4,4,4,4,4,4,4,4,4,4,4,4,AP009378.1/2612869-2612722,1
1796,0,2,3,3,2,1,3,1,0,3,3,1,4,0,1,1,4,3,1,4,3,3,3,0,3,2,0,3,4,0,2,3,1,1,1,2,1,1,2,3,0,4,1,0,2,1,2,2,0,0,4,3,0,3,2,1,4,4,4,4,4,4,4,4,4,4,4,4,4,4,4,4,4,4,4,4,4,4,4,4,4,2,1,3,3,1,0,3,0,0,0,1,1,0,1,4,1,2,0,4,0,3,2,0,3,2,1,1,4,4,4,4,3,0,0,2,4,4,4,4,4,4,0,1,3,2,2,3,2,1,1,3,0,3,1,2,3,1,1,0,1,1,1,0,0,0,1,1,2,0,3,0,3,3,2,3,2,3,4,4,4,4,4,2,0,0,3,2,1,4,4,4,0,1,0,4,4,4,4,4,4,4,4,4,4,4,4,4,4,4,4,4,4,4,4,4,4,4,4,4,4,4,4,4,4,4,4,4,3,4,4,3,0,3,1,0,4,0,0,1,0,3,4,4,1,4,4,4,2,2,0,1,2,0,1,0,1,2,3,3,2,0,4,4,4,4,4,2,3,2,0,2,2,3,2,1,1,2,1,1,3,0,4,4,4,4,4,4,4,4,4,4,4,4,4,4,4,4,4,4,4,4,4,4,4,4,4,4,4,4,4,4,4,4,4,4,4,4,4,4,4,4,4,4,4,4,4,4,4,4,4,4,4,4,4,4,4,4,4,4,4,4,4,4,4,4,4,4,4,4,4,4,4,4,4,4,4,4,4,4,4,4,4,4,4,4,4,4,4,4,4,4,4,4,4,4,4,4,4,4,4,4,4,4,4,4,4,4,4,4,4,4,4,4,4,4,4,4,4,4,4,4,4,4,4,4,4,4,4,4,4,4,4,4,4,4,4,4,4,4,4,4,4,4,4,4,4,4,4,4,4,4,4,4,4,4,4,4,4,4,4,4,4,4,4,4,4,4,4,4,4,4,4,4,4,4,4,4,4,4,4,4,4,4,4,4,4,4,4,4,4,4,4,4,4,4,4,FR729477.2/4437227-4437391,1
1797,0,2,0,3,2,1,3,1,0,3,3,1,4,1,0,3,4,1,3,4,1,3,3,0,3,2,3,3,4,1,2,1,1,3,3,4,1,4,4,4,4,4,4,4,4,4,4,4,4,4,4,4,4,4,4,4,3,4,4,4,4,4,4,4,4,4,4,4,4,4,4,4,4,4,4,4,4,4,4,4,2,2,1,1,3,1,0,3,0,0,0,1,3,1,0,4,2,2,0,4,0,3,2,0,3,2,1,0,4,4,4,4,2,0,2,1,1,2,4,4,3,3,3,0,1,2,2,3,2,1,3,3,0,3,1,2,3,1,1,4,0,1,3,2,0,4,1,0,2,0,3,2,3,1,4,4,4,4,4,4,4,4,4,2,1,3,3,0,1,4,4,4,2,1,1,4,4,4,4,4,4,4,4,4,4,4,4,4,4,4,4,4,4,4,4,4,4,4,4,4,4,4,4,4,4,4,4,4,3,4,4,1,0,3,1,0,4,0,0,1,0,1,4,4,1,1,4,3,2,2,0,1,0,1,0,0,1,2,3,3,2,0,4,4,4,4,4,2,3,2,0,0,2,1,0,1,1,1,1,3,3,3,4,4,4,4,4,4,4,4,4,4,4,4,4,4,4,4,4,4,4,4,4,4,4,4,4,4,4,4,4,4,4,4,4,4,4,4,4,4,4,4,4,4,4,4,4,4,4,4,4,4,4,4,4,4,4,4,4,4,4,4,4,4,4,4,4,4,4,4,4,4,4,4,4,4,4,4,4,4,4,4,4,4,4,4,4,4,4,4,4,4,4,4,4,4,4,4,4,4,4,4,4,4,4,4,4,4,4,4,4,4,4,4,4,4,4,4,4,4,4,4,4,4,4,4,4,4,4,4,4,4,4,4,4,4,4,4,4,4,4,4,4,4,4,4,4,4,4,4,4,4,4,4,4,4,4,4,4,4,4,4,4,4,4,4,4,4,4,4,4,4,4,4,4,4,4,4,4,4,4,4,4,4,4,4,4,4,4,4,4,4,4,4,4,4,4,AM933172.1/4012039-4012187,1
1798,0,2,0,3,2,1,3,1,0,3,3,1,4,1,0,3,4,1,3,4,1,3,3,0,3,2,3,3,4,1,2,1,1,3,3,4,1,4,4,4,4,4,4,4,4,4,4,4,4,4,4,4,4,4,4,4,3,4,4,4,4,4,4,4,4,4,4,4,4,4,4,4,4,4,4,4,4,4,4,4,2,2,1,1,3,1,0,3,0,0,0,1,3,1,0,4,2,2,0,4,0,3,2,0,3,2,1,0,4,4,4,4,2,0,2,1,1,2,4,4,3,3,3,0,1,2,2,3,2,1,3,3,0,3,1,2,3,1,1,4,0,1,3,2,0,4,1,0,2,0,3,2,3,1,4,4,4,4,4,4,4,4,4,2,1,3,3,0,1,4,4,4,2,3,1,4,4,4,4,4,4,4,4,4,4,4,4,4,4,4,4,4,4,4,4,4,4,4,4,4,4,4,4,4,4,4,4,4,3,4,4,1,0,3,1,0,4,0,0,1,0,1,4,4,1,1,4,3,2,2,0,1,0,1,0,0,1,2,3,3,2,0,4,4,4,4,4,2,3,2,0,0,2,1,0,1,1,1,1,3,3,3,4,4,4,4,4,4,4,4,4,4,4,4,4,4,4,4,4,4,4,4,4,4,4,4,4,4,4,4,4,4,4,4,4,4,4,4,4,4,4,4,4,4,4,4,4,4,4,4,4,4,4,4,4,4,4,4,4,4,4,4,4,4,4,4,4,4,4,4,4,4,4,4,4,4,4,4,4,4,4,4,4,4,4,4,4,4,4,4,4,4,4,4,4,4,4,4,4,4,4,4,4,4,4,4,4,4,4,4,4,4,4,4,4,4,4,4,4,4,4,4,4,4,4,4,4,4,4,4,4,4,4,4,4,4,4,4,4,4,4,4,4,4,4,4,4,4,4,4,4,4,4,4,4,4,4,4,4,4,4,4,4,4,4,4,4,4,4,4,4,4,4,4,4,4,4,4,4,4,4,4,4,4,4,4,4,4,4,4,4,4,4,4,4,4,4,CP003047.1/3512685-3512537,1
1799,0,2,0,3,2,1,3,1,0,3,3,1,4,1,0,3,4,1,3,4,1,3,3,0,3,2,3,3,4,1,2,1,1,3,4,4,4,4,4,4,4,4,4,4,4,4,4,4,4,4,4,4,4,4,4,4,3,0,4,4,4,4,4,4,4,4,4,4,4,4,4,4,4,4,4,4,4,4,4,2,3,2,1,1,3,1,0,3,0,0,0,1,3,1,1,4,2,2,0,4,0,3,2,0,1,2,1,0,4,4,4,4,2,0,2,1,1,2,4,4,3,3,3,0,1,2,2,3,2,1,3,3,0,3,1,2,3,1,1,4,0,1,3,2,0,4,1,0,2,0,3,2,3,1,4,4,4,4,4,4,4,4,4,2,1,3,3,0,3,4,4,4,2,1,1,4,4,4,4,4,4,4,4,4,4,4,4,4,4,4,4,4,4,4,4,4,4,4,4,4,4,4,4,4,4,4,4,4,3,4,4,1,0,3,1,0,4,2,0,1,0,1,4,4,1,0,4,3,2,2,0,1,0,1,0,0,1,2,3,3,2,0,4,4,4,4,4,2,3,2,0,0,2,1,0,1,1,1,0,1,3,3,4,4,4,4,4,4,4,4,4,4,4,4,4,4,4,4,4,4,4,4,4,4,4,4,4,4,4,4,4,4,4,4,4,4,4,4,4,4,4,4,4,4,4,4,4,4,4,4,4,4,4,4,4,4,4,4,4,4,4,4,4,4,4,4,4,4,4,4,4,4,4,4,4,4,4,4,4,4,4,4,4,4,4,4,4,4,4,4,4,4,4,4,4,4,4,4,4,4,4,4,4,4,4,4,4,4,4,4,4,4,4,4,4,4,4,4,4,4,4,4,4,4,4,4,4,4,4,4,4,4,4,4,4,4,4,4,4,4,4,4,4,4,4,4,4,4,4,4,4,4,4,4,4,4,4,4,4,4,4,4,4,4,4,4,4,4,4,4,4,4,4,4,4,4,4,4,4,4,4,4,4,4,4,4,4,4,4,4,4,4,4,4,4,4,4,AFWP01000004.1/53921-53773,1
1800,0,2,3,2,2,1,3,1,0,3,3,1,4,0,1,1,4,3,3,4,1,3,3,0,3,2,3,1,4,0,2,1,4,4,4,4,1,1,1,3,3,4,1,2,2,4,4,4,4,4,4,2,0,1,2,1,4,4,4,4,4,4,4,4,4,4,4,4,4,4,4,4,4,4,4,4,4,4,4,4,4,2,1,3,0,1,0,3,0,0,0,1,3,4,3,4,1,2,0,4,0,3,2,0,1,2,1,0,4,4,4,4,1,0,0,4,4,4,4,4,4,4,0,1,0,2,2,3,2,1,1,3,2,1,1,2,3,1,1,0,0,1,3,1,4,4,1,3,2,0,3,0,0,1,0,4,4,4,4,4,4,4,4,2,1,1,3,2,4,4,4,4,2,1,3,4,4,4,4,4,4,4,4,4,4,4,4,4,4,4,4,4,4,4,4,4,4,4,4,4,4,4,4,4,4,4,4,4,3,4,4,3,0,3,1,0,4,2,0,1,0,3,4,4,1,4,4,4,2,2,2,1,2,0,0,0,1,2,3,1,2,0,4,4,4,4,4,2,3,0,0,2,2,1,0,1,1,2,1,1,3,1,4,4,4,4,4,4,4,4,4,4,4,4,4,4,4,4,4,4,4,4,4,4,4,4,4,4,4,4,4,4,4,4,4,4,4,4,4,4,4,4,4,4,4,4,4,4,4,4,4,4,4,4,4,4,4,4,4,4,4,4,4,4,4,4,4,4,4,4,4,4,4,4,4,4,4,4,4,4,4,4,4,4,4,4,4,4,4,4,4,4,4,4,4,4,4,4,4,4,4,4,4,4,4,4,4,4,4,4,4,4,4,4,4,4,4,4,4,4,4,4,4,4,4,4,4,4,4,4,4,4,4,4,4,4,4,4,4,4,4,4,4,4,4,4,4,4,4,4,4,4,4,4,4,4,4,4,4,4,4,4,4,4,4,4,4,4,4,4,4,4,4,4,4,4,4,4,4,4,4,4,4,4,4,4,4,4,4,4,4,4,4,4,4,4,4,CP001891.1/1243452-1243599,1
1801,0,2,0,3,2,1,3,1,0,3,3,1,4,1,0,3,4,1,3,4,1,3,3,0,3,2,3,3,4,1,2,1,1,3,4,4,4,4,4,4,4,4,4,4,4,4,4,4,4,4,4,4,4,4,4,4,3,0,4,4,4,4,4,4,4,4,4,4,4,4,4,4,4,4,4,4,4,4,4,2,3,2,1,1,3,1,0,3,0,0,0,1,3,1,1,4,2,2,0,4,0,3,2,0,1,2,1,0,4,4,4,4,2,0,2,1,1,2,4,4,3,3,3,0,1,2,2,3,2,1,3,3,0,3,1,2,3,1,1,4,0,1,3,2,0,4,1,0,2,0,3,2,3,1,4,4,4,4,4,4,4,4,4,2,1,3,3,0,3,4,4,4,2,1,1,4,4,4,4,4,4,4,4,4,4,4,4,4,4,4,4,4,4,4,4,4,4,4,4,4,4,4,4,4,4,4,4,4,3,4,4,1,0,3,1,0,4,2,0,1,0,1,4,4,1,0,4,3,2,2,0,1,0,1,0,0,1,2,3,3,2,0,4,4,4,4,4,2,3,2,0,0,2,1,0,1,1,1,0,1,3,3,4,4,4,4,4,4,4,4,4,4,4,4,4,4,4,4,4,4,4,4,4,4,4,4,4,4,4,4,4,4,4,4,4,4,4,4,4,4,4,4,4,4,4,4,4,4,4,4,4,4,4,4,4,4,4,4,4,4,4,4,4,4,4,4,4,4,4,4,4,4,4,4,4,4,4,4,4,4,4,4,4,4,4,4,4,4,4,4,4,4,4,4,4,4,4,4,4,4,4,4,4,4,4,4,4,4,4,4,4,4,4,4,4,4,4,4,4,4,4,4,4,4,4,4,4,4,4,4,4,4,4,4,4,4,4,4,4,4,4,4,4,4,4,4,4,4,4,4,4,4,4,4,4,4,4,4,4,4,4,4,4,4,4,4,4,4,4,4,4,4,4,4,4,4,4,4,4,4,4,4,4,4,4,4,4,4,4,4,4,4,4,4,4,4,4,ADTR01000424.1/179-31,1
1802,0,2,0,3,2,1,3,1,0,3,3,1,4,1,0,3,4,1,3,4,1,3,3,0,3,2,3,3,4,1,2,1,1,3,4,4,4,4,4,4,4,4,4,4,4,4,4,4,4,4,4,4,4,4,4,4,3,0,4,4,4,4,4,4,4,4,4,4,4,4,4,4,4,4,4,4,4,4,4,2,3,2,1,1,3,1,0,3,0,0,0,1,3,1,1,4,2,2,0,4,0,3,2,0,1,2,1,0,4,4,4,4,2,0,2,1,1,2,4,4,3,3,3,0,1,2,2,3,2,1,3,3,0,3,1,2,3,1,1,4,0,1,3,2,0,4,1,0,2,0,3,2,3,1,4,4,4,4,4,4,4,4,4,2,1,3,3,0,3,4,4,4,2,1,1,4,4,4,4,4,4,4,4,4,4,4,4,4,4,4,4,4,4,4,4,4,4,4,4,4,4,4,4,4,4,4,4,4,3,4,4,1,0,3,1,0,4,2,0,1,0,1,4,4,1,0,4,3,2,2,0,1,0,1,0,0,1,2,3,3,2,0,4,4,4,4,4,2,3,2,0,0,2,1,0,1,1,1,0,1,3,3,4,4,4,4,4,4,4,4,4,4,4,4,4,4,4,4,4,4,4,4,4,4,4,4,4,4,4,4,4,4,4,4,4,4,4,4,4,4,4,4,4,4,4,4,4,4,4,4,4,4,4,4,4,4,4,4,4,4,4,4,4,4,4,4,4,4,4,4,4,4,4,4,4,4,4,4,4,4,4,4,4,4,4,4,4,4,4,4,4,4,4,4,4,4,4,4,4,4,4,4,4,4,4,4,4,4,4,4,4,4,4,4,4,4,4,4,4,4,4,4,4,4,4,4,4,4,4,4,4,4,4,4,4,4,4,4,4,4,4,4,4,4,4,4,4,4,4,4,4,4,4,4,4,4,4,4,4,4,4,4,4,4,4,4,4,4,4,4,4,4,4,4,4,4,4,4,4,4,4,4,4,4,4,4,4,4,4,4,4,4,4,4,4,4,4,ADUO01000106.1/91025-90877,1
1803,0,2,3,2,2,1,3,1,0,3,3,1,4,0,1,1,4,3,3,4,1,3,3,0,3,2,3,1,4,0,2,1,4,4,4,4,1,1,1,3,3,4,0,2,2,4,4,4,4,4,4,2,0,1,2,1,4,4,4,4,4,4,4,4,4,4,4,4,4,4,4,4,4,4,4,4,4,4,4,4,4,2,1,3,0,1,0,3,0,0,0,1,3,4,3,4,1,2,0,4,0,3,2,0,1,2,1,0,4,4,4,4,1,0,0,4,4,4,4,4,4,4,1,0,0,2,2,3,2,1,1,3,2,1,1,2,3,1,1,0,0,1,3,3,4,4,1,3,2,0,3,0,0,3,0,4,4,4,4,4,4,4,4,2,1,2,3,0,4,4,4,4,2,1,3,4,4,4,4,4,4,4,4,4,4,4,4,4,4,4,4,4,4,4,4,4,4,4,4,4,4,4,4,4,4,4,4,4,3,4,4,3,0,3,1,0,4,0,1,1,3,1,4,4,1,4,4,4,2,2,2,1,2,0,0,0,1,2,3,1,2,0,4,4,4,4,4,2,3,3,0,2,2,1,0,1,1,2,1,1,3,3,4,4,4,4,4,4,4,4,4,4,4,4,4,4,4,4,4,4,4,4,4,4,4,4,4,4,4,4,4,4,4,4,4,4,4,4,4,4,4,4,4,4,4,4,4,4,4,4,4,4,4,4,4,4,4,4,4,4,4,4,4,4,4,4,4,4,4,4,4,4,4,4,4,4,4,4,4,4,4,4,4,4,4,4,4,4,4,4,4,4,4,4,4,4,4,4,4,4,4,4,4,4,4,4,4,4,4,4,4,4,4,4,4,4,4,4,4,4,4,4,4,4,4,4,4,4,4,4,4,4,4,4,4,4,4,4,4,4,4,4,4,4,4,4,4,4,4,4,4,4,4,4,4,4,4,4,4,4,4,4,4,4,4,4,4,4,4,4,4,4,4,4,4,4,4,4,4,4,4,4,4,4,4,4,4,4,4,4,4,4,4,4,4,4,4,AETI01000009.1/32882-32735,1
1804,0,2,3,2,2,1,3,1,0,3,3,1,4,0,1,1,4,3,3,4,1,3,3,0,3,2,3,1,4,0,2,1,4,4,4,4,1,1,1,3,3,4,0,2,2,4,4,4,4,4,4,2,0,1,2,1,4,4,4,4,4,4,4,4,4,4,4,4,4,4,4,4,4,4,4,4,4,4,4,4,4,2,1,3,0,1,0,3,0,0,0,1,3,4,3,4,1,2,0,4,0,3,2,0,1,2,1,0,4,4,4,4,1,0,0,4,4,4,4,4,4,4,1,0,0,2,2,3,2,1,1,3,2,1,1,2,3,1,1,0,0,1,3,3,4,4,1,3,2,0,3,0,0,3,0,4,4,4,4,4,4,4,4,2,1,2,3,0,4,4,4,4,2,1,3,4,4,4,4,4,4,4,4,4,4,4,4,4,4,4,4,4,4,4,4,4,4,4,4,4,4,4,4,4,4,4,4,4,3,4,4,3,0,3,1,0,4,0,1,1,3,1,4,4,1,4,4,4,2,2,2,1,2,0,0,0,1,2,3,1,2,0,4,4,4,4,4,2,3,3,0,2,2,1,0,1,1,2,1,1,3,3,4,4,4,4,4,4,4,4,4,4,4,4,4,4,4,4,4,4,4,4,4,4,4,4,4,4,4,4,4,4,4,4,4,4,4,4,4,4,4,4,4,4,4,4,4,4,4,4,4,4,4,4,4,4,4,4,4,4,4,4,4,4,4,4,4,4,4,4,4,4,4,4,4,4,4,4,4,4,4,4,4,4,4,4,4,4,4,4,4,4,4,4,4,4,4,4,4,4,4,4,4,4,4,4,4,4,4,4,4,4,4,4,4,4,4,4,4,4,4,4,4,4,4,4,4,4,4,4,4,4,4,4,4,4,4,4,4,4,4,4,4,4,4,4,4,4,4,4,4,4,4,4,4,4,4,4,4,4,4,4,4,4,4,4,4,4,4,4,4,4,4,4,4,4,4,4,4,4,4,4,4,4,4,4,4,4,4,4,4,4,4,4,4,4,4,AFCX01001364.1/2027-1880,1
1805,0,2,0,3,2,1,3,1,0,3,3,1,4,1,0,3,4,1,3,4,1,3,3,0,3,2,3,3,4,1,2,1,1,3,4,4,4,4,4,4,4,4,4,4,4,4,4,4,4,4,4,4,4,4,4,4,3,0,4,4,4,4,4,4,4,4,4,4,4,4,4,4,4,4,4,4,4,4,4,2,3,2,1,1,3,1,0,3,0,0,0,1,3,1,0,4,2,2,0,4,0,3,2,0,1,2,1,0,4,4,4,4,2,0,2,1,1,2,4,4,3,3,3,0,1,2,2,3,2,1,3,3,0,3,1,2,3,1,1,4,0,1,3,2,0,4,1,0,2,0,3,2,3,1,4,4,4,4,4,4,4,4,4,2,1,3,3,0,3,4,4,4,2,1,1,4,4,4,4,4,4,4,4,4,4,4,4,4,4,4,4,4,4,4,4,4,4,4,4,4,4,4,4,4,4,4,4,4,3,4,4,1,0,3,1,0,4,2,0,1,0,1,4,4,1,0,4,3,2,2,0,1,0,1,0,0,1,2,3,3,2,0,4,4,4,4,4,2,3,2,0,0,2,1,0,1,1,1,0,1,3,3,4,4,4,4,4,4,4,4,4,4,4,4,4,4,4,4,4,4,4,4,4,4,4,4,4,4,4,4,4,4,4,4,4,4,4,4,4,4,4,4,4,4,4,4,4,4,4,4,4,4,4,4,4,4,4,4,4,4,4,4,4,4,4,4,4,4,4,4,4,4,4,4,4,4,4,4,4,4,4,4,4,4,4,4,4,4,4,4,4,4,4,4,4,4,4,4,4,4,4,4,4,4,4,4,4,4,4,4,4,4,4,4,4,4,4,4,4,4,4,4,4,4,4,4,4,4,4,4,4,4,4,4,4,4,4,4,4,4,4,4,4,4,4,4,4,4,4,4,4,4,4,4,4,4,4,4,4,4,4,4,4,4,4,4,4,4,4,4,4,4,4,4,4,4,4,4,4,4,4,4,4,4,4,4,4,4,4,4,4,4,4,4,4,4,4,AEJY01000074.1/3759-3907,1
1806,0,2,3,3,2,1,3,1,0,3,3,1,4,0,1,1,4,3,3,4,3,3,3,0,3,2,0,3,4,0,2,1,1,1,1,2,1,0,0,3,3,4,0,0,2,1,2,2,0,3,4,2,0,3,2,1,4,4,4,4,4,4,4,4,4,4,4,4,4,4,4,4,4,4,4,4,4,4,4,4,4,2,1,3,3,1,0,3,0,0,2,1,1,3,1,4,1,2,0,4,0,3,2,0,3,2,1,1,4,4,4,4,3,0,0,2,4,4,4,4,4,4,0,1,3,2,2,3,2,1,1,3,0,3,1,2,3,1,1,0,1,1,3,0,0,0,1,1,2,0,1,0,3,3,2,3,2,3,4,4,4,4,4,2,0,0,0,2,1,4,4,4,0,1,0,4,4,4,4,4,4,4,4,4,4,4,4,4,4,4,4,4,4,4,4,4,4,4,4,4,4,4,4,4,4,4,4,4,3,4,4,3,0,3,1,0,4,0,0,1,0,3,4,4,1,4,4,4,2,2,0,1,2,0,1,0,1,2,3,3,2,0,4,4,4,4,4,2,3,2,0,2,2,1,0,1,1,2,1,1,3,0,4,4,4,4,4,4,4,4,4,4,4,4,4,4,4,4,4,4,4,4,4,4,4,4,4,4,4,4,4,4,4,4,4,4,4,4,4,4,4,4,4,4,4,4,4,4,4,4,4,4,4,4,4,4,4,4,4,4,4,4,4,4,4,4,4,4,4,4,4,4,4,4,4,4,4,4,4,4,4,4,4,4,4,4,4,4,4,4,4,4,4,4,4,4,4,4,4,4,4,4,4,4,4,4,4,4,4,4,4,4,4,4,4,4,4,4,4,4,4,4,4,4,4,4,4,4,4,4,4,4,4,4,4,4,4,4,4,4,4,4,4,4,4,4,4,4,4,4,4,4,4,4,4,4,4,4,4,4,4,4,4,4,4,4,4,4,4,4,4,4,4,4,4,4,4,4,4,4,4,4,4,4,4,4,4,4,4,4,4,4,4,4,4,4,4,CP000901.1/3847733-3847897,1
1807,0,2,3,2,2,1,3,1,0,3,3,1,4,0,1,1,4,2,0,4,1,3,3,0,3,2,3,1,4,0,2,1,4,4,4,4,1,1,1,3,3,4,1,2,2,4,4,4,4,4,4,2,0,1,2,3,4,4,4,4,4,4,4,4,4,4,4,4,4,4,4,4,4,4,4,4,4,4,4,4,4,2,1,3,0,1,0,3,0,0,0,0,3,4,3,4,1,2,0,4,0,3,2,0,1,2,1,0,4,4,4,4,1,0,0,4,4,4,4,4,4,4,1,0,0,2,2,3,2,1,1,3,2,1,1,2,3,1,1,0,0,1,3,3,4,4,1,3,2,0,3,0,3,1,0,4,4,4,4,4,4,4,4,2,1,2,3,0,4,4,4,4,2,1,3,4,4,4,4,4,4,4,4,4,4,4,4,4,4,4,4,4,4,4,4,4,4,4,4,4,4,4,4,4,4,4,4,4,0,4,4,3,0,3,1,0,4,0,1,1,0,3,4,4,1,4,4,4,2,2,2,1,2,0,0,0,1,2,3,1,2,0,4,4,4,4,4,2,3,3,0,2,2,1,0,1,1,2,1,1,3,3,4,4,4,4,4,4,4,4,4,4,4,4,4,4,4,4,4,4,4,4,4,4,4,4,4,4,4,4,4,4,4,4,4,4,4,4,4,4,4,4,4,4,4,4,4,4,4,4,4,4,4,4,4,4,4,4,4,4,4,4,4,4,4,4,4,4,4,4,4,4,4,4,4,4,4,4,4,4,4,4,4,4,4,4,4,4,4,4,4,4,4,4,4,4,4,4,4,4,4,4,4,4,4,4,4,4,4,4,4,4,4,4,4,4,4,4,4,4,4,4,4,4,4,4,4,4,4,4,4,4,4,4,4,4,4,4,4,4,4,4,4,4,4,4,4,4,4,4,4,4,4,4,4,4,4,4,4,4,4,4,4,4,4,4,4,4,4,4,4,4,4,4,4,4,4,4,4,4,4,4,4,4,4,4,4,4,4,4,4,4,4,4,4,4,4,AEZS01000026.1/61376-61229,1
1808,0,2,0,3,2,1,3,1,0,3,3,1,4,1,0,3,4,1,3,4,1,3,3,0,3,2,3,3,4,1,2,1,1,3,3,4,1,4,4,4,4,4,4,4,4,4,4,4,4,4,4,4,4,4,4,4,3,4,4,4,4,4,4,4,4,4,4,4,4,4,4,4,4,4,4,4,4,4,4,4,2,2,1,1,3,1,0,3,0,0,0,1,3,1,0,4,2,2,0,4,0,3,2,0,3,2,1,0,4,4,4,4,2,0,2,1,1,2,4,4,3,3,3,0,1,2,2,3,2,1,3,3,0,3,1,2,3,1,1,4,0,1,3,2,0,4,1,0,2,0,3,2,3,1,4,4,4,4,4,4,4,4,4,2,1,3,3,0,1,4,4,4,2,1,1,4,4,4,4,4,4,4,4,4,4,4,4,4,4,4,4,4,4,4,4,4,4,4,4,4,4,4,4,4,4,4,4,4,3,4,4,1,0,3,1,0,4,0,0,1,0,1,4,4,1,1,4,3,2,2,0,1,0,1,0,0,1,2,3,3,2,0,4,4,4,4,4,2,3,2,0,0,2,1,0,1,1,1,1,3,3,3,4,4,4,4,4,4,4,4,4,4,4,4,4,4,4,4,4,4,4,4,4,4,4,4,4,4,4,4,4,4,4,4,4,4,4,4,4,4,4,4,4,4,4,4,4,4,4,4,4,4,4,4,4,4,4,4,4,4,4,4,4,4,4,4,4,4,4,4,4,4,4,4,4,4,4,4,4,4,4,4,4,4,4,4,4,4,4,4,4,4,4,4,4,4,4,4,4,4,4,4,4,4,4,4,4,4,4,4,4,4,4,4,4,4,4,4,4,4,4,4,4,4,4,4,4,4,4,4,4,4,4,4,4,4,4,4,4,4,4,4,4,4,4,4,4,4,4,4,4,4,4,4,4,4,4,4,4,4,4,4,4,4,4,4,4,4,4,4,4,4,4,4,4,4,4,4,4,4,4,4,4,4,4,4,4,4,4,4,4,4,4,4,4,4,4,AETM01000035.1/2360-2212,1
1809,0,2,0,3,2,1,3,1,0,3,3,1,4,1,0,3,4,1,3,4,1,3,3,0,3,2,3,3,4,1,2,1,1,3,4,4,4,4,4,4,4,4,4,4,4,4,4,4,4,4,4,4,4,4,4,4,3,0,4,4,4,4,4,4,4,4,4,4,4,4,4,4,4,4,4,4,4,4,4,2,3,2,1,1,3,1,0,3,0,0,0,1,3,1,1,4,2,2,0,4,0,3,2,0,1,2,1,0,4,4,4,4,2,0,2,1,1,2,4,4,3,3,3,0,1,2,2,3,2,1,3,3,0,3,1,2,3,1,1,4,0,1,3,2,0,4,1,0,2,0,3,2,3,1,4,4,4,4,4,4,4,4,4,2,1,3,3,0,3,4,4,4,2,1,1,4,4,4,4,4,4,4,4,4,4,4,4,4,4,4,4,4,4,4,4,4,4,4,4,4,4,4,4,4,4,4,4,4,3,4,4,1,0,3,1,0,4,2,0,1,0,1,4,4,1,0,4,3,2,2,0,1,0,1,0,0,1,2,3,3,2,0,4,4,4,4,4,2,3,2,0,0,2,1,0,1,1,1,0,1,3,3,4,4,4,4,4,4,4,4,4,4,4,4,4,4,4,4,4,4,4,4,4,4,4,4,4,4,4,4,4,4,4,4,4,4,4,4,4,4,4,4,4,4,4,4,4,4,4,4,4,4,4,4,4,4,4,4,4,4,4,4,4,4,4,4,4,4,4,4,4,4,4,4,4,4,4,4,4,4,4,4,4,4,4,4,4,4,4,4,4,4,4,4,4,4,4,4,4,4,4,4,4,4,4,4,4,4,4,4,4,4,4,4,4,4,4,4,4,4,4,4,4,4,4,4,4,4,4,4,4,4,4,4,4,4,4,4,4,4,4,4,4,4,4,4,4,4,4,4,4,4,4,4,4,4,4,4,4,4,4,4,4,4,4,4,4,4,4,4,4,4,4,4,4,4,4,4,4,4,4,4,4,4,4,4,4,4,4,4,4,4,4,4,4,4,4,AEZM01000056.1/205187-205039,1
1810,0,2,0,3,2,1,3,1,0,3,3,1,4,1,0,3,4,1,3,4,1,3,3,0,3,2,3,3,4,1,2,1,1,3,3,4,1,4,4,4,4,4,4,4,4,4,4,4,4,4,4,4,4,4,4,4,3,4,4,4,4,4,4,4,4,4,4,4,4,4,4,4,4,4,4,4,4,4,4,4,2,2,1,1,3,1,0,3,0,0,0,1,3,1,0,4,2,2,0,4,0,3,2,0,3,2,1,0,4,4,4,4,2,0,2,1,1,2,4,4,3,3,3,0,1,2,2,3,2,1,3,3,0,3,1,2,3,1,1,4,0,1,3,2,0,4,1,0,2,0,3,2,3,1,4,4,4,4,4,4,4,4,4,2,1,3,3,0,1,4,4,4,2,1,1,4,4,4,4,4,4,4,4,4,4,4,4,4,4,4,4,4,4,4,4,4,4,4,4,4,4,4,4,4,4,4,4,4,3,4,4,1,0,3,1,0,4,0,0,1,0,1,4,4,1,1,4,3,2,2,0,1,0,1,0,0,1,2,3,3,2,0,4,4,4,4,4,2,3,2,0,0,2,1,0,1,1,1,1,3,3,3,4,4,4,4,4,4,4,4,4,4,4,4,4,4,4,4,4,4,4,4,4,4,4,4,4,4,4,4,4,4,4,4,4,4,4,4,4,4,4,4,4,4,4,4,4,4,4,4,4,4,4,4,4,4,4,4,4,4,4,4,4,4,4,4,4,4,4,4,4,4,4,4,4,4,4,4,4,4,4,4,4,4,4,4,4,4,4,4,4,4,4,4,4,4,4,4,4,4,4,4,4,4,4,4,4,4,4,4,4,4,4,4,4,4,4,4,4,4,4,4,4,4,4,4,4,4,4,4,4,4,4,4,4,4,4,4,4,4,4,4,4,4,4,4,4,4,4,4,4,4,4,4,4,4,4,4,4,4,4,4,4,4,4,4,4,4,4,4,4,4,4,4,4,4,4,4,4,4,4,4,4,4,4,4,4,4,4,4,4,4,4,4,4,4,4,AESN01000029.1/14889-15037,1
1811,0,2,3,2,2,1,3,1,0,3,3,1,4,0,1,1,4,2,0,4,1,3,3,0,3,2,3,1,4,0,2,1,4,4,4,4,1,1,1,3,3,4,1,2,2,4,4,4,4,4,4,2,0,1,2,3,4,4,4,4,4,4,4,4,4,4,4,4,4,4,4,4,4,4,4,4,4,4,4,4,4,2,1,3,0,1,0,3,0,0,0,0,3,4,3,4,1,2,0,4,0,3,2,0,1,2,1,0,4,4,4,4,1,0,0,4,4,4,4,4,4,4,1,0,0,2,2,3,2,1,1,3,2,1,1,2,3,1,1,0,0,1,3,3,4,4,1,3,2,0,3,0,3,1,0,4,4,4,4,4,4,4,4,2,1,3,3,0,4,4,4,4,2,1,3,4,4,4,4,4,4,4,4,4,4,4,4,4,4,4,4,4,4,4,4,4,4,4,4,4,4,4,4,4,4,4,4,4,0,4,4,3,0,3,1,0,4,0,1,1,0,3,4,4,1,4,4,4,2,2,2,1,2,0,0,0,1,2,3,1,2,0,4,4,4,4,4,2,3,3,0,2,2,1,0,1,1,2,1,1,3,3,4,4,4,4,4,4,4,4,4,4,4,4,4,4,4,4,4,4,4,4,4,4,4,4,4,4,4,4,4,4,4,4,4,4,4,4,4,4,4,4,4,4,4,4,4,4,4,4,4,4,4,4,4,4,4,4,4,4,4,4,4,4,4,4,4,4,4,4,4,4,4,4,4,4,4,4,4,4,4,4,4,4,4,4,4,4,4,4,4,4,4,4,4,4,4,4,4,4,4,4,4,4,4,4,4,4,4,4,4,4,4,4,4,4,4,4,4,4,4,4,4,4,4,4,4,4,4,4,4,4,4,4,4,4,4,4,4,4,4,4,4,4,4,4,4,4,4,4,4,4,4,4,4,4,4,4,4,4,4,4,4,4,4,4,4,4,4,4,4,4,4,4,4,4,4,4,4,4,4,4,4,4,4,4,4,4,4,4,4,4,4,4,4,4,4,CP002797.2/2692988-2692841,1
1812,0,2,3,2,2,1,3,1,0,3,3,1,4,0,1,1,4,2,0,4,1,3,3,0,3,2,3,1,4,0,2,1,4,4,4,4,1,1,1,3,3,4,1,2,2,4,4,4,4,4,4,2,0,1,2,3,4,4,4,4,4,4,4,4,4,4,4,4,4,4,4,4,4,4,4,4,4,4,4,4,4,2,1,3,0,1,0,3,0,0,0,0,3,4,3,4,1,2,0,4,0,3,2,0,1,2,1,0,4,4,4,4,1,0,0,4,4,4,4,4,4,4,1,0,0,2,2,3,2,1,1,3,2,1,1,2,3,1,1,0,0,1,3,3,4,4,1,3,2,0,3,0,3,1,0,4,4,4,4,4,4,4,4,2,1,2,3,0,4,4,4,4,2,1,3,4,4,4,4,4,4,4,4,4,4,4,4,4,4,4,4,4,4,4,4,4,4,4,4,4,4,4,4,4,4,4,4,4,0,4,4,3,0,3,1,0,4,0,1,1,0,3,4,4,1,4,4,4,2,2,2,1,2,0,0,0,1,2,3,1,2,0,4,4,4,4,4,2,3,3,0,2,2,1,0,1,1,2,1,1,3,3,4,4,4,4,4,4,4,4,4,4,4,4,4,4,4,4,4,4,4,4,4,4,4,4,4,4,4,4,4,4,4,4,4,4,4,4,4,4,4,4,4,4,4,4,4,4,4,4,4,4,4,4,4,4,4,4,4,4,4,4,4,4,4,4,4,4,4,4,4,4,4,4,4,4,4,4,4,4,4,4,4,4,4,4,4,4,4,4,4,4,4,4,4,4,4,4,4,4,4,4,4,4,4,4,4,4,4,4,4,4,4,4,4,4,4,4,4,4,4,4,4,4,4,4,4,4,4,4,4,4,4,4,4,4,4,4,4,4,4,4,4,4,4,4,4,4,4,4,4,4,4,4,4,4,4,4,4,4,4,4,4,4,4,4,4,4,4,4,4,4,4,4,4,4,4,4,4,4,4,4,4,4,4,4,4,4,4,4,4,4,4,4,4,4,4,AEFA01000017.1/37199-37346,1
1813,0,2,3,2,2,1,3,1,0,3,3,1,4,0,1,1,4,2,0,4,1,3,3,0,3,2,3,1,4,0,2,1,4,4,4,4,1,1,1,3,3,4,1,2,2,4,4,4,4,4,4,2,0,1,2,3,4,4,4,4,4,4,4,4,4,4,4,4,4,4,4,4,4,4,4,4,4,4,4,4,4,2,1,3,0,1,0,3,0,0,0,0,3,4,3,4,1,2,0,4,0,3,2,0,1,2,1,0,4,4,4,4,1,0,0,4,4,4,4,4,4,4,1,0,0,2,2,3,2,1,1,3,2,1,1,2,3,1,1,0,0,1,3,3,4,4,1,3,2,0,3,0,3,1,0,4,4,4,4,4,4,4,4,2,1,2,3,0,4,4,4,4,2,1,3,4,4,4,4,4,4,4,4,4,4,4,4,4,4,4,4,4,4,4,4,4,4,4,4,4,4,4,4,4,4,4,4,4,0,4,4,3,0,3,1,0,4,0,1,1,0,3,4,4,1,4,4,4,2,2,2,1,2,0,0,0,1,2,3,1,2,0,4,4,4,4,4,2,3,3,0,2,2,1,0,1,1,2,1,1,3,3,4,4,4,4,4,4,4,4,4,4,4,4,4,4,4,4,4,4,4,4,4,4,4,4,4,4,4,4,4,4,4,4,4,4,4,4,4,4,4,4,4,4,4,4,4,4,4,4,4,4,4,4,4,4,4,4,4,4,4,4,4,4,4,4,4,4,4,4,4,4,4,4,4,4,4,4,4,4,4,4,4,4,4,4,4,4,4,4,4,4,4,4,4,4,4,4,4,4,4,4,4,4,4,4,4,4,4,4,4,4,4,4,4,4,4,4,4,4,4,4,4,4,4,4,4,4,4,4,4,4,4,4,4,4,4,4,4,4,4,4,4,4,4,4,4,4,4,4,4,4,4,4,4,4,4,4,4,4,4,4,4,4,4,4,4,4,4,4,4,4,4,4,4,4,4,4,4,4,4,4,4,4,4,4,4,4,4,4,4,4,4,4,4,4,4,AE014073.1/2669798-2669651,1
1814,0,2,3,2,2,1,3,1,0,3,3,1,4,0,1,1,4,2,0,4,1,3,3,0,3,2,3,1,4,0,2,1,4,4,4,4,1,1,1,3,3,4,1,2,2,4,4,4,4,4,4,2,0,1,2,3,4,4,4,4,4,4,4,4,4,4,4,4,4,4,4,4,4,4,4,4,4,4,4,4,4,2,1,3,0,1,0,3,0,0,0,0,3,4,3,4,1,2,0,4,0,3,2,0,1,2,1,0,4,4,4,4,1,0,0,4,4,4,4,4,4,4,1,0,0,2,2,3,2,1,1,3,2,1,1,2,3,1,1,0,0,1,3,3,4,4,1,3,2,0,3,0,3,1,0,4,4,4,4,4,4,4,4,2,1,2,3,0,4,4,4,4,2,1,3,4,4,4,4,4,4,4,4,4,4,4,4,4,4,4,4,4,4,4,4,4,4,4,4,4,4,4,4,4,4,4,4,4,0,4,4,3,0,3,1,0,4,0,1,1,0,3,4,4,1,4,4,4,2,2,2,1,2,0,0,0,1,2,3,1,2,0,4,4,4,4,4,2,3,3,0,2,2,1,0,1,1,2,1,1,3,3,4,4,4,4,4,4,4,4,4,4,4,4,4,4,4,4,4,4,4,4,4,4,4,4,4,4,4,4,4,4,4,4,4,4,4,4,4,4,4,4,4,4,4,4,4,4,4,4,4,4,4,4,4,4,4,4,4,4,4,4,4,4,4,4,4,4,4,4,4,4,4,4,4,4,4,4,4,4,4,4,4,4,4,4,4,4,4,4,4,4,4,4,4,4,4,4,4,4,4,4,4,4,4,4,4,4,4,4,4,4,4,4,4,4,4,4,4,4,4,4,4,4,4,4,4,4,4,4,4,4,4,4,4,4,4,4,4,4,4,4,4,4,4,4,4,4,4,4,4,4,4,4,4,4,4,4,4,4,4,4,4,4,4,4,4,4,4,4,4,4,4,4,4,4,4,4,4,4,4,4,4,4,4,4,4,4,4,4,4,4,4,4,4,4,4,AERR01000041.1/252440-252293,1
1815,0,2,3,2,2,1,3,1,0,3,3,1,4,0,1,1,4,2,0,4,1,3,3,0,3,2,3,1,4,0,2,1,4,4,4,4,1,1,1,3,3,4,1,2,2,4,4,4,4,4,4,2,0,3,2,3,4,4,4,4,4,4,4,4,4,4,4,4,4,4,4,4,4,4,4,4,4,4,4,4,4,2,1,3,0,1,0,3,0,0,0,0,3,4,3,4,1,2,0,4,0,3,2,0,1,2,1,0,4,4,4,4,1,0,0,4,4,4,4,4,4,4,1,0,0,2,2,3,2,1,1,3,2,1,1,2,3,1,1,0,0,1,3,3,4,4,1,3,2,0,3,0,3,1,0,4,4,4,4,4,4,4,4,2,1,2,3,0,4,4,4,4,2,1,3,4,4,4,4,4,4,4,4,4,4,4,4,4,4,4,4,4,4,4,4,4,4,4,4,4,4,4,4,4,4,4,4,4,0,4,4,3,0,3,1,0,4,0,1,1,0,3,4,4,1,4,4,4,2,2,2,1,2,0,0,0,1,2,3,1,2,0,4,4,4,4,4,2,3,3,0,2,2,1,0,1,1,2,1,1,3,3,4,4,4,4,4,4,4,4,4,4,4,4,4,4,4,4,4,4,4,4,4,4,4,4,4,4,4,4,4,4,4,4,4,4,4,4,4,4,4,4,4,4,4,4,4,4,4,4,4,4,4,4,4,4,4,4,4,4,4,4,4,4,4,4,4,4,4,4,4,4,4,4,4,4,4,4,4,4,4,4,4,4,4,4,4,4,4,4,4,4,4,4,4,4,4,4,4,4,4,4,4,4,4,4,4,4,4,4,4,4,4,4,4,4,4,4,4,4,4,4,4,4,4,4,4,4,4,4,4,4,4,4,4,4,4,4,4,4,4,4,4,4,4,4,4,4,4,4,4,4,4,4,4,4,4,4,4,4,4,4,4,4,4,4,4,4,4,4,4,4,4,4,4,4,4,4,4,4,4,4,4,4,4,4,4,4,4,4,4,4,4,4,4,4,4,ADUN01000062.1/152711-152564,1
1816,0,2,3,2,2,1,3,1,0,3,3,1,4,0,1,1,4,2,0,4,1,3,3,0,3,2,3,1,4,0,2,1,4,4,4,4,1,1,1,3,3,4,1,2,2,4,4,4,4,4,4,2,0,1,2,3,4,4,4,4,4,4,4,4,4,4,4,4,4,4,4,4,4,4,4,4,4,4,4,4,4,2,1,3,0,1,0,3,0,0,0,0,3,4,3,4,1,2,0,4,0,3,2,0,1,2,1,0,4,4,4,4,1,0,0,4,4,4,4,4,4,4,1,0,0,2,2,3,2,1,1,3,2,1,1,2,3,1,1,0,0,1,3,3,4,4,1,3,2,0,3,0,3,1,0,4,4,4,4,4,4,4,4,2,1,3,3,0,4,4,4,4,2,1,3,4,4,4,4,4,4,4,4,4,4,4,4,4,4,4,4,4,4,4,4,4,4,4,4,4,4,4,4,4,4,4,4,4,0,4,4,3,0,3,1,0,4,0,1,1,1,3,4,4,1,4,4,4,2,2,2,1,2,0,0,0,1,2,3,1,2,0,4,4,4,4,4,2,3,3,0,2,2,1,0,1,1,2,1,1,3,3,4,4,4,4,4,4,4,4,4,4,4,4,4,4,4,4,4,4,4,4,4,4,4,4,4,4,4,4,4,4,4,4,4,4,4,4,4,4,4,4,4,4,4,4,4,4,4,4,4,4,4,4,4,4,4,4,4,4,4,4,4,4,4,4,4,4,4,4,4,4,4,4,4,4,4,4,4,4,4,4,4,4,4,4,4,4,4,4,4,4,4,4,4,4,4,4,4,4,4,4,4,4,4,4,4,4,4,4,4,4,4,4,4,4,4,4,4,4,4,4,4,4,4,4,4,4,4,4,4,4,4,4,4,4,4,4,4,4,4,4,4,4,4,4,4,4,4,4,4,4,4,4,4,4,4,4,4,4,4,4,4,4,4,4,4,4,4,4,4,4,4,4,4,4,4,4,4,4,4,4,4,4,4,4,4,4,4,4,4,4,4,4,4,4,4,AEXD01000017.1/302400-302253,1
1817,0,2,3,2,2,1,3,1,0,3,3,1,4,0,1,1,4,3,3,4,1,3,3,0,3,2,3,1,4,0,2,1,4,4,4,4,1,1,1,3,3,4,0,2,2,4,4,4,4,4,4,2,0,1,2,1,4,4,4,4,4,4,4,4,4,4,4,4,4,4,4,4,4,4,4,4,4,4,4,4,4,2,1,3,0,1,0,3,0,0,0,1,3,4,3,4,1,2,0,4,0,3,2,0,1,2,1,0,4,4,4,4,1,0,0,4,4,4,4,4,4,4,1,0,0,2,2,3,2,1,1,3,2,1,1,2,3,1,3,0,0,1,3,3,4,4,1,3,2,0,3,0,0,3,0,4,4,4,4,4,4,4,4,2,1,2,3,0,4,4,4,4,2,1,3,4,4,4,4,4,4,4,4,4,4,4,4,4,4,4,4,4,4,4,4,4,4,4,4,4,4,4,4,4,4,4,4,4,3,4,4,3,0,3,1,0,4,0,1,1,3,1,4,4,1,4,4,4,2,2,2,1,2,0,0,0,1,2,3,1,2,0,4,4,4,4,4,2,3,3,0,2,2,1,0,1,1,2,1,1,3,3,4,4,4,4,4,4,4,4,4,4,4,4,4,4,4,4,4,4,4,4,4,4,4,4,4,4,4,4,4,4,4,4,4,4,4,4,4,4,4,4,4,4,4,4,4,4,4,4,4,4,4,4,4,4,4,4,4,4,4,4,4,4,4,4,4,4,4,4,4,4,4,4,4,4,4,4,4,4,4,4,4,4,4,4,4,4,4,4,4,4,4,4,4,4,4,4,4,4,4,4,4,4,4,4,4,4,4,4,4,4,4,4,4,4,4,4,4,4,4,4,4,4,4,4,4,4,4,4,4,4,4,4,4,4,4,4,4,4,4,4,4,4,4,4,4,4,4,4,4,4,4,4,4,4,4,4,4,4,4,4,4,4,4,4,4,4,4,4,4,4,4,4,4,4,4,4,4,4,4,4,4,4,4,4,4,4,4,4,4,4,4,4,4,4,4,CAAX01002226.1/366-219,1
1818,0,2,0,3,2,1,3,1,0,3,3,1,4,1,0,3,4,1,3,4,1,3,3,0,3,2,3,3,4,1,2,1,1,3,3,4,1,4,4,4,4,4,4,4,4,4,4,4,4,4,4,4,4,4,4,4,3,4,4,4,4,4,4,4,4,4,4,4,4,4,4,4,4,4,4,4,4,4,4,4,2,2,1,1,3,1,0,3,0,0,0,1,3,1,0,4,2,2,0,4,0,3,2,0,3,2,1,0,4,4,4,4,2,0,2,1,1,2,4,4,3,3,3,0,1,2,2,3,2,1,3,3,0,3,1,2,3,1,1,4,0,1,3,2,0,4,1,0,2,0,3,2,3,1,4,4,4,4,4,4,4,4,4,2,1,3,3,0,1,4,4,4,2,1,1,4,4,4,4,4,4,4,4,4,4,4,4,4,4,4,4,4,4,4,4,4,4,4,4,4,4,4,4,4,4,4,4,4,3,4,4,1,0,3,1,0,4,0,0,1,0,1,4,4,1,1,4,3,2,2,0,1,0,1,0,0,1,2,3,3,2,0,4,4,4,4,4,2,3,2,0,0,2,1,0,1,1,1,1,3,3,3,4,4,4,4,4,4,4,4,4,4,4,4,4,4,4,4,4,4,4,4,4,4,4,4,4,4,4,4,4,4,4,4,4,4,4,4,4,4,4,4,4,4,4,4,4,4,4,4,4,4,4,4,4,4,4,4,4,4,4,4,4,4,4,4,4,4,4,4,4,4,4,4,4,4,4,4,4,4,4,4,4,4,4,4,4,4,4,4,4,4,4,4,4,4,4,4,4,4,4,4,4,4,4,4,4,4,4,4,4,4,4,4,4,4,4,4,4,4,4,4,4,4,4,4,4,4,4,4,4,4,4,4,4,4,4,4,4,4,4,4,4,4,4,4,4,4,4,4,4,4,4,4,4,4,4,4,4,4,4,4,4,4,4,4,4,4,4,4,4,4,4,4,4,4,4,4,4,4,4,4,4,4,4,4,4,4,4,4,4,4,4,4,4,4,4,AESH01000048.1/39701-39849,1
1819,0,2,0,3,2,1,3,1,0,3,3,1,4,1,0,3,4,1,3,4,1,3,3,0,3,2,3,3,4,1,2,1,1,3,3,4,1,4,4,4,4,4,4,4,4,4,4,4,4,4,4,4,4,4,4,4,3,4,4,4,4,4,4,4,4,4,4,4,4,4,4,4,4,4,4,4,4,4,4,4,2,2,1,1,3,1,0,3,0,0,0,1,3,1,0,4,2,2,0,4,0,3,2,0,3,2,1,0,4,4,4,4,2,0,2,1,1,2,4,4,3,3,3,0,1,2,2,3,2,1,3,3,0,3,1,2,3,1,1,4,0,1,3,2,0,4,1,0,2,0,3,2,3,1,4,4,4,4,4,4,4,4,4,2,1,3,3,0,1,4,4,4,2,1,1,4,4,4,4,4,4,4,4,4,4,4,4,4,4,4,4,4,4,4,4,4,4,4,4,4,4,4,4,4,4,4,4,4,3,4,4,1,0,3,1,0,4,0,0,1,0,1,4,4,1,1,4,3,2,2,0,1,0,1,0,0,1,2,3,3,2,0,4,4,4,4,4,2,3,2,0,0,2,1,0,1,1,1,1,3,3,3,4,4,4,4,4,4,4,4,4,4,4,4,4,4,4,4,4,4,4,4,4,4,4,4,4,4,4,4,4,4,4,4,4,4,4,4,4,4,4,4,4,4,4,4,4,4,4,4,4,4,4,4,4,4,4,4,4,4,4,4,4,4,4,4,4,4,4,4,4,4,4,4,4,4,4,4,4,4,4,4,4,4,4,4,4,4,4,4,4,4,4,4,4,4,4,4,4,4,4,4,4,4,4,4,4,4,4,4,4,4,4,4,4,4,4,4,4,4,4,4,4,4,4,4,4,4,4,4,4,4,4,4,4,4,4,4,4,4,4,4,4,4,4,4,4,4,4,4,4,4,4,4,4,4,4,4,4,4,4,4,4,4,4,4,4,4,4,4,4,4,4,4,4,4,4,4,4,4,4,4,4,4,4,4,4,4,4,4,4,4,4,4,4,4,4,CP000026.1/3919863-3920011,1
1820,0,2,3,3,2,1,3,1,0,3,3,1,4,0,0,1,4,3,2,4,2,3,3,0,3,2,0,3,3,2,1,2,3,3,2,4,1,3,0,0,1,4,3,2,2,1,0,0,0,1,4,0,3,3,3,3,4,4,4,4,4,4,4,4,4,4,4,4,4,4,4,4,4,4,4,4,4,4,4,4,4,1,2,1,3,1,0,3,0,0,1,0,3,1,3,4,2,2,0,4,0,3,2,0,3,2,1,1,4,4,4,4,0,0,0,0,2,4,4,4,4,0,0,0,2,2,2,3,2,1,1,3,0,3,1,2,3,1,1,0,1,1,0,2,0,4,1,1,2,0,3,0,0,3,1,2,2,2,1,4,4,2,3,2,0,0,0,0,1,2,4,0,0,1,2,4,4,4,4,4,4,4,4,4,4,4,4,4,4,4,4,4,4,4,4,4,4,4,4,4,4,4,4,4,4,4,4,4,3,4,4,3,0,3,1,0,4,0,2,1,0,3,4,4,1,4,4,4,2,2,2,1,2,0,1,0,1,2,3,3,2,0,4,4,4,4,4,2,3,2,0,2,2,1,0,1,1,2,1,1,3,0,4,4,4,4,4,4,4,4,4,4,4,4,4,4,4,4,4,4,4,4,4,4,4,4,4,4,4,4,4,4,4,4,4,4,4,4,4,4,4,4,4,4,4,4,4,4,4,4,4,4,4,4,4,4,4,4,4,4,4,4,4,4,4,4,4,4,4,4,4,4,4,4,4,4,4,4,4,4,4,4,4,4,4,4,4,4,4,4,4,4,4,4,4,4,4,4,4,4,4,4,4,4,4,4,4,4,4,4,4,4,4,4,4,4,4,4,4,4,4,4,4,4,4,4,4,4,4,4,4,4,4,4,4,4,4,4,4,4,4,4,4,4,4,4,4,4,4,4,4,4,4,4,4,4,4,4,4,4,4,4,4,4,4,4,4,4,4,4,4,4,4,4,4,4,4,4,4,4,4,4,4,4,4,4,4,4,4,4,4,4,4,4,4,4,4,ABVX01000009.1/84101-83931,1
1821,0,2,3,2,2,1,3,1,0,3,3,1,4,0,1,1,4,3,3,4,1,3,3,0,3,2,3,1,4,0,2,1,4,4,4,4,1,1,1,3,3,4,1,2,2,4,4,4,4,4,4,2,0,0,2,1,4,4,4,4,4,4,4,4,4,4,4,4,4,4,4,4,4,4,4,4,4,4,4,4,4,2,1,3,0,1,0,3,0,0,0,1,3,4,3,4,1,2,0,4,0,3,2,0,1,2,1,0,4,4,4,4,1,0,0,4,4,4,4,4,4,4,1,0,0,2,2,3,2,1,1,3,2,1,1,2,3,1,1,0,0,1,0,3,4,4,1,3,2,0,3,0,3,1,0,4,4,4,4,4,4,4,4,2,1,2,3,0,2,4,4,4,1,3,1,4,4,4,4,4,4,4,4,4,4,4,4,4,4,4,4,4,4,4,4,4,4,4,4,4,4,4,4,4,4,4,4,4,0,4,4,3,0,3,1,0,4,0,1,1,3,1,4,4,1,4,4,4,2,2,2,1,2,0,0,0,1,2,3,1,2,0,4,4,4,4,4,2,3,3,0,2,2,1,0,1,1,2,1,1,3,3,4,4,4,4,4,4,4,4,4,4,4,4,4,4,4,4,4,4,4,4,4,4,4,4,4,4,4,4,4,4,4,4,4,4,4,4,4,4,4,4,4,4,4,4,4,4,4,4,4,4,4,4,4,4,4,4,4,4,4,4,4,4,4,4,4,4,4,4,4,4,4,4,4,4,4,4,4,4,4,4,4,4,4,4,4,4,4,4,4,4,4,4,4,4,4,4,4,4,4,4,4,4,4,4,4,4,4,4,4,4,4,4,4,4,4,4,4,4,4,4,4,4,4,4,4,4,4,4,4,4,4,4,4,4,4,4,4,4,4,4,4,4,4,4,4,4,4,4,4,4,4,4,4,4,4,4,4,4,4,4,4,4,4,4,4,4,4,4,4,4,4,4,4,4,4,4,4,4,4,4,4,4,4,4,4,4,4,4,4,4,4,4,4,4,4,ABWL02000002.1/36797-36945,1
1822,0,2,0,3,2,1,3,1,0,3,1,3,4,1,0,1,4,3,3,4,0,3,3,0,3,2,0,1,4,0,2,1,3,3,2,4,2,3,1,3,3,4,0,1,1,2,1,4,1,0,4,0,3,3,3,0,4,4,4,4,4,4,4,4,4,4,4,4,4,4,4,4,4,4,4,4,4,4,4,4,4,2,1,3,3,1,0,3,0,0,0,1,1,1,0,4,2,0,2,4,0,3,2,0,3,2,1,0,4,4,4,4,2,0,2,1,1,0,0,3,3,3,3,0,2,2,2,3,2,1,1,3,0,3,3,2,3,1,1,0,0,2,3,0,0,4,0,1,2,0,3,2,3,3,4,4,4,4,4,4,4,4,4,2,0,0,3,0,4,4,4,4,1,1,3,4,4,4,4,4,4,4,4,4,4,4,4,4,4,4,4,4,4,4,4,4,4,4,4,4,4,4,4,4,4,4,4,4,3,4,4,1,0,3,1,0,4,1,0,3,0,1,4,4,1,4,4,4,2,2,2,1,0,3,0,0,1,2,3,3,2,0,4,4,4,4,4,2,3,2,0,2,2,1,2,1,1,2,0,1,0,3,4,4,4,4,4,4,4,4,4,4,4,4,4,4,4,4,4,4,4,4,4,4,4,4,4,4,4,4,4,4,4,4,4,4,4,4,4,4,4,4,4,4,4,4,4,4,4,4,4,4,4,4,4,4,4,4,4,4,4,4,4,4,4,4,4,4,4,4,4,4,4,4,4,4,4,4,4,4,4,4,4,4,4,4,4,4,4,4,4,4,4,4,4,4,4,4,4,4,4,4,4,4,4,4,4,4,4,4,4,4,4,4,4,4,4,4,4,4,4,4,4,4,4,4,4,4,4,4,4,4,4,4,4,4,4,4,4,4,4,4,4,4,4,4,4,4,4,4,4,4,4,4,4,4,4,4,4,4,4,4,4,4,4,4,4,4,4,4,4,4,4,4,4,4,4,4,4,4,4,4,4,4,4,4,4,4,4,4,4,4,4,4,4,4,4,AALD02000050.1/26167-26329,1
1823,0,2,3,2,2,1,3,1,0,3,3,1,4,0,1,1,4,2,0,4,1,3,3,0,3,2,3,1,4,0,2,1,4,4,4,4,1,1,1,3,3,4,1,2,2,4,4,4,4,4,4,2,0,1,2,3,4,4,4,4,4,4,4,4,4,4,4,4,4,4,4,4,4,4,4,4,4,4,4,4,4,2,1,3,0,1,0,3,0,0,0,0,3,4,3,4,1,2,0,4,0,3,2,0,1,2,1,0,4,4,4,4,1,0,0,4,4,4,4,4,4,4,1,0,0,2,2,3,2,1,1,3,2,1,1,2,3,1,1,0,0,1,3,3,4,4,1,3,2,0,3,0,3,1,0,4,4,4,4,4,4,4,4,2,1,2,3,0,4,4,4,4,2,1,3,4,4,4,4,4,4,4,4,4,4,4,4,4,4,4,4,4,4,4,4,4,4,4,4,4,4,4,4,4,4,4,4,4,0,4,4,3,0,3,1,0,4,0,1,1,0,3,4,4,1,4,4,4,2,2,2,1,2,0,0,0,1,2,3,1,2,0,4,4,4,4,4,2,3,3,0,2,2,1,0,1,1,2,1,1,3,3,4,4,4,4,4,4,4,4,4,4,4,4,4,4,4,4,4,4,4,4,4,4,4,4,4,4,4,4,4,4,4,4,4,4,4,4,4,4,4,4,4,4,4,4,4,4,4,4,4,4,4,4,4,4,4,4,4,4,4,4,4,4,4,4,4,4,4,4,4,4,4,4,4,4,4,4,4,4,4,4,4,4,4,4,4,4,4,4,4,4,4,4,4,4,4,4,4,4,4,4,4,4,4,4,4,4,4,4,4,4,4,4,4,4,4,4,4,4,4,4,4,4,4,4,4,4,4,4,4,4,4,4,4,4,4,4,4,4,4,4,4,4,4,4,4,4,4,4,4,4,4,4,4,4,4,4,4,4,4,4,4,4,4,4,4,4,4,4,4,4,4,4,4,4,4,4,4,4,4,4,4,4,4,4,4,4,4,4,4,4,4,4,4,4,4,AFOB02000095.1/213393-213246,1
1824,0,2,3,3,2,1,3,1,0,3,3,1,4,0,1,1,4,3,3,4,3,3,3,0,3,2,0,3,4,0,2,1,1,1,1,2,1,0,0,3,3,4,0,0,2,1,2,2,0,3,4,2,0,3,2,1,4,4,4,4,4,4,4,4,4,4,4,4,4,4,4,4,4,4,4,4,4,4,4,4,4,2,1,3,3,1,0,3,0,0,2,1,1,3,1,4,1,2,0,4,0,3,2,0,3,2,1,1,4,4,4,4,3,0,0,2,4,4,4,4,4,4,0,1,3,2,2,3,2,1,1,3,0,3,1,2,3,1,1,0,1,1,3,0,0,0,1,1,2,0,1,0,3,3,2,3,2,3,4,4,4,4,4,2,0,0,0,2,1,4,4,4,0,1,0,4,4,4,4,4,4,4,4,4,4,4,4,4,4,4,4,4,4,4,4,4,4,4,4,4,4,4,4,4,4,4,4,4,3,4,4,3,0,3,1,0,4,0,0,1,0,3,4,4,1,4,4,4,2,2,0,1,2,0,1,0,1,2,3,3,2,0,4,4,4,4,4,2,3,2,0,2,2,1,0,1,1,2,1,1,3,0,4,4,4,4,4,4,4,4,4,4,4,4,4,4,4,4,4,4,4,4,4,4,4,4,4,4,4,4,4,4,4,4,4,4,4,4,4,4,4,4,4,4,4,4,4,4,4,4,4,4,4,4,4,4,4,4,4,4,4,4,4,4,4,4,4,4,4,4,4,4,4,4,4,4,4,4,4,4,4,4,4,4,4,4,4,4,4,4,4,4,4,4,4,4,4,4,4,4,4,4,4,4,4,4,4,4,4,4,4,4,4,4,4,4,4,4,4,4,4,4,4,4,4,4,4,4,4,4,4,4,4,4,4,4,4,4,4,4,4,4,4,4,4,4,4,4,4,4,4,4,4,4,4,4,4,4,4,4,4,4,4,4,4,4,4,4,4,4,4,4,4,4,4,4,4,4,4,4,4,4,4,4,4,4,4,4,4,4,4,4,4,4,4,4,4,ACNS01000001.1/708065-707901,1
1825,0,2,3,2,2,1,3,1,0,3,3,1,4,0,1,1,4,3,3,4,1,3,3,0,3,2,3,1,4,0,2,1,4,4,4,4,1,1,1,3,3,4,0,2,2,4,4,4,4,4,4,2,0,1,2,1,4,4,4,4,4,4,4,4,4,4,4,4,4,4,4,4,4,4,4,4,4,4,4,4,4,2,1,3,0,1,0,3,0,0,0,1,3,4,3,4,1,2,0,4,0,3,2,0,1,2,1,0,4,4,4,4,1,0,0,4,4,4,4,4,4,4,1,0,0,2,2,3,2,1,1,3,2,1,1,2,3,1,1,0,0,1,3,3,4,4,1,3,2,0,3,0,0,3,0,4,4,4,4,4,4,4,4,2,1,2,3,0,4,4,4,4,2,1,3,4,4,4,4,4,4,4,4,4,4,4,4,4,4,4,4,4,4,4,4,4,4,4,4,4,4,4,4,4,4,4,4,4,3,4,4,3,0,3,1,0,4,0,1,1,3,1,4,4,1,4,4,4,2,2,2,1,2,0,0,0,1,2,3,1,2,0,4,4,4,4,4,2,3,3,0,2,2,1,0,1,1,2,1,1,3,3,4,4,4,4,4,4,4,4,4,4,4,4,4,4,4,4,4,4,4,4,4,4,4,4,4,4,4,4,4,4,4,4,4,4,4,4,4,4,4,4,4,4,4,4,4,4,4,4,4,4,4,4,4,4,4,4,4,4,4,4,4,4,4,4,4,4,4,4,4,4,4,4,4,4,4,4,4,4,4,4,4,4,4,4,4,4,4,4,4,4,4,4,4,4,4,4,4,4,4,4,4,4,4,4,4,4,4,4,4,4,4,4,4,4,4,4,4,4,4,4,4,4,4,4,4,4,4,4,4,4,4,4,4,4,4,4,4,4,4,4,4,4,4,4,4,4,4,4,4,4,4,4,4,4,4,4,4,4,4,4,4,4,4,4,4,4,4,4,4,4,4,4,4,4,4,4,4,4,4,4,4,4,4,4,4,4,4,4,4,4,4,4,4,4,4,AETE01000032.1/32890-32743,1
1826,0,2,0,3,2,1,3,1,0,3,3,1,4,1,0,3,4,1,3,4,1,3,3,0,3,2,3,3,4,1,2,1,1,3,4,4,4,4,4,4,4,4,4,4,4,4,4,4,4,4,4,4,4,4,4,4,3,0,4,4,4,4,4,4,4,4,4,4,4,4,4,4,4,4,4,4,4,4,4,2,3,2,1,1,3,1,0,3,0,0,0,1,3,1,1,4,2,2,0,4,0,3,2,0,1,2,1,0,4,4,4,4,2,0,2,1,1,2,4,4,3,3,3,0,1,2,2,3,2,1,3,3,0,3,1,2,3,1,1,4,0,1,3,2,0,4,1,0,2,0,3,2,3,1,4,4,4,4,4,4,4,4,4,2,1,3,3,0,3,4,4,4,2,1,1,4,4,4,4,4,4,4,4,4,4,4,4,4,4,4,4,4,4,4,4,4,4,4,4,4,4,4,4,4,4,4,4,4,3,4,4,1,0,3,1,0,4,2,0,1,0,1,4,4,1,0,4,3,2,2,0,1,0,1,0,0,1,2,3,3,2,0,4,4,4,4,4,2,3,2,0,0,2,1,0,1,1,1,0,1,3,3,4,4,4,4,4,4,4,4,4,4,4,4,4,4,4,4,4,4,4,4,4,4,4,4,4,4,4,4,4,4,4,4,4,4,4,4,4,4,4,4,4,4,4,4,4,4,4,4,4,4,4,4,4,4,4,4,4,4,4,4,4,4,4,4,4,4,4,4,4,4,4,4,4,4,4,4,4,4,4,4,4,4,4,4,4,4,4,4,4,4,4,4,4,4,4,4,4,4,4,4,4,4,4,4,4,4,4,4,4,4,4,4,4,4,4,4,4,4,4,4,4,4,4,4,4,4,4,4,4,4,4,4,4,4,4,4,4,4,4,4,4,4,4,4,4,4,4,4,4,4,4,4,4,4,4,4,4,4,4,4,4,4,4,4,4,4,4,4,4,4,4,4,4,4,4,4,4,4,4,4,4,4,4,4,4,4,4,4,4,4,4,4,4,4,4,AEZP01000133.1/54267-54119,1
1827,0,2,0,3,2,1,3,1,0,3,3,1,4,1,0,3,4,1,3,4,1,3,3,0,3,2,3,3,4,1,2,1,1,3,4,4,4,4,4,4,4,4,4,4,4,4,4,4,4,4,4,4,4,4,4,4,3,0,4,4,4,4,4,4,4,4,4,4,4,4,4,4,4,4,4,4,4,4,4,2,3,2,1,1,3,1,0,3,0,0,0,1,3,1,0,4,2,2,0,4,0,3,2,0,1,2,1,0,4,4,4,4,2,0,2,1,1,2,4,4,3,3,3,0,1,2,2,3,2,1,3,3,0,3,1,2,3,1,1,4,0,1,3,2,0,4,1,0,2,0,3,2,3,1,4,4,4,4,4,4,4,4,4,2,1,3,3,1,2,4,4,4,2,1,1,4,4,4,4,4,4,4,4,4,4,4,4,4,4,4,4,4,4,4,4,4,4,4,4,4,4,4,4,4,4,4,4,4,3,4,4,1,0,3,1,0,4,0,0,1,0,1,4,4,1,0,4,3,2,2,0,1,0,1,0,0,1,2,3,3,2,0,4,4,4,4,4,2,3,2,0,0,2,1,0,1,1,0,0,0,3,0,4,4,4,4,4,4,4,4,4,4,4,4,4,4,4,4,4,4,4,4,4,4,4,4,4,4,4,4,4,4,4,4,4,4,4,4,4,4,4,4,4,4,4,4,4,4,4,4,4,4,4,4,4,4,4,4,4,4,4,4,4,4,4,4,4,4,4,4,4,4,4,4,4,4,4,4,4,4,4,4,4,4,4,4,4,4,4,4,4,4,4,4,4,4,4,4,4,4,4,4,4,4,4,4,4,4,4,4,4,4,4,4,4,4,4,4,4,4,4,4,4,4,4,4,4,4,4,4,4,4,4,4,4,4,4,4,4,4,4,4,4,4,4,4,4,4,4,4,4,4,4,4,4,4,4,4,4,4,4,4,4,4,4,4,4,4,4,4,4,4,4,4,4,4,4,4,4,4,4,4,4,4,4,4,4,4,4,4,4,4,4,4,4,4,4,AGFS01005566.1/261-409,1
1828,0,2,3,2,2,1,3,1,0,3,3,1,4,0,1,1,4,2,0,4,1,3,3,0,3,2,3,1,4,0,2,1,4,4,4,4,1,1,1,3,3,4,1,2,2,4,4,4,4,4,4,2,0,1,2,3,4,4,4,4,4,4,4,4,4,4,4,4,4,4,4,4,4,4,4,4,4,4,4,4,4,2,1,3,0,1,0,3,0,0,0,0,3,4,3,4,1,2,0,4,0,3,2,0,1,2,1,0,4,4,4,4,1,0,0,4,4,4,4,4,4,4,1,0,0,2,2,3,2,1,1,3,2,1,1,2,3,1,1,0,0,1,3,3,4,4,1,3,2,0,3,0,3,1,0,4,4,4,4,4,4,4,4,2,1,2,3,0,4,4,4,4,2,1,3,4,4,4,4,4,4,4,4,4,4,4,4,4,4,4,4,4,4,4,4,4,4,4,4,4,4,4,4,4,4,4,4,4,0,4,4,3,0,3,1,0,4,0,1,1,0,3,4,4,1,4,4,4,2,2,2,1,2,0,0,0,1,2,3,1,2,0,4,4,4,4,4,2,3,3,0,2,2,1,0,1,1,2,1,1,3,3,4,4,4,4,4,4,4,4,4,4,4,4,4,4,4,4,4,4,4,4,4,4,4,4,4,4,4,4,4,4,4,4,4,4,4,4,4,4,4,4,4,4,4,4,4,4,4,4,4,4,4,4,4,4,4,4,4,4,4,4,4,4,4,4,4,4,4,4,4,4,4,4,4,4,4,4,4,4,4,4,4,4,4,4,4,4,4,4,4,4,4,4,4,4,4,4,4,4,4,4,4,4,4,4,4,4,4,4,4,4,4,4,4,4,4,4,4,4,4,4,4,4,4,4,4,4,4,4,4,4,4,4,4,4,4,4,4,4,4,4,4,4,4,4,4,4,4,4,4,4,4,4,4,4,4,4,4,4,4,4,4,4,4,4,4,4,4,4,4,4,4,4,4,4,4,4,4,4,4,4,4,4,4,4,4,4,4,4,4,4,4,4,4,4,4,AERT01000014.1/527813-527666,1
1829,0,2,3,2,2,1,3,1,0,3,3,1,4,0,1,1,4,2,0,4,1,3,3,0,3,2,3,1,4,0,2,1,4,4,4,4,1,1,1,3,3,4,1,2,2,4,4,4,4,4,4,2,0,1,2,3,4,4,4,4,4,4,4,4,4,4,4,4,4,4,4,4,4,4,4,4,4,4,4,4,4,2,1,3,0,1,0,3,0,0,0,0,3,4,3,4,1,2,0,4,0,3,2,0,1,2,1,0,4,4,4,4,1,0,0,4,4,4,4,4,4,4,1,0,0,2,2,3,2,1,1,3,2,1,1,2,3,1,1,0,0,1,3,3,4,4,1,3,2,0,3,0,3,1,0,4,4,4,4,4,4,4,4,2,1,2,3,0,4,4,4,4,2,1,3,4,4,4,4,4,4,4,4,4,4,4,4,4,4,4,4,4,4,4,4,4,4,4,4,4,4,4,4,4,4,4,4,4,0,4,4,3,0,3,1,0,4,0,1,1,0,3,4,4,1,4,4,4,2,2,2,1,2,0,0,0,1,2,3,1,2,0,4,4,4,4,4,2,3,3,0,2,2,1,0,1,1,2,1,1,3,3,4,4,4,4,4,4,4,4,4,4,4,4,4,4,4,4,4,4,4,4,4,4,4,4,4,4,4,4,4,4,4,4,4,4,4,4,4,4,4,4,4,4,4,4,4,4,4,4,4,4,4,4,4,4,4,4,4,4,4,4,4,4,4,4,4,4,4,4,4,4,4,4,4,4,4,4,4,4,4,4,4,4,4,4,4,4,4,4,4,4,4,4,4,4,4,4,4,4,4,4,4,4,4,4,4,4,4,4,4,4,4,4,4,4,4,4,4,4,4,4,4,4,4,4,4,4,4,4,4,4,4,4,4,4,4,4,4,4,4,4,4,4,4,4,4,4,4,4,4,4,4,4,4,4,4,4,4,4,4,4,4,4,4,4,4,4,4,4,4,4,4,4,4,4,4,4,4,4,4,4,4,4,4,4,4,4,4,4,4,4,4,4,4,4,4,ADBT01000093.1/298-445,1
1830,0,2,3,2,2,1,3,1,0,3,3,1,4,0,1,1,4,2,0,4,1,3,3,0,3,2,3,1,4,0,2,1,4,4,4,4,1,1,1,3,3,4,1,2,2,4,4,4,4,4,4,2,0,1,2,3,4,4,4,4,4,4,4,4,4,4,4,4,4,4,4,4,4,4,4,4,4,4,4,4,4,2,1,3,0,1,0,3,0,0,0,0,3,4,3,4,1,2,0,4,0,3,2,0,1,2,1,0,4,4,4,4,1,0,0,4,4,4,4,4,4,4,1,0,0,2,2,3,2,1,1,3,2,1,1,2,3,1,1,0,0,1,3,3,4,4,1,3,2,0,3,0,3,1,0,4,4,4,4,4,4,4,4,2,1,2,3,0,4,4,4,4,2,1,3,4,4,4,4,4,4,4,4,4,4,4,4,4,4,4,4,4,4,4,4,4,4,4,4,4,4,4,4,4,4,4,4,4,0,4,4,3,0,3,1,0,4,0,1,1,0,3,4,4,1,4,4,4,2,2,2,1,2,0,0,0,1,2,3,1,2,0,4,4,4,4,4,2,3,3,0,2,2,1,0,1,1,2,1,1,3,3,4,4,4,4,4,4,4,4,4,4,4,4,4,4,4,4,4,4,4,4,4,4,4,4,4,4,4,4,4,4,4,4,4,4,4,4,4,4,4,4,4,4,4,4,4,4,4,4,4,4,4,4,4,4,4,4,4,4,4,4,4,4,4,4,4,4,4,4,4,4,4,4,4,4,4,4,4,4,4,4,4,4,4,4,4,4,4,4,4,4,4,4,4,4,4,4,4,4,4,4,4,4,4,4,4,4,4,4,4,4,4,4,4,4,4,4,4,4,4,4,4,4,4,4,4,4,4,4,4,4,4,4,4,4,4,4,4,4,4,4,4,4,4,4,4,4,4,4,4,4,4,4,4,4,4,4,4,4,4,4,4,4,4,4,4,4,4,4,4,4,4,4,4,4,4,4,4,4,4,4,4,4,4,4,4,4,4,4,4,4,4,4,4,4,4,CP002167.1/809355-809502,1
1831,0,2,0,3,2,1,3,1,0,3,3,1,4,1,0,3,4,1,3,4,1,3,3,0,3,2,3,3,4,1,2,1,1,3,4,4,4,4,4,4,4,4,4,4,4,4,4,4,4,4,4,4,4,4,4,4,3,0,4,4,4,4,4,4,4,4,4,4,4,4,4,4,4,4,4,4,4,4,4,2,3,2,1,1,3,1,0,3,0,0,0,1,3,1,1,4,2,2,0,4,0,3,2,0,1,2,1,0,4,4,4,4,2,0,2,1,1,2,4,4,3,3,3,0,1,2,2,3,2,1,3,3,0,3,1,2,3,1,1,4,0,1,3,2,0,4,1,0,2,0,3,2,3,1,4,4,4,4,4,4,4,4,4,2,1,3,3,0,3,4,4,4,2,1,1,4,4,4,4,4,4,4,4,4,4,4,4,4,4,4,4,4,4,4,4,4,4,4,4,4,4,4,4,4,4,4,4,4,3,4,4,1,0,3,1,0,4,2,0,1,0,1,4,4,1,0,4,3,2,2,0,1,0,1,0,0,1,2,3,3,2,0,4,4,4,4,4,2,3,2,0,0,2,1,0,1,1,1,0,1,3,2,4,4,4,4,4,4,4,4,4,4,4,4,4,4,4,4,4,4,4,4,4,4,4,4,4,4,4,4,4,4,4,4,4,4,4,4,4,4,4,4,4,4,4,4,4,4,4,4,4,4,4,4,4,4,4,4,4,4,4,4,4,4,4,4,4,4,4,4,4,4,4,4,4,4,4,4,4,4,4,4,4,4,4,4,4,4,4,4,4,4,4,4,4,4,4,4,4,4,4,4,4,4,4,4,4,4,4,4,4,4,4,4,4,4,4,4,4,4,4,4,4,4,4,4,4,4,4,4,4,4,4,4,4,4,4,4,4,4,4,4,4,4,4,4,4,4,4,4,4,4,4,4,4,4,4,4,4,4,4,4,4,4,4,4,4,4,4,4,4,4,4,4,4,4,4,4,4,4,4,4,4,4,4,4,4,4,4,4,4,4,4,4,4,4,4,CP000038.1/4195537-4195685,1
1832,0,2,0,3,2,1,3,1,0,3,3,1,4,1,0,3,4,1,3,4,1,3,3,0,3,2,3,3,4,1,2,1,1,3,4,4,4,4,4,4,4,4,4,4,4,4,4,4,4,4,4,4,4,4,4,4,3,0,4,4,4,4,4,4,4,4,4,4,4,4,4,4,4,4,4,4,4,4,4,2,3,2,1,1,3,1,0,3,0,0,0,1,3,1,1,4,2,2,0,4,0,3,2,0,1,2,1,0,4,4,4,4,2,0,2,1,1,2,4,4,3,3,3,0,1,2,2,3,2,1,3,3,0,3,1,2,3,1,1,4,0,1,3,2,0,4,1,0,2,0,3,2,3,1,4,4,4,4,4,4,4,4,4,2,1,3,3,0,3,4,4,4,2,1,1,4,4,4,4,4,4,4,4,4,4,4,4,4,4,4,4,4,4,4,4,4,4,4,4,4,4,4,4,4,4,4,4,4,3,4,4,1,0,3,1,0,4,2,0,1,0,1,4,4,1,0,4,3,2,2,0,1,0,1,0,0,1,2,3,3,2,0,4,4,4,4,4,2,3,2,0,0,2,1,0,1,1,1,0,1,3,3,4,4,4,4,4,4,4,4,4,4,4,4,4,4,4,4,4,4,4,4,4,4,4,4,4,4,4,4,4,4,4,4,4,4,4,4,4,4,4,4,4,4,4,4,4,4,4,4,4,4,4,4,4,4,4,4,4,4,4,4,4,4,4,4,4,4,4,4,4,4,4,4,4,4,4,4,4,4,4,4,4,4,4,4,4,4,4,4,4,4,4,4,4,4,4,4,4,4,4,4,4,4,4,4,4,4,4,4,4,4,4,4,4,4,4,4,4,4,4,4,4,4,4,4,4,4,4,4,4,4,4,4,4,4,4,4,4,4,4,4,4,4,4,4,4,4,4,4,4,4,4,4,4,4,4,4,4,4,4,4,4,4,4,4,4,4,4,4,4,4,4,4,4,4,4,4,4,4,4,4,4,4,4,4,4,4,4,4,4,4,4,4,4,4,4,AEZK01000050.1/39802-39950,1
1833,0,2,0,3,2,1,3,1,0,3,3,1,4,1,0,3,4,1,3,4,1,3,3,0,3,2,3,3,4,1,2,1,1,3,4,4,4,4,4,4,4,4,4,4,4,4,4,4,4,4,4,4,4,4,4,4,3,0,4,4,4,4,4,4,4,4,4,4,4,4,4,4,4,4,4,4,4,4,4,2,3,2,1,1,3,1,0,3,0,0,0,1,3,3,0,4,2,2,0,4,0,3,2,0,1,2,1,0,4,4,4,4,2,0,2,1,1,2,4,4,3,3,3,0,1,2,2,3,2,1,3,3,0,3,1,2,3,1,1,4,0,1,3,2,0,4,1,0,2,0,3,2,3,1,4,4,4,4,4,4,4,4,4,2,1,3,3,3,3,4,4,4,2,1,1,4,4,4,4,4,4,4,4,4,4,4,4,4,4,4,4,4,4,4,4,4,4,4,4,4,4,4,4,4,4,4,4,4,3,4,4,1,0,3,1,0,4,2,0,1,0,1,4,4,1,0,4,3,2,2,0,1,0,1,0,0,1,2,3,3,2,0,4,4,4,4,4,2,3,2,0,0,2,1,0,1,1,1,0,1,3,3,4,4,4,4,4,4,4,4,4,4,4,4,4,4,4,4,4,4,4,4,4,4,4,4,4,4,4,4,4,4,4,4,4,4,4,4,4,4,4,4,4,4,4,4,4,4,4,4,4,4,4,4,4,4,4,4,4,4,4,4,4,4,4,4,4,4,4,4,4,4,4,4,4,4,4,4,4,4,4,4,4,4,4,4,4,4,4,4,4,4,4,4,4,4,4,4,4,4,4,4,4,4,4,4,4,4,4,4,4,4,4,4,4,4,4,4,4,4,4,4,4,4,4,4,4,4,4,4,4,4,4,4,4,4,4,4,4,4,4,4,4,4,4,4,4,4,4,4,4,4,4,4,4,4,4,4,4,4,4,4,4,4,4,4,4,4,4,4,4,4,4,4,4,4,4,4,4,4,4,4,4,4,4,4,4,4,4,4,4,4,4,4,4,4,4,AEMF01000001.1/990823-990971,1
1834,0,2,3,2,2,1,3,1,0,3,3,1,4,0,3,1,4,1,2,4,1,3,3,0,3,2,3,1,4,0,2,1,4,4,4,4,1,1,1,3,3,4,1,2,2,4,4,4,4,4,4,2,0,1,2,3,4,4,4,4,4,4,4,4,4,4,4,4,4,4,4,4,4,4,4,4,4,4,4,4,4,2,1,3,0,1,0,3,0,0,0,0,3,4,3,4,0,2,0,4,0,3,2,0,1,2,1,0,4,4,4,4,1,0,0,4,4,4,4,4,4,4,1,0,0,2,2,3,2,1,1,3,2,1,1,2,3,1,1,0,0,1,3,3,4,4,1,3,2,0,3,0,3,1,0,4,4,4,4,4,4,4,4,2,1,3,3,0,4,4,4,4,2,1,3,4,4,4,4,4,4,4,4,4,4,4,4,4,4,4,4,4,4,4,4,4,4,4,4,4,4,4,4,4,4,4,4,4,0,4,4,3,0,3,1,0,4,0,1,1,0,3,4,4,1,4,4,4,2,2,2,1,2,0,0,0,1,2,3,1,2,0,4,4,4,4,4,2,3,3,0,2,2,1,0,1,1,2,1,1,3,3,4,4,4,4,4,4,4,4,4,4,4,4,4,4,4,4,4,4,4,4,4,4,4,4,4,4,4,4,4,4,4,4,4,4,4,4,4,4,4,4,4,4,4,4,4,4,4,4,4,4,4,4,4,4,4,4,4,4,4,4,4,4,4,4,4,4,4,4,4,4,4,4,4,4,4,4,4,4,4,4,4,4,4,4,4,4,4,4,4,4,4,4,4,4,4,4,4,4,4,4,4,4,4,4,4,4,4,4,4,4,4,4,4,4,4,4,4,4,4,4,4,4,4,4,4,4,4,4,4,4,4,4,4,4,4,4,4,4,4,4,4,4,4,4,4,4,4,4,4,4,4,4,4,4,4,4,4,4,4,4,4,4,4,4,4,4,4,4,4,4,4,4,4,4,4,4,4,4,4,4,4,4,4,4,4,4,4,4,4,4,4,4,4,4,4,AEMF01000001.1/35837-35690,1
1835,0,2,0,3,2,1,3,1,0,3,1,1,4,1,0,1,4,3,3,4,0,3,3,0,3,2,0,1,4,0,2,1,3,3,2,2,1,1,0,3,3,4,0,0,2,2,1,3,0,4,4,0,3,3,3,0,4,4,4,4,4,4,4,4,4,4,4,4,4,4,4,4,4,4,4,4,4,4,4,4,4,2,1,3,3,1,0,3,0,0,0,1,1,1,0,4,2,2,2,4,0,3,2,0,1,2,1,0,4,4,4,4,2,0,2,1,1,2,0,3,3,3,3,0,2,0,2,3,2,1,1,3,0,3,3,2,3,1,1,0,3,2,3,0,0,4,1,1,2,0,3,2,3,3,4,4,4,4,4,4,4,4,4,2,0,2,3,0,4,4,4,4,0,3,2,4,4,4,4,4,4,4,4,4,4,4,4,4,4,4,4,4,4,4,4,4,4,4,4,4,4,4,4,4,4,4,4,4,3,4,4,1,0,3,1,0,4,1,0,3,0,1,4,4,1,4,4,4,2,2,2,1,0,3,0,0,1,2,3,3,2,0,4,4,4,4,4,2,3,2,0,2,2,1,0,1,3,2,0,3,0,3,4,4,4,4,4,4,4,4,4,4,4,4,4,4,4,4,4,4,4,4,4,4,4,4,4,4,4,4,4,4,4,4,4,4,4,4,4,4,4,4,4,4,4,4,4,4,4,4,4,4,4,4,4,4,4,4,4,4,4,4,4,4,4,4,4,4,4,4,4,4,4,4,4,4,4,4,4,4,4,4,4,4,4,4,4,4,4,4,4,4,4,4,4,4,4,4,4,4,4,4,4,4,4,4,4,4,4,4,4,4,4,4,4,4,4,4,4,4,4,4,4,4,4,4,4,4,4,4,4,4,4,4,4,4,4,4,4,4,4,4,4,4,4,4,4,4,4,4,4,4,4,4,4,4,4,4,4,4,4,4,4,4,4,4,4,4,4,4,4,4,4,4,4,4,4,4,4,4,4,4,4,4,4,4,4,4,4,4,4,4,4,4,4,4,4,ACNR01000027.1/104186-104023,1
1836,0,2,0,3,2,1,3,1,0,3,3,1,4,1,0,3,4,1,3,4,1,3,3,0,3,2,3,3,4,1,2,1,1,3,4,4,4,4,4,4,4,4,4,4,4,4,4,4,4,4,4,4,4,4,4,4,3,0,4,4,4,4,4,4,4,4,4,4,4,4,4,4,4,4,4,4,4,4,4,2,3,2,1,1,3,1,0,3,0,0,0,1,3,1,1,4,2,2,0,4,0,3,2,0,1,2,1,0,4,4,4,4,2,0,2,1,1,2,4,4,3,3,3,0,1,2,2,3,2,1,3,3,0,3,1,2,3,1,1,4,0,1,3,2,0,4,1,0,2,0,3,2,3,1,4,4,4,4,4,4,4,4,4,2,1,3,3,0,3,4,4,4,2,1,1,4,4,4,4,4,4,4,4,4,4,4,4,4,4,4,4,4,4,4,4,4,4,4,4,4,4,4,4,4,4,4,4,4,3,4,4,1,0,3,1,0,4,2,0,1,0,1,4,4,1,0,4,3,2,2,0,1,0,1,0,0,1,2,3,3,2,0,4,4,4,4,4,2,3,2,0,0,2,1,0,1,1,1,0,1,3,3,4,4,4,4,4,4,4,4,4,4,4,4,4,4,4,4,4,4,4,4,4,4,4,4,4,4,4,4,4,4,4,4,4,4,4,4,4,4,4,4,4,4,4,4,4,4,4,4,4,4,4,4,4,4,4,4,4,4,4,4,4,4,4,4,4,4,4,4,4,4,4,4,4,4,4,4,4,4,4,4,4,4,4,4,4,4,4,4,4,4,4,4,4,4,4,4,4,4,4,4,4,4,4,4,4,4,4,4,4,4,4,4,4,4,4,4,4,4,4,4,4,4,4,4,4,4,4,4,4,4,4,4,4,4,4,4,4,4,4,4,4,4,4,4,4,4,4,4,4,4,4,4,4,4,4,4,4,4,4,4,4,4,4,4,4,4,4,4,4,4,4,4,4,4,4,4,4,4,4,4,4,4,4,4,4,4,4,4,4,4,4,4,4,4,4,AEZJ01000047.1/39182-39330,1
1837,0,2,0,3,2,1,3,1,0,3,1,1,4,1,0,1,4,3,3,4,0,3,3,0,3,2,0,1,4,0,2,1,3,3,2,2,1,1,0,3,3,4,0,0,2,2,1,3,0,4,4,0,3,3,3,0,4,4,4,4,4,4,4,4,4,4,4,4,4,4,4,4,4,4,4,4,4,4,4,4,4,2,1,3,3,1,0,3,0,0,0,1,1,1,0,4,2,2,2,4,0,3,2,0,1,2,1,0,4,4,4,4,2,0,2,1,1,2,0,3,3,3,3,0,2,0,2,3,2,1,1,3,0,3,3,2,3,1,1,0,3,2,3,0,0,4,1,1,2,0,3,2,3,3,4,4,4,4,4,4,4,4,4,2,0,2,3,0,4,4,4,4,0,3,2,4,4,4,4,4,4,4,4,4,4,4,4,4,4,4,4,4,4,4,4,4,4,4,4,4,4,4,4,4,4,4,4,4,3,4,4,1,0,3,1,0,4,1,0,3,0,1,4,4,1,4,4,4,2,2,2,1,0,3,0,0,1,2,3,3,2,0,4,4,4,4,4,2,3,2,0,2,2,1,0,1,3,2,0,3,0,3,4,4,4,4,4,4,4,4,4,4,4,4,4,4,4,4,4,4,4,4,4,4,4,4,4,4,4,4,4,4,4,4,4,4,4,4,4,4,4,4,4,4,4,4,4,4,4,4,4,4,4,4,4,4,4,4,4,4,4,4,4,4,4,4,4,4,4,4,4,4,4,4,4,4,4,4,4,4,4,4,4,4,4,4,4,4,4,4,4,4,4,4,4,4,4,4,4,4,4,4,4,4,4,4,4,4,4,4,4,4,4,4,4,4,4,4,4,4,4,4,4,4,4,4,4,4,4,4,4,4,4,4,4,4,4,4,4,4,4,4,4,4,4,4,4,4,4,4,4,4,4,4,4,4,4,4,4,4,4,4,4,4,4,4,4,4,4,4,4,4,4,4,4,4,4,4,4,4,4,4,4,4,4,4,4,4,4,4,4,4,4,4,4,4,4,CP002956.1/1435073-1435236,1
1838,0,2,3,2,2,1,3,1,0,3,3,1,4,0,1,1,4,2,0,4,1,3,3,0,3,2,3,1,4,0,2,1,4,4,4,4,1,1,1,3,3,4,1,2,2,4,4,4,4,4,4,2,0,1,2,3,4,4,4,4,4,4,4,4,4,4,4,4,4,4,4,4,4,4,4,4,4,4,4,4,4,2,1,3,0,1,0,3,0,0,0,0,3,4,3,4,1,2,0,4,0,3,2,0,1,2,1,0,4,4,4,4,1,0,0,4,4,4,4,4,4,4,1,0,0,2,2,3,2,1,1,3,2,1,1,2,3,1,1,0,0,1,3,3,4,4,1,3,2,0,3,0,3,1,0,4,4,4,4,4,4,4,4,2,1,2,3,0,4,4,4,4,2,1,3,4,4,4,4,4,4,4,4,4,4,4,4,4,4,4,4,4,4,4,4,4,4,4,4,4,4,4,4,4,4,4,4,4,0,4,4,3,0,3,1,0,4,0,1,1,0,3,4,4,1,4,4,4,2,2,2,1,2,0,0,0,1,2,3,1,2,0,4,4,4,4,4,2,3,3,0,2,2,1,0,1,1,2,1,1,3,3,4,4,4,4,4,4,4,4,4,4,4,4,4,4,4,4,4,4,4,4,4,4,4,4,4,4,4,4,4,4,4,4,4,4,4,4,4,4,4,4,4,4,4,4,4,4,4,4,4,4,4,4,4,4,4,4,4,4,4,4,4,4,4,4,4,4,4,4,4,4,4,4,4,4,4,4,4,4,4,4,4,4,4,4,4,4,4,4,4,4,4,4,4,4,4,4,4,4,4,4,4,4,4,4,4,4,4,4,4,4,4,4,4,4,4,4,4,4,4,4,4,4,4,4,4,4,4,4,4,4,4,4,4,4,4,4,4,4,4,4,4,4,4,4,4,4,4,4,4,4,4,4,4,4,4,4,4,4,4,4,4,4,4,4,4,4,4,4,4,4,4,4,4,4,4,4,4,4,4,4,4,4,4,4,4,4,4,4,4,4,4,4,4,4,4,ABHO01000004.1/59947-60094,1
1839,0,2,3,2,2,1,3,1,0,3,3,1,4,0,1,1,4,3,3,4,1,3,3,0,3,2,3,1,4,0,2,1,4,4,4,4,1,1,1,3,3,4,1,2,2,4,4,4,4,4,4,2,0,1,2,1,4,4,4,4,4,4,4,4,4,4,4,4,4,4,4,4,4,4,4,4,4,4,4,4,4,2,1,3,0,1,0,3,0,0,0,1,3,4,3,4,1,2,0,4,0,3,2,0,1,2,1,0,4,4,4,4,1,0,0,4,4,4,4,4,4,4,0,1,0,2,2,3,2,1,1,3,2,1,1,2,3,1,1,0,0,1,3,1,4,4,1,3,2,0,3,0,0,1,0,4,4,4,4,4,4,4,4,2,1,1,3,2,4,4,4,4,2,1,3,4,4,4,4,4,4,4,4,4,4,4,4,4,4,4,4,4,4,4,4,4,4,4,4,4,4,4,4,4,4,4,4,4,3,4,4,3,0,3,1,0,4,2,0,1,0,3,4,4,1,4,4,4,2,2,2,1,2,0,0,0,1,2,3,1,2,0,4,4,4,4,4,2,3,0,0,2,2,1,0,1,1,2,1,1,3,1,4,4,4,4,4,4,4,4,4,4,4,4,4,4,4,4,4,4,4,4,4,4,4,4,4,4,4,4,4,4,4,4,4,4,4,4,4,4,4,4,4,4,4,4,4,4,4,4,4,4,4,4,4,4,4,4,4,4,4,4,4,4,4,4,4,4,4,4,4,4,4,4,4,4,4,4,4,4,4,4,4,4,4,4,4,4,4,4,4,4,4,4,4,4,4,4,4,4,4,4,4,4,4,4,4,4,4,4,4,4,4,4,4,4,4,4,4,4,4,4,4,4,4,4,4,4,4,4,4,4,4,4,4,4,4,4,4,4,4,4,4,4,4,4,4,4,4,4,4,4,4,4,4,4,4,4,4,4,4,4,4,4,4,4,4,4,4,4,4,4,4,4,4,4,4,4,4,4,4,4,4,4,4,4,4,4,4,4,4,4,4,4,4,4,4,ACZD01000034.1/63900-63753,1
1840,0,2,3,2,2,1,3,1,0,3,3,1,4,0,1,1,4,2,0,4,1,3,3,0,3,2,3,1,4,0,2,1,4,4,4,4,1,1,1,3,3,4,1,2,2,4,4,4,4,4,4,2,0,1,2,3,4,4,4,4,4,4,4,4,4,4,4,4,4,4,4,4,4,4,4,4,4,4,4,4,4,2,1,3,0,1,0,3,0,0,0,0,3,4,3,4,1,2,0,4,0,3,2,0,1,2,1,0,4,4,4,4,1,0,0,4,4,4,4,4,4,4,1,0,0,2,2,3,2,1,1,3,2,1,1,2,3,1,1,0,0,1,3,3,4,4,1,3,2,0,3,0,3,1,0,4,4,4,4,4,4,4,4,2,1,2,3,0,4,4,4,4,2,1,3,4,4,4,4,4,4,4,4,4,4,4,4,4,4,4,4,4,4,4,4,4,4,4,4,4,4,4,4,4,4,4,4,4,0,4,4,3,0,3,1,0,4,0,1,1,0,3,4,4,1,4,4,4,2,2,2,1,2,0,0,0,1,2,3,1,2,0,4,4,4,4,4,2,3,3,0,2,2,1,0,1,1,2,1,1,3,3,4,4,4,4,4,4,4,4,4,4,4,4,4,4,4,4,4,4,4,4,4,4,4,4,4,4,4,4,4,4,4,4,4,4,4,4,4,4,4,4,4,4,4,4,4,4,4,4,4,4,4,4,4,4,4,4,4,4,4,4,4,4,4,4,4,4,4,4,4,4,4,4,4,4,4,4,4,4,4,4,4,4,4,4,4,4,4,4,4,4,4,4,4,4,4,4,4,4,4,4,4,4,4,4,4,4,4,4,4,4,4,4,4,4,4,4,4,4,4,4,4,4,4,4,4,4,4,4,4,4,4,4,4,4,4,4,4,4,4,4,4,4,4,4,4,4,4,4,4,4,4,4,4,4,4,4,4,4,4,4,4,4,4,4,4,4,4,4,4,4,4,4,4,4,4,4,4,4,4,4,4,4,4,4,4,4,4,4,4,4,4,4,4,4,4,ADTL01000361.1/27081-26934,1
1841,0,2,0,3,2,1,3,1,0,3,3,1,4,1,0,3,4,1,3,4,1,3,3,0,3,2,3,3,4,1,2,1,1,3,3,4,1,4,4,4,4,4,4,4,4,4,4,4,4,4,4,4,4,4,4,4,3,4,4,4,4,4,4,4,4,4,4,4,4,4,4,4,4,4,4,4,4,4,4,4,2,2,1,1,3,1,0,3,0,0,0,1,3,1,0,4,2,2,0,4,0,3,2,0,3,2,1,0,4,4,4,4,2,0,2,1,1,2,4,4,3,3,3,0,1,2,2,3,2,1,3,3,0,3,1,2,3,1,1,4,0,1,3,2,0,4,1,0,2,0,3,2,3,1,4,4,4,4,4,4,4,4,4,2,1,3,3,0,1,4,4,4,2,1,1,4,4,4,4,4,4,4,4,4,4,4,4,4,4,4,4,4,4,4,4,4,4,4,4,4,4,4,4,4,4,4,4,4,3,4,4,1,0,3,1,0,4,0,0,1,0,1,4,4,1,1,4,3,2,2,0,1,0,1,0,0,1,2,3,3,2,0,4,4,4,4,4,2,3,2,0,0,2,1,0,1,1,1,1,3,3,3,4,4,4,4,4,4,4,4,4,4,4,4,4,4,4,4,4,4,4,4,4,4,4,4,4,4,4,4,4,4,4,4,4,4,4,4,4,4,4,4,4,4,4,4,4,4,4,4,4,4,4,4,4,4,4,4,4,4,4,4,4,4,4,4,4,4,4,4,4,4,4,4,4,4,4,4,4,4,4,4,4,4,4,4,4,4,4,4,4,4,4,4,4,4,4,4,4,4,4,4,4,4,4,4,4,4,4,4,4,4,4,4,4,4,4,4,4,4,4,4,4,4,4,4,4,4,4,4,4,4,4,4,4,4,4,4,4,4,4,4,4,4,4,4,4,4,4,4,4,4,4,4,4,4,4,4,4,4,4,4,4,4,4,4,4,4,4,4,4,4,4,4,4,4,4,4,4,4,4,4,4,4,4,4,4,4,4,4,4,4,4,4,4,4,4,ABAM02000001.1/4509653-4509801,1
1842,0,2,3,2,2,1,3,1,0,3,3,1,4,0,1,1,4,2,0,4,1,3,3,0,3,2,3,1,4,0,2,1,4,4,4,4,1,1,1,3,3,4,1,2,2,4,4,4,4,4,4,2,0,1,2,3,4,4,4,4,4,4,4,4,4,4,4,4,4,4,4,4,4,4,4,4,4,4,4,4,4,2,1,3,0,1,0,3,0,0,0,0,3,4,3,4,1,2,0,4,0,3,2,0,1,2,1,0,4,4,4,4,1,0,0,4,4,4,4,4,4,4,1,0,0,2,2,3,2,1,1,3,2,1,1,2,3,1,1,0,0,1,3,3,4,4,1,3,2,0,3,0,3,1,0,4,4,4,4,4,4,4,4,2,1,2,3,0,4,4,4,4,2,1,3,4,4,4,4,4,4,4,4,4,4,4,4,4,4,4,4,4,4,4,4,4,4,4,4,4,4,4,4,4,4,4,4,4,0,4,4,3,0,3,1,0,4,0,1,1,0,3,4,4,1,4,4,4,2,2,2,1,2,0,0,0,1,2,3,1,2,0,4,4,4,4,4,2,3,3,0,2,2,1,0,1,1,2,1,1,3,3,4,4,4,4,4,4,4,4,4,4,4,4,4,4,4,4,4,4,4,4,4,4,4,4,4,4,4,4,4,4,4,4,4,4,4,4,4,4,4,4,4,4,4,4,4,4,4,4,4,4,4,4,4,4,4,4,4,4,4,4,4,4,4,4,4,4,4,4,4,4,4,4,4,4,4,4,4,4,4,4,4,4,4,4,4,4,4,4,4,4,4,4,4,4,4,4,4,4,4,4,4,4,4,4,4,4,4,4,4,4,4,4,4,4,4,4,4,4,4,4,4,4,4,4,4,4,4,4,4,4,4,4,4,4,4,4,4,4,4,4,4,4,4,4,4,4,4,4,4,4,4,4,4,4,4,4,4,4,4,4,4,4,4,4,4,4,4,4,4,4,4,4,4,4,4,4,4,4,4,4,4,4,4,4,4,4,4,4,4,4,4,4,4,4,4,AFAF01000014.1/1278472-1278619,1
1843,0,2,0,3,2,1,3,1,0,3,3,1,4,2,1,1,4,1,1,4,1,3,3,0,3,2,3,3,4,3,2,1,2,3,4,4,4,4,4,4,4,4,4,4,4,4,4,4,4,4,4,4,4,4,4,4,0,4,4,4,4,4,4,4,4,4,4,4,4,4,4,4,4,4,4,4,4,4,4,4,0,2,1,3,3,1,0,3,0,0,0,3,1,3,2,4,0,2,0,4,0,3,2,0,3,2,1,0,4,4,4,4,2,0,2,1,1,2,4,0,1,3,3,2,3,2,2,3,2,1,1,3,0,3,1,2,3,1,1,2,0,0,3,1,4,4,2,3,2,1,3,2,3,1,1,4,4,4,4,4,4,4,4,4,4,4,3,3,0,4,4,4,0,1,2,4,4,4,4,4,4,4,4,4,4,4,4,4,4,4,4,4,4,4,4,4,4,4,4,4,4,4,4,4,4,4,4,4,1,4,4,1,0,2,1,0,4,3,2,1,1,0,4,4,1,4,4,4,2,2,0,1,0,1,2,3,1,2,3,3,2,0,4,4,4,4,4,2,3,2,0,2,2,1,0,1,1,2,0,3,1,0,4,4,4,4,4,4,4,4,4,4,4,4,4,4,4,4,4,4,4,4,4,4,4,4,4,4,4,4,4,4,4,4,4,4,4,4,4,4,4,4,4,4,4,4,4,4,4,4,4,4,4,4,4,4,4,4,4,4,4,4,4,4,4,4,4,4,4,4,4,4,4,4,4,4,4,4,4,4,4,4,4,4,4,4,4,4,4,4,4,4,4,4,4,4,4,4,4,4,4,4,4,4,4,4,4,4,4,4,4,4,4,4,4,4,4,4,4,4,4,4,4,4,4,4,4,4,4,4,4,4,4,4,4,4,4,4,4,4,4,4,4,4,4,4,4,4,4,4,4,4,4,4,4,4,4,4,4,4,4,4,4,4,4,4,4,4,4,4,4,4,4,4,4,4,4,4,4,4,4,4,4,4,4,4,4,4,4,4,4,4,4,4,4,4,4,CP001135.1/114229-114372,1
1844,1,2,3,3,2,1,3,1,0,3,3,1,4,3,1,1,4,3,2,4,3,1,3,0,3,2,0,3,4,3,2,1,1,1,1,4,2,1,0,1,3,4,2,1,2,4,4,4,4,4,4,2,3,3,2,0,4,4,4,4,4,4,4,4,4,4,4,4,4,4,4,4,4,4,4,4,4,4,4,4,4,2,1,4,3,1,0,3,0,0,0,0,3,4,3,4,1,2,0,4,0,3,2,0,1,2,1,0,4,4,4,4,1,1,0,4,4,4,4,4,4,4,0,0,1,2,2,0,2,1,1,3,2,1,1,2,3,1,1,0,1,1,1,0,0,4,1,1,2,0,3,0,0,3,1,2,1,3,4,4,4,4,3,2,1,3,3,3,2,1,4,0,0,1,2,4,4,4,4,4,4,4,4,4,4,4,4,4,4,4,4,4,4,4,4,4,4,4,4,4,4,4,4,4,4,4,4,4,3,4,4,3,0,3,1,0,4,0,2,1,0,1,4,4,1,4,4,4,2,2,0,1,2,1,0,0,1,2,3,3,2,0,4,4,4,4,4,2,3,3,0,2,2,1,3,1,1,0,1,1,3,0,4,4,4,4,4,4,4,4,4,4,4,4,4,4,4,4,4,4,4,4,4,4,4,4,4,4,4,4,4,4,4,4,4,4,4,4,4,4,4,4,4,4,4,4,4,4,4,4,4,4,4,4,4,4,4,4,4,4,4,4,4,4,4,4,4,4,4,4,4,4,4,4,4,4,4,4,4,4,4,4,4,4,4,4,4,4,4,4,4,4,4,4,4,4,4,4,4,4,4,4,4,4,4,4,4,4,4,4,4,4,4,4,4,4,4,4,4,4,4,4,4,4,4,4,4,4,4,4,4,4,4,4,4,4,4,4,4,4,4,4,4,4,4,4,4,4,4,4,4,4,4,4,4,4,4,4,4,4,4,4,4,4,4,4,4,4,4,4,4,4,4,4,4,4,4,4,4,4,4,4,4,4,4,4,4,4,4,4,4,4,4,4,4,4,4,AGFS01108914.1/202-45,1
1845,0,2,0,3,2,1,3,1,0,3,3,1,4,1,0,3,4,1,3,4,1,3,3,0,3,2,3,3,4,1,2,1,1,3,3,4,1,4,4,4,4,4,4,4,4,4,4,4,4,4,4,4,4,4,4,4,3,4,4,4,4,4,4,4,4,4,4,4,4,4,4,4,4,4,4,4,4,4,4,4,2,2,1,1,3,1,0,3,0,0,0,1,3,1,0,4,2,2,0,4,0,3,2,0,3,2,1,0,4,4,4,4,2,0,2,1,1,2,4,4,3,3,3,0,1,2,2,3,2,1,3,3,0,3,1,2,3,1,1,4,0,1,3,2,0,4,1,0,2,0,3,2,3,1,4,4,4,4,4,4,4,4,4,2,1,3,3,0,1,4,4,4,2,1,1,4,4,4,4,4,4,4,4,4,4,4,4,4,4,4,4,4,4,4,4,4,4,4,4,4,4,4,4,4,4,4,4,4,3,4,4,1,0,3,1,0,4,0,0,1,0,1,4,4,1,1,4,3,2,2,0,1,0,1,0,0,1,2,3,3,2,0,4,4,4,4,4,2,3,2,0,0,2,1,0,1,1,1,1,3,3,3,4,4,4,4,4,4,4,4,4,4,4,4,4,4,4,4,4,4,4,4,4,4,4,4,4,4,4,4,4,4,4,4,4,4,4,4,4,4,4,4,4,4,4,4,4,4,4,4,4,4,4,4,4,4,4,4,4,4,4,4,4,4,4,4,4,4,4,4,4,4,4,4,4,4,4,4,4,4,4,4,4,4,4,4,4,4,4,4,4,4,4,4,4,4,4,4,4,4,4,4,4,4,4,4,4,4,4,4,4,4,4,4,4,4,4,4,4,4,4,4,4,4,4,4,4,4,4,4,4,4,4,4,4,4,4,4,4,4,4,4,4,4,4,4,4,4,4,4,4,4,4,4,4,4,4,4,4,4,4,4,4,4,4,4,4,4,4,4,4,4,4,4,4,4,4,4,4,4,4,4,4,4,4,4,4,4,4,4,4,4,4,4,4,4,4,AETQ01000016.1/39680-39828,1
1846,0,2,3,2,2,1,3,1,0,3,3,1,4,0,1,1,4,2,0,4,1,3,3,0,3,2,3,1,4,0,2,1,4,4,4,4,1,1,1,3,3,4,1,2,2,4,4,4,4,4,4,2,0,1,2,3,4,4,4,4,4,4,4,4,4,4,4,4,4,4,4,4,4,4,4,4,4,4,4,4,4,2,1,3,0,1,0,3,0,0,0,0,3,4,0,4,1,2,0,4,0,3,2,0,1,2,1,0,4,4,4,4,1,0,0,4,4,4,4,4,4,4,1,0,0,2,2,3,2,1,1,3,2,1,1,2,3,1,1,0,0,1,3,3,4,4,1,3,2,0,3,0,3,1,0,4,4,4,4,4,4,4,4,2,1,2,3,0,4,4,4,4,2,1,3,4,4,4,4,4,4,4,4,4,4,4,4,4,4,4,4,4,4,4,4,4,4,4,4,4,4,4,4,4,4,4,4,4,0,4,4,3,0,3,1,0,4,0,1,1,0,3,4,4,1,4,4,4,2,2,2,1,2,0,0,0,1,2,3,1,2,0,4,4,4,4,4,2,3,3,0,2,2,1,0,1,1,2,1,1,3,3,4,4,4,4,4,4,4,4,4,4,4,4,4,4,4,4,4,4,4,4,4,4,4,4,4,4,4,4,4,4,4,4,4,4,4,4,4,4,4,4,4,4,4,4,4,4,4,4,4,4,4,4,4,4,4,4,4,4,4,4,4,4,4,4,4,4,4,4,4,4,4,4,4,4,4,4,4,4,4,4,4,4,4,4,4,4,4,4,4,4,4,4,4,4,4,4,4,4,4,4,4,4,4,4,4,4,4,4,4,4,4,4,4,4,4,4,4,4,4,4,4,4,4,4,4,4,4,4,4,4,4,4,4,4,4,4,4,4,4,4,4,4,4,4,4,4,4,4,4,4,4,4,4,4,4,4,4,4,4,4,4,4,4,4,4,4,4,4,4,4,4,4,4,4,4,4,4,4,4,4,4,4,4,4,4,4,4,4,4,4,4,4,4,4,4,AFYG01000005.1/170118-169971,1
1847,2,2,1,3,2,1,3,1,0,3,3,1,4,0,1,1,4,3,3,4,3,3,3,0,3,2,0,1,4,2,2,1,2,1,1,4,2,3,0,0,3,4,3,0,2,0,1,2,2,1,4,0,0,0,1,1,4,4,4,4,4,4,4,4,4,4,4,4,4,4,4,4,4,4,4,4,4,4,4,4,4,2,1,1,3,1,0,3,0,0,2,1,1,3,1,4,1,2,0,4,0,3,2,0,3,2,1,1,4,4,4,4,0,0,0,2,4,4,4,4,4,0,0,0,3,2,2,3,2,1,1,3,0,3,1,2,3,1,1,0,0,1,1,0,0,0,1,1,2,0,3,0,0,1,0,2,0,1,1,4,4,2,3,2,1,0,0,2,1,4,4,2,2,1,3,4,4,4,4,4,4,4,4,4,4,4,4,4,4,4,4,4,4,4,4,4,4,4,4,4,4,4,4,4,4,4,4,4,3,4,4,3,0,3,1,0,4,0,2,1,0,3,4,4,1,4,4,4,2,2,2,1,2,0,1,0,1,2,3,2,2,0,4,4,4,4,4,2,3,2,0,2,2,1,0,1,1,2,1,1,3,2,4,4,4,4,4,4,4,4,4,4,4,4,4,4,4,4,4,4,4,4,4,4,4,4,4,4,4,4,4,4,4,4,4,4,4,4,4,4,4,4,4,4,4,4,4,4,4,4,4,4,4,4,4,4,4,4,4,4,4,4,4,4,4,4,4,4,4,4,4,4,4,4,4,4,4,4,4,4,4,4,4,4,4,4,4,4,4,4,4,4,4,4,4,4,4,4,4,4,4,4,4,4,4,4,4,4,4,4,4,4,4,4,4,4,4,4,4,4,4,4,4,4,4,4,4,4,4,4,4,4,4,4,4,4,4,4,4,4,4,4,4,4,4,4,4,4,4,4,4,4,4,4,4,4,4,4,4,4,4,4,4,4,4,4,4,4,4,4,4,4,4,4,4,4,4,4,4,4,4,4,4,4,4,4,4,4,4,4,4,4,4,4,4,4,4,AEQT01000896.1/600100-599932,1
1848,0,2,3,3,2,1,3,1,0,3,3,1,4,0,1,1,4,3,3,4,3,3,3,0,3,2,0,3,4,0,2,1,1,1,1,2,1,0,0,3,3,4,0,0,2,1,2,2,0,3,4,2,0,3,2,1,4,4,4,4,4,4,4,4,4,4,4,4,4,4,4,4,4,4,4,4,4,4,4,4,4,2,1,3,3,1,0,3,0,0,2,1,1,3,1,4,1,2,0,4,0,3,2,0,3,2,1,1,4,4,4,4,3,0,0,2,4,4,4,4,4,4,0,1,3,2,2,3,2,1,1,3,0,3,1,2,3,1,1,0,1,1,3,0,0,0,1,1,2,0,1,0,3,3,2,3,2,3,4,4,4,4,4,2,0,0,0,2,1,4,4,4,0,1,0,4,4,4,4,4,4,4,4,4,4,4,4,4,4,4,4,4,4,4,4,4,4,4,4,4,4,4,4,4,4,4,4,4,3,4,4,3,0,3,1,0,4,0,0,1,0,3,4,4,1,4,4,4,2,2,0,1,2,0,1,0,1,2,3,3,2,0,4,4,4,4,4,2,3,2,0,2,2,1,0,1,1,2,1,1,3,0,4,4,4,4,4,4,4,4,4,4,4,4,4,4,4,4,4,4,4,4,4,4,4,4,4,4,4,4,4,4,4,4,4,4,4,4,4,4,4,4,4,4,4,4,4,4,4,4,4,4,4,4,4,4,4,4,4,4,4,4,4,4,4,4,4,4,4,4,4,4,4,4,4,4,4,4,4,4,4,4,4,4,4,4,4,4,4,4,4,4,4,4,4,4,4,4,4,4,4,4,4,4,4,4,4,4,4,4,4,4,4,4,4,4,4,4,4,4,4,4,4,4,4,4,4,4,4,4,4,4,4,4,4,4,4,4,4,4,4,4,4,4,4,4,4,4,4,4,4,4,4,4,4,4,4,4,4,4,4,4,4,4,4,4,4,4,4,4,4,4,4,4,4,4,4,4,4,4,4,4,4,4,4,4,4,4,4,4,4,4,4,4,4,4,4,ACNQ01000008.1/429875-430039,1
1849,0,2,3,2,2,1,3,1,0,3,3,1,4,0,3,1,4,1,2,4,1,3,3,0,3,2,3,1,4,0,2,1,4,4,4,4,1,1,1,3,3,4,1,2,2,4,4,4,4,4,4,2,0,1,2,3,4,4,4,4,4,4,4,4,4,4,4,4,4,4,4,4,4,4,4,4,4,4,4,4,4,2,1,3,0,1,0,3,0,0,0,0,3,4,3,4,0,2,0,4,0,3,2,0,1,2,1,0,4,4,4,4,1,0,0,4,4,4,4,4,4,4,1,0,0,2,2,3,2,1,1,3,2,1,1,2,3,1,1,0,0,1,3,3,4,4,1,3,2,0,3,0,3,1,0,4,4,4,4,4,4,4,4,2,1,3,3,0,4,4,4,4,2,1,3,4,4,4,4,4,4,4,4,4,4,4,4,4,4,4,4,4,4,4,4,4,4,4,4,4,4,4,4,4,4,4,4,4,0,4,4,3,0,3,1,0,4,0,1,1,0,3,4,4,1,4,4,4,2,2,2,1,2,0,0,0,1,2,3,1,2,0,4,4,4,4,4,2,3,3,0,2,2,1,0,1,1,2,1,1,3,3,4,4,4,4,4,4,4,4,4,4,4,4,4,4,4,4,4,4,4,4,4,4,4,4,4,4,4,4,4,4,4,4,4,4,4,4,4,4,4,4,4,4,4,4,4,4,4,4,4,4,4,4,4,4,4,4,4,4,4,4,4,4,4,4,4,4,4,4,4,4,4,4,4,4,4,4,4,4,4,4,4,4,4,4,4,4,4,4,4,4,4,4,4,4,4,4,4,4,4,4,4,4,4,4,4,4,4,4,4,4,4,4,4,4,4,4,4,4,4,4,4,4,4,4,4,4,4,4,4,4,4,4,4,4,4,4,4,4,4,4,4,4,4,4,4,4,4,4,4,4,4,4,4,4,4,4,4,4,4,4,4,4,4,4,4,4,4,4,4,4,4,4,4,4,4,4,4,4,4,4,4,4,4,4,4,4,4,4,4,4,4,4,4,4,4,AEJZ01000048.1/25942-25795,1
1850,0,2,0,3,2,1,3,1,0,3,3,1,4,1,0,3,4,1,3,4,1,3,3,0,3,2,3,3,4,1,2,1,1,3,4,4,4,4,4,4,4,4,4,4,4,4,4,4,4,4,4,4,4,4,4,4,3,0,4,4,4,4,4,4,4,4,4,4,4,4,4,4,4,4,4,4,4,4,4,2,3,2,1,1,3,1,0,3,0,0,0,1,3,1,1,4,2,2,0,4,0,3,2,0,1,2,1,0,4,4,4,4,2,0,2,1,1,2,4,4,3,3,3,0,1,2,2,3,2,1,3,3,0,3,1,2,3,1,1,4,0,1,3,2,0,4,1,0,2,0,3,2,3,1,4,4,4,4,4,4,4,4,4,2,1,3,3,0,3,4,4,4,2,1,1,4,4,4,4,4,4,4,4,4,4,4,4,4,4,4,4,4,4,4,4,4,4,4,4,4,4,4,4,4,4,4,4,4,3,4,4,1,0,3,1,0,4,2,0,1,0,1,4,4,1,0,4,3,2,2,0,1,0,1,0,0,1,2,3,3,2,0,4,4,4,4,4,2,3,2,0,0,2,1,0,1,1,1,0,1,3,3,4,4,4,4,4,4,4,4,4,4,4,4,4,4,4,4,4,4,4,4,4,4,4,4,4,4,4,4,4,4,4,4,4,4,4,4,4,4,4,4,4,4,4,4,4,4,4,4,4,4,4,4,4,4,4,4,4,4,4,4,4,4,4,4,4,4,4,4,4,4,4,4,4,4,4,4,4,4,4,4,4,4,4,4,4,4,4,4,4,4,4,4,4,4,4,4,4,4,4,4,4,4,4,4,4,4,4,4,4,4,4,4,4,4,4,4,4,4,4,4,4,4,4,4,4,4,4,4,4,4,4,4,4,4,4,4,4,4,4,4,4,4,4,4,4,4,4,4,4,4,4,4,4,4,4,4,4,4,4,4,4,4,4,4,4,4,4,4,4,4,4,4,4,4,4,4,4,4,4,4,4,4,4,4,4,4,4,4,4,4,4,4,4,4,4,AFAC01000008.1/165275-165423,1
1851,0,2,0,3,2,1,3,1,0,3,1,1,4,1,0,1,4,3,3,4,0,3,3,0,3,2,0,3,4,0,2,1,1,3,2,4,2,3,3,3,3,4,3,0,3,0,2,1,1,0,4,0,3,3,3,0,4,4,4,4,4,4,4,4,4,4,4,4,4,4,4,4,4,4,4,4,4,4,4,4,4,2,1,3,3,1,0,3,0,0,0,1,1,1,0,4,2,2,2,4,0,3,2,0,1,2,1,0,4,4,4,4,2,0,2,1,1,2,0,3,3,3,3,0,2,2,2,3,2,1,1,3,0,3,3,2,3,1,1,0,3,2,3,0,0,4,0,1,2,0,3,2,3,3,4,4,4,4,4,4,4,4,4,2,0,0,3,0,4,4,4,4,3,1,3,4,4,4,4,4,4,4,4,4,4,4,4,4,4,4,4,4,4,4,4,4,4,4,4,4,4,4,4,4,4,4,4,4,3,4,4,1,0,3,1,0,4,1,0,3,0,1,4,4,1,4,4,4,2,2,2,1,0,3,0,0,1,2,3,3,2,0,4,4,4,4,4,2,3,2,0,2,2,1,0,1,1,2,0,1,0,3,4,4,4,4,4,4,4,4,4,4,4,4,4,4,4,4,4,4,4,4,4,4,4,4,4,4,4,4,4,4,4,4,4,4,4,4,4,4,4,4,4,4,4,4,4,4,4,4,4,4,4,4,4,4,4,4,4,4,4,4,4,4,4,4,4,4,4,4,4,4,4,4,4,4,4,4,4,4,4,4,4,4,4,4,4,4,4,4,4,4,4,4,4,4,4,4,4,4,4,4,4,4,4,4,4,4,4,4,4,4,4,4,4,4,4,4,4,4,4,4,4,4,4,4,4,4,4,4,4,4,4,4,4,4,4,4,4,4,4,4,4,4,4,4,4,4,4,4,4,4,4,4,4,4,4,4,4,4,4,4,4,4,4,4,4,4,4,4,4,4,4,4,4,4,4,4,4,4,4,4,4,4,4,4,4,4,4,4,4,4,4,4,4,4,4,AM286415.1/218916-219079,1
1852,0,2,0,3,2,1,3,1,0,3,3,1,4,1,0,3,4,1,3,4,1,3,3,0,3,2,3,3,4,1,2,1,1,3,4,4,4,4,4,4,4,4,4,4,4,4,4,4,4,4,4,4,4,4,4,4,3,0,4,4,4,4,4,4,4,4,4,4,4,4,4,4,4,4,4,4,4,4,4,2,3,2,1,1,3,1,0,3,0,0,0,1,3,1,1,4,2,2,0,4,0,3,2,0,1,2,1,0,4,4,4,4,2,0,2,1,1,2,4,4,3,3,3,0,1,2,2,3,2,1,3,3,0,3,1,2,3,1,1,4,0,1,3,2,0,4,1,0,2,0,3,2,3,1,4,4,4,4,4,4,4,4,4,2,1,3,3,0,3,4,4,4,2,1,1,4,4,4,4,4,4,4,4,4,4,4,4,4,4,4,4,4,4,4,4,4,4,4,4,4,4,4,4,4,4,4,4,4,3,4,4,1,0,3,1,0,4,2,0,1,0,1,4,4,1,0,4,3,2,2,0,1,0,1,0,0,1,2,3,3,2,0,4,4,4,4,4,2,3,2,0,0,2,1,0,1,1,1,0,1,3,3,4,4,4,4,4,4,4,4,4,4,4,4,4,4,4,4,4,4,4,4,4,4,4,4,4,4,4,4,4,4,4,4,4,4,4,4,4,4,4,4,4,4,4,4,4,4,4,4,4,4,4,4,4,4,4,4,4,4,4,4,4,4,4,4,4,4,4,4,4,4,4,4,4,4,4,4,4,4,4,4,4,4,4,4,4,4,4,4,4,4,4,4,4,4,4,4,4,4,4,4,4,4,4,4,4,4,4,4,4,4,4,4,4,4,4,4,4,4,4,4,4,4,4,4,4,4,4,4,4,4,4,4,4,4,4,4,4,4,4,4,4,4,4,4,4,4,4,4,4,4,4,4,4,4,4,4,4,4,4,4,4,4,4,4,4,4,4,4,4,4,4,4,4,4,4,4,4,4,4,4,4,4,4,4,4,4,4,4,4,4,4,4,4,4,4,AERP01000006.1/51899-51751,1
1853,0,2,3,2,2,1,3,1,0,3,3,1,4,0,1,1,4,3,3,4,1,3,3,0,3,2,3,1,4,0,2,1,4,4,4,4,1,1,1,3,3,4,0,2,2,4,4,4,4,4,4,2,0,1,2,1,4,4,4,4,4,4,4,4,4,4,4,4,4,4,4,4,4,4,4,4,4,4,4,4,4,2,1,3,0,1,0,3,0,0,0,1,3,4,3,4,1,2,0,4,0,3,2,0,1,2,1,0,4,4,4,4,1,0,0,4,4,4,4,4,4,4,1,0,0,2,2,3,2,1,1,3,2,1,1,2,3,1,1,0,0,1,3,3,4,4,1,3,2,0,3,0,0,3,0,4,4,4,4,4,4,4,4,2,1,2,3,0,4,4,4,4,2,1,3,4,4,4,4,4,4,4,4,4,4,4,4,4,4,4,4,4,4,4,4,4,4,4,4,4,4,4,4,4,4,4,4,4,3,4,4,3,0,3,1,0,4,0,1,1,3,1,4,4,1,4,4,4,2,2,2,1,2,0,0,0,1,2,3,1,2,0,4,4,4,4,4,2,3,3,0,2,2,1,0,1,1,2,1,1,3,3,4,4,4,4,4,4,4,4,4,4,4,4,4,4,4,4,4,4,4,4,4,4,4,4,4,4,4,4,4,4,4,4,4,4,4,4,4,4,4,4,4,4,4,4,4,4,4,4,4,4,4,4,4,4,4,4,4,4,4,4,4,4,4,4,4,4,4,4,4,4,4,4,4,4,4,4,4,4,4,4,4,4,4,4,4,4,4,4,4,4,4,4,4,4,4,4,4,4,4,4,4,4,4,4,4,4,4,4,4,4,4,4,4,4,4,4,4,4,4,4,4,4,4,4,4,4,4,4,4,4,4,4,4,4,4,4,4,4,4,4,4,4,4,4,4,4,4,4,4,4,4,4,4,4,4,4,4,4,4,4,4,4,4,4,4,4,4,4,4,4,4,4,4,4,4,4,4,4,4,4,4,4,4,4,4,4,4,4,4,4,4,4,4,4,4,AETM01000095.1/44085-43938,1
1854,0,2,3,2,2,1,3,1,0,3,3,1,4,0,1,1,4,3,3,4,1,3,3,0,3,2,3,1,4,0,2,1,4,4,4,4,1,1,1,3,3,4,1,2,2,4,4,4,4,4,4,2,0,1,2,3,4,4,4,4,4,4,4,4,4,4,4,4,4,4,4,4,4,4,4,4,4,4,4,4,4,2,1,3,0,1,0,3,0,0,0,1,3,4,3,4,1,2,0,4,0,3,2,0,1,2,1,0,4,4,4,4,1,0,0,4,4,4,4,4,4,4,1,0,0,2,2,3,2,1,1,3,2,1,1,2,3,1,1,0,2,1,3,3,4,4,1,3,2,0,3,0,0,1,0,4,4,4,4,4,4,4,4,2,1,0,3,3,4,4,4,4,2,1,3,4,4,4,4,4,4,4,4,4,4,4,4,4,4,4,4,4,4,4,4,4,4,4,4,4,4,4,4,4,4,4,4,4,3,4,4,3,0,3,1,0,4,2,1,1,0,3,4,4,1,4,4,4,2,2,2,1,2,0,0,0,1,2,3,1,2,0,4,4,4,4,4,2,3,3,0,2,2,1,0,1,1,2,1,1,3,3,4,4,4,4,4,4,4,4,4,4,4,4,4,4,4,4,4,4,4,4,4,4,4,4,4,4,4,4,4,4,4,4,4,4,4,4,4,4,4,4,4,4,4,4,4,4,4,4,4,4,4,4,4,4,4,4,4,4,4,4,4,4,4,4,4,4,4,4,4,4,4,4,4,4,4,4,4,4,4,4,4,4,4,4,4,4,4,4,4,4,4,4,4,4,4,4,4,4,4,4,4,4,4,4,4,4,4,4,4,4,4,4,4,4,4,4,4,4,4,4,4,4,4,4,4,4,4,4,4,4,4,4,4,4,4,4,4,4,4,4,4,4,4,4,4,4,4,4,4,4,4,4,4,4,4,4,4,4,4,4,4,4,4,4,4,4,4,4,4,4,4,4,4,4,4,4,4,4,4,4,4,4,4,4,4,4,4,4,4,4,4,4,4,4,4,FN543502.1/2635119-2634972,1
1855,0,2,0,3,2,1,3,1,0,3,3,1,4,1,0,3,4,1,3,4,1,3,3,0,3,2,3,3,4,1,2,1,1,3,3,4,1,4,4,4,4,4,4,4,4,4,4,4,4,4,4,4,4,4,4,4,3,4,4,4,4,4,4,4,4,4,4,4,4,4,4,4,4,4,4,4,4,4,4,4,2,2,1,1,3,1,0,3,0,0,0,1,3,1,0,4,2,2,0,4,0,3,2,0,3,2,1,0,4,4,4,4,2,0,2,1,1,2,4,4,3,3,3,0,1,2,2,3,2,1,3,3,0,3,1,2,3,1,1,4,0,1,3,2,0,4,1,0,2,0,3,2,3,1,4,4,4,4,4,4,4,4,4,2,1,3,3,0,1,4,4,4,2,1,1,4,4,4,4,4,4,4,4,4,4,4,4,4,4,4,4,4,4,4,4,4,4,4,4,4,4,4,4,4,4,4,4,4,3,4,4,1,0,3,1,0,4,0,0,1,0,1,4,4,1,1,4,3,2,2,0,1,0,1,0,0,1,2,3,3,2,0,4,4,4,4,4,2,3,2,0,0,2,1,0,1,1,1,1,3,3,3,4,4,4,4,4,4,4,4,4,4,4,4,4,4,4,4,4,4,4,4,4,4,4,4,4,4,4,4,4,4,4,4,4,4,4,4,4,4,4,4,4,4,4,4,4,4,4,4,4,4,4,4,4,4,4,4,4,4,4,4,4,4,4,4,4,4,4,4,4,4,4,4,4,4,4,4,4,4,4,4,4,4,4,4,4,4,4,4,4,4,4,4,4,4,4,4,4,4,4,4,4,4,4,4,4,4,4,4,4,4,4,4,4,4,4,4,4,4,4,4,4,4,4,4,4,4,4,4,4,4,4,4,4,4,4,4,4,4,4,4,4,4,4,4,4,4,4,4,4,4,4,4,4,4,4,4,4,4,4,4,4,4,4,4,4,4,4,4,4,4,4,4,4,4,4,4,4,4,4,4,4,4,4,4,4,4,4,4,4,4,4,4,4,4,4,AFCL01001736.1/294-442,1
1856,0,2,0,3,2,1,3,1,0,3,3,1,4,1,0,3,4,1,3,4,1,3,3,0,3,2,3,3,4,1,2,1,1,3,4,4,4,4,4,4,4,4,4,4,4,4,4,4,4,4,4,4,4,4,4,4,3,0,4,4,4,4,4,4,4,4,4,4,4,4,4,4,4,4,4,4,4,4,4,2,3,2,1,1,3,1,0,3,0,0,0,1,3,1,1,4,2,2,0,4,0,3,2,0,1,2,1,0,4,4,4,4,2,0,2,1,1,2,4,4,3,3,3,0,1,2,2,3,2,1,3,3,0,3,1,2,3,1,1,4,0,1,3,2,0,4,1,0,2,0,3,2,3,1,4,4,4,4,4,4,4,4,4,2,1,3,3,0,3,4,4,4,2,1,1,4,4,4,4,4,4,4,4,4,4,4,4,4,4,4,4,4,4,4,4,4,4,4,4,4,4,4,4,4,4,4,4,4,3,4,4,1,0,3,1,0,4,2,0,1,0,1,4,4,1,0,4,3,2,2,0,1,0,1,0,0,1,2,3,3,2,0,4,4,4,4,4,2,3,2,0,0,2,1,0,1,1,1,0,1,3,3,4,4,4,4,4,4,4,4,4,4,4,4,4,4,4,4,4,4,4,4,4,4,4,4,4,4,4,4,4,4,4,4,4,4,4,4,4,4,4,4,4,4,4,4,4,4,4,4,4,4,4,4,4,4,4,4,4,4,4,4,4,4,4,4,4,4,4,4,4,4,4,4,4,4,4,4,4,4,4,4,4,4,4,4,4,4,4,4,4,4,4,4,4,4,4,4,4,4,4,4,4,4,4,4,4,4,4,4,4,4,4,4,4,4,4,4,4,4,4,4,4,4,4,4,4,4,4,4,4,4,4,4,4,4,4,4,4,4,4,4,4,4,4,4,4,4,4,4,4,4,4,4,4,4,4,4,4,4,4,4,4,4,4,4,4,4,4,4,4,4,4,4,4,4,4,4,4,4,4,4,4,4,4,4,4,4,4,4,4,4,4,4,4,4,4,AFPS01000092.1/73173-73321,1
1857,0,2,0,3,2,1,3,1,0,3,3,1,4,1,0,3,4,1,3,4,1,3,3,0,3,2,3,3,4,1,2,1,1,3,4,4,4,4,4,4,4,4,4,4,4,4,4,4,4,4,4,4,4,4,4,4,3,0,4,4,4,4,4,4,4,4,4,4,4,4,4,4,4,4,4,4,4,4,4,2,3,2,1,1,3,1,0,3,0,0,0,1,3,1,1,4,2,2,0,4,0,3,2,0,1,2,1,0,4,4,4,4,2,0,2,1,1,2,4,4,3,3,3,0,1,2,2,3,2,1,3,3,0,3,1,2,3,1,1,4,0,1,3,2,0,4,1,0,2,0,3,2,3,1,4,4,4,4,4,4,4,4,4,2,1,3,3,0,3,4,4,4,2,1,1,4,4,4,4,4,4,4,4,4,4,4,4,4,4,4,4,4,4,4,4,4,4,4,4,4,4,4,4,4,4,4,4,4,3,4,4,1,0,3,1,0,4,2,0,1,0,1,4,4,1,0,4,3,2,2,0,1,0,1,0,0,1,2,3,3,2,0,4,4,4,4,4,2,3,2,0,0,2,1,0,1,1,1,0,1,3,3,4,4,4,4,4,4,4,4,4,4,4,4,4,4,4,4,4,4,4,4,4,4,4,4,4,4,4,4,4,4,4,4,4,4,4,4,4,4,4,4,4,4,4,4,4,4,4,4,4,4,4,4,4,4,4,4,4,4,4,4,4,4,4,4,4,4,4,4,4,4,4,4,4,4,4,4,4,4,4,4,4,4,4,4,4,4,4,4,4,4,4,4,4,4,4,4,4,4,4,4,4,4,4,4,4,4,4,4,4,4,4,4,4,4,4,4,4,4,4,4,4,4,4,4,4,4,4,4,4,4,4,4,4,4,4,4,4,4,4,4,4,4,4,4,4,4,4,4,4,4,4,4,4,4,4,4,4,4,4,4,4,4,4,4,4,4,4,4,4,4,4,4,4,4,4,4,4,4,4,4,4,4,4,4,4,4,4,4,4,4,4,4,4,4,4,ACGN01000149.1/74239-74091,1
1858,0,2,0,3,2,1,3,1,0,3,3,1,4,1,0,3,4,1,3,4,1,3,3,0,3,2,3,3,4,1,2,1,1,3,3,4,1,4,4,4,4,4,4,4,4,4,4,4,4,4,4,4,4,4,4,4,3,4,4,4,4,4,4,4,4,4,4,4,4,4,4,4,4,4,4,4,4,4,4,4,2,2,1,1,3,1,0,3,0,0,0,1,3,1,0,4,2,2,0,4,0,3,2,0,3,2,1,0,4,4,4,4,2,0,2,1,1,2,4,4,3,3,3,0,1,2,2,3,2,1,3,3,0,3,1,2,3,1,1,4,0,1,3,2,0,4,1,0,2,0,3,2,3,1,4,4,4,4,4,4,4,4,4,2,1,3,3,0,1,4,4,4,2,1,1,4,4,4,4,4,4,4,4,4,4,4,4,4,4,4,4,4,4,4,4,4,4,4,4,4,4,4,4,4,4,4,4,4,3,4,4,1,0,3,1,0,4,0,0,1,0,1,4,4,1,1,4,3,2,2,0,1,0,1,0,0,1,2,3,3,2,0,4,4,4,4,4,2,3,2,0,0,2,1,0,1,1,1,1,3,3,3,4,4,4,4,4,4,4,4,4,4,4,4,4,4,4,4,4,4,4,4,4,4,4,4,4,4,4,4,4,4,4,4,4,4,4,4,4,4,4,4,4,4,4,4,4,4,4,4,4,4,4,4,4,4,4,4,4,4,4,4,4,4,4,4,4,4,4,4,4,4,4,4,4,4,4,4,4,4,4,4,4,4,4,4,4,4,4,4,4,4,4,4,4,4,4,4,4,4,4,4,4,4,4,4,4,4,4,4,4,4,4,4,4,4,4,4,4,4,4,4,4,4,4,4,4,4,4,4,4,4,4,4,4,4,4,4,4,4,4,4,4,4,4,4,4,4,4,4,4,4,4,4,4,4,4,4,4,4,4,4,4,4,4,4,4,4,4,4,4,4,4,4,4,4,4,4,4,4,4,4,4,4,4,4,4,4,4,4,4,4,4,4,4,4,4,CP002614.1/4102946-4103094,1
1859,0,2,3,2,2,1,3,1,0,3,3,1,4,0,1,1,4,3,3,4,1,3,3,0,3,2,3,1,4,0,2,1,4,4,4,4,1,1,1,3,3,4,0,2,2,4,4,4,4,4,4,2,0,1,2,1,4,4,4,4,4,4,4,4,4,4,4,4,4,4,4,4,4,4,4,4,4,4,4,4,4,2,1,3,0,1,0,3,0,0,0,1,3,4,3,4,1,2,0,4,0,3,2,0,1,2,1,0,4,4,4,4,1,0,0,4,4,4,4,4,4,4,1,0,0,2,2,3,2,1,1,3,2,1,1,2,3,1,1,0,0,1,3,3,4,4,1,3,2,0,3,0,0,3,0,4,4,4,4,4,4,4,4,2,1,2,3,0,4,4,4,4,2,1,3,4,4,4,4,4,4,4,4,4,4,4,4,4,4,4,4,4,4,4,4,4,4,4,4,4,4,4,4,4,4,4,4,4,3,4,4,3,0,3,1,0,4,0,1,1,3,1,4,4,1,4,4,4,2,2,2,1,2,0,0,0,1,2,3,1,2,0,4,4,4,4,4,2,3,3,0,2,2,1,0,1,1,2,1,1,3,3,4,4,4,4,4,4,4,4,4,4,4,4,4,4,4,4,4,4,4,4,4,4,4,4,4,4,4,4,4,4,4,4,4,4,4,4,4,4,4,4,4,4,4,4,4,4,4,4,4,4,4,4,4,4,4,4,4,4,4,4,4,4,4,4,4,4,4,4,4,4,4,4,4,4,4,4,4,4,4,4,4,4,4,4,4,4,4,4,4,4,4,4,4,4,4,4,4,4,4,4,4,4,4,4,4,4,4,4,4,4,4,4,4,4,4,4,4,4,4,4,4,4,4,4,4,4,4,4,4,4,4,4,4,4,4,4,4,4,4,4,4,4,4,4,4,4,4,4,4,4,4,4,4,4,4,4,4,4,4,4,4,4,4,4,4,4,4,4,4,4,4,4,4,4,4,4,4,4,4,4,4,4,4,4,4,4,4,4,4,4,4,4,4,4,4,AETP01000030.1/176848-176701,1
1860,0,2,3,2,2,1,3,1,0,3,3,1,4,0,1,1,4,3,3,4,1,3,3,0,3,2,3,1,4,0,2,1,4,4,4,4,1,1,1,3,3,4,0,2,2,4,4,4,4,4,4,2,0,1,2,1,4,4,4,4,4,4,4,4,4,4,4,4,4,4,4,4,4,4,4,4,4,4,4,4,4,2,1,3,0,1,0,3,0,0,0,1,3,4,3,4,1,2,0,4,0,3,2,0,1,2,1,0,4,4,4,4,1,0,0,4,4,4,4,4,4,4,1,0,0,2,2,3,2,1,1,3,2,1,1,2,3,1,1,0,0,1,3,3,4,4,1,3,2,0,3,0,0,3,0,4,4,4,4,4,4,4,4,2,1,2,3,0,4,4,4,4,2,1,3,4,4,4,4,4,4,4,4,4,4,4,4,4,4,4,4,4,4,4,4,4,4,4,4,4,4,4,4,4,4,4,4,4,3,4,4,3,0,3,1,0,4,0,1,1,3,1,4,4,1,4,4,4,2,2,2,1,2,0,0,0,1,2,3,1,2,0,4,4,4,4,4,2,3,3,0,2,2,1,0,1,1,2,1,1,3,3,4,4,4,4,4,4,4,4,4,4,4,4,4,4,4,4,4,4,4,4,4,4,4,4,4,4,4,4,4,4,4,4,4,4,4,4,4,4,4,4,4,4,4,4,4,4,4,4,4,4,4,4,4,4,4,4,4,4,4,4,4,4,4,4,4,4,4,4,4,4,4,4,4,4,4,4,4,4,4,4,4,4,4,4,4,4,4,4,4,4,4,4,4,4,4,4,4,4,4,4,4,4,4,4,4,4,4,4,4,4,4,4,4,4,4,4,4,4,4,4,4,4,4,4,4,4,4,4,4,4,4,4,4,4,4,4,4,4,4,4,4,4,4,4,4,4,4,4,4,4,4,4,4,4,4,4,4,4,4,4,4,4,4,4,4,4,4,4,4,4,4,4,4,4,4,4,4,4,4,4,4,4,4,4,4,4,4,4,4,4,4,4,4,4,4,ABEW01000008.1/50136-50283,1
1861,0,2,3,2,2,1,3,1,0,3,3,1,4,0,1,1,4,3,3,4,1,3,3,0,3,2,3,1,4,0,2,1,1,4,4,4,4,1,1,3,3,4,1,2,0,4,4,4,4,4,4,2,0,1,2,3,4,4,4,4,4,4,4,4,4,4,4,4,4,4,4,4,4,4,4,4,4,4,4,4,4,2,1,3,0,1,0,3,0,0,0,1,3,4,3,4,1,2,0,4,0,3,2,0,1,2,1,0,4,4,4,4,1,0,0,4,4,4,4,4,4,4,0,0,0,2,2,3,2,1,1,3,2,1,1,2,3,1,1,0,0,1,3,0,4,4,1,3,2,0,3,3,0,3,3,4,4,4,4,4,4,4,4,2,1,0,0,3,4,4,4,4,2,1,3,4,4,4,4,4,4,4,4,4,4,4,4,4,4,4,4,4,4,4,4,4,4,4,4,4,4,4,4,4,4,4,4,4,3,4,4,3,0,3,1,0,4,2,2,1,4,1,4,4,0,4,4,4,2,2,2,1,2,0,0,0,1,2,3,1,2,0,4,4,4,4,4,2,3,3,0,2,2,1,0,1,1,2,1,1,3,3,4,4,4,4,4,4,4,4,4,4,4,4,4,4,4,4,4,4,4,4,4,4,4,4,4,4,4,4,4,4,4,4,4,4,4,4,4,4,4,4,4,4,4,4,4,4,4,4,4,4,4,4,4,4,4,4,4,4,4,4,4,4,4,4,4,4,4,4,4,4,4,4,4,4,4,4,4,4,4,4,4,4,4,4,4,4,4,4,4,4,4,4,4,4,4,4,4,4,4,4,4,4,4,4,4,4,4,4,4,4,4,4,4,4,4,4,4,4,4,4,4,4,4,4,4,4,4,4,4,4,4,4,4,4,4,4,4,4,4,4,4,4,4,4,4,4,4,4,4,4,4,4,4,4,4,4,4,4,4,4,4,4,4,4,4,4,4,4,4,4,4,4,4,4,4,4,4,4,4,4,4,4,4,4,4,4,4,4,4,4,4,4,4,4,4,ACHR01014606.1/1803-1949,1
1862,0,2,0,3,2,1,3,1,0,3,1,1,4,1,0,1,4,3,3,4,0,3,3,0,3,2,0,3,4,3,2,1,3,3,2,2,3,1,3,3,0,4,3,0,2,3,1,1,4,4,4,0,3,3,3,0,4,4,4,4,4,4,4,4,4,4,4,4,4,4,4,4,4,4,4,4,4,4,4,4,4,2,1,3,3,1,0,3,0,0,0,1,1,1,0,4,2,2,2,4,0,3,2,0,1,2,1,0,4,4,4,4,2,0,2,1,1,2,0,3,3,3,3,0,2,2,2,3,2,1,1,3,0,3,3,2,3,1,1,0,3,2,3,0,0,4,0,1,2,0,3,2,3,3,4,4,4,4,4,4,4,4,4,2,0,0,3,0,4,4,4,4,3,1,3,4,4,4,4,4,4,4,4,4,4,4,4,4,4,4,4,4,4,4,4,4,4,4,4,4,4,4,4,4,4,4,4,4,3,4,4,1,0,3,1,0,4,1,0,3,0,1,4,4,1,4,4,4,2,2,0,1,0,3,0,0,1,2,3,3,2,0,4,4,4,4,4,2,3,2,0,2,2,1,0,1,1,2,0,1,0,3,4,4,4,4,4,4,4,4,4,4,4,4,4,4,4,4,4,4,4,4,4,4,4,4,4,4,4,4,4,4,4,4,4,4,4,4,4,4,4,4,4,4,4,4,4,4,4,4,4,4,4,4,4,4,4,4,4,4,4,4,4,4,4,4,4,4,4,4,4,4,4,4,4,4,4,4,4,4,4,4,4,4,4,4,4,4,4,4,4,4,4,4,4,4,4,4,4,4,4,4,4,4,4,4,4,4,4,4,4,4,4,4,4,4,4,4,4,4,4,4,4,4,4,4,4,4,4,4,4,4,4,4,4,4,4,4,4,4,4,4,4,4,4,4,4,4,4,4,4,4,4,4,4,4,4,4,4,4,4,4,4,4,4,4,4,4,4,4,4,4,4,4,4,4,4,4,4,4,4,4,4,4,4,4,4,4,4,4,4,4,4,4,4,4,4,ACCA01000053.1/16543-16705,1
1863,0,2,3,2,2,1,3,1,0,3,3,1,4,0,1,1,4,3,3,4,1,3,3,0,3,2,3,1,4,0,2,1,4,4,4,4,1,1,1,3,3,4,0,2,2,4,4,4,4,4,4,2,0,1,2,1,4,4,4,4,4,4,4,4,4,4,4,4,4,4,4,4,4,4,4,4,4,4,4,4,4,2,1,3,0,1,0,3,0,0,0,1,3,4,3,4,1,2,0,4,0,3,2,0,1,2,1,0,4,4,4,4,1,0,0,4,4,4,4,4,4,4,1,0,0,2,2,3,2,1,1,3,2,1,1,2,3,1,1,0,0,1,3,3,4,4,1,3,2,0,3,0,0,3,0,4,4,4,4,4,4,4,4,2,1,2,3,0,4,4,4,4,2,1,3,4,4,4,4,4,4,4,4,4,4,4,4,4,4,4,4,4,4,4,4,4,4,4,4,4,4,4,4,4,4,4,4,4,3,4,4,3,0,3,1,0,4,0,1,1,3,1,4,4,1,4,4,4,2,2,2,1,2,0,0,0,1,2,3,1,2,0,4,4,4,4,4,2,3,3,0,2,2,1,0,1,1,2,1,1,3,3,4,4,4,4,4,4,4,4,4,4,4,4,4,4,4,4,4,4,4,4,4,4,4,4,4,4,4,4,4,4,4,4,4,4,4,4,4,4,4,4,4,4,4,4,4,4,4,4,4,4,4,4,4,4,4,4,4,4,4,4,4,4,4,4,4,4,4,4,4,4,4,4,4,4,4,4,4,4,4,4,4,4,4,4,4,4,4,4,4,4,4,4,4,4,4,4,4,4,4,4,4,4,4,4,4,4,4,4,4,4,4,4,4,4,4,4,4,4,4,4,4,4,4,4,4,4,4,4,4,4,4,4,4,4,4,4,4,4,4,4,4,4,4,4,4,4,4,4,4,4,4,4,4,4,4,4,4,4,4,4,4,4,4,4,4,4,4,4,4,4,4,4,4,4,4,4,4,4,4,4,4,4,4,4,4,4,4,4,4,4,4,4,4,4,4,AETH01000091.1/32893-32746,1
1864,0,2,3,3,2,1,3,1,0,3,3,1,4,0,1,1,4,3,3,4,3,3,3,0,3,2,0,3,4,0,2,1,1,1,1,2,1,0,0,3,3,4,0,0,2,1,2,2,0,3,4,2,0,3,2,1,4,4,4,4,4,4,4,4,4,4,4,4,4,4,4,4,4,4,4,4,4,4,4,4,4,2,1,3,3,1,0,3,0,0,2,1,1,3,1,4,1,2,0,4,0,3,2,0,3,2,1,1,4,4,4,4,3,0,0,2,4,4,4,4,4,4,0,1,3,2,2,3,2,1,1,3,0,3,1,2,3,1,1,0,1,1,3,0,0,0,1,1,2,0,1,0,3,3,2,3,2,3,4,4,4,4,4,2,0,0,0,2,1,4,4,4,0,1,0,4,4,4,4,4,4,4,4,4,4,4,4,4,4,4,4,4,4,4,4,4,4,4,4,4,4,4,4,4,4,4,4,4,3,4,4,3,0,3,1,0,4,0,0,1,0,3,4,4,1,4,4,4,2,2,0,1,2,0,1,0,1,2,3,3,2,0,4,4,4,4,4,2,3,2,0,2,2,1,0,1,1,2,1,1,3,0,4,4,4,4,4,4,4,4,4,4,4,4,4,4,4,4,4,4,4,4,4,4,4,4,4,4,4,4,4,4,4,4,4,4,4,4,4,4,4,4,4,4,4,4,4,4,4,4,4,4,4,4,4,4,4,4,4,4,4,4,4,4,4,4,4,4,4,4,4,4,4,4,4,4,4,4,4,4,4,4,4,4,4,4,4,4,4,4,4,4,4,4,4,4,4,4,4,4,4,4,4,4,4,4,4,4,4,4,4,4,4,4,4,4,4,4,4,4,4,4,4,4,4,4,4,4,4,4,4,4,4,4,4,4,4,4,4,4,4,4,4,4,4,4,4,4,4,4,4,4,4,4,4,4,4,4,4,4,4,4,4,4,4,4,4,4,4,4,4,4,4,4,4,4,4,4,4,4,4,4,4,4,4,4,4,4,4,4,4,4,4,4,4,4,4,AAYT01000001.1/781931-782095,1
1865,0,2,0,3,2,1,3,1,0,3,3,1,4,1,0,3,4,1,3,4,1,3,3,0,3,2,3,3,4,1,2,1,1,3,4,4,4,4,4,4,4,4,4,4,4,4,4,4,4,4,4,4,4,4,4,4,3,0,4,4,4,4,4,4,4,4,4,4,4,4,4,4,4,4,4,4,4,4,4,2,3,2,1,1,3,1,0,3,0,0,0,1,3,1,1,4,2,2,0,4,0,3,2,0,1,2,1,0,4,4,4,4,2,0,2,1,1,2,4,4,3,3,3,0,1,2,2,3,2,1,3,3,0,3,1,2,3,1,1,4,0,1,3,2,0,4,1,0,2,0,3,2,3,1,4,4,4,4,4,4,4,4,4,2,1,3,3,0,3,4,4,4,2,1,1,4,4,4,4,4,4,4,4,4,4,4,4,4,4,4,4,4,4,4,4,4,4,4,4,4,4,4,4,4,4,4,4,4,3,4,4,1,0,3,1,0,4,2,0,1,0,1,4,4,1,0,4,3,2,2,0,1,0,1,0,0,1,2,3,3,2,0,4,4,4,4,4,2,3,2,0,0,2,1,0,1,1,1,0,1,3,3,4,4,4,4,4,4,4,4,4,4,4,4,4,4,4,4,4,4,4,4,4,4,4,4,4,4,4,4,4,4,4,4,4,4,4,4,4,4,4,4,4,4,4,4,4,4,4,4,4,4,4,4,4,4,4,4,4,4,4,4,4,4,4,4,4,4,4,4,4,4,4,4,4,4,4,4,4,4,4,4,4,4,4,4,4,4,4,4,4,4,4,4,4,4,4,4,4,4,4,4,4,4,4,4,4,4,4,4,4,4,4,4,4,4,4,4,4,4,4,4,4,4,4,4,4,4,4,4,4,4,4,4,4,4,4,4,4,4,4,4,4,4,4,4,4,4,4,4,4,4,4,4,4,4,4,4,4,4,4,4,4,4,4,4,4,4,4,4,4,4,4,4,4,4,4,4,4,4,4,4,4,4,4,4,4,4,4,4,4,4,4,4,4,4,4,ADMX01000018.1/51261-51113,1
1866,0,2,3,2,2,1,3,1,0,3,3,1,4,0,1,1,4,2,0,4,1,3,3,0,3,2,3,1,4,0,2,1,4,4,4,4,1,1,1,3,3,4,1,2,2,4,4,4,4,4,4,2,0,1,2,3,4,4,4,4,4,4,4,4,4,4,4,4,4,4,4,4,4,4,4,4,4,4,4,4,4,2,1,3,0,1,0,3,0,0,0,0,3,4,3,4,1,2,0,4,0,3,2,0,1,2,1,0,4,4,4,4,1,0,0,4,4,4,4,4,4,4,1,0,0,2,2,3,2,1,1,3,2,1,1,2,3,1,1,0,0,1,3,3,4,4,1,3,2,0,3,0,3,1,0,4,4,4,4,4,4,4,4,2,1,2,3,0,4,4,4,4,2,1,3,4,4,4,4,4,4,4,4,4,4,4,4,4,4,4,4,4,4,4,4,4,4,4,4,4,4,4,4,4,4,4,4,4,0,4,4,3,0,3,1,0,4,0,1,1,0,3,4,4,1,4,4,4,2,2,2,1,2,0,0,0,1,2,3,1,2,0,4,4,4,4,4,2,3,3,0,2,2,1,0,1,1,2,1,1,3,3,4,4,4,4,4,4,4,4,4,4,4,4,4,4,4,4,4,4,4,4,4,4,4,4,4,4,4,4,4,4,4,4,4,4,4,4,4,4,4,4,4,4,4,4,4,4,4,4,4,4,4,4,4,4,4,4,4,4,4,4,4,4,4,4,4,4,4,4,4,4,4,4,4,4,4,4,4,4,4,4,4,4,4,4,4,4,4,4,4,4,4,4,4,4,4,4,4,4,4,4,4,4,4,4,4,4,4,4,4,4,4,4,4,4,4,4,4,4,4,4,4,4,4,4,4,4,4,4,4,4,4,4,4,4,4,4,4,4,4,4,4,4,4,4,4,4,4,4,4,4,4,4,4,4,4,4,4,4,4,4,4,4,4,4,4,4,4,4,4,4,4,4,4,4,4,4,4,4,4,4,4,4,4,4,4,4,4,4,4,4,4,4,4,4,4,AFPS01000084.1/213422-213275,1
1867,0,2,3,3,2,1,3,1,0,3,3,1,4,0,0,1,4,3,3,4,1,3,3,0,3,2,3,0,4,2,2,3,1,4,1,4,0,0,0,0,3,4,3,0,2,3,3,2,2,2,4,3,0,1,0,3,4,4,4,4,4,4,4,4,4,4,4,4,4,4,4,4,4,4,4,4,4,4,4,4,4,0,1,1,0,1,0,3,0,0,0,1,1,4,0,4,0,2,0,4,0,3,2,0,1,2,1,1,4,4,4,4,0,0,0,2,4,4,4,4,4,4,3,0,0,2,2,3,2,1,1,3,0,1,1,2,3,1,1,0,0,1,0,2,1,0,3,0,2,0,3,0,3,3,1,2,1,1,4,4,4,4,4,4,4,4,3,3,1,2,4,2,2,1,1,4,4,4,4,4,4,4,4,4,4,4,4,4,4,4,4,4,4,4,4,4,4,4,4,4,4,4,4,4,4,4,4,4,3,4,4,3,0,3,1,0,4,0,0,1,0,1,4,4,0,4,4,4,2,2,2,1,2,0,1,0,1,2,3,2,2,0,4,4,4,4,4,2,3,2,0,2,2,1,0,1,1,0,1,1,3,0,4,4,4,4,4,4,4,4,4,4,4,4,4,4,4,4,4,4,4,4,4,4,4,4,4,4,4,4,4,4,4,4,4,4,4,4,4,4,4,4,4,4,4,4,4,4,4,4,4,4,4,4,4,4,4,4,4,4,4,4,4,4,4,4,4,4,4,4,4,4,4,4,4,4,4,4,4,4,4,4,4,4,4,4,4,4,4,4,4,4,4,4,4,4,4,4,4,4,4,4,4,4,4,4,4,4,4,4,4,4,4,4,4,4,4,4,4,4,4,4,4,4,4,4,4,4,4,4,4,4,4,4,4,4,4,4,4,4,4,4,4,4,4,4,4,4,4,4,4,4,4,4,4,4,4,4,4,4,4,4,4,4,4,4,4,4,4,4,4,4,4,4,4,4,4,4,4,4,4,4,4,4,4,4,4,4,4,4,4,4,4,4,4,4,4,ACCI02000102.1/97879-97719,1
1868,0,2,3,2,2,1,3,1,0,3,3,1,4,0,1,1,4,2,0,4,1,3,3,0,3,2,3,1,4,0,2,1,4,4,4,4,1,1,1,3,3,4,1,2,2,4,4,4,4,4,4,2,0,1,2,3,4,4,4,4,4,4,4,4,4,4,4,4,4,4,4,4,4,4,4,4,4,4,4,4,4,2,1,3,0,1,0,3,0,0,0,0,3,4,3,4,1,2,0,4,0,3,2,0,1,2,1,0,4,4,4,4,1,0,0,4,4,4,4,4,4,4,1,0,0,2,2,3,2,1,1,3,2,1,1,2,3,1,1,0,0,1,3,3,4,4,1,3,2,0,3,0,3,1,0,4,4,4,4,4,4,4,4,2,1,2,3,0,4,4,4,4,2,1,3,4,4,4,4,4,4,4,4,4,4,4,4,4,4,4,4,4,4,4,4,4,4,4,4,4,4,4,4,4,4,4,4,4,0,4,4,3,0,3,1,0,4,0,1,1,0,3,4,4,1,4,4,4,2,2,2,1,2,0,0,0,1,2,3,1,2,0,4,4,4,4,4,2,3,3,0,2,2,1,0,1,1,2,1,1,3,3,4,4,4,4,4,4,4,4,4,4,4,4,4,4,4,4,4,4,4,4,4,4,4,4,4,4,4,4,4,4,4,4,4,4,4,4,4,4,4,4,4,4,4,4,4,4,4,4,4,4,4,4,4,4,4,4,4,4,4,4,4,4,4,4,4,4,4,4,4,4,4,4,4,4,4,4,4,4,4,4,4,4,4,4,4,4,4,4,4,4,4,4,4,4,4,4,4,4,4,4,4,4,4,4,4,4,4,4,4,4,4,4,4,4,4,4,4,4,4,4,4,4,4,4,4,4,4,4,4,4,4,4,4,4,4,4,4,4,4,4,4,4,4,4,4,4,4,4,4,4,4,4,4,4,4,4,4,4,4,4,4,4,4,4,4,4,4,4,4,4,4,4,4,4,4,4,4,4,4,4,4,4,4,4,4,4,4,4,4,4,4,4,4,4,4,AEZO01000063.1/28313-28166,1
1869,0,2,3,2,2,1,3,1,0,3,3,1,4,0,1,1,4,2,0,4,1,3,3,0,3,2,3,1,4,0,2,1,4,4,4,4,1,1,1,3,3,4,1,2,2,4,4,4,4,4,4,2,0,1,2,3,4,4,4,4,4,4,4,4,4,4,4,4,4,4,4,4,4,4,4,4,4,4,4,4,4,2,1,3,0,1,0,3,0,0,0,0,3,4,3,4,1,2,0,4,0,3,2,0,1,2,1,0,4,4,4,4,1,0,0,4,4,4,4,4,4,4,1,0,0,2,2,3,2,1,1,3,2,1,1,2,3,1,1,0,0,1,3,3,4,4,1,3,2,0,3,0,3,1,0,4,4,4,4,4,4,4,4,2,1,2,3,0,4,4,4,4,2,1,3,4,4,4,4,4,4,4,4,4,4,4,4,4,4,4,4,4,4,4,4,4,4,4,4,4,4,4,4,4,4,4,4,4,0,4,4,3,0,3,1,0,4,0,1,1,0,3,4,4,1,4,4,4,2,2,2,1,2,0,0,0,1,2,3,1,2,0,4,4,4,4,4,2,3,3,0,2,2,1,0,1,1,2,1,1,3,3,4,4,4,4,4,4,4,4,4,4,4,4,4,4,4,4,4,4,4,4,4,4,4,4,4,4,4,4,4,4,4,4,4,4,4,4,4,4,4,4,4,4,4,4,4,4,4,4,4,4,4,4,4,4,4,4,4,4,4,4,4,4,4,4,4,4,4,4,4,4,4,4,4,4,4,4,4,4,4,4,4,4,4,4,4,4,4,4,4,4,4,4,4,4,4,4,4,4,4,4,4,4,4,4,4,4,4,4,4,4,4,4,4,4,4,4,4,4,4,4,4,4,4,4,4,4,4,4,4,4,4,4,4,4,4,4,4,4,4,4,4,4,4,4,4,4,4,4,4,4,4,4,4,4,4,4,4,4,4,4,4,4,4,4,4,4,4,4,4,4,4,4,4,4,4,4,4,4,4,4,4,4,4,4,4,4,4,4,4,4,4,4,4,4,4,AEZN01000046.1/1414833-1414686,1
1870,1,2,1,3,2,1,3,1,0,3,3,1,4,0,1,3,4,3,2,4,3,3,3,0,3,2,0,0,4,3,2,1,1,0,1,4,1,2,1,2,1,4,3,2,1,2,4,4,4,2,4,3,1,0,2,0,4,4,4,4,4,4,4,4,4,4,4,4,4,4,4,4,4,4,4,4,4,4,4,4,4,2,1,4,3,1,0,3,0,0,0,2,1,4,1,4,1,2,0,4,0,3,2,0,1,2,1,0,4,4,4,4,1,1,0,4,4,4,4,4,4,4,0,0,1,2,2,0,2,1,1,3,2,1,1,2,3,1,1,0,1,1,0,1,0,4,1,1,2,0,3,0,0,3,1,2,3,0,4,4,4,4,3,2,1,0,3,3,2,1,4,0,3,1,2,4,4,4,4,4,4,4,4,4,4,4,4,4,4,4,4,4,4,4,4,4,4,4,4,4,4,4,4,4,4,4,4,4,3,4,4,3,0,3,1,0,4,0,2,1,0,3,4,4,1,4,4,4,2,2,0,1,2,3,0,0,1,2,3,3,2,0,4,4,4,4,4,2,3,3,0,2,2,1,3,1,1,0,1,1,1,0,4,4,4,4,4,4,4,4,4,4,4,4,4,4,4,4,4,4,4,4,4,4,4,4,4,4,4,4,4,4,4,4,4,4,4,4,4,4,4,4,4,4,4,4,4,4,4,4,4,4,4,4,4,4,4,4,4,4,4,4,4,4,4,4,4,4,4,4,4,4,4,4,4,4,4,4,4,4,4,4,4,4,4,4,4,4,4,4,4,4,4,4,4,4,4,4,4,4,4,4,4,4,4,4,4,4,4,4,4,4,4,4,4,4,4,4,4,4,4,4,4,4,4,4,4,4,4,4,4,4,4,4,4,4,4,4,4,4,4,4,4,4,4,4,4,4,4,4,4,4,4,4,4,4,4,4,4,4,4,4,4,4,4,4,4,4,4,4,4,4,4,4,4,4,4,4,4,4,4,4,4,4,4,4,4,4,4,4,4,4,4,4,4,4,4,ADWX01091043.1/256-97,1
1871,0,2,3,2,2,1,3,1,0,3,3,1,4,0,1,1,4,3,3,4,1,3,3,0,3,2,3,1,4,0,2,1,4,4,4,4,1,1,1,3,3,4,0,2,2,4,4,4,4,4,4,2,0,1,2,1,4,4,4,4,4,4,4,4,4,4,4,4,4,4,4,4,4,4,4,4,4,4,4,4,4,2,1,3,0,1,0,3,0,0,0,1,3,4,3,4,1,2,0,4,0,3,2,0,1,2,1,0,4,4,4,4,1,0,0,4,4,4,4,4,4,4,1,0,0,2,2,3,2,1,1,3,2,1,1,2,3,1,1,0,0,1,3,3,4,4,1,3,2,0,3,0,0,3,0,4,4,4,4,4,4,4,4,2,1,2,3,0,4,4,4,4,2,1,3,4,4,4,4,4,4,4,4,4,4,4,4,4,4,4,4,4,4,4,4,4,4,4,4,4,4,4,4,4,4,4,4,4,3,4,4,3,0,3,1,0,4,0,1,1,3,1,4,4,1,4,4,4,2,2,2,1,2,0,0,0,1,2,3,1,2,0,4,4,4,4,4,2,3,3,0,2,2,1,0,1,1,2,1,1,3,3,4,4,4,4,4,4,4,4,4,4,4,4,4,4,4,4,4,4,4,4,4,4,4,4,4,4,4,4,4,4,4,4,4,4,4,4,4,4,4,4,4,4,4,4,4,4,4,4,4,4,4,4,4,4,4,4,4,4,4,4,4,4,4,4,4,4,4,4,4,4,4,4,4,4,4,4,4,4,4,4,4,4,4,4,4,4,4,4,4,4,4,4,4,4,4,4,4,4,4,4,4,4,4,4,4,4,4,4,4,4,4,4,4,4,4,4,4,4,4,4,4,4,4,4,4,4,4,4,4,4,4,4,4,4,4,4,4,4,4,4,4,4,4,4,4,4,4,4,4,4,4,4,4,4,4,4,4,4,4,4,4,4,4,4,4,4,4,4,4,4,4,4,4,4,4,4,4,4,4,4,4,4,4,4,4,4,4,4,4,4,4,4,4,4,4,AM933172.1/2708610-2708463,1
1872,0,2,0,3,2,1,3,1,0,3,1,1,4,1,0,1,4,3,3,4,0,3,3,0,3,2,0,1,4,0,2,1,3,3,2,2,1,1,0,3,3,4,0,0,2,2,1,3,0,4,4,0,3,3,3,0,4,4,4,4,4,4,4,4,4,4,4,4,4,4,4,4,4,4,4,4,4,4,4,4,4,2,1,3,3,1,0,3,0,0,0,1,1,1,0,4,2,2,2,4,0,3,2,0,1,2,1,0,4,4,4,4,2,0,2,1,1,2,0,3,3,3,3,0,2,0,2,3,2,1,1,3,0,3,3,2,3,1,1,0,3,2,3,0,0,4,1,1,2,0,3,2,3,3,4,4,4,4,4,4,4,4,4,2,0,2,3,0,4,4,4,4,0,3,2,4,4,4,4,4,4,4,4,4,4,4,4,4,4,4,4,4,4,4,4,4,4,4,4,4,4,4,4,4,4,4,4,4,3,4,4,1,0,3,1,0,4,1,0,3,0,1,4,4,1,4,4,4,2,2,2,1,0,3,0,0,1,2,3,3,2,0,4,4,4,4,4,2,3,2,0,2,2,1,0,1,3,2,0,3,0,3,4,4,4,4,4,4,4,4,4,4,4,4,4,4,4,4,4,4,4,4,4,4,4,4,4,4,4,4,4,4,4,4,4,4,4,4,4,4,4,4,4,4,4,4,4,4,4,4,4,4,4,4,4,4,4,4,4,4,4,4,4,4,4,4,4,4,4,4,4,4,4,4,4,4,4,4,4,4,4,4,4,4,4,4,4,4,4,4,4,4,4,4,4,4,4,4,4,4,4,4,4,4,4,4,4,4,4,4,4,4,4,4,4,4,4,4,4,4,4,4,4,4,4,4,4,4,4,4,4,4,4,4,4,4,4,4,4,4,4,4,4,4,4,4,4,4,4,4,4,4,4,4,4,4,4,4,4,4,4,4,4,4,4,4,4,4,4,4,4,4,4,4,4,4,4,4,4,4,4,4,4,4,4,4,4,4,4,4,4,4,4,4,4,4,4,CP000305.1/148967-149130,1
1873,0,2,0,3,2,1,3,1,0,3,3,1,4,1,0,3,4,1,3,4,1,3,3,0,3,2,3,3,4,1,2,1,1,3,4,4,4,4,4,4,4,4,4,4,4,4,4,4,4,4,4,4,4,4,4,4,3,0,4,4,4,4,4,4,4,4,4,4,4,4,4,4,4,4,4,4,4,4,4,2,3,2,1,1,3,1,0,3,0,0,0,1,3,1,1,4,2,2,0,4,0,3,2,0,1,2,1,0,4,4,4,4,2,0,2,1,1,2,4,4,3,3,3,0,1,2,2,3,2,1,3,3,0,3,1,2,3,1,1,4,0,1,3,2,0,4,1,0,2,0,3,2,3,1,4,4,4,4,4,4,4,4,4,2,1,3,3,0,3,4,4,4,2,1,1,4,4,4,4,4,4,4,4,4,4,4,4,4,4,4,4,4,4,4,4,4,4,4,4,4,4,4,4,4,4,4,4,4,3,4,4,1,0,3,1,0,4,2,0,1,0,1,4,4,1,0,4,3,2,2,0,1,0,1,0,0,1,2,3,3,2,0,4,4,4,4,4,2,3,2,0,0,2,1,0,1,1,1,0,1,3,3,4,4,4,4,4,4,4,4,4,4,4,4,4,4,4,4,4,4,4,4,4,4,4,4,4,4,4,4,4,4,4,4,4,4,4,4,4,4,4,4,4,4,4,4,4,4,4,4,4,4,4,4,4,4,4,4,4,4,4,4,4,4,4,4,4,4,4,4,4,4,4,4,4,4,4,4,4,4,4,4,4,4,4,4,4,4,4,4,4,4,4,4,4,4,4,4,4,4,4,4,4,4,4,4,4,4,4,4,4,4,4,4,4,4,4,4,4,4,4,4,4,4,4,4,4,4,4,4,4,4,4,4,4,4,4,4,4,4,4,4,4,4,4,4,4,4,4,4,4,4,4,4,4,4,4,4,4,4,4,4,4,4,4,4,4,4,4,4,4,4,4,4,4,4,4,4,4,4,4,4,4,4,4,4,4,4,4,4,4,4,4,4,4,4,4,AFDX01000040.1/113594-113742,1
1874,0,2,3,2,2,1,3,1,0,3,3,1,4,0,1,1,4,3,3,4,1,3,3,0,3,2,3,1,4,0,2,1,4,4,4,4,1,1,1,3,3,4,0,1,2,4,4,4,4,4,4,2,0,1,2,1,4,4,4,4,4,4,4,4,4,4,4,4,4,4,4,4,4,4,4,4,4,4,4,4,4,2,1,3,0,1,0,3,0,0,0,1,3,4,3,4,1,2,0,4,0,3,2,0,1,2,1,0,4,4,4,4,1,0,0,4,4,4,4,4,4,4,1,0,0,2,2,3,2,1,1,3,2,1,1,2,3,1,1,0,0,1,3,3,4,4,1,3,2,0,3,0,0,3,0,4,4,4,4,4,4,4,4,2,1,2,3,0,4,4,4,4,2,1,3,4,4,4,4,4,4,4,4,4,4,4,4,4,4,4,4,4,4,4,4,4,4,4,4,4,4,4,4,4,4,4,4,4,3,4,4,3,0,3,1,0,4,0,1,1,3,1,4,4,1,4,4,4,2,2,2,1,2,0,0,0,1,2,3,1,2,0,4,4,4,4,4,2,3,3,0,2,2,1,2,1,1,2,1,1,3,3,4,4,4,4,4,4,4,4,4,4,4,4,4,4,4,4,4,4,4,4,4,4,4,4,4,4,4,4,4,4,4,4,4,4,4,4,4,4,4,4,4,4,4,4,4,4,4,4,4,4,4,4,4,4,4,4,4,4,4,4,4,4,4,4,4,4,4,4,4,4,4,4,4,4,4,4,4,4,4,4,4,4,4,4,4,4,4,4,4,4,4,4,4,4,4,4,4,4,4,4,4,4,4,4,4,4,4,4,4,4,4,4,4,4,4,4,4,4,4,4,4,4,4,4,4,4,4,4,4,4,4,4,4,4,4,4,4,4,4,4,4,4,4,4,4,4,4,4,4,4,4,4,4,4,4,4,4,4,4,4,4,4,4,4,4,4,4,4,4,4,4,4,4,4,4,4,4,4,4,4,4,4,4,4,4,4,4,4,4,4,4,4,4,4,4,ACBF01000015.1/69751-69604,1
1875,0,2,3,2,2,1,3,1,0,3,3,1,4,0,1,1,4,3,3,4,1,3,3,0,3,2,3,1,4,0,2,1,4,4,4,4,1,1,1,3,3,4,1,2,2,4,4,4,4,4,4,2,0,0,2,1,4,4,4,4,4,4,4,4,4,4,4,4,4,4,4,4,4,4,4,4,4,4,4,4,4,2,1,3,0,1,0,3,0,0,0,1,3,4,3,4,1,2,0,4,0,3,2,0,1,2,1,0,4,4,4,4,1,0,0,4,4,4,4,4,4,4,0,1,0,2,2,3,2,1,1,3,2,1,1,2,3,1,1,0,0,1,3,1,4,4,1,3,2,0,3,0,0,1,0,4,4,4,4,4,4,4,4,2,1,3,1,3,4,4,4,4,2,1,3,4,4,4,4,4,4,4,4,4,4,4,4,4,4,4,4,4,4,4,4,4,4,4,4,4,4,4,4,4,4,4,4,4,3,4,4,3,0,3,1,0,4,2,3,1,0,3,4,4,1,4,4,4,2,2,2,1,2,0,0,0,1,2,3,1,2,0,4,4,4,4,4,2,3,0,0,2,2,1,0,1,1,2,1,1,3,1,4,4,4,4,4,4,4,4,4,4,4,4,4,4,4,4,4,4,4,4,4,4,4,4,4,4,4,4,4,4,4,4,4,4,4,4,4,4,4,4,4,4,4,4,4,4,4,4,4,4,4,4,4,4,4,4,4,4,4,4,4,4,4,4,4,4,4,4,4,4,4,4,4,4,4,4,4,4,4,4,4,4,4,4,4,4,4,4,4,4,4,4,4,4,4,4,4,4,4,4,4,4,4,4,4,4,4,4,4,4,4,4,4,4,4,4,4,4,4,4,4,4,4,4,4,4,4,4,4,4,4,4,4,4,4,4,4,4,4,4,4,4,4,4,4,4,4,4,4,4,4,4,4,4,4,4,4,4,4,4,4,4,4,4,4,4,4,4,4,4,4,4,4,4,4,4,4,4,4,4,4,4,4,4,4,4,4,4,4,4,4,4,4,4,4,CP002824.1/183244-183097,1
1876,0,2,0,3,2,1,3,1,0,3,3,1,4,1,0,3,4,1,3,4,1,3,3,0,3,2,3,3,4,1,2,1,1,3,4,4,4,4,4,4,4,4,4,4,4,4,4,4,4,4,4,4,4,4,4,4,3,0,4,4,4,4,4,4,4,4,4,4,4,4,4,4,4,4,4,4,4,4,4,2,3,2,1,1,3,1,0,3,0,0,0,1,3,1,1,4,2,2,0,4,0,3,2,0,1,2,1,0,4,4,4,4,2,0,2,1,1,2,4,4,3,3,3,0,1,2,2,3,2,1,3,3,0,3,1,2,3,1,1,4,0,1,3,2,0,4,1,0,2,0,3,2,3,1,4,4,4,4,4,4,4,4,4,2,1,3,3,0,3,4,4,4,2,1,1,4,4,4,4,4,4,4,4,4,4,4,4,4,4,4,4,4,4,4,4,4,4,4,4,4,4,4,4,4,4,4,4,4,3,4,4,1,0,3,1,0,4,2,0,1,0,1,4,4,1,0,4,3,2,2,0,1,0,1,0,0,1,2,3,3,2,0,4,4,4,4,4,2,3,2,0,0,2,1,0,1,1,1,0,1,3,3,4,4,4,4,4,4,4,4,4,4,4,4,4,4,4,4,4,4,4,4,4,4,4,4,4,4,4,4,4,4,4,4,4,4,4,4,4,4,4,4,4,4,4,4,4,4,4,4,4,4,4,4,4,4,4,4,4,4,4,4,4,4,4,4,4,4,4,4,4,4,4,4,4,4,4,4,4,4,4,4,4,4,4,4,4,4,4,4,4,4,4,4,4,4,4,4,4,4,4,4,4,4,4,4,4,4,4,4,4,4,4,4,4,4,4,4,4,4,4,4,4,4,4,4,4,4,4,4,4,4,4,4,4,4,4,4,4,4,4,4,4,4,4,4,4,4,4,4,4,4,4,4,4,4,4,4,4,4,4,4,4,4,4,4,4,4,4,4,4,4,4,4,4,4,4,4,4,4,4,4,4,4,4,4,4,4,4,4,4,4,4,4,4,4,4,AGTI01000003.1/38020-38168,1
1877,0,2,0,3,2,1,3,1,0,3,3,1,4,1,0,3,4,1,3,4,1,3,3,0,3,2,3,3,4,1,2,1,1,3,3,4,1,4,4,4,4,4,4,4,4,4,4,4,4,4,4,4,4,4,4,4,3,4,4,4,4,4,4,4,4,4,4,4,4,4,4,4,4,4,4,4,4,4,4,4,2,2,1,1,3,1,0,3,0,0,0,1,3,1,0,4,2,2,0,4,0,3,2,0,3,2,1,0,4,4,4,4,2,0,2,1,1,2,4,4,3,3,3,0,1,2,2,3,2,1,3,3,0,3,1,2,3,1,1,4,0,1,3,2,0,4,1,0,2,0,3,2,3,1,4,4,4,4,4,4,4,4,4,2,1,3,3,0,1,4,4,4,2,1,1,4,4,4,4,4,4,4,4,4,4,4,4,4,4,4,4,4,4,4,4,4,4,4,4,4,4,4,4,4,4,4,4,4,3,4,4,1,0,3,1,0,4,0,0,1,0,1,4,4,1,1,4,3,2,2,0,1,0,1,0,0,1,2,3,3,2,0,4,4,4,4,4,2,3,2,0,0,2,1,0,1,1,1,1,3,3,3,4,4,4,4,4,4,4,4,4,4,4,4,4,4,4,4,4,4,4,4,4,4,4,4,4,4,4,4,4,4,4,4,4,4,4,4,4,4,4,4,4,4,4,4,4,4,4,4,4,4,4,4,4,4,4,4,4,4,4,4,4,4,4,4,4,4,4,4,4,4,4,4,4,4,4,4,4,4,4,4,4,4,4,4,4,4,4,4,4,4,4,4,4,4,4,4,4,4,4,4,4,4,4,4,4,4,4,4,4,4,4,4,4,4,4,4,4,4,4,4,4,4,4,4,4,4,4,4,4,4,4,4,4,4,4,4,4,4,4,4,4,4,4,4,4,4,4,4,4,4,4,4,4,4,4,4,4,4,4,4,4,4,4,4,4,4,4,4,4,4,4,4,4,4,4,4,4,4,4,4,4,4,4,4,4,4,4,4,4,4,4,4,4,4,4,ABEI01000022.1/459-607,1
1878,0,2,3,3,2,1,3,1,0,3,3,1,4,0,1,1,4,3,1,4,3,3,3,0,3,2,0,3,4,0,2,3,1,1,1,2,1,1,2,3,0,4,1,0,2,1,2,2,0,0,4,3,0,3,2,1,4,4,4,4,4,4,4,4,4,4,4,4,4,4,4,4,4,4,4,4,4,4,4,4,4,2,1,3,3,1,0,3,0,0,0,1,1,0,1,4,1,2,0,4,0,3,2,0,3,2,1,1,4,4,4,4,3,0,0,2,4,4,4,4,4,4,0,1,3,2,2,3,2,1,1,3,0,3,1,2,3,1,1,0,1,1,1,0,0,0,1,1,2,0,3,0,3,3,2,3,2,3,4,4,4,4,4,2,0,0,3,2,1,4,4,4,0,1,0,4,4,4,4,4,4,4,4,4,4,4,4,4,4,4,4,4,4,4,4,4,4,4,4,4,4,4,4,4,4,4,4,4,3,4,4,3,0,3,1,0,4,0,0,1,0,3,4,4,1,4,4,4,2,2,0,1,2,0,1,0,1,2,3,3,2,0,4,4,4,4,4,2,3,2,0,2,2,3,2,1,1,2,1,1,3,0,4,4,4,4,4,4,4,4,4,4,4,4,4,4,4,4,4,4,4,4,4,4,4,4,4,4,4,4,4,4,4,4,4,4,4,4,4,4,4,4,4,4,4,4,4,4,4,4,4,4,4,4,4,4,4,4,4,4,4,4,4,4,4,4,4,4,4,4,4,4,4,4,4,4,4,4,4,4,4,4,4,4,4,4,4,4,4,4,4,4,4,4,4,4,4,4,4,4,4,4,4,4,4,4,4,4,4,4,4,4,4,4,4,4,4,4,4,4,4,4,4,4,4,4,4,4,4,4,4,4,4,4,4,4,4,4,4,4,4,4,4,4,4,4,4,4,4,4,4,4,4,4,4,4,4,4,4,4,4,4,4,4,4,4,4,4,4,4,4,4,4,4,4,4,4,4,4,4,4,4,4,4,4,4,4,4,4,4,4,4,4,4,4,4,4,AGQO01000012.1/29605-29769,1
1879,0,2,0,3,2,1,3,1,0,3,3,1,4,1,0,3,4,1,3,4,1,3,3,0,3,2,3,3,4,1,2,1,1,3,3,4,1,4,4,4,4,4,4,4,4,4,4,4,4,4,4,4,4,4,4,4,3,4,4,4,4,4,4,4,4,4,4,4,4,4,4,4,4,4,4,4,4,4,4,4,2,2,1,1,3,1,0,3,0,0,0,1,3,1,0,4,2,2,0,4,0,3,2,0,3,2,1,0,4,4,4,4,2,0,2,1,1,2,4,4,3,3,3,0,1,2,2,3,2,1,3,3,0,3,1,2,3,1,1,4,0,1,3,2,0,4,1,0,2,0,3,2,3,1,4,4,4,4,4,4,4,4,4,2,1,3,3,0,1,4,4,4,2,1,1,4,4,4,4,4,4,4,4,4,4,4,4,4,4,4,4,4,4,4,4,4,4,4,4,4,4,4,4,4,4,4,4,4,3,4,4,1,0,3,1,0,4,0,0,1,0,1,4,4,1,1,4,3,2,2,0,1,0,1,0,0,1,2,3,3,2,0,4,4,4,4,4,2,3,2,0,0,2,1,0,1,1,1,1,3,3,3,4,4,4,4,4,4,4,4,4,4,4,4,4,4,4,4,4,4,4,4,4,4,4,4,4,4,4,4,4,4,4,4,4,4,4,4,4,4,4,4,4,4,4,4,4,4,4,4,4,4,4,4,4,4,4,4,4,4,4,4,4,4,4,4,4,4,4,4,4,4,4,4,4,4,4,4,4,4,4,4,4,4,4,4,4,4,4,4,4,4,4,4,4,4,4,4,4,4,4,4,4,4,4,4,4,4,4,4,4,4,4,4,4,4,4,4,4,4,4,4,4,4,4,4,4,4,4,4,4,4,4,4,4,4,4,4,4,4,4,4,4,4,4,4,4,4,4,4,4,4,4,4,4,4,4,4,4,4,4,4,4,4,4,4,4,4,4,4,4,4,4,4,4,4,4,4,4,4,4,4,4,4,4,4,4,4,4,4,4,4,4,4,4,4,4,AFCK01001524.1/295-443,1
1880,0,2,0,3,2,1,3,1,0,3,3,1,4,1,0,3,4,1,3,4,1,3,3,0,3,2,3,3,4,1,2,1,1,3,3,4,1,4,4,4,4,4,4,4,4,4,4,4,4,4,4,4,4,4,4,4,3,4,4,4,4,4,4,4,4,4,4,4,4,4,4,4,4,4,4,4,4,4,4,4,2,2,1,1,3,1,0,3,0,0,0,1,3,1,0,4,2,2,0,4,0,3,2,0,3,2,1,0,4,4,4,4,2,0,2,1,1,2,4,4,3,3,3,0,1,2,2,3,2,1,3,3,0,3,1,2,3,1,1,4,0,1,3,2,0,4,1,0,2,0,3,3,3,1,4,4,4,4,4,4,4,4,4,2,1,3,3,0,1,4,4,4,2,1,1,4,4,4,4,4,4,4,4,4,4,4,4,4,4,4,4,4,4,4,4,4,4,4,4,4,4,4,4,4,4,4,4,4,3,4,4,1,0,3,1,0,4,0,0,1,0,1,4,4,1,1,4,3,2,2,0,1,0,1,0,0,1,2,3,3,2,0,4,4,4,4,4,2,3,2,0,0,2,1,0,1,1,1,1,3,3,3,4,4,4,4,4,4,4,4,4,4,4,4,4,4,4,4,4,4,4,4,4,4,4,4,4,4,4,4,4,4,4,4,4,4,4,4,4,4,4,4,4,4,4,4,4,4,4,4,4,4,4,4,4,4,4,4,4,4,4,4,4,4,4,4,4,4,4,4,4,4,4,4,4,4,4,4,4,4,4,4,4,4,4,4,4,4,4,4,4,4,4,4,4,4,4,4,4,4,4,4,4,4,4,4,4,4,4,4,4,4,4,4,4,4,4,4,4,4,4,4,4,4,4,4,4,4,4,4,4,4,4,4,4,4,4,4,4,4,4,4,4,4,4,4,4,4,4,4,4,4,4,4,4,4,4,4,4,4,4,4,4,4,4,4,4,4,4,4,4,4,4,4,4,4,4,4,4,4,4,4,4,4,4,4,4,4,4,4,4,4,4,4,4,4,4,AM933173.1/3686556-3686408,1
1881,0,2,0,3,2,1,3,1,0,3,3,1,4,1,0,3,4,1,3,4,1,3,3,0,3,2,3,3,4,1,2,1,2,3,3,4,4,4,4,4,4,4,4,4,4,4,4,4,4,4,4,4,4,4,4,4,3,4,4,4,4,4,4,4,4,4,4,4,4,4,4,4,4,4,4,4,4,4,4,0,1,2,1,1,3,1,0,3,0,0,0,1,3,1,0,4,2,2,0,4,0,3,2,0,1,2,1,0,4,4,4,4,2,0,2,1,1,2,4,4,3,3,3,0,1,2,2,3,2,1,3,3,0,3,1,2,3,1,1,0,1,1,2,0,4,4,1,0,2,0,3,2,3,1,4,4,4,4,4,4,4,4,4,2,1,3,3,1,2,4,4,4,2,1,1,4,4,4,4,4,4,4,4,4,4,4,4,4,4,4,4,4,4,4,4,4,4,4,4,4,4,4,4,4,4,4,4,4,3,4,4,1,0,3,1,0,4,2,0,1,0,1,4,4,1,0,4,3,2,2,0,1,0,3,0,0,1,2,3,3,2,0,4,4,4,4,4,2,3,2,0,0,2,1,0,1,1,0,0,3,3,2,4,4,4,4,4,4,4,4,4,4,4,4,4,4,4,4,4,4,4,4,4,4,4,4,4,4,4,4,4,4,4,4,4,4,4,4,4,4,4,4,4,4,4,4,4,4,4,4,4,4,4,4,4,4,4,4,4,4,4,4,4,4,4,4,4,4,4,4,4,4,4,4,4,4,4,4,4,4,4,4,4,4,4,4,4,4,4,4,4,4,4,4,4,4,4,4,4,4,4,4,4,4,4,4,4,4,4,4,4,4,4,4,4,4,4,4,4,4,4,4,4,4,4,4,4,4,4,4,4,4,4,4,4,4,4,4,4,4,4,4,4,4,4,4,4,4,4,4,4,4,4,4,4,4,4,4,4,4,4,4,4,4,4,4,4,4,4,4,4,4,4,4,4,4,4,4,4,4,4,4,4,4,4,4,4,4,4,4,4,4,4,4,4,4,4,AEWW01042966.1/480-628,1
1882,0,2,0,3,2,1,3,1,0,3,3,1,4,1,0,3,4,1,3,4,1,3,3,0,3,2,3,3,4,1,2,1,1,3,4,4,4,4,4,4,4,4,4,4,4,4,4,4,4,4,4,4,4,4,4,4,3,0,4,4,4,4,4,4,4,4,4,4,4,4,4,4,4,4,4,4,4,4,4,2,3,2,1,1,3,1,0,3,0,0,0,1,3,1,1,4,2,2,0,4,0,3,2,0,1,2,1,0,4,4,4,4,2,0,2,1,1,2,4,4,3,3,3,0,1,2,2,3,2,1,3,3,0,3,1,2,3,1,1,4,0,1,3,2,0,4,1,0,2,0,3,2,3,1,4,4,4,4,4,4,4,4,4,2,1,3,3,0,3,4,4,4,2,1,1,4,4,4,4,4,4,4,4,4,4,4,4,4,4,4,4,4,4,4,4,4,4,4,4,4,4,4,4,4,4,4,4,4,3,4,4,1,0,3,1,0,4,2,0,1,0,1,4,4,1,0,4,3,2,2,0,1,0,1,0,0,1,2,3,3,2,0,4,4,4,4,4,2,3,2,0,0,2,1,0,1,1,1,0,1,3,3,4,4,4,4,4,4,4,4,4,4,4,4,4,4,4,4,4,4,4,4,4,4,4,4,4,4,4,4,4,4,4,4,4,4,4,4,4,4,4,4,4,4,4,4,4,4,4,4,4,4,4,4,4,4,4,4,4,4,4,4,4,4,4,4,4,4,4,4,4,4,4,4,4,4,4,4,4,4,4,4,4,4,4,4,4,4,4,4,4,4,4,4,4,4,4,4,4,4,4,4,4,4,4,4,4,4,4,4,4,4,4,4,4,4,4,4,4,4,4,4,4,4,4,4,4,4,4,4,4,4,4,4,4,4,4,4,4,4,4,4,4,4,4,4,4,4,4,4,4,4,4,4,4,4,4,4,4,4,4,4,4,4,4,4,4,4,4,4,4,4,4,4,4,4,4,4,4,4,4,4,4,4,4,4,4,4,4,4,4,4,4,4,4,4,4,AFRI01000011.1/189734-189882,1
1883,0,2,3,2,2,1,3,1,0,3,3,1,4,0,1,1,4,2,0,4,1,3,3,0,3,2,3,1,4,0,2,1,4,4,4,4,1,1,1,3,3,4,1,2,2,4,4,4,4,4,4,2,0,1,2,3,4,4,4,4,4,4,4,4,4,4,4,4,4,4,4,4,4,4,4,4,4,4,4,4,4,2,1,3,0,1,0,3,0,0,0,0,3,4,3,4,1,2,0,4,0,3,2,0,1,2,1,0,4,4,4,4,1,0,0,4,4,4,4,4,4,4,1,0,0,2,2,3,2,1,1,3,2,1,1,2,3,1,1,0,0,1,3,3,4,4,1,3,2,0,3,0,3,1,0,4,4,4,4,4,4,4,4,2,1,2,3,0,4,4,4,4,2,1,3,4,4,4,4,4,4,4,4,4,4,4,4,4,4,4,4,4,4,4,4,4,4,4,4,4,4,4,4,4,4,4,4,4,0,4,4,3,0,3,1,0,4,0,1,1,0,3,4,4,1,4,4,4,2,2,2,1,2,0,0,0,1,2,3,1,2,0,4,4,4,4,4,2,3,3,0,2,2,1,0,1,1,2,1,1,3,3,4,4,4,4,4,4,4,4,4,4,4,4,4,4,4,4,4,4,4,4,4,4,4,4,4,4,4,4,4,4,4,4,4,4,4,4,4,4,4,4,4,4,4,4,4,4,4,4,4,4,4,4,4,4,4,4,4,4,4,4,4,4,4,4,4,4,4,4,4,4,4,4,4,4,4,4,4,4,4,4,4,4,4,4,4,4,4,4,4,4,4,4,4,4,4,4,4,4,4,4,4,4,4,4,4,4,4,4,4,4,4,4,4,4,4,4,4,4,4,4,4,4,4,4,4,4,4,4,4,4,4,4,4,4,4,4,4,4,4,4,4,4,4,4,4,4,4,4,4,4,4,4,4,4,4,4,4,4,4,4,4,4,4,4,4,4,4,4,4,4,4,4,4,4,4,4,4,4,4,4,4,4,4,4,4,4,4,4,4,4,4,4,4,4,4,AFHB01000025.1/456652-456505,1
1884,0,2,0,3,2,1,3,1,0,3,1,1,4,1,0,1,4,3,3,4,0,3,3,0,3,2,0,3,4,0,2,1,1,3,2,4,2,3,3,3,3,4,3,0,3,0,2,1,1,0,4,0,3,3,3,0,4,4,4,4,4,4,4,4,4,4,4,4,4,4,4,4,4,4,4,4,4,4,4,4,4,2,1,3,3,1,0,3,0,0,0,1,1,1,0,4,2,2,2,4,0,3,2,0,1,2,1,0,4,4,4,4,2,0,2,1,1,2,0,3,3,3,3,0,2,2,2,3,2,1,1,3,0,3,3,2,3,1,1,0,3,2,3,0,0,4,0,1,2,0,3,2,3,3,4,4,4,4,4,4,4,4,4,2,0,0,3,0,4,4,4,4,3,1,3,4,4,4,4,4,4,4,4,4,4,4,4,4,4,4,4,4,4,4,4,4,4,4,4,4,4,4,4,4,4,4,4,4,3,4,4,1,0,3,1,0,4,1,0,3,0,1,4,4,1,4,4,4,2,2,2,1,0,3,0,0,1,2,3,3,2,0,4,4,4,4,4,2,3,2,0,2,2,1,0,1,1,2,0,1,0,3,4,4,4,4,4,4,4,4,4,4,4,4,4,4,4,4,4,4,4,4,4,4,4,4,4,4,4,4,4,4,4,4,4,4,4,4,4,4,4,4,4,4,4,4,4,4,4,4,4,4,4,4,4,4,4,4,4,4,4,4,4,4,4,4,4,4,4,4,4,4,4,4,4,4,4,4,4,4,4,4,4,4,4,4,4,4,4,4,4,4,4,4,4,4,4,4,4,4,4,4,4,4,4,4,4,4,4,4,4,4,4,4,4,4,4,4,4,4,4,4,4,4,4,4,4,4,4,4,4,4,4,4,4,4,4,4,4,4,4,4,4,4,4,4,4,4,4,4,4,4,4,4,4,4,4,4,4,4,4,4,4,4,4,4,4,4,4,4,4,4,4,4,4,4,4,4,4,4,4,4,4,4,4,4,4,4,4,4,4,4,4,4,4,4,4,AGQO01000027.1/326-163,1
1885,0,2,0,3,2,1,3,1,0,3,3,1,4,1,0,3,4,1,3,4,1,3,3,0,3,2,3,3,4,1,2,1,1,3,3,4,1,4,4,4,4,4,4,4,4,4,4,4,4,4,4,4,4,4,4,4,3,4,4,4,4,4,4,4,4,4,4,4,4,4,4,4,4,4,4,4,4,4,4,4,2,2,1,1,3,1,0,3,0,0,0,1,3,1,0,4,2,2,0,4,0,3,2,0,3,2,1,0,4,4,4,4,2,0,2,1,1,2,4,4,3,3,3,0,1,2,2,3,2,1,3,3,0,3,1,2,3,1,1,4,0,1,3,2,0,4,1,0,2,0,3,2,3,1,4,4,4,4,4,4,4,4,4,2,1,3,3,0,1,4,4,4,2,1,1,4,4,4,4,4,4,4,4,4,4,4,4,4,4,4,4,4,4,4,4,4,4,4,4,4,4,4,4,4,4,4,4,4,3,4,4,1,0,3,1,0,4,0,0,1,0,1,4,4,1,1,4,3,2,2,0,1,0,1,0,0,1,2,3,3,2,0,4,4,4,4,4,2,3,2,0,0,2,1,0,1,1,1,1,3,3,3,4,4,4,4,4,4,4,4,4,4,4,4,4,4,4,4,4,4,4,4,4,4,4,4,4,4,4,4,4,4,4,4,4,4,4,4,4,4,4,4,4,4,4,4,4,4,4,4,4,4,4,4,4,4,4,4,4,4,4,4,4,4,4,4,4,4,4,4,4,4,4,4,4,4,4,4,4,4,4,4,4,4,4,4,4,4,4,4,4,4,4,4,4,4,4,4,4,4,4,4,4,4,4,4,4,4,4,4,4,4,4,4,4,4,4,4,4,4,4,4,4,4,4,4,4,4,4,4,4,4,4,4,4,4,4,4,4,4,4,4,4,4,4,4,4,4,4,4,4,4,4,4,4,4,4,4,4,4,4,4,4,4,4,4,4,4,4,4,4,4,4,4,4,4,4,4,4,4,4,4,4,4,4,4,4,4,4,4,4,4,4,4,4,4,4,ABFH02000001.1/989295-989147,1
1886,0,2,3,2,2,1,3,1,0,3,3,1,4,0,1,1,4,3,3,4,1,3,3,0,3,2,3,1,4,0,2,1,4,4,4,4,1,1,1,3,3,4,0,2,2,4,4,4,4,4,4,2,0,1,2,1,4,4,4,4,4,4,4,4,4,4,4,4,4,4,4,4,4,4,4,4,4,4,4,4,4,2,1,3,0,1,0,3,0,0,0,1,3,4,3,4,1,2,0,4,0,3,2,0,1,2,1,0,4,4,4,4,1,0,0,4,4,4,4,4,4,4,1,0,0,2,2,3,2,1,1,3,2,1,1,2,3,1,3,0,0,1,3,3,4,4,1,3,2,0,3,0,0,3,0,4,4,4,4,4,4,4,4,2,1,2,3,0,4,4,4,4,2,1,3,4,4,4,4,4,4,4,4,4,4,4,4,4,4,4,4,4,4,4,4,4,4,4,4,4,4,4,4,4,4,4,4,4,3,4,4,3,0,3,1,0,4,0,1,1,3,1,4,4,1,4,4,4,2,2,2,1,2,0,0,0,1,2,3,1,2,0,4,4,4,4,4,2,3,3,0,2,2,1,0,1,1,2,1,1,3,3,4,4,4,4,4,4,4,4,4,4,4,4,4,4,4,4,4,4,4,4,4,4,4,4,4,4,4,4,4,4,4,4,4,4,4,4,4,4,4,4,4,4,4,4,4,4,4,4,4,4,4,4,4,4,4,4,4,4,4,4,4,4,4,4,4,4,4,4,4,4,4,4,4,4,4,4,4,4,4,4,4,4,4,4,4,4,4,4,4,4,4,4,4,4,4,4,4,4,4,4,4,4,4,4,4,4,4,4,4,4,4,4,4,4,4,4,4,4,4,4,4,4,4,4,4,4,4,4,4,4,4,4,4,4,4,4,4,4,4,4,4,4,4,4,4,4,4,4,4,4,4,4,4,4,4,4,4,4,4,4,4,4,4,4,4,4,4,4,4,4,4,4,4,4,4,4,4,4,4,4,4,4,4,4,4,4,4,4,4,4,4,4,4,4,4,CAAV01001277.1/252-399,1
1887,0,2,3,2,2,1,3,1,0,3,3,1,4,0,1,1,4,2,0,4,1,3,3,0,3,2,3,1,4,0,2,1,4,4,4,4,1,1,1,3,3,4,1,2,2,4,4,4,4,4,4,2,0,1,2,3,4,4,4,4,4,4,4,4,4,4,4,4,4,4,4,4,4,4,4,4,4,4,4,4,4,2,1,3,0,1,0,3,0,0,0,0,3,4,0,4,1,2,0,4,0,3,2,0,1,2,1,0,4,4,4,4,1,0,0,4,4,4,4,4,4,4,1,0,0,2,2,3,2,1,1,3,2,1,1,2,3,1,1,0,0,1,3,3,4,4,1,3,2,0,3,0,3,1,0,4,4,4,4,4,4,4,4,2,1,2,3,0,4,4,4,4,2,1,3,4,4,4,4,4,4,4,4,4,4,4,4,4,4,4,4,4,4,4,4,4,4,4,4,4,4,4,4,4,4,4,4,4,0,4,4,3,0,3,1,0,4,0,1,1,0,3,4,4,1,4,4,4,2,2,2,1,2,0,0,0,1,2,3,1,2,0,4,4,4,4,4,2,3,3,0,2,2,1,0,1,1,2,1,1,3,3,4,4,4,4,4,4,4,4,4,4,4,4,4,4,4,4,4,4,4,4,4,4,4,4,4,4,4,4,4,4,4,4,4,4,4,4,4,4,4,4,4,4,4,4,4,4,4,4,4,4,4,4,4,4,4,4,4,4,4,4,4,4,4,4,4,4,4,4,4,4,4,4,4,4,4,4,4,4,4,4,4,4,4,4,4,4,4,4,4,4,4,4,4,4,4,4,4,4,4,4,4,4,4,4,4,4,4,4,4,4,4,4,4,4,4,4,4,4,4,4,4,4,4,4,4,4,4,4,4,4,4,4,4,4,4,4,4,4,4,4,4,4,4,4,4,4,4,4,4,4,4,4,4,4,4,4,4,4,4,4,4,4,4,4,4,4,4,4,4,4,4,4,4,4,4,4,4,4,4,4,4,4,4,4,4,4,4,4,4,4,4,4,4,4,4,AFGE01000046.1/149449-149302,1
1888,0,2,0,3,2,1,3,1,0,3,3,1,4,1,0,3,4,1,3,4,1,3,3,0,3,2,3,3,4,1,2,1,1,3,4,4,4,4,4,4,4,4,4,4,4,4,4,4,4,4,4,4,4,4,4,4,3,0,4,4,4,4,4,4,4,4,4,4,4,4,4,4,4,4,4,4,4,4,4,2,3,2,1,1,3,1,0,3,0,0,0,1,3,1,1,4,2,2,0,4,0,3,2,0,1,2,1,0,4,4,4,4,2,0,2,1,1,2,4,4,3,3,3,0,1,2,2,3,2,1,3,3,0,3,1,2,3,1,1,4,0,1,3,2,0,4,1,0,2,0,3,2,3,1,4,4,4,4,4,4,4,4,4,2,1,3,3,0,3,4,4,4,2,1,1,4,4,4,4,4,4,4,4,4,4,4,4,4,4,4,4,4,4,4,4,4,4,4,4,4,4,4,4,4,4,4,4,4,3,4,4,1,0,3,1,0,4,2,0,1,0,1,4,4,1,0,4,3,2,2,0,1,0,1,0,0,1,2,3,3,2,0,4,4,4,4,4,2,3,2,0,0,2,1,0,1,1,1,0,1,3,3,4,4,4,4,4,4,4,4,4,4,4,4,4,4,4,4,4,4,4,4,4,4,4,4,4,4,4,4,4,4,4,4,4,4,4,4,4,4,4,4,4,4,4,4,4,4,4,4,4,4,4,4,4,4,4,4,4,4,4,4,4,4,4,4,4,4,4,4,4,4,4,4,4,4,4,4,4,4,4,4,4,4,4,4,4,4,4,4,4,4,4,4,4,4,4,4,4,4,4,4,4,4,4,4,4,4,4,4,4,4,4,4,4,4,4,4,4,4,4,4,4,4,4,4,4,4,4,4,4,4,4,4,4,4,4,4,4,4,4,4,4,4,4,4,4,4,4,4,4,4,4,4,4,4,4,4,4,4,4,4,4,4,4,4,4,4,4,4,4,4,4,4,4,4,4,4,4,4,4,4,4,4,4,4,4,4,4,4,4,4,4,4,4,4,4,AFDV01000061.1/41128-41276,1
1889,0,2,0,3,2,1,3,1,0,3,3,1,4,1,0,3,4,1,3,4,1,3,3,0,3,2,3,3,4,1,2,1,1,3,3,4,1,4,4,4,4,4,4,4,4,4,4,4,4,4,4,4,4,4,4,4,3,4,4,4,4,4,4,4,4,4,4,4,4,4,4,4,4,4,4,4,4,4,4,4,2,2,1,1,3,1,0,3,0,0,0,1,3,1,0,4,2,2,0,4,0,3,2,0,3,2,1,0,4,4,4,4,2,0,2,1,1,2,4,4,3,3,3,0,1,2,2,3,2,1,3,3,0,3,1,2,3,1,1,4,0,1,3,2,0,4,1,0,2,0,3,2,3,1,4,4,4,4,4,4,4,4,4,2,1,3,3,0,1,4,4,4,2,1,1,4,4,4,4,4,4,4,4,4,4,4,4,4,4,4,4,4,4,4,4,4,4,4,4,4,4,4,4,4,4,4,4,4,3,4,4,1,0,3,1,0,4,0,0,1,0,1,4,4,1,1,4,3,2,2,0,1,0,1,0,0,1,2,3,3,2,0,4,4,4,4,4,2,3,2,0,0,2,1,0,1,1,1,1,3,3,3,4,4,4,4,4,4,4,4,4,4,4,4,4,4,4,4,4,4,4,4,4,4,4,4,4,4,4,4,4,4,4,4,4,4,4,4,4,4,4,4,4,4,4,4,4,4,4,4,4,4,4,4,4,4,4,4,4,4,4,4,4,4,4,4,4,4,4,4,4,4,4,4,4,4,4,4,4,4,4,4,4,4,4,4,4,4,4,4,4,4,4,4,4,4,4,4,4,4,4,4,4,4,4,4,4,4,4,4,4,4,4,4,4,4,4,4,4,4,4,4,4,4,4,4,4,4,4,4,4,4,4,4,4,4,4,4,4,4,4,4,4,4,4,4,4,4,4,4,4,4,4,4,4,4,4,4,4,4,4,4,4,4,4,4,4,4,4,4,4,4,4,4,4,4,4,4,4,4,4,4,4,4,4,4,4,4,4,4,4,4,4,4,4,4,4,CAAW01000881.1/27761-27613,1
1890,0,2,3,2,2,1,3,1,0,3,3,1,4,0,1,1,4,2,0,4,1,3,3,0,3,2,3,1,4,0,2,1,4,4,4,4,1,1,1,3,3,4,1,2,2,4,4,4,4,4,4,2,0,1,2,3,4,4,4,4,4,4,4,4,4,4,4,4,4,4,4,4,4,4,4,4,4,4,4,4,4,2,1,3,0,1,0,3,0,0,0,0,3,4,0,4,1,2,0,4,0,3,2,0,1,2,1,0,4,4,4,4,1,0,0,4,4,4,4,4,4,4,1,0,0,2,2,3,2,1,1,3,2,1,1,2,3,1,1,0,0,1,3,3,4,4,1,3,2,0,3,0,3,1,0,4,4,4,4,4,4,4,4,2,1,2,3,0,4,4,4,4,2,1,3,4,4,4,4,4,4,4,4,4,4,4,4,4,4,4,4,4,4,4,4,4,4,4,4,4,4,4,4,4,4,4,4,4,0,4,4,3,0,3,1,0,4,0,1,1,0,3,4,4,1,4,4,4,2,2,2,1,2,0,0,0,1,2,3,1,2,0,4,4,4,4,4,2,3,3,0,2,2,1,0,1,1,2,1,1,3,3,4,4,4,4,4,4,4,4,4,4,4,4,4,4,4,4,4,4,4,4,4,4,4,4,4,4,4,4,4,4,4,4,4,4,4,4,4,4,4,4,4,4,4,4,4,4,4,4,4,4,4,4,4,4,4,4,4,4,4,4,4,4,4,4,4,4,4,4,4,4,4,4,4,4,4,4,4,4,4,4,4,4,4,4,4,4,4,4,4,4,4,4,4,4,4,4,4,4,4,4,4,4,4,4,4,4,4,4,4,4,4,4,4,4,4,4,4,4,4,4,4,4,4,4,4,4,4,4,4,4,4,4,4,4,4,4,4,4,4,4,4,4,4,4,4,4,4,4,4,4,4,4,4,4,4,4,4,4,4,4,4,4,4,4,4,4,4,4,4,4,4,4,4,4,4,4,4,4,4,4,4,4,4,4,4,4,4,4,4,4,4,4,4,4,4,AFAH01000030.1/1222539-1222392,1
1891,0,2,0,3,2,1,3,1,0,3,3,1,4,1,0,3,4,1,3,4,1,3,3,0,3,2,3,3,4,1,2,1,1,3,3,4,1,4,4,4,4,4,4,4,4,4,4,4,4,4,4,4,4,4,4,4,3,4,4,4,4,4,4,4,4,4,4,4,4,4,4,4,4,4,4,4,4,4,4,4,2,2,1,1,3,1,0,3,0,0,0,1,3,1,0,4,2,2,0,4,0,3,2,0,3,2,1,0,4,4,4,4,2,0,2,1,1,2,4,4,3,3,3,0,1,2,2,3,2,1,3,3,0,3,1,2,3,1,1,4,0,1,3,2,0,4,1,0,2,0,3,2,3,1,4,4,4,4,4,4,4,4,4,2,1,3,3,0,1,4,4,4,2,1,1,4,4,4,4,4,4,4,4,4,4,4,4,4,4,4,4,4,4,4,4,4,4,4,4,4,4,4,4,4,4,4,4,4,3,4,4,1,0,3,1,0,4,0,0,1,0,1,4,4,1,1,4,3,2,2,0,1,0,1,0,0,1,2,3,3,2,0,4,4,4,4,4,2,3,2,0,0,2,1,0,1,1,1,1,3,3,3,4,4,4,4,4,4,4,4,4,4,4,4,4,4,4,4,4,4,4,4,4,4,4,4,4,4,4,4,4,4,4,4,4,4,4,4,4,4,4,4,4,4,4,4,4,4,4,4,4,4,4,4,4,4,4,4,4,4,4,4,4,4,4,4,4,4,4,4,4,4,4,4,4,4,4,4,4,4,4,4,4,4,4,4,4,4,4,4,4,4,4,4,4,4,4,4,4,4,4,4,4,4,4,4,4,4,4,4,4,4,4,4,4,4,4,4,4,4,4,4,4,4,4,4,4,4,4,4,4,4,4,4,4,4,4,4,4,4,4,4,4,4,4,4,4,4,4,4,4,4,4,4,4,4,4,4,4,4,4,4,4,4,4,4,4,4,4,4,4,4,4,4,4,4,4,4,4,4,4,4,4,4,4,4,4,4,4,4,4,4,4,4,4,4,4,CAAY01000993.1/567-419,1
1892,0,2,3,2,2,1,3,1,0,3,3,1,4,0,1,1,4,2,0,4,1,3,3,0,3,2,3,1,4,0,2,1,4,4,4,4,1,1,1,3,3,4,1,2,2,4,4,4,4,4,4,2,0,1,2,3,4,4,4,4,4,4,4,4,4,4,4,4,4,4,4,4,4,4,4,4,4,4,4,4,4,2,1,3,0,1,0,3,0,0,0,0,3,4,3,4,1,2,0,4,0,3,2,0,1,2,1,0,4,4,4,4,1,0,0,4,4,4,4,4,4,4,1,0,0,2,2,3,2,1,1,3,2,1,1,2,3,1,1,0,0,1,3,3,4,4,1,3,2,0,3,0,3,1,0,4,4,4,4,4,4,4,4,2,1,2,3,0,4,4,4,4,2,1,3,4,4,4,4,4,4,4,4,4,4,4,4,4,4,4,4,4,4,4,4,4,4,4,4,4,4,4,4,4,4,4,4,4,0,4,4,3,0,3,1,0,4,0,1,1,0,3,4,4,1,4,4,4,2,2,2,1,2,0,0,0,1,2,3,1,2,0,4,4,4,4,4,2,3,3,0,2,2,1,0,1,1,2,1,1,3,3,4,4,4,4,4,4,4,4,4,4,4,4,4,4,4,4,4,4,4,4,4,4,4,4,4,4,4,4,4,4,4,4,4,4,4,4,4,4,4,4,4,4,4,4,4,4,4,4,4,4,4,4,4,4,4,4,4,4,4,4,4,4,4,4,4,4,4,4,4,4,4,4,4,4,4,4,4,4,4,4,4,4,4,4,4,4,4,4,4,4,4,4,4,4,4,4,4,4,4,4,4,4,4,4,4,4,4,4,4,4,4,4,4,4,4,4,4,4,4,4,4,4,4,4,4,4,4,4,4,4,4,4,4,4,4,4,4,4,4,4,4,4,4,4,4,4,4,4,4,4,4,4,4,4,4,4,4,4,4,4,4,4,4,4,4,4,4,4,4,4,4,4,4,4,4,4,4,4,4,4,4,4,4,4,4,4,4,4,4,4,4,4,4,4,4,AFHA01000066.1/38579-38432,1
1893,0,2,3,3,2,1,3,1,0,3,3,1,4,0,0,1,4,3,2,4,2,3,3,0,3,2,0,3,3,2,1,2,3,3,2,4,1,3,0,0,1,4,3,2,2,1,0,0,0,1,4,0,3,3,3,3,4,4,4,4,4,4,4,4,4,4,4,4,4,4,4,4,4,4,4,4,4,4,4,4,4,1,2,1,3,1,0,3,0,0,1,0,3,1,3,4,2,2,0,4,0,3,2,0,3,2,1,1,4,4,4,4,0,0,0,0,2,4,4,4,4,0,0,0,2,2,2,3,2,1,1,3,0,3,1,2,3,1,1,0,1,1,0,2,0,4,1,1,2,0,3,0,0,3,1,2,2,2,1,4,4,2,3,2,0,0,0,0,1,2,4,0,0,1,2,4,4,4,4,4,4,4,4,4,4,4,4,4,4,4,4,4,4,4,4,4,4,4,4,4,4,4,4,4,4,4,4,4,3,4,4,3,0,3,1,0,4,0,2,1,0,3,4,4,1,4,4,4,2,2,2,1,2,0,1,0,1,2,3,3,2,0,4,4,4,4,4,2,3,2,0,2,2,1,0,1,1,2,1,1,3,0,4,4,4,4,4,4,4,4,4,4,4,4,4,4,4,4,4,4,4,4,4,4,4,4,4,4,4,4,4,4,4,4,4,4,4,4,4,4,4,4,4,4,4,4,4,4,4,4,4,4,4,4,4,4,4,4,4,4,4,4,4,4,4,4,4,4,4,4,4,4,4,4,4,4,4,4,4,4,4,4,4,4,4,4,4,4,4,4,4,4,4,4,4,4,4,4,4,4,4,4,4,4,4,4,4,4,4,4,4,4,4,4,4,4,4,4,4,4,4,4,4,4,4,4,4,4,4,4,4,4,4,4,4,4,4,4,4,4,4,4,4,4,4,4,4,4,4,4,4,4,4,4,4,4,4,4,4,4,4,4,4,4,4,4,4,4,4,4,4,4,4,4,4,4,4,4,4,4,4,4,4,4,4,4,4,4,4,4,4,4,4,4,4,4,4,ABVY01000055.1/19461-19291,1
1894,0,2,0,3,2,1,3,1,0,3,3,1,4,1,0,3,4,1,3,4,1,3,3,0,3,2,3,3,4,1,2,1,1,3,4,4,4,4,4,4,4,4,4,4,4,4,4,4,4,4,4,4,4,4,4,4,3,0,4,4,4,4,4,4,4,4,4,4,4,4,4,4,4,4,4,4,4,4,4,2,3,2,1,1,3,1,0,3,0,0,0,1,3,1,1,4,2,2,0,4,0,3,2,0,1,2,1,0,4,4,4,4,2,0,2,1,1,2,4,4,3,3,3,0,1,2,2,3,2,1,3,3,0,3,1,2,3,1,1,4,0,1,3,2,0,4,1,0,2,0,3,2,3,1,4,4,4,4,4,4,4,4,4,2,1,3,3,0,3,4,4,4,2,1,1,4,4,4,4,4,4,4,4,4,4,4,4,4,4,4,4,4,4,4,4,4,4,4,4,4,4,4,4,4,4,4,4,4,3,4,4,1,0,3,1,0,4,2,0,1,0,1,4,4,1,0,4,3,2,2,0,1,0,1,0,0,1,2,3,3,2,0,4,4,4,4,4,2,3,2,0,0,2,1,0,1,1,1,0,1,3,3,4,4,4,4,4,4,4,4,4,4,4,4,4,4,4,4,4,4,4,4,4,4,4,4,4,4,4,4,4,4,4,4,4,4,4,4,4,4,4,4,4,4,4,4,4,4,4,4,4,4,4,4,4,4,4,4,4,4,4,4,4,4,4,4,4,4,4,4,4,4,4,4,4,4,4,4,4,4,4,4,4,4,4,4,4,4,4,4,4,4,4,4,4,4,4,4,4,4,4,4,4,4,4,4,4,4,4,4,4,4,4,4,4,4,4,4,4,4,4,4,4,4,4,4,4,4,4,4,4,4,4,4,4,4,4,4,4,4,4,4,4,4,4,4,4,4,4,4,4,4,4,4,4,4,4,4,4,4,4,4,4,4,4,4,4,4,4,4,4,4,4,4,4,4,4,4,4,4,4,4,4,4,4,4,4,4,4,4,4,4,4,4,4,4,4,AFVC01000025.1/41264-41412,1
1895,0,2,3,2,2,1,3,1,0,3,3,1,4,0,1,1,4,2,0,4,1,3,3,0,3,2,3,1,4,0,2,1,4,4,4,4,1,1,1,3,3,4,1,2,2,4,4,4,4,4,4,2,0,1,2,3,4,4,4,4,4,4,4,4,4,4,4,4,4,4,4,4,4,4,4,4,4,4,4,4,4,2,1,3,0,1,0,3,0,0,0,0,3,4,3,4,1,2,0,4,0,3,2,0,1,2,1,0,4,4,4,4,1,0,0,4,4,4,4,4,4,4,1,0,0,2,2,3,2,1,1,3,2,1,1,2,3,1,1,0,0,1,3,3,4,4,1,3,2,0,3,0,3,1,0,4,4,4,4,4,4,4,4,2,1,2,3,0,4,4,4,4,2,1,3,4,4,4,4,4,4,4,4,4,4,4,4,4,4,4,4,4,4,4,4,4,4,4,4,4,4,4,4,4,4,4,4,4,0,4,4,3,0,3,1,0,4,0,1,1,0,3,4,4,1,4,4,4,2,2,2,1,2,0,0,0,1,2,3,1,2,0,4,4,4,4,4,2,3,3,0,2,2,1,0,1,1,2,1,1,3,3,4,4,4,4,4,4,4,4,4,4,4,4,4,4,4,4,4,4,4,4,4,4,4,4,4,4,4,4,4,4,4,4,4,4,4,4,4,4,4,4,4,4,4,4,4,4,4,4,4,4,4,4,4,4,4,4,4,4,4,4,4,4,4,4,4,4,4,4,4,4,4,4,4,4,4,4,4,4,4,4,4,4,4,4,4,4,4,4,4,4,4,4,4,4,4,4,4,4,4,4,4,4,4,4,4,4,4,4,4,4,4,4,4,4,4,4,4,4,4,4,4,4,4,4,4,4,4,4,4,4,4,4,4,4,4,4,4,4,4,4,4,4,4,4,4,4,4,4,4,4,4,4,4,4,4,4,4,4,4,4,4,4,4,4,4,4,4,4,4,4,4,4,4,4,4,4,4,4,4,4,4,4,4,4,4,4,4,4,4,4,4,4,4,4,4,AERM01000074.1/33567-33714,1
1896,0,2,3,2,2,1,3,1,0,3,3,1,4,0,1,1,4,3,2,4,0,3,3,0,3,2,3,1,4,0,2,1,4,4,4,4,1,1,1,3,3,4,1,2,2,4,4,4,4,4,4,2,0,1,2,1,4,4,4,4,4,4,4,4,4,4,4,4,4,4,4,4,4,4,4,4,4,4,4,4,4,2,1,3,0,1,0,3,0,0,0,0,3,4,3,4,1,2,0,4,0,3,2,0,1,2,1,0,4,4,4,4,1,0,0,4,4,4,4,4,4,4,0,1,0,2,2,3,2,1,1,3,2,1,1,2,3,1,1,0,2,1,0,3,3,4,1,3,2,0,3,0,3,1,0,4,4,4,4,4,4,4,4,2,1,0,3,0,4,4,4,4,2,1,3,4,4,4,4,4,4,4,4,4,4,4,4,4,4,4,4,4,4,4,4,4,4,4,4,4,4,4,4,4,4,4,4,4,0,4,4,3,0,3,1,0,4,0,0,1,3,3,4,4,1,4,4,4,2,2,2,1,2,0,0,0,1,2,3,3,2,0,4,4,4,4,4,2,3,3,0,2,2,1,0,1,1,2,1,1,3,3,4,4,4,4,4,4,4,4,4,4,4,4,4,4,4,4,4,4,4,4,4,4,4,4,4,4,4,4,4,4,4,4,4,4,4,4,4,4,4,4,4,4,4,4,4,4,4,4,4,4,4,4,4,4,4,4,4,4,4,4,4,4,4,4,4,4,4,4,4,4,4,4,4,4,4,4,4,4,4,4,4,4,4,4,4,4,4,4,4,4,4,4,4,4,4,4,4,4,4,4,4,4,4,4,4,4,4,4,4,4,4,4,4,4,4,4,4,4,4,4,4,4,4,4,4,4,4,4,4,4,4,4,4,4,4,4,4,4,4,4,4,4,4,4,4,4,4,4,4,4,4,4,4,4,4,4,4,4,4,4,4,4,4,4,4,4,4,4,4,4,4,4,4,4,4,4,4,4,4,4,4,4,4,4,4,4,4,4,4,4,4,4,4,4,4,CP002272.1/1239526-1239674,1
1897,0,2,3,3,2,1,3,1,0,3,3,1,4,0,1,1,4,3,3,4,3,3,3,0,3,2,0,3,4,0,2,1,1,1,1,2,1,0,0,3,3,4,0,0,2,1,2,2,0,3,4,2,0,3,2,1,4,4,4,4,4,4,4,4,4,4,4,4,4,4,4,4,4,4,4,4,4,4,4,4,4,2,1,3,3,1,0,3,0,0,2,1,1,3,1,4,1,2,0,4,0,3,2,0,3,2,1,1,4,4,4,4,3,0,0,2,4,4,4,4,4,4,0,1,3,2,2,3,2,1,1,3,0,3,1,2,3,1,1,0,1,1,3,0,0,0,1,1,2,0,1,0,3,3,2,3,2,3,4,4,4,4,4,2,0,0,0,2,1,4,4,4,0,1,0,4,4,4,4,4,4,4,4,4,4,4,4,4,4,4,4,4,4,4,4,4,4,4,4,4,4,4,4,4,4,4,4,4,3,4,4,3,0,3,1,0,4,0,0,1,0,3,4,4,1,4,4,4,2,2,0,1,2,0,1,0,1,2,3,3,2,0,4,4,4,4,4,2,3,2,0,2,2,1,0,1,1,2,1,1,3,0,4,4,4,4,4,4,4,4,4,4,4,4,4,4,4,4,4,4,4,4,4,4,4,4,4,4,4,4,4,4,4,4,4,4,4,4,4,4,4,4,4,4,4,4,4,4,4,4,4,4,4,4,4,4,4,4,4,4,4,4,4,4,4,4,4,4,4,4,4,4,4,4,4,4,4,4,4,4,4,4,4,4,4,4,4,4,4,4,4,4,4,4,4,4,4,4,4,4,4,4,4,4,4,4,4,4,4,4,4,4,4,4,4,4,4,4,4,4,4,4,4,4,4,4,4,4,4,4,4,4,4,4,4,4,4,4,4,4,4,4,4,4,4,4,4,4,4,4,4,4,4,4,4,4,4,4,4,4,4,4,4,4,4,4,4,4,4,4,4,4,4,4,4,4,4,4,4,4,4,4,4,4,4,4,4,4,4,4,4,4,4,4,4,4,4,AE009952.1/1458089-1458253,1
1898,0,2,3,2,2,1,3,1,0,3,3,1,4,0,1,1,4,2,0,4,1,3,3,0,3,2,3,1,4,0,2,1,4,4,4,4,1,1,1,3,3,4,1,2,2,4,4,4,4,4,4,2,0,1,2,3,4,4,4,4,4,4,4,4,4,4,4,4,4,4,4,4,4,4,4,4,4,4,4,4,4,2,1,3,0,1,0,3,0,0,0,0,3,4,3,4,1,2,0,4,0,3,2,0,1,2,1,0,4,4,4,4,1,0,0,4,4,4,4,4,4,4,1,0,0,2,2,3,2,1,1,3,2,1,1,2,3,1,1,0,0,1,3,3,4,4,1,3,2,0,3,0,3,1,0,4,4,4,4,4,4,4,4,2,1,2,3,0,4,4,4,4,2,1,3,4,4,4,4,4,4,4,4,4,4,4,4,4,4,4,4,4,4,4,4,4,4,4,4,4,4,4,4,4,4,4,4,4,0,4,4,3,0,3,1,0,4,0,1,1,0,3,4,4,1,4,4,4,2,2,2,1,2,0,0,0,1,2,3,1,2,0,4,4,4,4,4,2,3,3,0,2,2,1,0,1,1,2,1,1,3,3,4,4,4,4,4,4,4,4,4,4,4,4,4,4,4,4,4,4,4,4,4,4,4,4,4,4,4,4,4,4,4,4,4,4,4,4,4,4,4,4,4,4,4,4,4,4,4,4,4,4,4,4,4,4,4,4,4,4,4,4,4,4,4,4,4,4,4,4,4,4,4,4,4,4,4,4,4,4,4,4,4,4,4,4,4,4,4,4,4,4,4,4,4,4,4,4,4,4,4,4,4,4,4,4,4,4,4,4,4,4,4,4,4,4,4,4,4,4,4,4,4,4,4,4,4,4,4,4,4,4,4,4,4,4,4,4,4,4,4,4,4,4,4,4,4,4,4,4,4,4,4,4,4,4,4,4,4,4,4,4,4,4,4,4,4,4,4,4,4,4,4,4,4,4,4,4,4,4,4,4,4,4,4,4,4,4,4,4,4,4,4,4,4,4,4,CU928163.2/2982842-2982695,1
1899,0,2,3,2,2,1,3,1,0,3,3,1,4,0,1,1,4,2,0,4,1,3,3,0,3,2,3,1,4,0,2,1,4,4,4,4,1,1,1,3,3,4,1,2,2,4,4,4,4,4,4,2,0,1,2,3,4,4,4,4,4,4,4,4,4,4,4,4,4,4,4,4,4,4,4,4,4,4,4,4,4,2,1,3,0,1,0,3,0,0,0,0,3,4,3,4,1,2,0,4,0,3,2,0,1,2,1,0,4,4,4,4,1,0,0,4,4,4,4,4,4,4,1,0,0,2,2,3,2,1,1,3,2,1,1,2,3,1,1,0,0,1,3,3,4,4,1,3,2,0,3,0,3,1,0,4,4,4,4,4,4,4,4,2,1,2,3,0,4,4,4,4,2,1,3,4,4,4,4,4,4,4,4,4,4,4,4,4,4,4,4,4,4,4,4,4,4,4,4,4,4,4,4,4,4,4,4,4,0,4,4,3,0,3,1,0,4,0,1,1,0,3,4,4,1,4,4,4,2,2,2,1,2,0,0,0,1,2,3,1,2,0,4,4,4,4,4,2,3,3,0,2,2,1,0,1,1,2,1,1,3,3,4,4,4,4,4,4,4,4,4,4,4,4,4,4,4,4,4,4,4,4,4,4,4,4,4,4,4,4,4,4,4,4,4,4,4,4,4,4,4,4,4,4,4,4,4,4,4,4,4,4,4,4,4,4,4,4,4,4,4,4,4,4,4,4,4,4,4,4,4,4,4,4,4,4,4,4,4,4,4,4,4,4,4,4,4,4,4,4,4,4,4,4,4,4,4,4,4,4,4,4,4,4,4,4,4,4,4,4,4,4,4,4,4,4,4,4,4,4,4,4,4,4,4,4,4,4,4,4,4,4,4,4,4,4,4,4,4,4,4,4,4,4,4,4,4,4,4,4,4,4,4,4,4,4,4,4,4,4,4,4,4,4,4,4,4,4,4,4,4,4,4,4,4,4,4,4,4,4,4,4,4,4,4,4,4,4,4,4,4,4,4,4,4,4,4,AEUC01000050.1/89406-89259,1
1900,0,2,0,3,2,1,3,1,0,3,3,1,4,1,0,3,4,1,3,4,1,3,3,0,3,2,3,3,4,1,2,1,1,3,4,4,4,4,4,4,4,4,4,4,4,4,4,4,4,4,4,4,4,4,4,4,3,0,4,4,4,4,4,4,4,4,4,4,4,4,4,4,4,4,4,4,4,4,4,2,3,2,1,1,3,1,0,3,0,0,0,1,3,1,1,4,2,2,0,4,0,3,2,0,1,2,1,0,4,4,4,4,2,0,2,1,1,2,4,4,3,3,3,0,1,2,2,3,2,1,3,3,0,3,1,2,3,1,1,4,0,1,3,2,0,4,1,0,2,0,3,2,3,1,4,4,4,4,4,4,4,4,4,2,1,3,3,0,3,4,4,4,2,1,1,4,4,4,4,4,4,4,4,4,4,4,4,4,4,4,4,4,4,4,4,4,4,4,4,4,4,4,4,4,4,4,4,4,3,4,4,1,0,3,1,0,4,2,0,1,0,1,4,4,1,0,4,3,2,2,0,1,0,1,0,0,1,2,3,3,2,0,4,4,4,4,4,2,3,2,0,0,2,1,0,1,1,1,0,1,3,3,4,4,4,4,4,4,4,4,4,4,4,4,4,4,4,4,4,4,4,4,4,4,4,4,4,4,4,4,4,4,4,4,4,4,4,4,4,4,4,4,4,4,4,4,4,4,4,4,4,4,4,4,4,4,4,4,4,4,4,4,4,4,4,4,4,4,4,4,4,4,4,4,4,4,4,4,4,4,4,4,4,4,4,4,4,4,4,4,4,4,4,4,4,4,4,4,4,4,4,4,4,4,4,4,4,4,4,4,4,4,4,4,4,4,4,4,4,4,4,4,4,4,4,4,4,4,4,4,4,4,4,4,4,4,4,4,4,4,4,4,4,4,4,4,4,4,4,4,4,4,4,4,4,4,4,4,4,4,4,4,4,4,4,4,4,4,4,4,4,4,4,4,4,4,4,4,4,4,4,4,4,4,4,4,4,4,4,4,4,4,4,4,4,4,4,AFGE01000062.1/17660-17512,1
1901,0,2,0,3,2,1,3,1,0,3,3,1,4,1,0,3,4,1,3,4,1,3,3,0,3,2,3,3,4,1,2,1,1,3,3,4,1,4,4,4,4,4,4,4,4,4,4,4,4,4,4,4,4,4,4,4,3,4,4,4,4,4,4,4,4,4,4,4,4,4,4,4,4,4,4,4,4,4,4,4,2,2,1,1,3,1,0,3,0,0,0,1,3,1,0,4,2,2,0,4,0,3,2,0,3,2,1,0,4,4,4,4,2,0,2,1,1,2,4,4,3,3,3,0,1,2,2,3,2,1,3,3,0,3,1,2,3,1,1,4,0,1,3,2,0,4,1,0,2,0,3,2,3,1,4,4,4,4,4,4,4,4,4,2,1,3,3,0,1,4,4,4,2,1,1,4,4,4,4,4,4,4,4,4,4,4,4,4,4,4,4,4,4,4,4,4,4,4,4,4,4,4,4,4,4,4,4,4,3,4,4,1,0,3,1,0,4,0,0,1,0,1,4,4,1,1,4,3,2,2,0,1,0,1,0,0,1,2,3,3,2,0,4,4,4,4,4,2,3,2,0,0,2,1,0,1,1,1,1,3,3,3,4,4,4,4,4,4,4,4,4,4,4,4,4,4,4,4,4,4,4,4,4,4,4,4,4,4,4,4,4,4,4,4,4,4,4,4,4,4,4,4,4,4,4,4,4,4,4,4,4,4,4,4,4,4,4,4,4,4,4,4,4,4,4,4,4,4,4,4,4,4,4,4,4,4,4,4,4,4,4,4,4,4,4,4,4,4,4,4,4,4,4,4,4,4,4,4,4,4,4,4,4,4,4,4,4,4,4,4,4,4,4,4,4,4,4,4,4,4,4,4,4,4,4,4,4,4,4,4,4,4,4,4,4,4,4,4,4,4,4,4,4,4,4,4,4,4,4,4,4,4,4,4,4,4,4,4,4,4,4,4,4,4,4,4,4,4,4,4,4,4,4,4,4,4,4,4,4,4,4,4,4,4,4,4,4,4,4,4,4,4,4,4,4,4,4,AL627279.1/15323-15175,1
1902,0,2,0,3,2,1,3,1,0,3,3,1,4,1,0,3,4,1,3,4,1,3,3,0,3,2,3,3,4,1,2,1,1,3,3,4,1,4,4,4,4,4,4,4,4,4,4,4,4,4,4,4,4,4,4,4,3,4,4,4,4,4,4,4,4,4,4,4,4,4,4,4,4,4,4,4,4,4,4,4,2,2,1,1,3,1,0,3,0,0,0,1,3,1,0,4,2,2,0,4,0,3,2,0,3,2,1,0,4,4,4,4,2,0,2,1,1,2,4,4,3,3,3,0,1,2,2,3,2,1,3,3,0,3,1,2,3,1,1,4,0,1,3,2,0,4,1,0,2,0,3,2,3,1,4,4,4,4,4,4,4,4,4,2,1,3,3,0,1,4,4,4,2,1,1,4,4,4,4,4,4,4,4,4,4,4,4,4,4,4,4,4,4,4,4,4,4,4,4,4,4,4,4,4,4,4,4,4,3,4,4,1,0,3,1,0,4,0,0,1,0,1,4,4,1,1,4,3,2,2,0,1,0,1,0,0,1,2,3,3,2,0,4,4,4,4,4,2,3,2,0,0,2,1,0,1,1,1,1,3,3,3,4,4,4,4,4,4,4,4,4,4,4,4,4,4,4,4,4,4,4,4,4,4,4,4,4,4,4,4,4,4,4,4,4,4,4,4,4,4,4,4,4,4,4,4,4,4,4,4,4,4,4,4,4,4,4,4,4,4,4,4,4,4,4,4,4,4,4,4,4,4,4,4,4,4,4,4,4,4,4,4,4,4,4,4,4,4,4,4,4,4,4,4,4,4,4,4,4,4,4,4,4,4,4,4,4,4,4,4,4,4,4,4,4,4,4,4,4,4,4,4,4,4,4,4,4,4,4,4,4,4,4,4,4,4,4,4,4,4,4,4,4,4,4,4,4,4,4,4,4,4,4,4,4,4,4,4,4,4,4,4,4,4,4,4,4,4,4,4,4,4,4,4,4,4,4,4,4,4,4,4,4,4,4,4,4,4,4,4,4,4,4,4,4,4,4,AESM01000008.1/53245-53097,1
1903,0,2,3,2,2,1,3,1,0,3,3,1,4,0,1,1,4,2,0,4,1,3,3,0,3,2,3,1,4,0,2,1,4,4,4,4,1,1,1,3,3,4,1,2,2,4,4,4,4,4,4,2,0,1,2,3,4,4,4,4,4,4,4,4,4,4,4,4,4,4,4,4,4,4,4,4,4,4,4,4,4,2,1,3,0,1,0,3,0,0,0,0,3,4,3,4,1,2,0,4,0,3,2,0,1,2,1,0,4,4,4,4,1,0,0,4,4,4,4,4,4,4,1,0,0,2,2,3,2,1,1,3,2,1,1,2,3,1,1,0,0,1,3,3,4,4,1,3,2,0,3,0,3,1,0,4,4,4,4,4,4,4,4,2,1,2,3,0,4,4,4,4,2,1,3,4,4,4,4,4,4,4,4,4,4,4,4,4,4,4,4,4,4,4,4,4,4,4,4,4,4,4,4,4,4,4,4,4,0,4,4,3,0,3,1,0,4,0,1,1,0,3,4,4,1,4,4,4,2,2,2,1,2,0,0,0,1,2,3,1,2,0,4,4,4,4,4,2,3,3,0,2,2,1,0,1,1,2,1,1,3,3,4,4,4,4,4,4,4,4,4,4,4,4,4,4,4,4,4,4,4,4,4,4,4,4,4,4,4,4,4,4,4,4,4,4,4,4,4,4,4,4,4,4,4,4,4,4,4,4,4,4,4,4,4,4,4,4,4,4,4,4,4,4,4,4,4,4,4,4,4,4,4,4,4,4,4,4,4,4,4,4,4,4,4,4,4,4,4,4,4,4,4,4,4,4,4,4,4,4,4,4,4,4,4,4,4,4,4,4,4,4,4,4,4,4,4,4,4,4,4,4,4,4,4,4,4,4,4,4,4,4,4,4,4,4,4,4,4,4,4,4,4,4,4,4,4,4,4,4,4,4,4,4,4,4,4,4,4,4,4,4,4,4,4,4,4,4,4,4,4,4,4,4,4,4,4,4,4,4,4,4,4,4,4,4,4,4,4,4,4,4,4,4,4,4,4,AFGX01000046.1/178313-178166,1
1904,0,2,0,3,2,1,3,1,0,3,3,1,4,1,0,3,4,1,3,4,1,3,3,0,3,2,3,3,4,1,2,1,1,3,3,4,1,4,4,4,4,4,4,4,4,4,4,4,4,4,4,4,4,4,4,4,3,4,4,4,4,4,4,4,4,4,4,4,4,4,4,4,4,4,4,4,4,4,4,4,2,2,1,1,3,1,0,3,0,0,0,1,3,1,0,4,2,2,0,4,0,3,2,0,3,2,1,0,4,4,4,4,2,0,2,1,1,2,4,4,3,3,3,0,1,2,2,3,2,1,3,3,0,3,1,2,3,1,1,4,0,1,3,2,0,4,1,0,2,0,3,2,3,1,4,4,4,4,4,4,4,4,4,2,1,3,3,0,1,4,4,4,2,1,1,4,4,4,4,4,4,4,4,4,4,4,4,4,4,4,4,4,4,4,4,4,4,4,4,4,4,4,4,4,4,4,4,4,3,4,4,1,0,3,1,0,4,0,0,1,0,1,4,4,1,1,4,3,2,2,0,1,0,1,0,0,1,2,3,3,2,0,4,4,4,4,4,2,3,2,0,0,2,1,0,1,1,1,1,3,3,3,4,4,4,4,4,4,4,4,4,4,4,4,4,4,4,4,4,4,4,4,4,4,4,4,4,4,4,4,4,4,4,4,4,4,4,4,4,4,4,4,4,4,4,4,4,4,4,4,4,4,4,4,4,4,4,4,4,4,4,4,4,4,4,4,4,4,4,4,4,4,4,4,4,4,4,4,4,4,4,4,4,4,4,4,4,4,4,4,4,4,4,4,4,4,4,4,4,4,4,4,4,4,4,4,4,4,4,4,4,4,4,4,4,4,4,4,4,4,4,4,4,4,4,4,4,4,4,4,4,4,4,4,4,4,4,4,4,4,4,4,4,4,4,4,4,4,4,4,4,4,4,4,4,4,4,4,4,4,4,4,4,4,4,4,4,4,4,4,4,4,4,4,4,4,4,4,4,4,4,4,4,4,4,4,4,4,4,4,4,4,4,4,4,4,4,AE006468.1/4141649-4141797,1
1905,0,2,3,2,2,1,3,1,0,3,3,1,4,0,1,1,4,2,0,4,1,3,3,0,3,2,3,1,4,0,2,1,4,4,4,4,1,1,1,3,3,4,1,2,2,4,4,4,4,4,4,2,0,1,2,3,4,4,4,4,4,4,4,4,4,4,4,4,4,4,4,4,4,4,4,4,4,4,4,4,4,2,1,3,0,1,0,3,0,0,0,0,3,4,3,4,1,2,0,4,0,3,2,0,1,2,1,0,4,4,4,4,1,0,0,4,4,4,4,4,4,4,1,0,0,2,2,3,2,1,1,3,2,1,1,2,3,1,1,0,0,1,3,3,4,4,1,3,2,0,3,0,3,1,0,4,4,4,4,4,4,4,4,2,1,2,3,0,4,4,4,4,2,1,3,4,4,4,4,4,4,4,4,4,4,4,4,4,4,4,4,4,4,4,4,4,4,4,4,4,4,4,4,4,4,4,4,4,0,4,4,3,0,3,1,0,4,0,1,1,0,3,4,4,1,4,4,4,2,2,2,1,2,0,0,0,1,2,3,1,2,0,4,4,4,4,4,2,3,3,0,2,2,1,0,1,1,2,1,1,3,3,4,4,4,4,4,4,4,4,4,4,4,4,4,4,4,4,4,4,4,4,4,4,4,4,4,4,4,4,4,4,4,4,4,4,4,4,4,4,4,4,4,4,4,4,4,4,4,4,4,4,4,4,4,4,4,4,4,4,4,4,4,4,4,4,4,4,4,4,4,4,4,4,4,4,4,4,4,4,4,4,4,4,4,4,4,4,4,4,4,4,4,4,4,4,4,4,4,4,4,4,4,4,4,4,4,4,4,4,4,4,4,4,4,4,4,4,4,4,4,4,4,4,4,4,4,4,4,4,4,4,4,4,4,4,4,4,4,4,4,4,4,4,4,4,4,4,4,4,4,4,4,4,4,4,4,4,4,4,4,4,4,4,4,4,4,4,4,4,4,4,4,4,4,4,4,4,4,4,4,4,4,4,4,4,4,4,4,4,4,4,4,4,4,4,4,ACXF01000048.1/38060-37913,1
1906,0,2,0,3,2,1,3,1,0,3,3,1,4,1,0,3,4,1,3,4,1,3,3,0,3,2,3,3,4,1,2,1,1,3,3,4,1,4,4,4,4,4,4,4,4,4,4,4,4,4,4,4,4,4,4,4,3,4,4,4,4,4,4,4,4,4,4,4,4,4,4,4,4,4,4,4,4,4,4,4,2,2,1,1,3,1,0,3,0,0,0,1,3,1,0,4,2,2,0,4,0,3,2,0,3,2,1,0,4,4,4,4,2,0,2,1,1,2,4,4,3,3,3,0,1,2,2,3,2,1,3,3,0,3,1,2,3,1,1,4,0,1,3,2,0,4,1,0,2,0,3,2,3,1,4,4,4,4,4,4,4,4,4,2,1,3,3,0,1,4,4,4,2,1,1,4,4,4,4,4,4,4,4,4,4,4,4,4,4,4,4,4,4,4,4,4,4,4,4,4,4,4,4,4,4,4,4,4,3,4,4,1,0,3,1,0,4,0,0,1,0,1,4,4,1,1,4,3,2,2,0,1,0,1,0,0,1,2,3,3,2,0,4,4,4,4,4,2,3,2,0,0,2,1,0,1,1,1,1,3,3,3,4,4,4,4,4,4,4,4,4,4,4,4,4,4,4,4,4,4,4,4,4,4,4,4,4,4,4,4,4,4,4,4,4,4,4,4,4,4,4,4,4,4,4,4,4,4,4,4,4,4,4,4,4,4,4,4,4,4,4,4,4,4,4,4,4,4,4,4,4,4,4,4,4,4,4,4,4,4,4,4,4,4,4,4,4,4,4,4,4,4,4,4,4,4,4,4,4,4,4,4,4,4,4,4,4,4,4,4,4,4,4,4,4,4,4,4,4,4,4,4,4,4,4,4,4,4,4,4,4,4,4,4,4,4,4,4,4,4,4,4,4,4,4,4,4,4,4,4,4,4,4,4,4,4,4,4,4,4,4,4,4,4,4,4,4,4,4,4,4,4,4,4,4,4,4,4,4,4,4,4,4,4,4,4,4,4,4,4,4,4,4,4,4,4,4,AETN01000012.1/39686-39834,1
1907,0,2,0,3,2,1,3,1,0,3,3,1,4,1,0,3,4,1,3,4,1,3,3,0,3,2,3,3,4,1,2,1,1,3,3,4,1,4,4,4,4,4,4,4,4,4,4,4,4,4,4,4,4,4,4,4,3,4,4,4,4,4,4,4,4,4,4,4,4,4,4,4,4,4,4,4,4,4,4,4,2,2,1,1,3,1,0,3,0,0,0,1,3,1,0,4,2,2,0,4,0,3,2,0,3,2,1,0,4,4,4,4,2,0,2,1,1,2,4,4,3,3,3,0,1,2,2,3,2,1,3,3,0,3,1,2,3,1,1,4,0,1,3,2,0,4,1,0,2,0,3,2,3,1,4,4,4,4,4,4,4,4,4,2,1,3,3,0,1,4,4,4,2,1,1,4,4,4,4,4,4,4,4,4,4,4,4,4,4,4,4,4,4,4,4,4,4,4,4,4,4,4,4,4,4,4,4,4,3,4,4,1,0,3,1,0,4,0,0,1,0,1,4,4,1,1,4,3,2,2,0,1,0,1,0,0,1,2,3,3,2,0,4,4,4,4,4,2,3,2,0,0,2,1,0,1,1,1,1,3,3,3,4,4,4,4,4,4,4,4,4,4,4,4,4,4,4,4,4,4,4,4,4,4,4,4,4,4,4,4,4,4,4,4,4,4,4,4,4,4,4,4,4,4,4,4,4,4,4,4,4,4,4,4,4,4,4,4,4,4,4,4,4,4,4,4,4,4,4,4,4,4,4,4,4,4,4,4,4,4,4,4,4,4,4,4,4,4,4,4,4,4,4,4,4,4,4,4,4,4,4,4,4,4,4,4,4,4,4,4,4,4,4,4,4,4,4,4,4,4,4,4,4,4,4,4,4,4,4,4,4,4,4,4,4,4,4,4,4,4,4,4,4,4,4,4,4,4,4,4,4,4,4,4,4,4,4,4,4,4,4,4,4,4,4,4,4,4,4,4,4,4,4,4,4,4,4,4,4,4,4,4,4,4,4,4,4,4,4,4,4,4,4,4,4,4,4,ABFF01000023.1/55309-55161,1
1908,0,2,3,2,2,1,3,1,0,3,3,1,4,0,1,1,4,2,0,4,1,3,3,0,3,2,3,1,4,0,2,1,4,4,4,4,1,1,1,3,3,4,1,2,2,4,4,4,4,4,4,2,0,1,2,3,4,4,4,4,4,4,4,4,4,4,4,4,4,4,4,4,4,4,4,4,4,4,4,4,4,2,1,3,0,1,0,3,0,0,0,0,3,4,3,4,1,2,0,4,0,3,2,0,1,2,1,0,4,4,4,4,1,0,0,4,4,4,4,4,4,4,1,0,0,2,2,3,2,1,1,3,2,1,1,2,3,1,1,0,0,1,3,3,4,4,1,3,2,0,3,0,3,1,0,4,4,4,4,4,4,4,4,2,1,2,3,0,4,4,4,4,2,1,3,4,4,4,4,4,4,4,4,4,4,4,4,4,4,4,4,4,4,4,4,4,4,4,4,4,4,4,4,4,4,4,4,4,0,4,4,3,0,3,1,0,4,0,1,1,0,3,4,4,1,4,4,4,2,2,2,1,2,0,0,0,1,2,3,1,2,0,4,4,4,4,4,2,3,3,0,2,2,1,0,1,1,2,1,1,3,3,4,4,4,4,4,4,4,4,4,4,4,4,4,4,4,4,4,4,4,4,4,4,4,4,4,4,4,4,4,4,4,4,4,4,4,4,4,4,4,4,4,4,4,4,4,4,4,4,4,4,4,4,4,4,4,4,4,4,4,4,4,4,4,4,4,4,4,4,4,4,4,4,4,4,4,4,4,4,4,4,4,4,4,4,4,4,4,4,4,4,4,4,4,4,4,4,4,4,4,4,4,4,4,4,4,4,4,4,4,4,4,4,4,4,4,4,4,4,4,4,4,4,4,4,4,4,4,4,4,4,4,4,4,4,4,4,4,4,4,4,4,4,4,4,4,4,4,4,4,4,4,4,4,4,4,4,4,4,4,4,4,4,4,4,4,4,4,4,4,4,4,4,4,4,4,4,4,4,4,4,4,4,4,4,4,4,4,4,4,4,4,4,4,4,4,ABHU01000010.1/155508-155361,1
1909,0,2,3,2,2,1,3,1,0,3,3,1,4,0,1,1,4,3,3,4,1,3,3,0,3,2,3,1,4,0,2,1,4,4,4,4,1,1,1,3,3,4,0,2,2,4,4,4,4,4,4,2,0,1,2,1,4,4,4,4,4,4,4,4,4,4,4,4,4,4,4,4,4,4,4,4,4,4,4,4,4,2,1,3,0,1,0,3,0,0,0,1,3,4,3,4,1,2,0,4,0,3,2,0,1,2,1,0,4,4,4,4,1,0,0,4,4,4,4,4,4,4,1,0,0,2,2,3,2,1,1,3,2,1,1,2,3,1,1,0,0,1,3,3,4,4,1,3,2,0,3,0,0,3,0,4,4,4,4,4,4,4,4,2,1,2,3,0,4,4,4,4,2,1,3,4,4,4,4,4,4,4,4,4,4,4,4,4,4,4,4,4,4,4,4,4,4,4,4,4,4,4,4,4,4,4,4,4,3,4,4,3,0,3,1,0,4,0,1,1,3,1,4,4,1,4,4,4,2,2,2,1,2,0,0,0,1,2,3,1,2,0,4,4,4,4,4,2,3,3,0,2,2,1,0,1,1,2,1,1,3,3,4,4,4,4,4,4,4,4,4,4,4,4,4,4,4,4,4,4,4,4,4,4,4,4,4,4,4,4,4,4,4,4,4,4,4,4,4,4,4,4,4,4,4,4,4,4,4,4,4,4,4,4,4,4,4,4,4,4,4,4,4,4,4,4,4,4,4,4,4,4,4,4,4,4,4,4,4,4,4,4,4,4,4,4,4,4,4,4,4,4,4,4,4,4,4,4,4,4,4,4,4,4,4,4,4,4,4,4,4,4,4,4,4,4,4,4,4,4,4,4,4,4,4,4,4,4,4,4,4,4,4,4,4,4,4,4,4,4,4,4,4,4,4,4,4,4,4,4,4,4,4,4,4,4,4,4,4,4,4,4,4,4,4,4,4,4,4,4,4,4,4,4,4,4,4,4,4,4,4,4,4,4,4,4,4,4,4,4,4,4,4,4,4,4,4,AETA01000011.1/32884-32737,1
1910,0,2,3,2,2,1,3,1,0,3,3,1,4,0,1,1,4,2,0,4,1,3,3,0,3,2,3,1,4,0,2,1,4,4,4,4,1,1,1,3,3,4,1,2,2,4,4,4,4,4,4,2,0,1,2,3,4,4,4,4,4,4,4,4,4,4,4,4,4,4,4,4,4,4,4,4,4,4,4,4,4,2,1,3,0,1,0,3,0,0,0,0,3,4,3,4,1,2,0,4,0,3,2,0,1,2,1,0,4,4,4,4,1,0,0,4,4,4,4,4,4,4,1,0,0,2,2,3,2,1,1,3,2,1,1,2,3,1,1,0,0,1,3,3,4,4,1,3,2,0,3,0,3,1,0,4,4,4,4,4,4,4,4,2,1,2,3,0,4,4,4,4,2,1,3,4,4,4,4,4,4,4,4,4,4,4,4,4,4,4,4,4,4,4,4,4,4,4,4,4,4,4,4,4,4,4,4,4,0,4,4,3,0,3,1,0,4,0,1,1,0,3,4,4,1,4,4,4,2,2,2,1,2,0,0,0,1,2,3,1,2,0,4,4,4,4,4,2,3,3,0,2,2,1,0,1,1,2,1,1,3,3,4,4,4,4,4,4,4,4,4,4,4,4,4,4,4,4,4,4,4,4,4,4,4,4,4,4,4,4,4,4,4,4,4,4,4,4,4,4,4,4,4,4,4,4,4,4,4,4,4,4,4,4,4,4,4,4,4,4,4,4,4,4,4,4,4,4,4,4,4,4,4,4,4,4,4,4,4,4,4,4,4,4,4,4,4,4,4,4,4,4,4,4,4,4,4,4,4,4,4,4,4,4,4,4,4,4,4,4,4,4,4,4,4,4,4,4,4,4,4,4,4,4,4,4,4,4,4,4,4,4,4,4,4,4,4,4,4,4,4,4,4,4,4,4,4,4,4,4,4,4,4,4,4,4,4,4,4,4,4,4,4,4,4,4,4,4,4,4,4,4,4,4,4,4,4,4,4,4,4,4,4,4,4,4,4,4,4,4,4,4,4,4,4,4,4,AFEB01000045.1/37170-37023,1
1911,0,2,0,3,2,1,3,1,0,3,3,1,4,1,0,3,4,1,3,4,1,3,3,0,3,2,3,3,4,1,2,1,1,3,4,4,4,4,4,4,4,4,4,4,4,4,4,4,4,4,4,4,4,4,4,4,3,0,4,4,4,4,4,4,4,4,4,4,4,4,4,4,4,4,4,4,4,4,4,2,3,2,1,1,3,1,0,3,0,0,0,1,3,1,1,4,2,2,0,4,0,3,2,0,1,2,1,0,4,4,4,4,2,0,2,1,1,2,4,4,3,3,3,0,1,2,2,3,2,1,3,3,0,3,1,2,3,1,1,4,0,1,3,2,0,4,1,0,2,0,3,2,3,1,4,4,4,4,4,4,4,4,4,2,1,3,3,0,3,4,4,4,2,1,1,4,4,4,4,4,4,4,4,4,4,4,4,4,4,4,4,4,4,4,4,4,4,4,4,4,4,4,4,4,4,4,4,4,3,4,4,1,0,3,1,0,4,2,0,1,0,1,4,4,1,0,4,3,2,2,0,1,0,1,0,0,1,2,3,3,2,0,4,4,4,4,4,2,3,2,0,0,2,1,0,1,1,1,0,1,3,3,4,4,4,4,4,4,4,4,4,4,4,4,4,4,4,4,4,4,4,4,4,4,4,4,4,4,4,4,4,4,4,4,4,4,4,4,4,4,4,4,4,4,4,4,4,4,4,4,4,4,4,4,4,4,4,4,4,4,4,4,4,4,4,4,4,4,4,4,4,4,4,4,4,4,4,4,4,4,4,4,4,4,4,4,4,4,4,4,4,4,4,4,4,4,4,4,4,4,4,4,4,4,4,4,4,4,4,4,4,4,4,4,4,4,4,4,4,4,4,4,4,4,4,4,4,4,4,4,4,4,4,4,4,4,4,4,4,4,4,4,4,4,4,4,4,4,4,4,4,4,4,4,4,4,4,4,4,4,4,4,4,4,4,4,4,4,4,4,4,4,4,4,4,4,4,4,4,4,4,4,4,4,4,4,4,4,4,4,4,4,4,4,4,4,4,ADTK01000156.1/2055-2203,1
1912,0,2,3,2,2,1,3,1,0,3,3,1,4,0,1,1,4,3,3,4,1,3,3,0,3,2,3,1,4,0,2,1,4,4,4,4,1,1,1,3,3,4,0,2,2,4,4,4,4,4,4,2,0,1,2,1,4,4,4,4,4,4,4,4,4,4,4,4,4,4,4,4,4,4,4,4,4,4,4,4,4,2,1,3,0,1,0,3,0,0,0,1,3,4,3,4,1,2,0,4,0,3,2,0,1,2,1,0,4,4,4,4,1,0,0,4,4,4,4,4,4,4,1,0,0,2,2,3,2,1,1,3,2,1,1,2,3,1,1,0,0,1,3,3,4,4,1,3,2,0,3,0,0,3,0,4,4,4,4,4,4,4,4,2,1,2,3,0,4,4,4,4,2,1,3,4,4,4,4,4,4,4,4,4,4,4,4,4,4,4,4,4,4,4,4,4,4,4,4,4,4,4,4,4,4,4,4,4,3,4,4,3,0,3,1,0,4,0,1,1,3,1,4,4,1,4,4,4,2,2,2,1,2,0,0,0,1,2,3,1,2,0,4,4,4,4,4,2,3,3,0,2,2,1,0,1,1,2,1,1,3,3,4,4,4,4,4,4,4,4,4,4,4,4,4,4,4,4,4,4,4,4,4,4,4,4,4,4,4,4,4,4,4,4,4,4,4,4,4,4,4,4,4,4,4,4,4,4,4,4,4,4,4,4,4,4,4,4,4,4,4,4,4,4,4,4,4,4,4,4,4,4,4,4,4,4,4,4,4,4,4,4,4,4,4,4,4,4,4,4,4,4,4,4,4,4,4,4,4,4,4,4,4,4,4,4,4,4,4,4,4,4,4,4,4,4,4,4,4,4,4,4,4,4,4,4,4,4,4,4,4,4,4,4,4,4,4,4,4,4,4,4,4,4,4,4,4,4,4,4,4,4,4,4,4,4,4,4,4,4,4,4,4,4,4,4,4,4,4,4,4,4,4,4,4,4,4,4,4,4,4,4,4,4,4,4,4,4,4,4,4,4,4,4,4,4,4,AFCO01001307.1/367-220,1
1913,0,2,0,3,2,1,3,1,0,3,3,1,4,1,0,3,4,1,3,4,1,3,3,0,3,2,3,3,4,1,2,1,1,3,3,4,1,4,4,4,4,4,4,4,4,4,4,4,4,4,4,4,4,4,4,4,3,4,4,4,4,4,4,4,4,4,4,4,4,4,4,4,4,4,4,4,4,4,4,4,2,2,1,1,3,1,0,3,0,0,0,1,3,1,0,4,2,2,0,4,0,3,2,0,3,2,1,0,4,4,4,4,2,0,2,1,1,2,4,4,3,3,3,0,1,2,2,3,2,1,3,3,0,3,1,2,3,1,1,4,0,1,3,2,0,4,1,0,2,0,3,2,3,1,4,4,4,4,4,4,4,4,4,2,1,3,3,0,1,4,4,4,2,1,1,4,4,4,4,4,4,4,4,4,4,4,4,4,4,4,4,4,4,4,4,4,4,4,4,4,4,4,4,4,4,4,4,4,3,4,4,1,0,3,1,0,4,0,0,1,0,1,4,4,1,1,4,3,2,2,0,1,0,1,0,0,1,2,3,3,2,0,4,4,4,4,4,2,3,2,0,0,2,1,0,1,1,1,1,3,3,3,4,4,4,4,4,4,4,4,4,4,4,4,4,4,4,4,4,4,4,4,4,4,4,4,4,4,4,4,4,4,4,4,4,4,4,4,4,4,4,4,4,4,4,4,4,4,4,4,4,4,4,4,4,4,4,4,4,4,4,4,4,4,4,4,4,4,4,4,4,4,4,4,4,4,4,4,4,4,4,4,4,4,4,4,4,4,4,4,4,4,4,4,4,4,4,4,4,4,4,4,4,4,4,4,4,4,4,4,4,4,4,4,4,4,4,4,4,4,4,4,4,4,4,4,4,4,4,4,4,4,4,4,4,4,4,4,4,4,4,4,4,4,4,4,4,4,4,4,4,4,4,4,4,4,4,4,4,4,4,4,4,4,4,4,4,4,4,4,4,4,4,4,4,4,4,4,4,4,4,4,4,4,4,4,4,4,4,4,4,4,4,4,4,4,4,AESI01000049.1/53126-52978,1
1914,0,2,0,3,2,1,3,1,0,3,3,1,4,1,0,3,4,1,3,4,1,3,3,0,3,2,3,3,4,1,2,1,1,3,4,4,4,4,4,4,4,4,4,4,4,4,4,4,4,4,4,4,4,4,4,4,3,0,4,4,4,4,4,4,4,4,4,4,4,4,4,4,4,4,4,4,4,4,4,2,3,2,1,1,3,1,0,3,0,0,0,1,3,1,1,4,2,2,0,4,0,3,2,0,1,2,1,0,4,4,4,4,2,0,2,1,1,2,4,4,3,3,3,0,1,2,2,3,2,1,3,3,0,3,1,2,3,1,1,4,0,1,3,2,0,4,1,0,2,0,3,2,3,1,4,4,4,4,4,4,4,4,4,2,1,3,3,0,3,4,4,4,2,1,1,4,4,4,4,4,4,4,4,4,4,4,4,4,4,4,4,4,4,4,4,4,4,4,4,4,4,4,4,4,4,4,4,4,3,4,4,1,0,3,1,0,4,2,0,1,0,1,4,4,1,0,4,3,2,2,0,1,0,1,0,0,1,2,3,3,2,0,4,4,4,4,4,2,3,2,0,0,2,1,0,1,1,1,0,1,3,3,4,4,4,4,4,4,4,4,4,4,4,4,4,4,4,4,4,4,4,4,4,4,4,4,4,4,4,4,4,4,4,4,4,4,4,4,4,4,4,4,4,4,4,4,4,4,4,4,4,4,4,4,4,4,4,4,4,4,4,4,4,4,4,4,4,4,4,4,4,4,4,4,4,4,4,4,4,4,4,4,4,4,4,4,4,4,4,4,4,4,4,4,4,4,4,4,4,4,4,4,4,4,4,4,4,4,4,4,4,4,4,4,4,4,4,4,4,4,4,4,4,4,4,4,4,4,4,4,4,4,4,4,4,4,4,4,4,4,4,4,4,4,4,4,4,4,4,4,4,4,4,4,4,4,4,4,4,4,4,4,4,4,4,4,4,4,4,4,4,4,4,4,4,4,4,4,4,4,4,4,4,4,4,4,4,4,4,4,4,4,4,4,4,4,4,ABHS01000007.1/61521-61669,1
1915,0,2,0,3,2,1,3,1,0,3,3,1,4,1,0,3,4,1,3,4,1,3,3,0,3,2,3,3,4,1,2,1,1,3,3,4,1,4,4,4,4,4,4,4,4,4,4,4,4,4,4,4,4,4,4,4,3,4,4,4,4,4,4,4,4,4,4,4,4,4,4,4,4,4,4,4,4,4,4,4,2,2,1,1,3,1,0,3,0,0,0,1,3,1,0,4,2,2,0,4,0,3,2,0,3,2,1,0,4,4,4,4,2,0,2,1,1,2,4,4,3,3,3,0,1,2,2,3,2,1,3,3,0,3,1,2,3,1,1,4,0,1,3,2,0,4,1,0,2,0,3,2,3,1,4,4,4,4,4,4,4,4,4,2,1,3,3,0,1,4,4,4,2,1,1,4,4,4,4,4,4,4,4,4,4,4,4,4,4,4,4,4,4,4,4,4,4,4,4,4,4,4,4,4,4,4,4,4,3,4,4,1,0,3,1,0,4,0,0,1,0,1,4,4,1,1,4,3,2,2,0,1,0,1,0,0,1,2,3,3,2,0,4,4,4,4,4,2,3,2,0,0,2,1,0,1,1,1,1,3,3,3,4,4,4,4,4,4,4,4,4,4,4,4,4,4,4,4,4,4,4,4,4,4,4,4,4,4,4,4,4,4,4,4,4,4,4,4,4,4,4,4,4,4,4,4,4,4,4,4,4,4,4,4,4,4,4,4,4,4,4,4,4,4,4,4,4,4,4,4,4,4,4,4,4,4,4,4,4,4,4,4,4,4,4,4,4,4,4,4,4,4,4,4,4,4,4,4,4,4,4,4,4,4,4,4,4,4,4,4,4,4,4,4,4,4,4,4,4,4,4,4,4,4,4,4,4,4,4,4,4,4,4,4,4,4,4,4,4,4,4,4,4,4,4,4,4,4,4,4,4,4,4,4,4,4,4,4,4,4,4,4,4,4,4,4,4,4,4,4,4,4,4,4,4,4,4,4,4,4,4,4,4,4,4,4,4,4,4,4,4,4,4,4,4,4,4,AETK01000028.1/53203-53055,1
1916,0,2,0,3,2,1,3,1,0,3,3,1,4,1,0,3,4,1,3,4,1,3,3,0,3,2,3,3,4,1,2,1,1,3,3,4,4,4,4,4,4,4,4,4,4,4,4,4,4,4,4,4,4,4,4,4,1,4,4,4,4,4,4,4,4,4,4,4,4,4,4,4,4,4,4,4,4,4,4,2,3,2,1,1,3,1,0,3,0,0,0,1,3,1,0,4,2,2,0,4,0,3,2,0,3,2,1,0,4,4,4,4,2,0,2,1,1,0,4,4,3,3,3,0,1,2,2,3,2,1,3,3,0,3,1,2,3,1,1,4,0,1,3,2,0,4,1,0,2,0,3,2,3,1,4,4,4,4,4,4,4,4,4,2,1,3,3,1,2,4,4,4,2,1,1,4,4,4,4,4,4,4,4,4,4,4,4,4,4,4,4,4,4,4,4,4,4,4,4,4,4,4,4,4,4,4,4,4,3,4,4,1,0,3,1,0,4,2,0,1,0,1,4,4,1,0,4,3,2,2,2,1,0,3,0,0,1,2,3,3,2,0,4,4,4,4,4,2,3,2,0,0,2,1,0,1,1,0,0,0,3,0,4,4,4,4,4,4,4,4,4,4,4,4,4,4,4,4,4,4,4,4,4,4,4,4,4,4,4,4,4,4,4,4,4,4,4,4,4,4,4,4,4,4,4,4,4,4,4,4,4,4,4,4,4,4,4,4,4,4,4,4,4,4,4,4,4,4,4,4,4,4,4,4,4,4,4,4,4,4,4,4,4,4,4,4,4,4,4,4,4,4,4,4,4,4,4,4,4,4,4,4,4,4,4,4,4,4,4,4,4,4,4,4,4,4,4,4,4,4,4,4,4,4,4,4,4,4,4,4,4,4,4,4,4,4,4,4,4,4,4,4,4,4,4,4,4,4,4,4,4,4,4,4,4,4,4,4,4,4,4,4,4,4,4,4,4,4,4,4,4,4,4,4,4,4,4,4,4,4,4,4,4,4,4,4,4,4,4,4,4,4,4,4,4,4,4,CP001918.1/5114378-5114230,1
1917,0,2,0,3,2,1,3,1,0,3,3,1,4,1,0,3,4,1,3,4,1,3,3,0,3,2,3,3,4,1,2,1,1,3,3,4,4,4,4,4,4,4,4,4,4,4,4,4,4,4,4,4,4,4,4,4,0,4,4,4,4,4,4,4,4,4,4,4,4,4,4,4,4,4,4,4,4,4,4,0,2,2,1,1,3,1,0,3,0,0,0,1,3,1,0,4,2,2,0,4,0,3,2,0,1,2,1,0,4,4,4,4,2,0,2,1,1,2,4,4,3,3,3,0,1,2,2,3,2,1,3,3,0,3,1,2,3,1,1,4,0,1,3,2,0,4,1,0,2,0,3,2,3,1,4,4,4,4,4,4,4,4,4,2,1,3,3,1,2,4,4,4,2,1,1,4,4,4,4,4,4,4,4,4,4,4,4,4,4,4,4,4,4,4,4,4,4,4,4,4,4,4,4,4,4,4,4,4,3,4,4,1,0,3,1,0,4,2,0,1,0,1,4,4,1,0,4,3,2,2,0,1,0,1,0,0,1,2,3,3,2,0,4,4,4,4,4,2,3,2,0,0,2,1,0,1,1,0,0,0,3,0,4,4,4,4,4,4,4,4,4,4,4,4,4,4,4,4,4,4,4,4,4,4,4,4,4,4,4,4,4,4,4,4,4,4,4,4,4,4,4,4,4,4,4,4,4,4,4,4,4,4,4,4,4,4,4,4,4,4,4,4,4,4,4,4,4,4,4,4,4,4,4,4,4,4,4,4,4,4,4,4,4,4,4,4,4,4,4,4,4,4,4,4,4,4,4,4,4,4,4,4,4,4,4,4,4,4,4,4,4,4,4,4,4,4,4,4,4,4,4,4,4,4,4,4,4,4,4,4,4,4,4,4,4,4,4,4,4,4,4,4,4,4,4,4,4,4,4,4,4,4,4,4,4,4,4,4,4,4,4,4,4,4,4,4,4,4,4,4,4,4,4,4,4,4,4,4,4,4,4,4,4,4,4,4,4,4,4,4,4,4,4,4,4,4,4,FP929040.1/217229-217081,1
1918,0,2,0,3,2,1,3,1,0,3,3,1,4,1,0,3,4,1,3,4,1,3,3,0,3,2,3,3,4,1,2,1,1,3,3,4,4,4,4,4,4,4,4,4,4,4,4,4,4,4,4,4,4,4,4,4,1,4,4,4,4,4,4,4,4,4,4,4,4,4,4,4,4,4,4,4,4,4,4,2,3,2,1,1,3,1,0,3,0,0,0,1,3,1,1,4,2,2,0,4,0,3,2,0,3,2,1,0,4,4,4,4,2,0,2,1,1,2,3,3,1,3,3,0,1,2,2,3,2,1,3,3,0,3,1,2,3,1,1,4,0,1,3,2,0,4,1,0,2,0,3,2,3,1,2,1,0,3,4,4,4,4,4,3,3,0,3,4,4,4,4,4,2,1,1,4,4,4,4,4,4,4,4,4,4,4,4,4,4,4,4,4,4,4,4,4,4,4,4,4,4,4,4,4,4,4,4,4,3,4,4,1,0,3,1,0,4,0,0,1,0,1,4,4,1,0,4,3,2,2,0,1,0,3,3,0,1,2,3,3,2,0,4,4,4,4,4,2,3,2,0,0,2,1,0,1,1,1,0,0,3,3,4,4,4,4,4,4,4,4,4,4,4,4,4,4,4,4,4,4,4,4,4,4,4,4,4,4,4,4,4,4,4,4,4,4,4,4,4,4,4,4,4,4,4,4,4,4,4,4,4,4,4,4,4,4,4,4,4,4,4,4,4,4,4,4,4,4,4,4,4,4,4,4,4,4,4,4,4,4,4,4,4,4,4,4,4,4,4,4,4,4,4,4,4,4,4,4,4,4,4,4,4,4,4,4,4,4,4,4,4,4,4,4,4,4,4,4,4,4,4,4,4,4,4,4,4,4,4,4,4,4,4,4,4,4,4,4,4,4,4,4,4,4,4,4,4,4,4,4,4,4,4,4,4,4,4,4,4,4,4,4,4,4,4,4,4,4,4,4,4,4,4,4,4,4,4,4,4,4,4,4,4,4,4,4,4,4,4,4,4,4,4,4,4,4,4,AFBO01000656.1/229-77,1
1919,0,2,0,3,2,1,3,1,0,3,3,1,4,1,0,3,4,1,3,4,1,3,3,0,3,2,3,3,4,1,2,1,1,3,4,4,4,4,4,4,4,4,4,4,4,4,4,4,4,4,4,4,4,4,4,4,3,0,4,4,4,4,4,4,4,4,4,4,4,4,4,4,4,4,4,4,4,4,4,2,3,2,1,1,3,1,0,3,0,0,0,1,3,1,1,4,2,2,0,4,0,3,2,0,1,2,1,0,4,4,4,4,2,0,2,1,1,2,4,4,3,3,3,0,1,2,2,3,2,1,3,3,0,3,1,2,3,1,1,4,0,1,3,2,0,4,1,0,2,0,3,2,3,1,4,4,4,4,4,4,4,4,4,2,1,3,3,0,3,4,4,4,2,1,1,4,4,4,4,4,4,4,4,4,4,4,4,4,4,4,4,4,4,4,4,4,4,4,4,4,4,4,4,4,4,4,4,4,3,4,4,1,0,3,1,0,4,2,0,1,0,1,4,4,1,0,4,3,2,2,0,1,0,1,0,0,1,2,3,3,2,0,4,4,4,4,4,2,3,2,0,0,2,1,0,1,1,1,0,1,3,3,4,4,4,4,4,4,4,4,4,4,4,4,4,4,4,4,4,4,4,4,4,4,4,4,4,4,4,4,4,4,4,4,4,4,4,4,4,4,4,4,4,4,4,4,4,4,4,4,4,4,4,4,4,4,4,4,4,4,4,4,4,4,4,4,4,4,4,4,4,4,4,4,4,4,4,4,4,4,4,4,4,4,4,4,4,4,4,4,4,4,4,4,4,4,4,4,4,4,4,4,4,4,4,4,4,4,4,4,4,4,4,4,4,4,4,4,4,4,4,4,4,4,4,4,4,4,4,4,4,4,4,4,4,4,4,4,4,4,4,4,4,4,4,4,4,4,4,4,4,4,4,4,4,4,4,4,4,4,4,4,4,4,4,4,4,4,4,4,4,4,4,4,4,4,4,4,4,4,4,4,4,4,4,4,4,4,4,4,4,4,4,4,4,4,4,ADTP01000336.1/173-25,1
1920,0,2,3,3,2,1,3,1,0,3,3,1,4,0,1,1,4,3,3,4,3,3,3,0,3,2,0,3,4,0,2,3,1,1,1,2,1,2,3,3,3,4,0,0,2,1,2,2,0,0,4,3,0,3,2,1,4,4,4,4,4,4,4,4,4,4,4,4,4,4,4,4,4,4,4,4,4,4,4,4,4,0,1,3,3,1,0,3,0,0,0,1,1,0,3,4,1,2,0,4,0,3,2,0,3,2,1,1,4,4,4,4,3,0,0,2,4,4,4,4,4,4,0,0,3,2,2,3,2,1,1,3,0,3,1,2,3,1,1,0,1,1,2,0,0,0,1,1,2,0,3,0,0,3,3,2,1,3,2,4,4,4,1,2,1,0,0,2,1,4,4,4,2,1,3,4,4,4,4,4,4,4,4,4,4,4,4,4,4,4,4,4,4,4,4,4,4,4,4,4,4,4,4,4,4,4,4,4,3,4,4,3,0,3,1,0,4,0,2,1,0,3,4,4,1,4,4,4,2,2,0,1,2,0,1,0,1,2,3,3,2,0,4,4,4,4,4,2,3,2,0,2,2,1,0,1,1,2,1,1,3,0,4,4,4,4,4,4,4,4,4,4,4,4,4,4,4,4,4,4,4,4,4,4,4,4,4,4,4,4,4,4,4,4,4,4,4,4,4,4,4,4,4,4,4,4,4,4,4,4,4,4,4,4,4,4,4,4,4,4,4,4,4,4,4,4,4,4,4,4,4,4,4,4,4,4,4,4,4,4,4,4,4,4,4,4,4,4,4,4,4,4,4,4,4,4,4,4,4,4,4,4,4,4,4,4,4,4,4,4,4,4,4,4,4,4,4,4,4,4,4,4,4,4,4,4,4,4,4,4,4,4,4,4,4,4,4,4,4,4,4,4,4,4,4,4,4,4,4,4,4,4,4,4,4,4,4,4,4,4,4,4,4,4,4,4,4,4,4,4,4,4,4,4,4,4,4,4,4,4,4,4,4,4,4,4,4,4,4,4,4,4,4,4,4,4,4,ACCC01000004.1/95723-95557,1
1921,0,2,3,2,2,1,3,1,0,3,3,1,4,0,1,1,4,1,3,4,1,3,3,0,3,2,3,1,4,0,2,1,4,4,4,4,1,1,1,3,3,4,1,2,2,4,4,4,4,4,4,2,0,1,2,1,4,4,4,4,4,4,4,4,4,4,4,4,4,4,4,4,4,4,4,4,4,4,4,4,4,2,1,3,0,1,0,3,0,0,0,1,3,4,3,4,1,2,0,4,0,3,2,0,1,2,1,0,4,4,4,4,1,0,0,4,4,4,4,4,4,4,1,0,0,2,2,3,4,4,4,4,4,4,4,4,4,4,4,4,4,4,4,4,4,4,4,4,4,4,4,4,4,4,4,4,4,4,4,4,4,4,4,4,4,4,4,4,4,4,4,4,4,4,4,4,4,4,4,4,4,4,4,4,4,4,4,4,4,4,4,4,4,4,4,4,4,4,4,4,4,4,4,4,4,4,4,4,4,4,4,4,4,4,4,4,4,4,4,4,4,4,4,4,4,4,4,4,4,4,4,4,4,4,4,4,4,4,4,4,4,4,2,1,4,1,3,4,4,4,4,4,4,4,2,1,1,2,3,1,1,0,4,4,4,4,4,4,4,4,4,4,4,4,4,4,4,4,4,4,4,4,4,4,4,4,4,4,4,4,4,4,4,4,4,4,4,4,4,4,4,4,4,4,4,4,4,4,4,4,4,4,4,4,4,4,4,4,4,4,4,4,4,4,4,4,4,4,4,4,4,4,4,4,4,4,4,4,4,4,4,4,4,4,4,4,4,4,4,4,4,4,4,4,4,4,4,4,4,4,4,4,4,4,4,4,4,4,4,4,4,4,4,4,4,4,4,4,4,4,4,4,4,4,4,4,4,4,4,4,4,4,4,4,4,4,4,4,4,4,4,4,4,4,4,4,4,4,4,4,4,4,4,4,4,4,4,4,4,4,4,4,4,4,4,4,4,4,4,4,4,4,4,4,4,4,4,4,4,4,4,4,4,4,4,4,4,4,4,4,4,4,4,4,4,4,4,AEWW01038306.1/327-412,1
1922,0,2,0,3,2,1,3,1,0,3,1,1,4,1,0,1,4,3,3,4,0,3,3,0,3,2,0,1,4,0,2,1,3,3,2,2,1,1,0,3,3,4,0,0,2,2,1,3,0,4,4,0,3,3,3,0,4,4,4,4,4,4,4,4,4,4,4,4,4,4,4,4,4,4,4,4,4,4,4,4,4,2,1,3,3,1,0,3,0,0,0,1,1,1,0,4,2,2,2,4,0,3,2,0,1,2,1,0,4,4,4,4,2,0,2,1,1,2,0,3,3,3,3,0,2,0,2,3,2,1,1,3,0,3,3,2,3,1,1,0,3,2,3,0,0,4,1,1,2,0,3,2,3,3,4,4,4,4,4,4,4,4,4,2,0,2,3,0,4,4,4,4,0,3,2,4,4,4,4,4,4,4,4,4,4,4,4,4,4,4,4,4,4,4,4,4,4,4,4,4,4,4,4,4,4,4,4,4,3,4,4,1,0,3,1,0,4,1,0,3,0,1,4,4,1,4,4,4,2,2,2,1,0,3,0,0,1,2,3,3,2,0,4,4,4,4,4,2,3,2,0,2,2,1,0,1,3,2,0,3,0,3,4,4,4,4,4,4,4,4,4,4,4,4,4,4,4,4,4,4,4,4,4,4,4,4,4,4,4,4,4,4,4,4,4,4,4,4,4,4,4,4,4,4,4,4,4,4,4,4,4,4,4,4,4,4,4,4,4,4,4,4,4,4,4,4,4,4,4,4,4,4,4,4,4,4,4,4,4,4,4,4,4,4,4,4,4,4,4,4,4,4,4,4,4,4,4,4,4,4,4,4,4,4,4,4,4,4,4,4,4,4,4,4,4,4,4,4,4,4,4,4,4,4,4,4,4,4,4,4,4,4,4,4,4,4,4,4,4,4,4,4,4,4,4,4,4,4,4,4,4,4,4,4,4,4,4,4,4,4,4,4,4,4,4,4,4,4,4,4,4,4,4,4,4,4,4,4,4,4,4,4,4,4,4,4,4,4,4,4,4,4,4,4,4,4,4,AE009952.1/420945-421108,1
1923,0,2,3,2,2,1,3,1,0,3,3,1,4,0,1,1,4,3,3,4,1,3,3,0,3,2,3,1,4,0,2,1,4,4,4,4,1,1,1,3,3,4,0,2,2,4,4,4,4,4,4,2,0,1,2,1,4,4,4,4,4,4,4,4,4,4,4,4,4,4,4,4,4,4,4,4,4,4,4,4,4,2,1,3,0,1,0,3,0,0,0,1,3,4,3,4,1,2,0,4,0,3,2,0,1,2,1,0,4,4,4,4,1,0,0,4,4,4,4,4,4,4,1,0,0,2,2,3,2,1,1,3,2,1,1,2,3,1,1,0,0,1,3,3,4,4,1,3,2,0,3,0,0,1,0,4,4,4,4,4,4,4,4,2,1,2,3,0,4,4,4,4,2,1,3,4,4,4,4,4,4,4,4,4,4,4,4,4,4,4,4,4,4,4,4,4,4,4,4,4,4,4,4,4,4,4,4,4,3,4,4,3,0,3,1,0,4,0,1,1,3,1,4,4,1,4,4,4,2,2,2,1,2,0,0,0,1,2,3,1,2,0,4,4,4,4,4,2,3,3,0,2,2,1,0,1,1,2,1,1,3,3,4,4,4,4,4,4,4,4,4,4,4,4,4,4,4,4,4,4,4,4,4,4,4,4,4,4,4,4,4,4,4,4,4,4,4,4,4,4,4,4,4,4,4,4,4,4,4,4,4,4,4,4,4,4,4,4,4,4,4,4,4,4,4,4,4,4,4,4,4,4,4,4,4,4,4,4,4,4,4,4,4,4,4,4,4,4,4,4,4,4,4,4,4,4,4,4,4,4,4,4,4,4,4,4,4,4,4,4,4,4,4,4,4,4,4,4,4,4,4,4,4,4,4,4,4,4,4,4,4,4,4,4,4,4,4,4,4,4,4,4,4,4,4,4,4,4,4,4,4,4,4,4,4,4,4,4,4,4,4,4,4,4,4,4,4,4,4,4,4,4,4,4,4,4,4,4,4,4,4,4,4,4,4,4,4,4,4,4,4,4,4,4,4,4,4,CP002487.1/2705564-2705417,1
1924,0,2,3,2,2,1,3,1,0,3,3,1,4,0,1,1,4,3,3,4,1,3,3,0,3,2,3,1,4,0,2,1,4,4,4,4,1,1,1,3,3,4,0,2,2,4,4,4,4,4,4,2,0,1,2,1,4,4,4,4,4,4,4,4,4,4,4,4,4,4,4,4,4,4,4,4,4,4,4,4,4,2,1,3,0,1,0,3,0,0,0,1,3,4,3,4,1,2,0,4,0,3,2,0,1,2,1,0,4,4,4,4,1,0,0,4,4,4,4,4,4,4,1,0,0,2,2,3,2,1,1,3,2,1,1,2,3,1,1,0,0,1,3,3,4,4,1,3,2,0,3,0,0,3,0,4,4,4,4,4,4,4,4,2,1,2,3,1,4,4,4,4,2,1,3,4,4,4,4,4,4,4,4,4,4,4,4,4,4,4,4,4,4,4,4,4,4,4,4,4,4,4,4,4,4,4,4,4,3,4,4,3,0,3,1,0,4,0,1,1,3,1,4,4,1,4,4,4,2,2,2,1,2,0,0,0,1,2,3,1,2,0,4,4,4,4,4,2,3,3,0,2,2,1,0,1,1,2,1,1,3,3,4,4,4,4,4,4,4,4,4,4,4,4,4,4,4,4,4,4,4,4,4,4,4,4,4,4,4,4,4,4,4,4,4,4,4,4,4,4,4,4,4,4,4,4,4,4,4,4,4,4,4,4,4,4,4,4,4,4,4,4,4,4,4,4,4,4,4,4,4,4,4,4,4,4,4,4,4,4,4,4,4,4,4,4,4,4,4,4,4,4,4,4,4,4,4,4,4,4,4,4,4,4,4,4,4,4,4,4,4,4,4,4,4,4,4,4,4,4,4,4,4,4,4,4,4,4,4,4,4,4,4,4,4,4,4,4,4,4,4,4,4,4,4,4,4,4,4,4,4,4,4,4,4,4,4,4,4,4,4,4,4,4,4,4,4,4,4,4,4,4,4,4,4,4,4,4,4,4,4,4,4,4,4,4,4,4,4,4,4,4,4,4,4,4,4,FR877557.1/2563759-2563612,1
1925,3,2,3,3,2,1,3,1,0,3,3,1,4,0,3,1,4,3,2,4,3,3,3,0,3,2,0,3,4,3,2,1,1,0,1,4,1,1,1,0,1,4,0,2,1,2,2,4,4,4,4,2,1,0,2,0,4,4,4,4,4,4,4,4,4,4,4,4,4,4,4,4,4,4,4,4,4,4,4,4,4,2,1,4,3,1,0,3,0,0,0,0,3,4,1,4,1,2,0,4,0,3,2,0,1,2,1,0,4,4,4,4,1,1,0,4,4,4,4,4,4,4,0,0,1,2,2,0,2,1,1,3,2,3,1,2,3,1,1,0,1,1,1,0,0,4,1,1,2,0,3,0,0,3,1,2,3,0,3,4,4,2,3,4,3,1,3,2,1,4,4,0,3,1,2,4,4,4,4,4,4,4,4,4,4,4,4,4,4,4,4,4,4,4,4,4,4,4,4,4,4,4,4,4,4,4,4,4,3,4,4,3,0,3,1,0,4,0,2,1,0,3,4,4,1,4,4,4,2,2,0,1,2,1,0,0,1,2,3,3,2,0,4,4,4,4,4,2,3,3,0,2,2,1,3,1,1,0,1,1,1,0,4,4,4,4,4,4,4,4,4,4,4,4,4,4,4,4,4,4,4,4,4,4,4,4,4,4,4,4,4,4,4,4,4,4,4,4,4,4,4,4,4,4,4,4,4,4,4,4,4,4,4,4,4,4,4,4,4,4,4,4,4,4,4,4,4,4,4,4,4,4,4,4,4,4,4,4,4,4,4,4,4,4,4,4,4,4,4,4,4,4,4,4,4,4,4,4,4,4,4,4,4,4,4,4,4,4,4,4,4,4,4,4,4,4,4,4,4,4,4,4,4,4,4,4,4,4,4,4,4,4,4,4,4,4,4,4,4,4,4,4,4,4,4,4,4,4,4,4,4,4,4,4,4,4,4,4,4,4,4,4,4,4,4,4,4,4,4,4,4,4,4,4,4,4,4,4,4,4,4,4,4,4,4,4,4,4,4,4,4,4,4,4,4,4,4,CAEJ01000007.1/306844-306685,1
1926,0,2,0,3,2,1,3,1,0,3,3,1,4,1,0,3,4,1,3,4,1,3,3,0,3,2,3,3,4,1,2,1,1,3,3,4,1,4,4,4,4,4,4,4,4,4,4,4,4,4,4,4,4,4,4,4,3,4,4,4,4,4,4,4,4,4,4,4,4,4,4,4,4,4,4,4,4,4,4,4,2,2,1,1,3,1,0,3,0,0,0,1,3,1,0,4,2,2,0,4,0,3,2,0,3,2,1,0,4,4,4,4,2,0,2,1,1,2,4,4,3,3,3,0,1,2,2,3,2,1,3,3,0,3,1,2,3,1,1,4,0,1,3,2,0,4,1,0,2,0,3,2,3,1,4,4,4,4,4,4,4,4,4,2,1,3,3,0,1,4,4,4,2,1,1,4,4,4,4,4,4,4,4,4,4,4,4,4,4,4,4,4,4,4,4,4,4,4,4,4,4,4,4,4,4,4,4,4,3,4,4,1,0,3,1,0,4,0,0,1,0,1,4,4,1,1,4,3,2,2,0,1,0,1,0,0,1,2,3,3,2,0,4,4,4,4,4,2,3,2,0,0,2,1,0,1,1,1,1,3,3,3,4,4,4,4,4,4,4,4,4,4,4,4,4,4,4,4,4,4,4,4,4,4,4,4,4,4,4,4,4,4,4,4,4,4,4,4,4,4,4,4,4,4,4,4,4,4,4,4,4,4,4,4,4,4,4,4,4,4,4,4,4,4,4,4,4,4,4,4,4,4,4,4,4,4,4,4,4,4,4,4,4,4,4,4,4,4,4,4,4,4,4,4,4,4,4,4,4,4,4,4,4,4,4,4,4,4,4,4,4,4,4,4,4,4,4,4,4,4,4,4,4,4,4,4,4,4,4,4,4,4,4,4,4,4,4,4,4,4,4,4,4,4,4,4,4,4,4,4,4,4,4,4,4,4,4,4,4,4,4,4,4,4,4,4,4,4,4,4,4,4,4,4,4,4,4,4,4,4,4,4,4,4,4,4,4,4,4,4,4,4,4,4,4,4,4,FR775242.1/36433-36581,1
1927,1,2,3,3,2,1,3,1,0,3,3,1,4,3,1,1,4,3,2,4,1,3,3,0,3,2,0,3,4,3,2,1,1,1,1,4,2,1,0,3,3,4,2,1,2,4,4,4,4,4,4,2,3,3,2,0,4,4,4,4,4,4,4,4,4,4,4,4,4,4,4,4,4,4,4,4,4,4,4,4,4,2,1,4,3,1,0,3,0,0,0,0,0,4,1,4,3,2,0,4,0,3,2,0,1,2,1,0,4,4,4,4,1,1,0,4,4,4,4,4,4,4,0,0,1,2,2,3,2,1,1,3,2,1,1,2,3,1,1,0,1,1,1,0,0,4,1,1,2,0,3,0,0,3,1,2,1,3,4,4,4,4,3,2,1,3,3,3,2,1,4,0,0,1,2,4,4,4,4,4,4,4,4,4,4,4,4,4,4,4,4,4,4,4,4,4,4,4,4,4,4,4,4,4,4,4,4,4,3,4,4,3,0,3,1,0,4,0,2,1,0,3,4,4,1,4,4,4,2,2,0,1,2,3,0,0,1,2,3,3,2,0,4,4,4,4,4,2,3,3,0,2,2,1,0,1,1,0,1,1,3,3,4,4,4,4,4,4,4,4,4,4,4,4,4,4,4,4,4,4,4,4,4,4,4,4,4,4,4,4,4,4,4,4,4,4,4,4,4,4,4,4,4,4,4,4,4,4,4,4,4,4,4,4,4,4,4,4,4,4,4,4,4,4,4,4,4,4,4,4,4,4,4,4,4,4,4,4,4,4,4,4,4,4,4,4,4,4,4,4,4,4,4,4,4,4,4,4,4,4,4,4,4,4,4,4,4,4,4,4,4,4,4,4,4,4,4,4,4,4,4,4,4,4,4,4,4,4,4,4,4,4,4,4,4,4,4,4,4,4,4,4,4,4,4,4,4,4,4,4,4,4,4,4,4,4,4,4,4,4,4,4,4,4,4,4,4,4,4,4,4,4,4,4,4,4,4,4,4,4,4,4,4,4,4,4,4,4,4,4,4,4,4,4,4,4,4,CP002433.1/3248767-3248610,1
1928,0,2,3,2,2,1,3,1,0,3,3,1,4,0,1,1,4,2,0,4,1,3,3,0,3,2,3,1,4,0,2,1,4,4,4,4,1,1,1,3,3,4,1,2,2,4,4,4,4,4,4,2,0,1,2,3,4,4,4,4,4,4,4,4,4,4,4,4,4,4,4,4,4,4,4,4,4,4,4,4,4,2,1,3,0,1,0,3,0,0,0,0,3,4,3,4,1,2,0,4,0,3,2,0,1,2,1,0,4,4,4,4,1,0,0,4,4,4,4,4,4,4,1,0,0,2,2,3,2,1,1,3,2,1,1,2,3,1,1,0,0,1,3,3,4,4,1,3,2,0,3,0,3,1,0,4,4,4,4,4,4,4,4,2,1,2,3,0,4,4,4,4,2,1,3,4,4,4,4,4,4,4,4,4,4,4,4,4,4,4,4,4,4,4,4,4,4,4,4,4,4,4,4,4,4,4,4,4,0,4,4,3,0,3,1,0,4,0,1,1,0,3,4,4,1,4,4,4,2,2,2,1,2,0,0,0,1,2,3,1,2,0,4,4,4,4,4,2,3,3,0,2,2,1,0,1,1,2,1,1,3,3,4,4,4,4,4,4,4,4,4,4,4,4,4,4,4,4,4,4,4,4,4,4,4,4,4,4,4,4,4,4,4,4,4,4,4,4,4,4,4,4,4,4,4,4,4,4,4,4,4,4,4,4,4,4,4,4,4,4,4,4,4,4,4,4,4,4,4,4,4,4,4,4,4,4,4,4,4,4,4,4,4,4,4,4,4,4,4,4,4,4,4,4,4,4,4,4,4,4,4,4,4,4,4,4,4,4,4,4,4,4,4,4,4,4,4,4,4,4,4,4,4,4,4,4,4,4,4,4,4,4,4,4,4,4,4,4,4,4,4,4,4,4,4,4,4,4,4,4,4,4,4,4,4,4,4,4,4,4,4,4,4,4,4,4,4,4,4,4,4,4,4,4,4,4,4,4,4,4,4,4,4,4,4,4,4,4,4,4,4,4,4,4,4,4,4,ABHS01000009.1/159442-159295,1
1929,0,2,3,2,2,1,3,1,0,3,3,1,4,0,1,1,4,2,0,4,1,3,3,0,3,2,3,1,4,0,2,1,4,4,4,4,1,1,1,3,3,4,1,2,2,4,4,4,4,4,4,2,0,1,2,3,4,4,4,4,4,4,4,4,4,4,4,4,4,4,4,4,4,4,4,4,4,4,4,4,4,2,1,3,0,1,0,3,0,0,0,0,3,4,3,4,1,2,0,4,0,3,2,0,1,2,1,0,4,4,4,4,1,0,0,4,4,4,4,4,4,4,1,0,0,2,2,3,2,1,1,3,2,1,1,2,3,1,1,0,0,1,3,3,4,4,1,3,2,0,3,0,3,1,0,4,4,4,4,4,4,4,4,2,1,2,3,0,4,4,4,4,2,1,3,4,4,4,4,4,4,4,4,4,4,4,4,4,4,4,4,4,4,4,4,4,4,4,4,4,4,4,4,4,4,4,4,4,0,4,4,3,0,3,1,0,4,0,1,1,0,3,4,4,1,4,4,4,2,2,2,1,2,0,0,0,1,2,3,1,2,0,4,4,4,4,4,2,3,3,0,2,2,1,0,1,1,2,1,1,3,3,4,4,4,4,4,4,4,4,4,4,4,4,4,4,4,4,4,4,4,4,4,4,4,4,4,4,4,4,4,4,4,4,4,4,4,4,4,4,4,4,4,4,4,4,4,4,4,4,4,4,4,4,4,4,4,4,4,4,4,4,4,4,4,4,4,4,4,4,4,4,4,4,4,4,4,4,4,4,4,4,4,4,4,4,4,4,4,4,4,4,4,4,4,4,4,4,4,4,4,4,4,4,4,4,4,4,4,4,4,4,4,4,4,4,4,4,4,4,4,4,4,4,4,4,4,4,4,4,4,4,4,4,4,4,4,4,4,4,4,4,4,4,4,4,4,4,4,4,4,4,4,4,4,4,4,4,4,4,4,4,4,4,4,4,4,4,4,4,4,4,4,4,4,4,4,4,4,4,4,4,4,4,4,4,4,4,4,4,4,4,4,4,4,4,4,AFGC01000043.1/12061-11914,1
1930,0,2,0,3,2,1,3,1,0,3,3,1,4,1,0,3,4,1,3,4,1,3,3,0,3,2,3,3,4,1,2,1,1,3,4,4,4,4,4,4,4,4,4,4,4,4,4,4,4,4,4,4,4,4,4,4,3,0,4,4,4,4,4,4,4,4,4,4,4,4,4,4,4,4,4,4,4,4,4,2,3,2,1,1,3,1,0,3,0,0,0,1,3,1,1,4,2,2,0,4,0,3,2,0,1,2,1,0,4,4,4,4,2,0,2,1,1,2,4,4,3,3,3,0,1,2,2,3,2,1,3,3,0,3,1,2,3,1,1,4,0,1,3,2,0,4,1,0,2,0,3,2,3,1,4,4,4,4,4,4,4,4,4,2,1,3,3,0,3,4,4,4,2,1,1,4,4,4,4,4,4,4,4,4,4,4,4,4,4,4,4,4,4,4,4,4,4,4,4,4,4,4,4,4,4,4,4,4,3,4,4,1,0,3,1,0,4,2,0,1,0,1,4,4,1,0,4,3,2,2,0,1,0,1,0,0,1,2,3,3,2,0,4,4,4,4,4,2,3,2,0,0,2,1,0,1,1,1,0,1,3,3,4,4,4,4,4,4,4,4,4,4,4,4,4,4,4,4,4,4,4,4,4,4,4,4,4,4,4,4,4,4,4,4,4,4,4,4,4,4,4,4,4,4,4,4,4,4,4,4,4,4,4,4,4,4,4,4,4,4,4,4,4,4,4,4,4,4,4,4,4,4,4,4,4,4,4,4,4,4,4,4,4,4,4,4,4,4,4,4,4,4,4,4,4,4,4,4,4,4,4,4,4,4,4,4,4,4,4,4,4,4,4,4,4,4,4,4,4,4,4,4,4,4,4,4,4,4,4,4,4,4,4,4,4,4,4,4,4,4,4,4,4,4,4,4,4,4,4,4,4,4,4,4,4,4,4,4,4,4,4,4,4,4,4,4,4,4,4,4,4,4,4,4,4,4,4,4,4,4,4,4,4,4,4,4,4,4,4,4,4,4,4,4,4,4,4,CP000802.1/4013278-4013426,1
1931,0,2,3,2,2,1,3,1,0,3,3,1,4,0,1,1,4,3,3,4,1,3,3,0,3,2,3,1,4,0,2,1,4,4,4,4,1,1,1,3,3,4,0,2,2,4,4,4,4,4,4,2,0,1,2,1,4,4,4,4,4,4,4,4,4,4,4,4,4,4,4,4,4,4,4,4,4,4,4,4,4,2,1,3,0,1,0,3,0,0,0,1,3,4,3,4,1,2,0,4,0,3,2,0,1,2,1,0,4,4,4,4,1,0,0,4,4,4,4,4,4,4,1,0,0,2,2,3,2,1,1,3,2,1,1,2,3,1,1,0,0,1,3,3,4,4,1,3,2,0,3,0,0,3,0,4,4,4,4,4,4,4,4,2,1,2,3,0,4,4,4,4,2,1,3,4,4,4,4,4,4,4,4,4,4,4,4,4,4,4,4,4,4,4,4,4,4,4,4,4,4,4,4,4,4,4,4,4,3,4,4,3,0,3,1,0,4,0,2,1,3,1,4,4,1,4,4,4,2,2,2,1,2,0,0,0,1,2,3,1,2,0,4,4,4,4,4,2,3,3,0,2,2,1,0,1,1,2,1,1,3,3,4,4,4,4,4,4,4,4,4,4,4,4,4,4,4,4,4,4,4,4,4,4,4,4,4,4,4,4,4,4,4,4,4,4,4,4,4,4,4,4,4,4,4,4,4,4,4,4,4,4,4,4,4,4,4,4,4,4,4,4,4,4,4,4,4,4,4,4,4,4,4,4,4,4,4,4,4,4,4,4,4,4,4,4,4,4,4,4,4,4,4,4,4,4,4,4,4,4,4,4,4,4,4,4,4,4,4,4,4,4,4,4,4,4,4,4,4,4,4,4,4,4,4,4,4,4,4,4,4,4,4,4,4,4,4,4,4,4,4,4,4,4,4,4,4,4,4,4,4,4,4,4,4,4,4,4,4,4,4,4,4,4,4,4,4,4,4,4,4,4,4,4,4,4,4,4,4,4,4,4,4,4,4,4,4,4,4,4,4,4,4,4,4,4,4,CP000880.1/305504-305651,1
1932,0,2,3,3,2,1,3,1,0,3,3,1,4,0,0,1,4,3,3,4,3,3,3,0,3,2,0,3,4,2,2,1,1,1,1,4,2,3,0,3,3,4,3,0,2,0,1,2,2,0,4,0,2,3,3,3,4,4,4,4,4,4,4,4,4,4,4,4,4,4,4,4,4,4,4,4,4,4,4,4,4,2,1,1,3,1,0,3,0,0,2,1,1,3,1,4,1,2,0,4,0,3,2,0,3,2,1,1,4,4,4,4,3,0,0,2,4,4,4,4,4,0,0,0,3,2,2,3,2,1,1,3,0,3,1,2,3,1,1,0,0,1,1,0,0,0,1,1,2,0,3,0,0,1,0,2,0,1,2,4,4,4,1,2,1,0,0,2,1,4,4,2,2,1,3,4,4,4,4,4,4,4,4,4,4,4,4,4,4,4,4,4,4,4,4,4,4,4,4,4,4,4,4,4,4,4,4,4,3,4,4,3,0,3,1,0,4,0,2,1,0,3,4,4,1,4,4,4,2,2,2,1,2,0,1,0,1,2,3,2,2,0,4,4,4,4,4,2,3,2,0,2,2,1,0,1,1,2,1,1,3,2,4,4,4,4,4,4,4,4,4,4,4,4,4,4,4,4,4,4,4,4,4,4,4,4,4,4,4,4,4,4,4,4,4,4,4,4,4,4,4,4,4,4,4,4,4,4,4,4,4,4,4,4,4,4,4,4,4,4,4,4,4,4,4,4,4,4,4,4,4,4,4,4,4,4,4,4,4,4,4,4,4,4,4,4,4,4,4,4,4,4,4,4,4,4,4,4,4,4,4,4,4,4,4,4,4,4,4,4,4,4,4,4,4,4,4,4,4,4,4,4,4,4,4,4,4,4,4,4,4,4,4,4,4,4,4,4,4,4,4,4,4,4,4,4,4,4,4,4,4,4,4,4,4,4,4,4,4,4,4,4,4,4,4,4,4,4,4,4,4,4,4,4,4,4,4,4,4,4,4,4,4,4,4,4,4,4,4,4,4,4,4,4,4,4,4,CP002773.1/4117823-4117656,1
1933,0,2,0,3,2,1,3,1,0,3,3,1,4,1,0,3,4,1,3,4,1,3,3,0,3,2,3,3,4,1,2,1,1,3,4,4,4,4,4,4,4,4,4,4,4,4,4,4,4,4,4,4,4,4,4,4,3,0,4,4,4,4,4,4,4,4,4,4,4,4,4,4,4,4,4,4,4,4,4,2,3,2,1,1,3,1,0,3,0,0,0,1,3,1,0,4,2,2,0,4,0,3,2,0,1,2,1,0,4,4,4,4,2,0,2,1,1,2,4,4,3,3,3,0,1,2,2,3,2,1,3,3,0,3,1,2,3,1,1,4,0,1,3,2,0,4,1,0,2,0,3,2,3,1,4,4,4,4,4,4,4,4,4,2,1,3,3,0,3,4,4,4,2,1,1,4,4,4,4,4,4,4,4,4,4,4,4,4,4,4,4,4,4,4,4,4,4,4,4,4,4,4,4,4,4,4,4,4,3,4,4,1,0,3,1,0,4,2,0,1,0,1,4,4,1,0,4,3,2,2,0,1,0,1,0,0,1,2,3,3,2,0,4,4,4,4,4,2,3,2,0,0,2,1,0,1,1,1,0,1,3,3,4,4,4,4,4,4,4,4,4,4,4,4,4,4,4,4,4,4,4,4,4,4,4,4,4,4,4,4,4,4,4,4,4,4,4,4,4,4,4,4,4,4,4,4,4,4,4,4,4,4,4,4,4,4,4,4,4,4,4,4,4,4,4,4,4,4,4,4,4,4,4,4,4,4,4,4,4,4,4,4,4,4,4,4,4,4,4,4,4,4,4,4,4,4,4,4,4,4,4,4,4,4,4,4,4,4,4,4,4,4,4,4,4,4,4,4,4,4,4,4,4,4,4,4,4,4,4,4,4,4,4,4,4,4,4,4,4,4,4,4,4,4,4,4,4,4,4,4,4,4,4,4,4,4,4,4,4,4,4,4,4,4,4,4,4,4,4,4,4,4,4,4,4,4,4,4,4,4,4,4,4,4,4,4,4,4,4,4,4,4,4,4,4,4,4,ABKX01000014.1/45108-45256,1
1934,0,2,3,2,2,1,3,1,0,3,3,1,4,0,1,1,4,2,0,4,1,3,3,0,3,2,3,1,4,0,2,1,4,4,4,4,1,1,1,3,3,4,1,2,2,4,4,4,4,4,4,2,0,1,2,3,4,4,4,4,4,4,4,4,4,4,4,4,4,4,4,4,4,4,4,4,4,4,4,4,4,2,1,3,0,1,0,3,0,0,0,0,3,4,3,4,1,2,0,4,0,3,2,0,1,2,1,0,4,4,4,4,1,0,0,4,4,4,4,4,4,4,1,0,0,2,2,3,2,1,1,3,2,1,1,2,3,1,1,0,0,1,3,3,4,4,1,3,2,0,3,0,3,1,0,4,4,4,4,4,4,4,4,2,1,2,3,0,4,4,4,4,2,1,3,4,4,4,4,4,4,4,4,4,4,4,4,4,4,4,4,4,4,4,4,4,4,4,4,4,4,4,4,4,4,4,4,4,0,4,4,3,0,3,1,0,4,0,1,1,0,3,4,4,1,4,4,4,2,2,2,1,2,0,0,0,1,2,3,1,2,0,4,4,4,4,4,2,3,3,0,2,2,1,0,1,1,2,1,1,3,3,4,4,4,4,4,4,4,4,4,4,4,4,4,4,4,4,4,4,4,4,4,4,4,4,4,4,4,4,4,4,4,4,4,4,4,4,4,4,4,4,4,4,4,4,4,4,4,4,4,4,4,4,4,4,4,4,4,4,4,4,4,4,4,4,4,4,4,4,4,4,4,4,4,4,4,4,4,4,4,4,4,4,4,4,4,4,4,4,4,4,4,4,4,4,4,4,4,4,4,4,4,4,4,4,4,4,4,4,4,4,4,4,4,4,4,4,4,4,4,4,4,4,4,4,4,4,4,4,4,4,4,4,4,4,4,4,4,4,4,4,4,4,4,4,4,4,4,4,4,4,4,4,4,4,4,4,4,4,4,4,4,4,4,4,4,4,4,4,4,4,4,4,4,4,4,4,4,4,4,4,4,4,4,4,4,4,4,4,4,4,4,4,4,4,4,ADWV01000011.1/36359-36506,1
1935,0,2,0,3,2,1,3,1,0,3,3,1,4,1,0,3,4,1,3,4,1,3,3,0,3,2,3,3,4,1,2,1,1,3,4,4,4,4,4,4,4,4,4,4,4,4,4,4,4,4,4,4,4,4,4,4,3,0,4,4,4,4,4,4,4,4,4,4,4,4,4,4,4,4,4,4,4,4,4,2,3,2,1,1,3,1,0,3,0,0,0,1,3,1,1,4,2,2,0,4,0,3,2,0,1,2,1,0,4,4,4,4,2,0,2,1,1,2,4,4,3,3,3,0,1,2,2,3,2,1,3,3,0,3,1,2,3,1,1,4,0,1,3,2,0,4,1,0,2,0,3,2,3,1,4,4,4,4,4,4,4,4,4,2,1,3,3,0,3,4,4,4,2,1,1,4,4,4,4,4,4,4,4,4,4,4,4,4,4,4,4,4,4,4,4,4,4,4,4,4,4,4,4,4,4,4,4,4,3,4,4,1,0,3,1,0,4,2,0,1,0,1,4,4,1,0,4,3,2,2,0,1,0,1,0,0,1,2,3,3,2,0,4,4,4,4,4,2,3,2,0,0,2,1,0,1,1,1,0,1,3,3,4,4,4,4,4,4,4,4,4,4,4,4,4,4,4,4,4,4,4,4,4,4,4,4,4,4,4,4,4,4,4,4,4,4,4,4,4,4,4,4,4,4,4,4,4,4,4,4,4,4,4,4,4,4,4,4,4,4,4,4,4,4,4,4,4,4,4,4,4,4,4,4,4,4,4,4,4,4,4,4,4,4,4,4,4,4,4,4,4,4,4,4,4,4,4,4,4,4,4,4,4,4,4,4,4,4,4,4,4,4,4,4,4,4,4,4,4,4,4,4,4,4,4,4,4,4,4,4,4,4,4,4,4,4,4,4,4,4,4,4,4,4,4,4,4,4,4,4,4,4,4,4,4,4,4,4,4,4,4,4,4,4,4,4,4,4,4,4,4,4,4,4,4,4,4,4,4,4,4,4,4,4,4,4,4,4,4,4,4,4,4,4,4,4,4,ADTW01000382.1/194-46,1
1936,0,2,0,3,2,1,3,1,0,3,3,1,4,1,0,3,4,1,3,4,1,3,3,0,3,2,3,3,4,1,2,1,1,3,3,4,1,4,4,4,4,4,4,4,4,4,4,4,4,4,4,4,4,4,4,4,3,4,4,4,4,4,4,4,4,4,4,4,4,4,4,4,4,4,4,4,4,4,4,4,2,2,1,1,3,1,0,3,0,0,0,1,3,1,0,4,2,2,0,4,0,3,2,0,3,2,1,0,4,4,4,4,2,0,2,1,1,2,4,4,3,3,3,0,1,2,2,3,2,1,3,3,0,3,1,2,3,1,1,4,0,1,3,2,0,4,1,0,2,0,3,2,3,1,4,4,4,4,4,4,4,4,4,2,1,3,3,0,1,4,4,4,2,1,1,4,4,4,4,4,4,4,4,4,4,4,4,4,4,4,4,4,4,4,4,4,4,4,4,4,4,4,4,4,4,4,4,4,3,4,4,1,0,3,1,0,4,0,0,1,0,1,4,4,1,1,4,3,2,2,0,1,0,1,0,0,1,2,3,3,2,0,4,4,4,4,4,2,3,2,0,0,2,1,0,1,1,1,1,3,3,3,4,4,4,4,4,4,4,4,4,4,4,4,4,4,4,4,4,4,4,4,4,4,4,4,4,4,4,4,4,4,4,4,4,4,4,4,4,4,4,4,4,4,4,4,4,4,4,4,4,4,4,4,4,4,4,4,4,4,4,4,4,4,4,4,4,4,4,4,4,4,4,4,4,4,4,4,4,4,4,4,4,4,4,4,4,4,4,4,4,4,4,4,4,4,4,4,4,4,4,4,4,4,4,4,4,4,4,4,4,4,4,4,4,4,4,4,4,4,4,4,4,4,4,4,4,4,4,4,4,4,4,4,4,4,4,4,4,4,4,4,4,4,4,4,4,4,4,4,4,4,4,4,4,4,4,4,4,4,4,4,4,4,4,4,4,4,4,4,4,4,4,4,4,4,4,4,4,4,4,4,4,4,4,4,4,4,4,4,4,4,4,4,4,4,4,AFCX01001870.1/290-438,1
1937,0,2,3,2,2,1,3,1,0,3,3,1,4,0,1,1,4,2,0,4,1,3,3,0,3,2,3,1,4,0,2,1,4,4,4,4,1,1,1,3,3,4,1,2,2,4,4,4,4,4,4,2,0,1,2,3,4,4,4,4,4,4,4,4,4,4,4,4,4,4,4,4,4,4,4,4,4,4,4,4,4,2,1,3,0,1,0,3,0,0,0,0,3,4,3,4,1,2,0,4,0,3,2,0,1,2,1,0,4,4,4,4,1,0,0,4,4,4,4,4,4,4,1,0,0,2,2,3,2,1,1,3,2,1,1,2,3,1,1,0,0,1,3,3,4,4,1,3,2,0,3,0,3,1,0,4,4,4,4,4,4,4,4,2,1,2,3,0,4,4,4,4,2,1,3,4,4,4,4,4,4,4,4,4,4,4,4,4,4,4,4,4,4,4,4,4,4,4,4,4,4,4,4,4,4,4,4,4,0,4,4,3,0,3,1,0,4,0,1,1,1,3,4,4,1,4,4,4,2,2,2,1,2,0,0,0,1,2,3,1,2,0,4,4,4,4,4,2,3,3,0,2,2,1,0,1,1,2,1,1,3,3,4,4,4,4,4,4,4,4,4,4,4,4,4,4,4,4,4,4,4,4,4,4,4,4,4,4,4,4,4,4,4,4,4,4,4,4,4,4,4,4,4,4,4,4,4,4,4,4,4,4,4,4,4,4,4,4,4,4,4,4,4,4,4,4,4,4,4,4,4,4,4,4,4,4,4,4,4,4,4,4,4,4,4,4,4,4,4,4,4,4,4,4,4,4,4,4,4,4,4,4,4,4,4,4,4,4,4,4,4,4,4,4,4,4,4,4,4,4,4,4,4,4,4,4,4,4,4,4,4,4,4,4,4,4,4,4,4,4,4,4,4,4,4,4,4,4,4,4,4,4,4,4,4,4,4,4,4,4,4,4,4,4,4,4,4,4,4,4,4,4,4,4,4,4,4,4,4,4,4,4,4,4,4,4,4,4,4,4,4,4,4,4,4,4,4,CP003034.1/3051658-3051511,1
1938,0,2,3,2,2,1,3,1,0,3,3,1,4,0,1,1,4,3,3,4,1,3,3,0,3,2,3,1,4,0,2,1,4,4,4,4,1,1,1,3,3,4,0,2,2,4,4,4,4,4,4,2,0,1,2,1,4,4,4,4,4,4,4,4,4,4,4,4,4,4,4,4,4,4,4,4,4,4,4,4,4,2,1,3,0,1,0,3,0,0,0,1,3,4,3,4,1,2,0,4,0,3,2,0,1,2,1,0,4,4,4,4,1,0,0,4,4,4,4,4,4,4,1,0,0,2,2,3,2,1,1,3,2,1,1,2,3,1,3,0,0,1,3,3,4,4,1,3,2,0,3,0,0,3,0,4,4,4,4,4,4,4,4,2,1,2,3,0,4,4,4,4,2,1,3,4,4,4,4,4,4,4,4,4,4,4,4,4,4,4,4,4,4,4,4,4,4,4,4,4,4,4,4,4,4,4,4,4,3,4,4,3,0,3,1,0,4,0,1,1,3,1,4,4,1,4,4,4,2,2,2,1,2,0,0,0,1,2,3,1,2,0,4,4,4,4,4,2,3,3,0,2,2,1,0,1,1,2,1,1,3,3,4,4,4,4,4,4,4,4,4,4,4,4,4,4,4,4,4,4,4,4,4,4,4,4,4,4,4,4,4,4,4,4,4,4,4,4,4,4,4,4,4,4,4,4,4,4,4,4,4,4,4,4,4,4,4,4,4,4,4,4,4,4,4,4,4,4,4,4,4,4,4,4,4,4,4,4,4,4,4,4,4,4,4,4,4,4,4,4,4,4,4,4,4,4,4,4,4,4,4,4,4,4,4,4,4,4,4,4,4,4,4,4,4,4,4,4,4,4,4,4,4,4,4,4,4,4,4,4,4,4,4,4,4,4,4,4,4,4,4,4,4,4,4,4,4,4,4,4,4,4,4,4,4,4,4,4,4,4,4,4,4,4,4,4,4,4,4,4,4,4,4,4,4,4,4,4,4,4,4,4,4,4,4,4,4,4,4,4,4,4,4,4,4,4,4,CAAW01000085.1/581-728,1
1939,0,2,3,2,2,1,3,1,0,3,3,1,4,0,1,1,4,2,0,4,1,3,3,0,3,2,3,1,4,0,2,1,4,4,4,4,1,1,1,3,3,4,1,2,2,4,4,4,4,4,4,2,0,1,2,3,4,4,4,4,4,4,4,4,4,4,4,4,4,4,4,4,4,4,4,4,4,4,4,4,4,2,1,3,0,1,0,3,0,0,0,0,3,4,0,4,1,2,0,4,0,3,2,0,1,2,1,0,4,4,4,4,1,0,0,4,4,4,4,4,4,4,1,0,0,2,2,3,2,1,1,3,2,1,1,2,3,1,1,0,0,1,3,3,4,4,1,3,2,0,3,0,3,1,0,4,4,4,4,4,4,4,4,2,1,2,3,0,4,4,4,4,2,1,3,4,4,4,4,4,4,4,4,4,4,4,4,4,4,4,4,4,4,4,4,4,4,4,4,4,4,4,4,4,4,4,4,4,0,4,4,3,0,3,1,0,4,0,1,1,0,3,4,4,1,4,4,4,2,2,2,1,2,0,0,0,1,2,3,1,2,0,4,4,4,4,4,2,3,3,0,2,2,1,0,1,1,2,1,1,3,3,4,4,4,4,4,4,4,4,4,4,4,4,4,4,4,4,4,4,4,4,4,4,4,4,4,4,4,4,4,4,4,4,4,4,4,4,4,4,4,4,4,4,4,4,4,4,4,4,4,4,4,4,4,4,4,4,4,4,4,4,4,4,4,4,4,4,4,4,4,4,4,4,4,4,4,4,4,4,4,4,4,4,4,4,4,4,4,4,4,4,4,4,4,4,4,4,4,4,4,4,4,4,4,4,4,4,4,4,4,4,4,4,4,4,4,4,4,4,4,4,4,4,4,4,4,4,4,4,4,4,4,4,4,4,4,4,4,4,4,4,4,4,4,4,4,4,4,4,4,4,4,4,4,4,4,4,4,4,4,4,4,4,4,4,4,4,4,4,4,4,4,4,4,4,4,4,4,4,4,4,4,4,4,4,4,4,4,4,4,4,4,4,4,4,4,U00096.2/2689362-2689215,1
1940,0,2,0,3,2,1,3,1,0,3,3,1,4,1,0,3,4,1,3,4,1,3,3,0,3,2,3,3,4,1,2,1,1,3,4,4,4,4,4,4,4,4,4,4,4,4,4,4,4,4,4,4,4,4,4,4,3,0,4,4,4,4,4,4,4,4,4,4,4,4,4,4,4,4,4,4,4,4,4,2,3,2,1,1,3,1,0,3,0,0,0,1,3,1,1,4,2,2,0,4,0,3,2,0,1,2,1,0,4,4,4,4,2,0,2,1,1,2,4,4,3,3,3,0,1,2,2,3,2,1,3,3,0,3,1,2,3,1,1,4,0,1,3,2,0,4,1,0,2,0,3,2,3,1,4,4,4,4,4,4,4,4,4,2,1,3,3,0,3,4,4,4,2,1,1,4,4,4,4,4,4,4,4,4,4,4,4,4,4,4,4,4,4,4,4,4,4,4,4,4,4,4,4,4,4,4,4,4,3,4,4,1,0,3,1,0,4,2,0,1,0,1,4,4,1,0,4,3,2,2,0,1,0,1,0,0,1,2,3,3,2,0,4,4,4,4,4,2,3,2,0,0,2,1,0,1,1,1,0,1,3,3,4,4,4,4,4,4,4,4,4,4,4,4,4,4,4,4,4,4,4,4,4,4,4,4,4,4,4,4,4,4,4,4,4,4,4,4,4,4,4,4,4,4,4,4,4,4,4,4,4,4,4,4,4,4,4,4,4,4,4,4,4,4,4,4,4,4,4,4,4,4,4,4,4,4,4,4,4,4,4,4,4,4,4,4,4,4,4,4,4,4,4,4,4,4,4,4,4,4,4,4,4,4,4,4,4,4,4,4,4,4,4,4,4,4,4,4,4,4,4,4,4,4,4,4,4,4,4,4,4,4,4,4,4,4,4,4,4,4,4,4,4,4,4,4,4,4,4,4,4,4,4,4,4,4,4,4,4,4,4,4,4,4,4,4,4,4,4,4,4,4,4,4,4,4,4,4,4,4,4,4,4,4,4,4,4,4,4,4,4,4,4,4,4,4,4,ABJT01000019.1/43952-44100,1
1941,0,2,3,2,2,1,3,1,0,3,3,1,4,0,1,1,4,2,0,4,1,3,3,0,3,2,3,1,4,0,2,1,4,4,4,4,1,1,1,3,3,4,1,2,2,4,4,4,4,4,4,2,0,1,2,3,4,4,4,4,4,4,4,4,4,4,4,4,4,4,4,4,4,4,4,4,4,4,4,4,4,2,1,3,0,1,0,3,0,0,0,0,3,4,3,4,1,2,0,4,0,3,2,0,1,2,1,0,4,4,4,4,1,0,0,4,4,4,4,4,4,4,1,0,0,2,2,3,2,1,1,3,2,1,1,2,3,1,1,0,0,1,3,3,4,4,1,3,2,0,3,0,3,1,0,4,4,4,4,4,4,4,4,2,1,2,3,0,4,4,4,4,2,1,3,4,4,4,4,4,4,4,4,4,4,4,4,4,4,4,4,4,4,4,4,4,4,4,4,4,4,4,4,4,4,4,4,4,0,4,4,3,0,3,1,0,4,0,1,1,0,3,4,4,1,4,4,4,2,2,2,1,2,0,0,0,1,2,3,1,2,0,4,4,4,4,4,2,3,3,0,2,2,1,0,1,1,2,1,1,3,3,4,4,4,4,4,4,4,4,4,4,4,4,4,4,4,4,4,4,4,4,4,4,4,4,4,4,4,4,4,4,4,4,4,4,4,4,4,4,4,4,4,4,4,4,4,4,4,4,4,4,4,4,4,4,4,4,4,4,4,4,4,4,4,4,4,4,4,4,4,4,4,4,4,4,4,4,4,4,4,4,4,4,4,4,4,4,4,4,4,4,4,4,4,4,4,4,4,4,4,4,4,4,4,4,4,4,4,4,4,4,4,4,4,4,4,4,4,4,4,4,4,4,4,4,4,4,4,4,4,4,4,4,4,4,4,4,4,4,4,4,4,4,4,4,4,4,4,4,4,4,4,4,4,4,4,4,4,4,4,4,4,4,4,4,4,4,4,4,4,4,4,4,4,4,4,4,4,4,4,4,4,4,4,4,4,4,4,4,4,4,4,4,4,4,4,CP001509.3/2557145-2556998,1
1942,0,2,3,2,2,1,3,1,0,3,3,1,4,0,1,1,4,3,3,4,1,3,3,0,3,2,3,1,4,0,2,1,4,4,4,4,1,1,1,3,3,4,0,2,2,4,4,4,4,4,4,2,0,1,2,1,4,4,4,4,4,4,4,4,4,4,4,4,4,4,4,4,4,4,4,4,4,4,4,4,4,2,1,3,0,1,0,3,0,0,0,1,3,4,3,4,1,2,0,4,0,3,2,0,1,2,1,0,4,4,4,4,1,0,0,4,4,4,4,4,4,4,1,0,0,2,2,3,2,1,1,3,2,1,1,2,3,1,1,0,0,1,3,3,4,4,1,3,2,0,3,0,0,1,0,4,4,4,4,4,4,4,4,2,1,2,3,0,4,4,4,4,2,1,3,4,4,4,4,4,4,4,4,4,4,4,4,4,4,4,4,4,4,4,4,4,4,4,4,4,4,4,4,4,4,4,4,4,3,4,4,3,0,3,1,0,4,0,1,1,3,1,4,4,1,4,4,4,2,2,2,1,2,0,0,0,1,2,3,1,2,0,4,4,4,4,4,2,3,3,0,2,2,1,0,1,1,2,1,1,3,3,4,4,4,4,4,4,4,4,4,4,4,4,4,4,4,4,4,4,4,4,4,4,4,4,4,4,4,4,4,4,4,4,4,4,4,4,4,4,4,4,4,4,4,4,4,4,4,4,4,4,4,4,4,4,4,4,4,4,4,4,4,4,4,4,4,4,4,4,4,4,4,4,4,4,4,4,4,4,4,4,4,4,4,4,4,4,4,4,4,4,4,4,4,4,4,4,4,4,4,4,4,4,4,4,4,4,4,4,4,4,4,4,4,4,4,4,4,4,4,4,4,4,4,4,4,4,4,4,4,4,4,4,4,4,4,4,4,4,4,4,4,4,4,4,4,4,4,4,4,4,4,4,4,4,4,4,4,4,4,4,4,4,4,4,4,4,4,4,4,4,4,4,4,4,4,4,4,4,4,4,4,4,4,4,4,4,4,4,4,4,4,4,4,4,4,CP002614.1/2707611-2707464,1
1943,0,2,3,2,2,1,3,1,0,3,3,1,4,0,1,1,4,3,3,4,1,3,3,0,3,2,3,1,4,0,2,1,4,4,4,4,1,1,1,3,3,4,1,2,2,4,4,4,4,4,4,2,0,1,2,1,4,4,4,4,4,4,4,4,4,4,4,4,4,4,4,4,4,4,4,4,4,4,4,4,4,2,1,3,0,1,0,3,0,0,0,1,3,4,3,4,1,2,0,4,0,3,2,0,1,2,1,0,4,4,4,4,1,0,0,4,4,4,4,4,4,4,0,1,0,2,2,3,2,1,1,3,2,1,1,2,3,1,1,0,0,1,3,1,4,4,1,3,2,0,3,0,0,1,0,4,4,4,4,4,4,4,4,2,1,1,3,2,4,4,4,4,2,1,3,4,4,4,4,4,4,4,4,4,4,4,4,4,4,4,4,4,4,4,4,4,4,4,4,4,4,4,4,4,4,4,4,4,3,4,4,3,0,3,1,0,4,2,0,1,0,3,4,4,1,4,4,4,2,2,2,1,2,0,0,0,1,2,3,1,2,0,4,4,4,4,4,2,3,0,0,2,2,1,0,1,1,2,1,1,3,1,4,4,4,4,4,4,4,4,4,4,4,4,4,4,4,4,4,4,4,4,4,4,4,4,4,4,4,4,4,4,4,4,4,4,4,4,4,4,4,4,4,4,4,4,4,4,4,4,4,4,4,4,4,4,4,4,4,4,4,4,4,4,4,4,4,4,4,4,4,4,4,4,4,4,4,4,4,4,4,4,4,4,4,4,4,4,4,4,4,4,4,4,4,4,4,4,4,4,4,4,4,4,4,4,4,4,4,4,4,4,4,4,4,4,4,4,4,4,4,4,4,4,4,4,4,4,4,4,4,4,4,4,4,4,4,4,4,4,4,4,4,4,4,4,4,4,4,4,4,4,4,4,4,4,4,4,4,4,4,4,4,4,4,4,4,4,4,4,4,4,4,4,4,4,4,4,4,4,4,4,4,4,4,4,4,4,4,4,4,4,4,4,4,4,4,ACXA01000001.1/32237-32384,1
1944,0,2,3,2,2,1,3,1,0,3,3,1,4,0,1,1,4,2,0,4,1,3,3,0,3,2,3,1,4,0,2,1,4,4,4,4,1,1,1,3,3,4,1,2,2,4,4,4,4,4,4,2,0,1,2,3,4,4,4,4,4,4,4,4,4,4,4,4,4,4,4,4,4,4,4,4,4,4,4,4,4,2,1,3,0,1,0,3,0,0,0,0,3,4,3,4,1,2,0,4,0,3,2,0,1,2,1,0,4,4,4,4,1,0,0,4,4,4,4,4,4,4,1,0,0,2,2,3,2,1,1,3,2,1,1,2,3,1,1,0,0,1,3,3,4,4,1,3,2,0,3,0,3,1,0,4,4,4,4,4,4,4,4,2,1,2,3,0,4,4,4,4,2,1,3,4,4,4,4,4,4,4,4,4,4,4,4,4,4,4,4,4,4,4,4,4,4,4,4,4,4,4,4,4,4,4,4,4,0,4,4,3,0,3,1,0,4,0,1,1,0,3,4,4,1,4,4,4,2,2,2,1,2,0,0,0,1,2,3,1,2,0,4,4,4,4,4,2,3,3,0,2,2,1,0,1,1,2,1,1,3,3,4,4,4,4,4,4,4,4,4,4,4,4,4,4,4,4,4,4,4,4,4,4,4,4,4,4,4,4,4,4,4,4,4,4,4,4,4,4,4,4,4,4,4,4,4,4,4,4,4,4,4,4,4,4,4,4,4,4,4,4,4,4,4,4,4,4,4,4,4,4,4,4,4,4,4,4,4,4,4,4,4,4,4,4,4,4,4,4,4,4,4,4,4,4,4,4,4,4,4,4,4,4,4,4,4,4,4,4,4,4,4,4,4,4,4,4,4,4,4,4,4,4,4,4,4,4,4,4,4,4,4,4,4,4,4,4,4,4,4,4,4,4,4,4,4,4,4,4,4,4,4,4,4,4,4,4,4,4,4,4,4,4,4,4,4,4,4,4,4,4,4,4,4,4,4,4,4,4,4,4,4,4,4,4,4,4,4,4,4,4,4,4,4,4,4,CP001665.1/1182759-1182906,1
1945,0,2,3,2,2,1,3,1,0,3,3,1,4,0,1,1,4,2,0,4,1,3,3,0,3,2,3,1,4,0,2,1,4,4,4,4,1,1,1,3,3,4,1,2,2,4,4,4,4,4,4,2,0,1,2,3,4,4,4,4,4,4,4,4,4,4,4,4,4,4,4,4,4,4,4,4,4,4,4,4,4,2,1,3,0,1,0,3,0,0,0,0,3,4,3,4,1,2,0,4,0,3,2,0,1,2,1,0,4,4,4,4,1,0,0,4,4,4,4,4,4,4,1,0,0,2,2,3,2,1,1,3,2,1,1,2,3,1,1,0,0,1,3,3,4,4,1,3,2,0,3,0,3,1,0,4,4,4,4,4,4,4,4,2,1,2,3,0,4,4,4,4,2,1,3,4,4,4,4,4,4,4,4,4,4,4,4,4,4,4,4,4,4,4,4,4,4,4,4,4,4,4,4,4,4,4,4,4,0,4,4,3,0,3,1,0,4,0,1,1,0,3,4,4,1,4,4,4,2,2,2,1,2,0,0,0,1,2,3,1,2,0,4,4,4,4,4,2,3,3,0,2,2,1,0,1,1,2,1,1,3,3,4,4,4,4,4,4,4,4,4,4,4,4,4,4,4,4,4,4,4,4,4,4,4,4,4,4,4,4,4,4,4,4,4,4,4,4,4,4,4,4,4,4,4,4,4,4,4,4,4,4,4,4,4,4,4,4,4,4,4,4,4,4,4,4,4,4,4,4,4,4,4,4,4,4,4,4,4,4,4,4,4,4,4,4,4,4,4,4,4,4,4,4,4,4,4,4,4,4,4,4,4,4,4,4,4,4,4,4,4,4,4,4,4,4,4,4,4,4,4,4,4,4,4,4,4,4,4,4,4,4,4,4,4,4,4,4,4,4,4,4,4,4,4,4,4,4,4,4,4,4,4,4,4,4,4,4,4,4,4,4,4,4,4,4,4,4,4,4,4,4,4,4,4,4,4,4,4,4,4,4,4,4,4,4,4,4,4,4,4,4,4,4,4,4,4,BABF01000169.1/5530-5383,1
1946,0,2,0,3,2,1,3,1,0,3,3,1,4,1,0,1,4,1,3,4,1,3,3,0,3,2,3,3,4,3,2,1,1,3,4,4,4,4,4,4,4,4,4,4,4,4,4,4,4,4,4,4,4,4,4,4,3,4,4,4,4,4,4,4,4,4,4,4,4,4,4,4,4,4,4,4,4,4,4,0,2,2,1,3,3,1,0,3,0,0,0,1,1,1,3,2,2,2,0,4,0,3,2,0,1,2,1,0,4,4,4,4,2,0,2,1,1,2,4,0,3,3,3,0,0,2,2,3,2,1,1,3,0,3,3,2,1,1,1,0,1,1,0,2,0,4,0,1,2,0,3,2,3,1,0,2,1,2,4,4,4,4,4,4,4,4,4,4,4,4,4,4,4,4,4,3,3,2,1,3,3,2,1,4,4,4,4,4,4,4,4,4,4,4,4,4,4,4,4,4,0,2,1,1,2,1,0,2,0,4,4,1,0,3,1,0,4,1,0,1,3,1,4,4,1,4,4,4,2,2,2,1,0,3,0,0,1,2,3,3,2,0,4,4,4,4,4,2,3,2,0,2,2,1,0,1,1,2,1,1,1,1,4,4,4,4,4,4,4,4,4,4,4,4,4,4,4,4,4,4,4,4,4,4,4,4,4,4,4,4,4,4,4,4,4,4,4,4,4,4,4,4,4,4,4,4,4,4,4,4,4,4,4,4,4,4,4,4,4,4,4,4,4,4,4,4,4,4,4,4,4,4,4,4,4,4,4,4,4,4,4,4,4,4,4,4,4,4,4,4,4,4,4,4,4,4,4,4,4,4,4,4,4,4,4,4,4,4,4,4,4,4,4,4,4,4,4,4,4,4,4,4,4,4,4,4,4,4,4,4,4,4,4,4,4,4,4,4,4,4,4,4,4,4,4,4,4,4,4,4,4,4,4,4,4,4,4,4,4,4,4,4,4,4,4,4,4,4,4,4,4,4,4,4,4,4,4,4,4,4,4,4,4,4,4,4,4,4,4,4,4,4,4,4,4,4,4,CP000826.1/198019-198178,1
1947,0,2,3,2,2,1,3,1,0,3,3,1,4,0,1,1,4,2,0,4,1,3,3,0,3,2,3,1,4,0,2,1,4,4,4,4,1,1,1,3,3,4,1,2,2,4,4,4,4,4,4,2,0,1,2,3,4,4,4,4,4,4,4,4,4,4,4,4,4,4,4,4,4,4,4,4,4,4,4,4,4,2,1,3,0,1,0,3,0,0,0,0,3,4,3,4,1,2,0,4,0,3,2,0,1,2,1,0,4,4,4,4,1,0,0,4,4,4,4,4,4,4,1,0,0,2,2,3,2,1,1,3,2,1,1,2,3,1,1,0,0,1,3,3,4,4,1,3,2,0,3,0,3,1,0,4,4,4,4,4,4,4,4,2,1,2,3,0,4,4,4,4,2,1,3,4,4,4,4,4,4,4,4,4,4,4,4,4,4,4,4,4,4,4,4,4,4,4,4,4,4,4,4,4,4,4,4,4,0,4,4,3,0,3,1,0,4,0,1,1,0,3,4,4,1,4,4,4,2,2,2,1,2,0,0,0,1,2,3,1,2,0,4,4,4,4,4,2,3,3,0,2,2,1,0,1,1,2,1,1,3,3,4,4,4,4,4,4,4,4,4,4,4,4,4,4,4,4,4,4,4,4,4,4,4,4,4,4,4,4,4,4,4,4,4,4,4,4,4,4,4,4,4,4,4,4,4,4,4,4,4,4,4,4,4,4,4,4,4,4,4,4,4,4,4,4,4,4,4,4,4,4,4,4,4,4,4,4,4,4,4,4,4,4,4,4,4,4,4,4,4,4,4,4,4,4,4,4,4,4,4,4,4,4,4,4,4,4,4,4,4,4,4,4,4,4,4,4,4,4,4,4,4,4,4,4,4,4,4,4,4,4,4,4,4,4,4,4,4,4,4,4,4,4,4,4,4,4,4,4,4,4,4,4,4,4,4,4,4,4,4,4,4,4,4,4,4,4,4,4,4,4,4,4,4,4,4,4,4,4,4,4,4,4,4,4,4,4,4,4,4,4,4,4,4,4,4,AELC01000012.1/465273-465126,1
1948,0,2,0,3,2,1,3,1,0,3,3,1,4,1,0,3,4,1,3,4,1,3,3,0,3,2,3,3,4,1,2,1,1,3,4,4,4,4,4,4,4,4,4,4,4,4,4,4,4,4,4,4,4,4,4,4,3,0,4,4,4,4,4,4,4,4,4,4,4,4,4,4,4,4,4,4,4,4,4,2,3,2,1,1,3,1,0,3,0,0,0,1,3,1,1,4,2,2,0,4,0,3,2,0,1,2,1,0,4,4,4,4,2,0,2,1,1,2,4,4,3,3,3,0,1,2,2,3,2,1,3,3,0,3,1,2,3,1,1,4,0,1,3,2,0,4,1,0,2,0,3,2,3,1,4,4,4,4,4,4,4,4,4,2,1,3,3,0,3,4,4,4,2,1,1,4,4,4,4,4,4,4,4,4,4,4,4,4,4,4,4,4,4,4,4,4,4,4,4,4,4,4,4,4,4,4,4,4,3,4,4,1,0,3,1,0,4,2,0,1,0,1,4,4,1,0,4,3,2,2,0,1,0,1,0,0,1,2,3,3,2,0,4,4,4,4,4,2,3,2,0,0,2,1,0,1,1,1,0,1,3,3,4,4,4,4,4,4,4,4,4,4,4,4,4,4,4,4,4,4,4,4,4,4,4,4,4,4,4,4,4,4,4,4,4,4,4,4,4,4,4,4,4,4,4,4,4,4,4,4,4,4,4,4,4,4,4,4,4,4,4,4,4,4,4,4,4,4,4,4,4,4,4,4,4,4,4,4,4,4,4,4,4,4,4,4,4,4,4,4,4,4,4,4,4,4,4,4,4,4,4,4,4,4,4,4,4,4,4,4,4,4,4,4,4,4,4,4,4,4,4,4,4,4,4,4,4,4,4,4,4,4,4,4,4,4,4,4,4,4,4,4,4,4,4,4,4,4,4,4,4,4,4,4,4,4,4,4,4,4,4,4,4,4,4,4,4,4,4,4,4,4,4,4,4,4,4,4,4,4,4,4,4,4,4,4,4,4,4,4,4,4,4,4,4,4,4,CP002185.1/4209298-4209446,1
1949,0,2,3,2,2,1,3,1,0,3,3,1,4,0,1,1,4,3,3,4,1,3,3,0,3,2,3,1,4,0,2,1,4,4,4,4,1,1,1,3,3,4,1,2,2,4,4,4,4,4,4,2,0,1,2,3,4,4,4,4,4,4,4,4,4,4,4,4,4,4,4,4,4,4,4,4,4,4,4,4,4,2,1,3,0,1,0,3,0,0,0,1,3,4,3,4,1,2,0,4,0,3,2,0,1,2,1,0,4,4,4,4,1,0,0,4,4,4,4,4,4,4,0,0,0,2,2,3,2,1,1,3,2,1,1,2,3,1,1,0,0,1,3,0,4,4,1,3,2,0,3,1,0,3,0,4,4,4,4,4,4,4,4,2,1,2,1,3,4,4,4,4,2,1,3,4,4,4,4,4,4,4,4,4,4,4,4,4,4,4,4,4,4,4,4,4,4,4,4,4,4,4,4,4,4,4,4,4,3,4,4,3,0,3,1,0,4,2,4,2,0,1,4,4,0,4,4,4,2,2,2,1,2,0,0,0,1,2,3,1,2,0,4,4,4,4,4,2,3,3,0,2,2,1,0,1,1,2,1,1,3,1,4,4,4,4,4,4,4,4,4,4,4,4,4,4,4,4,4,4,4,4,4,4,4,4,4,4,4,4,4,4,4,4,4,4,4,4,4,4,4,4,4,4,4,4,4,4,4,4,4,4,4,4,4,4,4,4,4,4,4,4,4,4,4,4,4,4,4,4,4,4,4,4,4,4,4,4,4,4,4,4,4,4,4,4,4,4,4,4,4,4,4,4,4,4,4,4,4,4,4,4,4,4,4,4,4,4,4,4,4,4,4,4,4,4,4,4,4,4,4,4,4,4,4,4,4,4,4,4,4,4,4,4,4,4,4,4,4,4,4,4,4,4,4,4,4,4,4,4,4,4,4,4,4,4,4,4,4,4,4,4,4,4,4,4,4,4,4,4,4,4,4,4,4,4,4,4,4,4,4,4,4,4,4,4,4,4,4,4,4,4,4,4,4,4,4,CP001918.1/3984464-3984318,1
1950,0,2,3,2,2,1,3,1,0,3,3,1,4,0,1,1,4,2,0,4,1,3,3,0,3,2,3,1,4,0,2,1,4,4,4,4,1,1,1,3,3,4,1,2,2,4,4,4,4,4,4,2,0,1,2,3,4,4,4,4,4,4,4,4,4,4,4,4,4,4,4,4,4,4,4,4,4,4,4,4,4,2,1,3,0,1,0,3,0,0,0,0,3,4,3,4,1,2,0,4,0,3,2,0,1,2,1,0,4,4,4,4,1,0,0,4,4,4,4,4,4,4,1,0,0,2,2,3,2,1,1,3,2,1,1,2,3,1,1,0,0,1,3,3,4,4,1,3,2,0,3,0,3,1,0,4,4,4,4,4,4,4,4,2,1,2,3,0,4,4,4,4,2,1,3,4,4,4,4,4,4,4,4,4,4,4,4,4,4,4,4,4,4,4,4,4,4,4,4,4,4,4,4,4,4,4,4,4,0,4,4,3,0,3,1,0,4,0,1,1,0,3,4,4,1,4,4,4,2,2,2,1,2,0,0,0,1,2,3,1,2,0,4,4,4,4,4,2,3,3,0,2,2,1,0,1,1,2,1,1,3,3,4,4,4,4,4,4,4,4,4,4,4,4,4,4,4,4,4,4,4,4,4,4,4,4,4,4,4,4,4,4,4,4,4,4,4,4,4,4,4,4,4,4,4,4,4,4,4,4,4,4,4,4,4,4,4,4,4,4,4,4,4,4,4,4,4,4,4,4,4,4,4,4,4,4,4,4,4,4,4,4,4,4,4,4,4,4,4,4,4,4,4,4,4,4,4,4,4,4,4,4,4,4,4,4,4,4,4,4,4,4,4,4,4,4,4,4,4,4,4,4,4,4,4,4,4,4,4,4,4,4,4,4,4,4,4,4,4,4,4,4,4,4,4,4,4,4,4,4,4,4,4,4,4,4,4,4,4,4,4,4,4,4,4,4,4,4,4,4,4,4,4,4,4,4,4,4,4,4,4,4,4,4,4,4,4,4,4,4,4,4,4,4,4,4,4,ADTM01000417.1/34519-34666,1
1951,1,2,1,3,2,1,3,1,0,3,3,1,4,2,0,3,4,3,2,4,2,3,3,0,3,2,0,3,3,2,1,0,0,0,0,4,4,4,4,4,1,4,3,2,2,1,0,0,2,3,4,2,2,3,0,3,4,4,4,4,4,4,4,4,4,4,4,4,4,4,4,4,4,4,4,4,4,4,4,4,4,3,2,1,3,1,0,3,0,0,1,2,1,1,3,4,2,2,0,4,0,3,2,0,1,2,1,1,4,4,4,4,0,0,0,0,2,4,4,4,4,0,0,0,0,2,2,3,2,1,1,3,0,3,1,2,1,1,3,0,3,3,3,0,3,1,0,2,2,0,3,0,0,1,3,2,1,3,1,4,4,3,2,1,0,0,0,2,1,4,4,4,2,1,3,4,4,4,4,4,4,4,4,4,4,4,4,4,4,4,4,4,4,4,4,4,4,4,4,4,4,4,4,4,4,4,4,4,3,4,4,3,0,3,1,1,4,0,2,1,0,1,4,4,1,4,4,4,2,2,2,1,2,0,1,0,1,2,3,3,2,0,4,4,4,4,4,2,3,2,0,2,2,1,0,1,1,2,1,1,3,0,4,4,4,4,4,4,4,4,4,4,4,4,4,4,4,4,4,4,4,4,4,4,4,4,4,4,4,4,4,4,4,4,4,4,4,4,4,4,4,4,4,4,4,4,4,4,4,4,4,4,4,4,4,4,4,4,4,4,4,4,4,4,4,4,4,4,4,4,4,4,4,4,4,4,4,4,4,4,4,4,4,4,4,4,4,4,4,4,4,4,4,4,4,4,4,4,4,4,4,4,4,4,4,4,4,4,4,4,4,4,4,4,4,4,4,4,4,4,4,4,4,4,4,4,4,4,4,4,4,4,4,4,4,4,4,4,4,4,4,4,4,4,4,4,4,4,4,4,4,4,4,4,4,4,4,4,4,4,4,4,4,4,4,4,4,4,4,4,4,4,4,4,4,4,4,4,4,4,4,4,4,4,4,4,4,4,4,4,4,4,4,4,4,4,4,CP001654.1/3235641-3235476,1
1952,0,2,0,3,2,1,3,1,0,3,3,1,4,1,0,3,4,1,3,4,1,3,3,0,3,2,3,3,4,1,2,1,1,3,4,4,4,4,4,4,4,4,4,4,4,4,4,4,4,4,4,4,4,4,4,4,3,0,4,4,4,4,4,4,4,4,4,4,4,4,4,4,4,4,4,4,4,4,4,2,3,2,1,1,3,1,0,3,0,0,0,1,3,1,1,4,2,2,0,4,0,3,2,0,1,2,1,0,4,4,4,4,2,0,2,1,1,2,4,4,3,3,3,0,1,2,2,3,2,1,3,3,0,3,1,2,3,1,1,4,0,1,3,2,0,4,1,0,2,0,3,2,3,1,4,4,4,4,4,4,4,4,4,2,1,3,3,0,3,4,4,4,2,1,1,4,4,4,4,4,4,4,4,4,4,4,4,4,4,4,4,4,4,4,4,4,4,4,4,4,4,4,4,4,4,4,4,4,3,4,4,1,0,3,1,0,4,2,0,1,0,1,4,4,1,0,4,3,2,2,0,1,0,1,0,0,1,2,3,3,2,0,4,4,4,4,4,2,3,2,0,0,2,1,0,1,1,1,0,1,3,3,4,4,4,4,4,4,4,4,4,4,4,4,4,4,4,4,4,4,4,4,4,4,4,4,4,4,4,4,4,4,4,4,4,4,4,4,4,4,4,4,4,4,4,4,4,4,4,4,4,4,4,4,4,4,4,4,4,4,4,4,4,4,4,4,4,4,4,4,4,4,4,4,4,4,4,4,4,4,4,4,4,4,4,4,4,4,4,4,4,4,4,4,4,4,4,4,4,4,4,4,4,4,4,4,4,4,4,4,4,4,4,4,4,4,4,4,4,4,4,4,4,4,4,4,4,4,4,4,4,4,4,4,4,4,4,4,4,4,4,4,4,4,4,4,4,4,4,4,4,4,4,4,4,4,4,4,4,4,4,4,4,4,4,4,4,4,4,4,4,4,4,4,4,4,4,4,4,4,4,4,4,4,4,4,4,4,4,4,4,4,4,4,4,4,4,ADVB01001472.1/3975-4123,1
1953,0,2,0,3,2,1,3,1,0,3,3,1,4,2,1,1,4,1,1,4,1,3,3,0,3,2,3,3,4,3,2,1,2,3,4,4,4,4,4,4,4,4,4,4,4,4,4,4,4,4,4,4,4,4,4,4,0,4,4,4,4,4,4,4,4,4,4,4,4,4,4,4,4,4,4,4,4,4,4,4,0,2,1,3,3,1,0,3,0,0,0,3,1,3,2,4,0,2,0,4,0,3,2,0,3,2,1,0,4,4,4,4,2,0,2,1,1,2,4,0,1,3,3,2,3,2,2,3,2,1,1,3,0,3,1,2,3,1,1,2,0,0,3,1,4,4,2,3,2,1,3,2,3,1,1,4,4,4,4,4,4,4,4,4,4,4,3,3,0,4,4,4,0,1,2,4,4,4,4,4,4,4,4,4,4,4,4,4,4,4,4,4,4,4,4,4,4,4,4,4,4,4,4,4,4,4,4,4,1,4,4,1,0,2,1,0,4,3,2,1,1,0,4,4,1,4,4,4,2,2,0,1,0,1,2,3,1,2,3,3,2,0,4,4,4,4,4,2,3,2,0,2,2,1,0,1,1,2,0,3,1,0,4,4,4,4,4,4,4,4,4,4,4,4,4,4,4,4,4,4,4,4,4,4,4,4,4,4,4,4,4,4,4,4,4,4,4,4,4,4,4,4,4,4,4,4,4,4,4,4,4,4,4,4,4,4,4,4,4,4,4,4,4,4,4,4,4,4,4,4,4,4,4,4,4,4,4,4,4,4,4,4,4,4,4,4,4,4,4,4,4,4,4,4,4,4,4,4,4,4,4,4,4,4,4,4,4,4,4,4,4,4,4,4,4,4,4,4,4,4,4,4,4,4,4,4,4,4,4,4,4,4,4,4,4,4,4,4,4,4,4,4,4,4,4,4,4,4,4,4,4,4,4,4,4,4,4,4,4,4,4,4,4,4,4,4,4,4,4,4,4,4,4,4,4,4,4,4,4,4,4,4,4,4,4,4,4,4,4,4,4,4,4,4,4,4,4,CP002154.1/93323-93466,1
1954,0,2,0,3,2,1,3,1,0,3,3,1,4,1,0,3,4,1,3,4,1,3,3,0,3,2,3,3,4,1,2,1,1,3,3,4,1,4,4,4,4,4,4,4,4,4,4,4,4,4,4,4,4,4,4,4,3,4,4,4,4,4,4,4,4,4,4,4,4,4,4,4,4,4,4,4,4,4,4,4,2,2,1,1,3,1,0,3,0,0,0,1,3,1,0,4,2,2,0,4,0,3,2,0,3,2,1,0,4,4,4,4,2,0,2,1,1,2,4,4,3,3,3,0,1,2,2,3,2,1,3,3,0,3,1,2,3,1,1,4,0,1,3,2,0,4,1,0,2,0,3,2,3,1,4,4,4,4,4,4,4,4,4,2,1,3,3,0,1,4,4,4,2,1,1,4,4,4,4,4,4,4,4,4,4,4,4,4,4,4,4,4,4,4,4,4,4,4,4,4,4,4,4,4,4,4,4,4,3,4,4,1,0,3,1,0,4,0,0,1,0,1,4,4,1,1,4,3,2,2,0,1,0,1,0,0,1,2,3,3,2,0,4,4,4,4,4,2,3,2,0,0,2,1,0,1,1,1,1,3,3,3,4,4,4,4,4,4,4,4,4,4,4,4,4,4,4,4,4,4,4,4,4,4,4,4,4,4,4,4,4,4,4,4,4,4,4,4,4,4,4,4,4,4,4,4,4,4,4,4,4,4,4,4,4,4,4,4,4,4,4,4,4,4,4,4,4,4,4,4,4,4,4,4,4,4,4,4,4,4,4,4,4,4,4,4,4,4,4,4,4,4,4,4,4,4,4,4,4,4,4,4,4,4,4,4,4,4,4,4,4,4,4,4,4,4,4,4,4,4,4,4,4,4,4,4,4,4,4,4,4,4,4,4,4,4,4,4,4,4,4,4,4,4,4,4,4,4,4,4,4,4,4,4,4,4,4,4,4,4,4,4,4,4,4,4,4,4,4,4,4,4,4,4,4,4,4,4,4,4,4,4,4,4,4,4,4,4,4,4,4,4,4,4,4,4,4,AFCT01002171.1/319-467,1
1955,0,2,3,2,2,1,3,1,0,3,3,1,4,0,1,1,4,3,3,4,1,3,3,0,3,2,3,1,4,0,2,1,4,4,4,4,1,1,1,3,3,4,0,2,2,4,4,4,4,4,4,2,0,3,2,1,4,4,4,4,4,4,4,4,4,4,4,4,4,4,4,4,4,4,4,4,4,4,4,4,4,2,1,3,0,1,0,3,0,0,0,1,3,4,3,4,1,2,0,4,0,3,2,0,1,2,1,0,4,4,4,4,1,0,0,4,4,4,4,4,4,4,1,0,0,2,2,3,2,1,1,3,2,1,1,2,3,1,1,0,0,1,3,3,4,4,1,3,2,0,3,0,0,3,0,4,4,4,4,4,4,4,4,2,1,2,3,0,4,4,4,4,2,1,3,4,4,4,4,4,4,4,4,4,4,4,4,4,4,4,4,4,4,4,4,4,4,4,4,4,4,4,4,4,4,4,4,4,3,4,4,3,0,3,1,0,4,0,1,1,3,1,4,4,1,4,4,4,2,2,2,1,2,0,0,0,1,2,3,1,2,0,4,4,4,4,4,2,3,3,0,2,2,1,0,1,1,2,1,1,3,3,4,4,4,4,4,4,4,4,4,4,4,4,4,4,4,4,4,4,4,4,4,4,4,4,4,4,4,4,4,4,4,4,4,4,4,4,4,4,4,4,4,4,4,4,4,4,4,4,4,4,4,4,4,4,4,4,4,4,4,4,4,4,4,4,4,4,4,4,4,4,4,4,4,4,4,4,4,4,4,4,4,4,4,4,4,4,4,4,4,4,4,4,4,4,4,4,4,4,4,4,4,4,4,4,4,4,4,4,4,4,4,4,4,4,4,4,4,4,4,4,4,4,4,4,4,4,4,4,4,4,4,4,4,4,4,4,4,4,4,4,4,4,4,4,4,4,4,4,4,4,4,4,4,4,4,4,4,4,4,4,4,4,4,4,4,4,4,4,4,4,4,4,4,4,4,4,4,4,4,4,4,4,4,4,4,4,4,4,4,4,4,4,4,4,4,AFCS01000874.1/2300-2153,1
1956,0,2,3,2,2,1,3,1,0,3,3,1,4,2,1,1,4,2,0,4,1,3,3,0,3,2,3,1,4,0,2,1,4,4,4,4,1,1,1,3,3,4,1,2,2,4,4,4,4,4,4,2,0,1,2,3,4,4,4,4,4,4,4,4,4,4,4,4,4,4,4,4,4,4,4,4,4,4,4,4,4,2,1,3,0,1,0,3,0,0,0,0,3,4,3,4,1,2,0,4,0,3,2,0,1,2,1,0,4,4,4,4,1,0,0,4,4,4,4,4,4,4,1,0,0,2,2,3,2,1,1,3,2,1,1,2,3,1,1,0,0,1,3,3,4,4,1,3,2,0,3,0,3,1,0,4,4,4,4,4,4,4,4,2,1,2,3,0,4,4,4,4,2,1,3,4,4,4,4,4,4,4,4,4,4,4,4,4,4,4,4,4,4,4,4,4,4,4,4,4,4,4,4,4,4,4,4,4,0,4,4,3,0,3,1,0,4,0,1,1,0,3,4,4,1,4,4,4,2,2,2,1,2,0,0,0,1,2,3,1,2,0,4,4,4,4,4,2,3,3,0,2,2,1,0,1,1,2,1,1,3,3,4,4,4,4,4,4,4,4,4,4,4,4,4,4,4,4,4,4,4,4,4,4,4,4,4,4,4,4,4,4,4,4,4,4,4,4,4,4,4,4,4,4,4,4,4,4,4,4,4,4,4,4,4,4,4,4,4,4,4,4,4,4,4,4,4,4,4,4,4,4,4,4,4,4,4,4,4,4,4,4,4,4,4,4,4,4,4,4,4,4,4,4,4,4,4,4,4,4,4,4,4,4,4,4,4,4,4,4,4,4,4,4,4,4,4,4,4,4,4,4,4,4,4,4,4,4,4,4,4,4,4,4,4,4,4,4,4,4,4,4,4,4,4,4,4,4,4,4,4,4,4,4,4,4,4,4,4,4,4,4,4,4,4,4,4,4,4,4,4,4,4,4,4,4,4,4,4,4,4,4,4,4,4,4,4,4,4,4,4,4,4,4,4,4,4,CP001855.1/2676854-2676707,1
1957,0,2,3,3,2,1,3,1,0,3,3,1,4,0,1,1,4,3,0,4,3,3,3,0,3,2,0,3,4,0,2,3,1,1,1,2,1,1,2,3,0,4,0,0,2,1,2,2,0,0,4,3,0,3,2,1,4,4,4,4,4,4,4,4,4,4,4,4,4,4,4,4,4,4,4,4,4,4,4,4,4,0,1,3,3,1,0,3,0,0,2,1,1,0,1,4,1,2,0,4,0,3,2,0,3,2,1,1,4,4,4,4,0,0,0,2,4,4,4,4,4,4,0,1,3,2,2,3,2,1,1,3,0,3,1,2,3,1,1,0,3,1,3,0,0,0,1,1,2,0,3,0,3,3,2,3,2,3,4,4,4,4,4,2,0,0,3,2,1,4,4,4,0,4,1,4,4,4,4,4,4,4,4,4,4,4,4,4,4,4,4,4,4,4,4,4,4,4,4,4,4,4,4,4,4,4,4,4,0,4,4,3,0,3,1,0,4,0,0,1,0,3,4,4,1,4,4,4,2,2,0,1,2,0,1,0,1,2,3,3,2,0,4,4,4,4,4,2,3,2,0,2,2,1,2,1,1,2,1,1,3,0,4,4,4,4,4,4,4,4,4,4,4,4,4,4,4,4,4,4,4,4,4,4,4,4,4,4,4,4,4,4,4,4,4,4,4,4,4,4,4,4,4,4,4,4,4,4,4,4,4,4,4,4,4,4,4,4,4,4,4,4,4,4,4,4,4,4,4,4,4,4,4,4,4,4,4,4,4,4,4,4,4,4,4,4,4,4,4,4,4,4,4,4,4,4,4,4,4,4,4,4,4,4,4,4,4,4,4,4,4,4,4,4,4,4,4,4,4,4,4,4,4,4,4,4,4,4,4,4,4,4,4,4,4,4,4,4,4,4,4,4,4,4,4,4,4,4,4,4,4,4,4,4,4,4,4,4,4,4,4,4,4,4,4,4,4,4,4,4,4,4,4,4,4,4,4,4,4,4,4,4,4,4,4,4,4,4,4,4,4,4,4,4,4,4,4,ACCA01000009.1/161771-161934,1
1958,0,2,3,2,2,1,3,1,0,3,3,1,4,0,1,1,4,2,0,4,1,3,3,0,3,2,3,1,4,0,2,1,4,4,4,4,1,1,1,3,3,4,1,2,2,4,4,4,4,4,4,2,0,1,2,3,4,4,4,4,4,4,4,4,4,4,4,4,4,4,4,4,4,4,4,4,4,4,4,4,4,2,1,3,0,1,0,3,0,0,0,0,3,4,3,4,1,2,0,4,0,3,2,0,1,2,1,0,4,4,4,4,1,0,0,4,4,4,4,4,4,4,1,0,0,2,2,3,2,1,1,3,2,1,1,2,3,1,1,0,0,1,3,3,4,4,1,3,2,0,3,0,3,1,0,4,4,4,4,4,4,4,4,2,1,2,3,0,4,4,4,4,2,1,3,4,4,4,4,4,4,4,4,4,4,4,4,4,4,4,4,4,4,4,4,4,4,4,4,4,4,4,4,4,4,4,4,4,0,4,4,3,0,3,1,0,4,0,1,1,0,3,4,4,1,4,4,4,2,2,2,1,2,0,0,0,1,2,3,1,2,0,4,4,4,4,4,2,3,3,0,2,2,1,0,1,1,2,1,1,3,3,4,4,4,4,4,4,4,4,4,4,4,4,4,4,4,4,4,4,4,4,4,4,4,4,4,4,4,4,4,4,4,4,4,4,4,4,4,4,4,4,4,4,4,4,4,4,4,4,4,4,4,4,4,4,4,4,4,4,4,4,4,4,4,4,4,4,4,4,4,4,4,4,4,4,4,4,4,4,4,4,4,4,4,4,4,4,4,4,4,4,4,4,4,4,4,4,4,4,4,4,4,4,4,4,4,4,4,4,4,4,4,4,4,4,4,4,4,4,4,4,4,4,4,4,4,4,4,4,4,4,4,4,4,4,4,4,4,4,4,4,4,4,4,4,4,4,4,4,4,4,4,4,4,4,4,4,4,4,4,4,4,4,4,4,4,4,4,4,4,4,4,4,4,4,4,4,4,4,4,4,4,4,4,4,4,4,4,4,4,4,4,4,4,4,4,ABHT01000007.1/146195-146048,1
1959,0,2,0,3,2,1,3,1,0,3,3,1,4,1,0,3,4,1,3,4,1,3,3,0,3,2,3,3,4,1,2,1,1,3,4,4,4,4,4,4,4,4,4,4,4,4,4,4,4,4,4,4,4,4,4,4,3,0,4,4,4,4,4,4,4,4,4,4,4,4,4,4,4,4,4,4,4,4,4,2,3,2,1,1,3,1,0,3,0,0,0,1,3,1,1,4,2,2,0,4,0,3,2,0,1,2,1,0,4,4,4,4,2,0,2,1,1,2,4,4,3,3,3,0,1,2,2,3,2,1,3,3,0,3,1,2,3,1,1,4,0,1,3,2,0,4,1,0,2,0,3,2,3,1,4,4,4,4,4,4,4,4,4,2,1,3,3,0,3,4,4,4,2,1,1,4,4,4,4,4,4,4,4,4,4,4,4,4,4,4,4,4,4,4,4,4,4,4,4,4,4,4,4,4,4,4,4,4,3,4,4,1,0,3,1,0,4,2,0,1,0,1,4,4,1,0,4,3,2,2,0,1,0,1,0,0,1,2,3,3,2,0,4,4,4,4,4,2,3,2,0,0,2,1,0,1,1,1,0,1,3,3,4,4,4,4,4,4,4,4,4,4,4,4,4,4,4,4,4,4,4,4,4,4,4,4,4,4,4,4,4,4,4,4,4,4,4,4,4,4,4,4,4,4,4,4,4,4,4,4,4,4,4,4,4,4,4,4,4,4,4,4,4,4,4,4,4,4,4,4,4,4,4,4,4,4,4,4,4,4,4,4,4,4,4,4,4,4,4,4,4,4,4,4,4,4,4,4,4,4,4,4,4,4,4,4,4,4,4,4,4,4,4,4,4,4,4,4,4,4,4,4,4,4,4,4,4,4,4,4,4,4,4,4,4,4,4,4,4,4,4,4,4,4,4,4,4,4,4,4,4,4,4,4,4,4,4,4,4,4,4,4,4,4,4,4,4,4,4,4,4,4,4,4,4,4,4,4,4,4,4,4,4,4,4,4,4,4,4,4,4,4,4,4,4,4,4,AFUX01000026.1/38060-38208,1
1960,0,2,3,2,2,1,3,1,0,3,3,1,4,0,1,1,4,2,0,4,1,3,3,0,3,2,3,1,4,0,2,1,4,4,4,4,1,1,1,3,3,4,1,2,2,4,4,4,4,4,4,2,0,1,2,3,4,4,4,4,4,4,4,4,4,4,4,4,4,4,4,4,4,4,4,4,4,4,4,4,4,2,1,3,0,1,0,3,0,0,0,0,3,4,3,4,1,2,0,4,0,3,2,0,1,2,1,0,4,4,4,4,1,0,0,4,4,4,4,4,4,4,1,0,0,2,2,3,2,1,1,3,2,1,1,2,3,1,1,0,0,1,3,3,4,4,1,3,2,0,3,0,3,1,0,4,4,4,4,4,4,4,4,2,1,2,3,0,4,4,4,4,2,1,3,4,4,4,4,4,4,4,4,4,4,4,4,4,4,4,4,4,4,4,4,4,4,4,4,4,4,4,4,4,4,4,4,4,0,4,4,3,0,3,1,0,4,0,1,1,0,3,4,4,1,4,4,4,2,2,2,1,2,0,0,0,1,2,3,1,2,0,4,4,4,4,4,2,3,3,0,2,2,1,0,1,1,2,1,1,3,3,4,4,4,4,4,4,4,4,4,4,4,4,4,4,4,4,4,4,4,4,4,4,4,4,4,4,4,4,4,4,4,4,4,4,4,4,4,4,4,4,4,4,4,4,4,4,4,4,4,4,4,4,4,4,4,4,4,4,4,4,4,4,4,4,4,4,4,4,4,4,4,4,4,4,4,4,4,4,4,4,4,4,4,4,4,4,4,4,4,4,4,4,4,4,4,4,4,4,4,4,4,4,4,4,4,4,4,4,4,4,4,4,4,4,4,4,4,4,4,4,4,4,4,4,4,4,4,4,4,4,4,4,4,4,4,4,4,4,4,4,4,4,4,4,4,4,4,4,4,4,4,4,4,4,4,4,4,4,4,4,4,4,4,4,4,4,4,4,4,4,4,4,4,4,4,4,4,4,4,4,4,4,4,4,4,4,4,4,4,4,4,4,4,4,4,AEHY01000078.1/6426-6573,1
1961,0,2,0,3,2,1,3,1,0,3,3,1,4,1,0,3,4,1,3,4,1,3,3,0,3,2,3,3,4,1,2,1,1,3,4,4,4,4,4,4,4,4,4,4,4,4,4,4,4,4,4,4,4,4,4,4,3,0,4,4,4,4,4,4,4,4,4,4,4,4,4,4,4,4,4,4,4,4,4,2,3,2,1,1,3,1,0,3,0,0,0,1,3,1,1,4,2,2,0,4,0,3,2,0,1,2,1,0,4,4,4,4,2,0,2,1,1,2,4,4,3,3,3,0,1,2,2,3,2,1,3,3,0,3,1,2,3,1,1,4,0,1,3,2,0,4,1,0,2,0,3,2,3,1,4,4,4,4,4,4,4,4,4,2,1,3,3,0,3,4,4,4,2,1,1,4,4,4,4,4,4,4,4,4,4,4,4,4,4,4,4,4,4,4,4,4,4,4,4,4,4,4,4,4,4,4,4,4,3,4,4,1,0,3,1,0,4,2,0,1,0,1,4,4,1,0,4,3,2,2,0,1,0,1,0,0,1,2,3,3,2,0,4,4,4,4,4,2,3,2,0,0,2,1,0,1,1,1,0,1,3,3,4,4,4,4,4,4,4,4,4,4,4,4,4,4,4,4,4,4,4,4,4,4,4,4,4,4,4,4,4,4,4,4,4,4,4,4,4,4,4,4,4,4,4,4,4,4,4,4,4,4,4,4,4,4,4,4,4,4,4,4,4,4,4,4,4,4,4,4,4,4,4,4,4,4,4,4,4,4,4,4,4,4,4,4,4,4,4,4,4,4,4,4,4,4,4,4,4,4,4,4,4,4,4,4,4,4,4,4,4,4,4,4,4,4,4,4,4,4,4,4,4,4,4,4,4,4,4,4,4,4,4,4,4,4,4,4,4,4,4,4,4,4,4,4,4,4,4,4,4,4,4,4,4,4,4,4,4,4,4,4,4,4,4,4,4,4,4,4,4,4,4,4,4,4,4,4,4,4,4,4,4,4,4,4,4,4,4,4,4,4,4,4,4,4,4,AP010960.1/4661194-4661342,1
1962,0,2,3,2,2,1,3,1,0,3,3,1,4,0,1,1,4,2,0,4,1,3,3,0,3,2,3,1,4,0,2,1,4,4,4,4,1,1,1,3,3,4,1,2,2,4,4,4,4,4,4,2,0,1,2,3,4,4,4,4,4,4,4,4,4,4,4,4,4,4,4,4,4,4,4,4,4,4,4,4,4,2,1,3,0,1,0,3,0,0,0,0,3,4,0,4,1,2,0,4,0,3,2,0,1,2,1,0,4,4,4,4,1,0,0,4,4,4,4,4,4,4,1,0,0,2,2,3,2,1,1,3,2,1,1,2,3,1,1,0,0,1,3,3,4,4,1,3,2,0,3,0,3,1,0,4,4,4,4,4,4,4,4,2,1,2,3,0,4,4,4,4,2,1,3,4,4,4,4,4,4,4,4,4,4,4,4,4,4,4,4,4,4,4,4,4,4,4,4,4,4,4,4,4,4,4,4,4,0,4,4,3,0,3,1,0,4,0,1,1,0,3,4,4,1,4,4,4,2,2,2,1,2,0,0,0,1,2,3,1,2,0,4,4,4,4,4,2,3,3,0,2,2,1,0,1,1,2,1,1,3,3,4,4,4,4,4,4,4,4,4,4,4,4,4,4,4,4,4,4,4,4,4,4,4,4,4,4,4,4,4,4,4,4,4,4,4,4,4,4,4,4,4,4,4,4,4,4,4,4,4,4,4,4,4,4,4,4,4,4,4,4,4,4,4,4,4,4,4,4,4,4,4,4,4,4,4,4,4,4,4,4,4,4,4,4,4,4,4,4,4,4,4,4,4,4,4,4,4,4,4,4,4,4,4,4,4,4,4,4,4,4,4,4,4,4,4,4,4,4,4,4,4,4,4,4,4,4,4,4,4,4,4,4,4,4,4,4,4,4,4,4,4,4,4,4,4,4,4,4,4,4,4,4,4,4,4,4,4,4,4,4,4,4,4,4,4,4,4,4,4,4,4,4,4,4,4,4,4,4,4,4,4,4,4,4,4,4,4,4,4,4,4,4,4,4,4,FN649414.1/2944202-2944055,1
1963,0,2,0,3,2,1,3,1,0,3,3,1,4,1,0,3,4,1,3,4,1,3,3,0,3,2,3,3,4,1,2,1,1,3,4,4,4,4,4,4,4,4,4,4,4,4,4,4,4,4,4,4,4,4,4,4,3,0,4,4,4,4,4,4,4,4,4,4,4,4,4,4,4,4,4,4,4,4,4,2,3,2,1,1,3,1,0,3,0,0,0,1,3,1,0,4,2,2,0,4,0,3,2,0,1,2,1,0,4,4,4,4,2,0,2,1,1,2,4,4,3,3,3,0,1,2,2,3,2,1,3,3,0,3,1,2,3,1,1,4,0,1,3,2,0,4,1,0,2,0,3,2,3,1,4,4,4,4,4,4,4,4,4,2,1,3,3,0,3,4,4,4,2,1,1,4,4,4,4,4,4,4,4,4,4,4,4,4,4,4,4,4,4,4,4,4,4,4,4,4,4,4,4,4,4,4,4,4,3,4,4,1,0,3,1,0,4,0,0,1,0,1,4,4,1,0,4,3,2,2,0,1,0,3,0,0,1,2,3,3,2,0,4,4,4,4,4,2,3,2,0,0,2,1,0,1,1,1,0,0,3,3,4,4,4,4,4,4,4,4,4,4,4,4,4,4,4,4,4,4,4,4,4,4,4,4,4,4,4,4,4,4,4,4,4,4,4,4,4,4,4,4,4,4,4,4,4,4,4,4,4,4,4,4,4,4,4,4,4,4,4,4,4,4,4,4,4,4,4,4,4,4,4,4,4,4,4,4,4,4,4,4,4,4,4,4,4,4,4,4,4,4,4,4,4,4,4,4,4,4,4,4,4,4,4,4,4,4,4,4,4,4,4,4,4,4,4,4,4,4,4,4,4,4,4,4,4,4,4,4,4,4,4,4,4,4,4,4,4,4,4,4,4,4,4,4,4,4,4,4,4,4,4,4,4,4,4,4,4,4,4,4,4,4,4,4,4,4,4,4,4,4,4,4,4,4,4,4,4,4,4,4,4,4,4,4,4,4,4,4,4,4,4,4,4,4,4,AEVY01000045.1/59957-59809,1
1964,0,2,3,3,2,1,3,1,0,3,3,1,4,0,1,1,4,3,3,4,3,3,3,0,3,2,0,3,4,0,2,1,1,1,1,2,1,0,0,3,3,4,0,0,2,1,2,2,0,3,4,2,0,3,2,1,4,4,4,4,4,4,4,4,4,4,4,4,4,4,4,4,4,4,4,4,4,4,4,4,4,2,1,3,3,1,0,3,0,0,2,1,1,3,1,4,1,2,0,4,0,3,2,0,3,2,1,1,4,4,4,4,3,0,0,2,4,4,4,4,4,4,0,1,3,2,2,3,2,1,1,3,0,3,1,2,3,1,1,0,1,1,3,0,0,0,1,1,2,0,1,0,3,3,2,3,2,3,4,4,4,4,4,2,0,0,0,2,1,4,4,4,0,1,0,4,4,4,4,4,4,4,4,4,4,4,4,4,4,4,4,4,4,4,4,4,4,4,4,4,4,4,4,4,4,4,4,4,3,4,4,3,0,3,1,0,4,0,0,1,0,3,4,4,1,4,4,4,2,2,0,1,2,0,1,0,1,2,3,3,2,0,4,4,4,4,4,2,3,2,0,2,2,1,0,1,1,2,1,1,3,0,4,4,4,4,4,4,4,4,4,4,4,4,4,4,4,4,4,4,4,4,4,4,4,4,4,4,4,4,4,4,4,4,4,4,4,4,4,4,4,4,4,4,4,4,4,4,4,4,4,4,4,4,4,4,4,4,4,4,4,4,4,4,4,4,4,4,4,4,4,4,4,4,4,4,4,4,4,4,4,4,4,4,4,4,4,4,4,4,4,4,4,4,4,4,4,4,4,4,4,4,4,4,4,4,4,4,4,4,4,4,4,4,4,4,4,4,4,4,4,4,4,4,4,4,4,4,4,4,4,4,4,4,4,4,4,4,4,4,4,4,4,4,4,4,4,4,4,4,4,4,4,4,4,4,4,4,4,4,4,4,4,4,4,4,4,4,4,4,4,4,4,4,4,4,4,4,4,4,4,4,4,4,4,4,4,4,4,4,4,4,4,4,4,4,4,AE017042.1/2812713-2812877,1
1965,0,2,0,3,2,1,3,1,0,3,3,1,4,1,0,3,4,1,3,4,1,3,3,0,3,2,3,3,4,1,2,1,1,3,4,4,4,4,4,4,4,4,4,4,4,4,4,4,4,4,4,4,4,4,4,4,3,0,4,4,4,4,4,4,4,4,4,4,4,4,4,4,4,4,4,4,4,4,4,2,3,2,1,1,3,1,0,3,0,0,0,1,3,1,1,4,2,2,0,4,0,3,2,0,1,2,1,0,4,4,4,4,2,0,2,1,1,2,4,4,3,3,3,0,1,2,2,3,2,1,3,3,0,3,1,2,3,1,1,4,0,1,3,2,0,4,1,0,2,0,3,2,3,1,4,4,4,4,4,4,4,4,4,2,1,3,3,0,3,4,4,4,2,1,1,4,4,4,4,4,4,4,4,4,4,4,4,4,4,4,4,4,4,4,4,4,4,4,4,4,4,4,4,4,4,4,4,4,3,4,4,1,0,3,1,0,4,2,0,1,0,1,4,4,1,0,4,3,2,2,0,1,0,1,0,0,1,2,3,3,2,0,4,4,4,4,4,2,3,2,0,0,2,1,0,1,1,1,0,1,3,3,4,4,4,4,4,4,4,4,4,4,4,4,4,4,4,4,4,4,4,4,4,4,4,4,4,4,4,4,4,4,4,4,4,4,4,4,4,4,4,4,4,4,4,4,4,4,4,4,4,4,4,4,4,4,4,4,4,4,4,4,4,4,4,4,4,4,4,4,4,4,4,4,4,4,4,4,4,4,4,4,4,4,4,4,4,4,4,4,4,4,4,4,4,4,4,4,4,4,4,4,4,4,4,4,4,4,4,4,4,4,4,4,4,4,4,4,4,4,4,4,4,4,4,4,4,4,4,4,4,4,4,4,4,4,4,4,4,4,4,4,4,4,4,4,4,4,4,4,4,4,4,4,4,4,4,4,4,4,4,4,4,4,4,4,4,4,4,4,4,4,4,4,4,4,4,4,4,4,4,4,4,4,4,4,4,4,4,4,4,4,4,4,4,4,4,AFRH01000012.1/190144-190292,1
1966,0,2,3,2,2,1,3,1,0,3,3,1,4,0,1,1,4,2,0,4,1,3,3,0,3,2,3,1,4,0,2,1,4,4,4,4,1,1,1,3,3,4,1,2,2,4,4,4,4,4,4,2,0,1,2,3,4,4,4,4,4,4,4,4,4,4,4,4,4,4,4,4,4,4,4,4,4,4,4,4,4,2,1,3,0,1,0,3,0,0,0,0,3,4,3,4,1,2,0,4,0,3,2,0,1,2,1,0,4,4,4,4,1,0,0,4,4,4,4,4,4,4,1,0,0,2,2,3,2,1,1,3,2,1,1,2,3,1,1,0,0,1,3,3,4,4,1,3,2,0,3,0,3,1,0,4,4,4,4,4,4,4,4,2,1,2,3,0,4,4,4,4,2,1,3,4,4,4,4,4,4,4,4,4,4,4,4,4,4,4,4,4,4,4,4,4,4,4,4,4,4,4,4,4,4,4,4,4,0,4,4,3,0,3,1,0,4,0,1,1,0,3,4,4,1,4,4,4,2,2,2,1,2,0,0,0,1,2,3,1,2,0,4,4,4,4,4,2,3,3,0,2,2,1,0,1,1,2,1,1,3,3,4,4,4,4,4,4,4,4,4,4,4,4,4,4,4,4,4,4,4,4,4,4,4,4,4,4,4,4,4,4,4,4,4,4,4,4,4,4,4,4,4,4,4,4,4,4,4,4,4,4,4,4,4,4,4,4,4,4,4,4,4,4,4,4,4,4,4,4,4,4,4,4,4,4,4,4,4,4,4,4,4,4,4,4,4,4,4,4,4,4,4,4,4,4,4,4,4,4,4,4,4,4,4,4,4,4,4,4,4,4,4,4,4,4,4,4,4,4,4,4,4,4,4,4,4,4,4,4,4,4,4,4,4,4,4,4,4,4,4,4,4,4,4,4,4,4,4,4,4,4,4,4,4,4,4,4,4,4,4,4,4,4,4,4,4,4,4,4,4,4,4,4,4,4,4,4,4,4,4,4,4,4,4,4,4,4,4,4,4,4,4,4,4,4,4,CP000243.1/2833068-2832921,1
1967,0,2,3,2,2,1,3,1,0,3,3,1,4,0,1,1,4,2,0,4,1,3,3,0,3,2,3,1,4,0,2,1,4,4,4,4,1,1,1,3,3,4,1,2,2,4,4,4,4,4,4,2,0,1,2,3,4,4,4,4,4,4,4,4,4,4,4,4,4,4,4,4,4,4,4,4,4,4,4,4,4,2,1,3,0,1,0,3,0,0,0,0,3,4,3,4,1,2,0,4,0,3,2,0,1,2,1,0,4,4,4,4,1,0,0,4,4,4,4,4,4,4,1,0,0,2,2,3,2,1,1,3,2,1,1,2,3,1,1,0,0,1,3,3,4,4,1,3,2,0,3,0,3,1,0,4,4,4,4,4,4,4,4,2,1,2,3,0,4,4,4,4,2,1,3,4,4,4,4,4,4,4,4,4,4,4,4,4,4,4,4,4,4,4,4,4,4,4,4,4,4,4,4,4,4,4,4,4,0,4,4,3,0,3,1,0,4,0,1,1,0,3,4,4,1,4,4,4,2,2,2,1,2,0,0,0,1,2,3,1,2,0,4,4,4,4,4,2,3,3,0,2,2,1,0,1,1,2,1,1,3,3,4,4,4,4,4,4,4,4,4,4,4,4,4,4,4,4,4,4,4,4,4,4,4,4,4,4,4,4,4,4,4,4,4,4,4,4,4,4,4,4,4,4,4,4,4,4,4,4,4,4,4,4,4,4,4,4,4,4,4,4,4,4,4,4,4,4,4,4,4,4,4,4,4,4,4,4,4,4,4,4,4,4,4,4,4,4,4,4,4,4,4,4,4,4,4,4,4,4,4,4,4,4,4,4,4,4,4,4,4,4,4,4,4,4,4,4,4,4,4,4,4,4,4,4,4,4,4,4,4,4,4,4,4,4,4,4,4,4,4,4,4,4,4,4,4,4,4,4,4,4,4,4,4,4,4,4,4,4,4,4,4,4,4,4,4,4,4,4,4,4,4,4,4,4,4,4,4,4,4,4,4,4,4,4,4,4,4,4,4,4,4,4,4,4,4,ACXO01000001.1/34536-34683,1
1968,0,2,0,3,2,1,3,1,0,3,1,3,4,1,0,3,4,3,3,4,0,3,3,0,3,2,0,3,4,0,2,1,2,3,2,2,3,2,3,3,0,4,3,0,2,1,1,0,0,4,4,4,1,3,3,0,4,4,4,4,4,4,4,4,4,4,4,4,4,4,4,4,4,4,4,4,4,4,4,4,4,2,1,3,3,1,0,3,0,0,0,1,1,1,0,4,2,0,2,4,0,3,2,0,3,2,1,0,4,4,4,4,2,0,2,1,1,2,0,3,3,3,3,0,2,2,2,3,2,1,1,3,0,3,3,2,3,1,1,0,3,2,3,0,0,4,0,1,2,0,3,2,3,1,4,4,4,4,4,4,4,4,4,2,0,0,3,0,4,4,4,4,3,1,3,4,4,4,4,4,4,4,4,4,4,4,4,4,4,4,4,4,4,4,4,4,4,4,4,4,4,4,4,4,4,4,4,4,3,4,4,1,0,3,1,0,4,1,0,3,0,1,4,4,1,4,4,4,2,2,2,1,0,3,0,0,1,2,3,3,2,0,4,4,4,4,4,2,3,2,0,2,2,1,2,1,1,2,0,1,0,3,4,4,4,4,4,4,4,4,4,4,4,4,4,4,4,4,4,4,4,4,4,4,4,4,4,4,4,4,4,4,4,4,4,4,4,4,4,4,4,4,4,4,4,4,4,4,4,4,4,4,4,4,4,4,4,4,4,4,4,4,4,4,4,4,4,4,4,4,4,4,4,4,4,4,4,4,4,4,4,4,4,4,4,4,4,4,4,4,4,4,4,4,4,4,4,4,4,4,4,4,4,4,4,4,4,4,4,4,4,4,4,4,4,4,4,4,4,4,4,4,4,4,4,4,4,4,4,4,4,4,4,4,4,4,4,4,4,4,4,4,4,4,4,4,4,4,4,4,4,4,4,4,4,4,4,4,4,4,4,4,4,4,4,4,4,4,4,4,4,4,4,4,4,4,4,4,4,4,4,4,4,4,4,4,4,4,4,4,4,4,4,4,4,4,4,AALF02000074.1/690-852,1
1969,0,2,0,3,2,1,3,1,0,3,3,1,4,1,0,3,4,1,3,4,1,3,3,0,3,2,3,3,4,1,2,1,1,3,4,4,4,4,4,4,4,4,4,4,4,4,4,4,4,4,4,4,4,4,4,4,3,0,4,4,4,4,4,4,4,4,4,4,4,4,4,4,4,4,4,4,4,4,4,2,3,2,1,1,3,1,0,3,0,0,0,1,3,1,1,4,2,2,0,4,0,3,2,0,1,2,1,0,4,4,4,4,2,0,2,1,1,2,4,4,3,3,3,0,1,2,2,3,2,1,3,3,0,3,1,2,3,1,1,4,0,1,3,2,0,4,1,0,2,0,3,2,3,1,4,4,4,4,4,4,4,4,4,2,1,3,3,0,3,4,4,4,2,1,1,4,4,4,4,4,4,4,4,4,4,4,4,4,4,4,4,4,4,4,4,4,4,4,4,4,4,4,4,4,4,4,4,4,3,4,4,1,0,3,1,0,4,2,0,1,0,1,4,4,1,0,4,3,2,2,0,1,0,1,0,0,1,2,3,3,2,0,4,4,4,4,4,2,3,2,0,0,2,1,0,1,1,1,0,1,3,3,4,4,4,4,4,4,4,4,4,4,4,4,4,4,4,4,4,4,4,4,4,4,4,4,4,4,4,4,4,4,4,4,4,4,4,4,4,4,4,4,4,4,4,4,4,4,4,4,4,4,4,4,4,4,4,4,4,4,4,4,4,4,4,4,4,4,4,4,4,4,4,4,4,4,4,4,4,4,4,4,4,4,4,4,4,4,4,4,4,4,4,4,4,4,4,4,4,4,4,4,4,4,4,4,4,4,4,4,4,4,4,4,4,4,4,4,4,4,4,4,4,4,4,4,4,4,4,4,4,4,4,4,4,4,4,4,4,4,4,4,4,4,4,4,4,4,4,4,4,4,4,4,4,4,4,4,4,4,4,4,4,4,4,4,4,4,4,4,4,4,4,4,4,4,4,4,4,4,4,4,4,4,4,4,4,4,4,4,4,4,4,4,4,4,4,AEZO01000039.1/167578-167726,1
1970,0,2,3,3,2,1,3,1,0,3,3,1,4,0,0,1,4,3,3,4,0,3,3,0,3,2,0,3,4,0,2,3,1,1,1,2,1,2,0,3,3,4,0,0,2,1,2,2,0,0,4,3,0,3,2,1,4,4,4,4,4,4,4,4,4,4,4,4,4,4,4,4,4,4,4,4,4,4,4,4,4,2,1,3,3,1,0,3,0,0,0,1,1,0,3,4,1,2,0,4,0,3,2,0,3,2,1,1,4,4,4,4,3,0,0,2,4,4,4,4,4,4,0,1,3,2,2,3,0,1,1,3,0,3,1,2,3,1,1,0,1,1,0,0,0,4,1,1,2,0,3,0,3,1,2,3,2,3,4,4,4,4,4,2,0,0,3,3,1,4,4,4,0,1,3,4,4,4,4,4,4,4,4,4,4,4,4,4,4,4,4,4,4,4,4,4,4,4,4,4,4,4,4,4,4,4,4,4,3,4,4,3,0,3,1,0,4,0,0,1,0,3,4,4,1,4,4,4,2,2,0,1,2,0,1,0,1,2,3,3,2,0,4,4,4,4,4,2,3,2,0,2,2,3,0,1,1,2,1,1,3,0,4,4,4,4,4,4,4,4,4,4,4,4,4,4,4,4,4,4,4,4,4,4,4,4,4,4,4,4,4,4,4,4,4,4,4,4,4,4,4,4,4,4,4,4,4,4,4,4,4,4,4,4,4,4,4,4,4,4,4,4,4,4,4,4,4,4,4,4,4,4,4,4,4,4,4,4,4,4,4,4,4,4,4,4,4,4,4,4,4,4,4,4,4,4,4,4,4,4,4,4,4,4,4,4,4,4,4,4,4,4,4,4,4,4,4,4,4,4,4,4,4,4,4,4,4,4,4,4,4,4,4,4,4,4,4,4,4,4,4,4,4,4,4,4,4,4,4,4,4,4,4,4,4,4,4,4,4,4,4,4,4,4,4,4,4,4,4,4,4,4,4,4,4,4,4,4,4,4,4,4,4,4,4,4,4,4,4,4,4,4,4,4,4,4,4,AALF02000019.1/601-438,1
1971,0,2,3,2,2,1,3,1,0,3,3,1,4,0,1,1,4,3,3,4,1,3,3,0,3,2,3,1,4,0,2,1,4,4,4,4,1,1,1,3,3,4,1,2,2,4,4,4,4,4,4,2,0,1,2,1,4,4,4,4,4,4,4,4,4,4,4,4,4,4,4,4,4,4,4,4,4,4,4,4,4,2,1,3,0,1,0,3,0,0,0,1,3,4,3,4,1,2,0,4,0,3,2,0,1,2,1,0,4,4,4,4,1,0,0,4,4,4,4,4,4,4,0,1,0,2,2,3,2,1,1,3,2,1,1,2,3,1,1,0,0,1,3,1,4,4,1,3,2,0,3,0,0,1,0,4,4,4,4,4,4,4,4,2,1,1,3,2,4,4,4,4,2,1,3,4,4,4,4,4,4,4,4,4,4,4,4,4,4,4,4,4,4,4,4,4,4,4,4,4,4,4,4,4,4,4,4,4,3,4,4,3,0,3,1,0,4,2,0,1,0,3,4,4,1,4,4,4,2,2,2,1,2,0,0,0,1,2,3,1,2,0,4,4,4,4,4,2,3,0,0,2,2,1,0,1,1,2,1,1,3,1,4,4,4,4,4,4,4,4,4,4,4,4,4,4,4,4,4,4,4,4,4,4,4,4,4,4,4,4,4,4,4,4,4,4,4,4,4,4,4,4,4,4,4,4,4,4,4,4,4,4,4,4,4,4,4,4,4,4,4,4,4,4,4,4,4,4,4,4,4,4,4,4,4,4,4,4,4,4,4,4,4,4,4,4,4,4,4,4,4,4,4,4,4,4,4,4,4,4,4,4,4,4,4,4,4,4,4,4,4,4,4,4,4,4,4,4,4,4,4,4,4,4,4,4,4,4,4,4,4,4,4,4,4,4,4,4,4,4,4,4,4,4,4,4,4,4,4,4,4,4,4,4,4,4,4,4,4,4,4,4,4,4,4,4,4,4,4,4,4,4,4,4,4,4,4,4,4,4,4,4,4,4,4,4,4,4,4,4,4,4,4,4,4,4,4,AFXH01000202.1/14647-14500,1
1972,0,2,3,2,2,1,3,1,0,3,3,1,4,0,1,1,4,2,0,4,1,3,3,0,3,2,3,1,4,0,2,1,4,4,4,4,1,1,1,3,3,4,1,2,2,4,4,4,4,4,4,2,0,1,2,3,4,4,4,4,4,4,4,4,4,4,4,4,4,4,4,4,4,4,4,4,4,4,4,4,4,2,1,3,0,1,0,3,0,0,0,0,3,4,3,4,1,2,0,4,0,3,2,0,1,2,1,0,4,4,4,4,1,0,0,4,4,4,4,4,4,4,1,0,0,2,2,3,2,1,1,3,2,1,1,2,3,1,1,0,0,1,3,3,4,4,1,3,2,0,3,0,3,1,0,4,4,4,4,4,4,4,4,2,1,2,3,0,4,4,4,4,2,1,3,4,4,4,4,4,4,4,4,4,4,4,4,4,4,4,4,4,4,4,4,4,4,4,4,4,4,4,4,4,4,4,4,4,0,4,4,3,0,3,1,0,4,0,1,1,0,3,4,4,1,4,4,4,2,2,2,1,2,0,0,0,1,2,3,1,2,0,4,4,4,4,4,2,3,3,0,2,2,1,0,1,1,2,1,1,3,3,4,4,4,4,4,4,4,4,4,4,4,4,4,4,4,4,4,4,4,4,4,4,4,4,4,4,4,4,4,4,4,4,4,4,4,4,4,4,4,4,4,4,4,4,4,4,4,4,4,4,4,4,4,4,4,4,4,4,4,4,4,4,4,4,4,4,4,4,4,4,4,4,4,4,4,4,4,4,4,4,4,4,4,4,4,4,4,4,4,4,4,4,4,4,4,4,4,4,4,4,4,4,4,4,4,4,4,4,4,4,4,4,4,4,4,4,4,4,4,4,4,4,4,4,4,4,4,4,4,4,4,4,4,4,4,4,4,4,4,4,4,4,4,4,4,4,4,4,4,4,4,4,4,4,4,4,4,4,4,4,4,4,4,4,4,4,4,4,4,4,4,4,4,4,4,4,4,4,4,4,4,4,4,4,4,4,4,4,4,4,4,4,4,4,4,AGTK01000022.1/20571-20424,1
1973,0,2,0,3,2,1,3,1,0,3,3,1,4,1,0,3,4,1,3,4,1,3,3,0,3,2,3,3,4,1,2,1,1,3,4,4,4,4,4,4,4,4,4,4,4,4,4,4,4,4,4,4,4,4,4,4,3,0,4,4,4,4,4,4,4,4,4,4,4,4,4,4,4,4,4,4,4,4,4,2,3,2,1,1,3,1,0,3,0,0,0,1,3,1,1,4,2,2,0,4,0,3,2,0,1,2,1,0,4,4,4,4,2,0,2,1,1,2,4,4,3,3,3,0,1,2,2,3,2,1,3,3,0,3,1,2,3,1,1,4,0,1,3,2,0,4,1,0,2,0,3,2,3,1,4,4,4,4,4,4,4,4,4,2,1,3,3,0,3,4,4,4,2,1,1,4,4,4,4,4,4,4,4,4,4,4,4,4,4,4,4,4,4,4,4,4,4,4,4,4,4,4,4,4,4,4,4,4,3,4,4,1,0,3,1,0,4,2,0,1,0,1,4,4,1,0,4,3,2,2,0,1,0,1,0,0,1,2,3,3,2,0,4,4,4,4,4,2,3,2,0,0,2,1,0,1,1,1,0,1,3,3,4,4,4,4,4,4,4,4,4,4,4,4,4,4,4,4,4,4,4,4,4,4,4,4,4,4,4,4,4,4,4,4,4,4,4,4,4,4,4,4,4,4,4,4,4,4,4,4,4,4,4,4,4,4,4,4,4,4,4,4,4,4,4,4,4,4,4,4,4,4,4,4,4,4,4,4,4,4,4,4,4,4,4,4,4,4,4,4,4,4,4,4,4,4,4,4,4,4,4,4,4,4,4,4,4,4,4,4,4,4,4,4,4,4,4,4,4,4,4,4,4,4,4,4,4,4,4,4,4,4,4,4,4,4,4,4,4,4,4,4,4,4,4,4,4,4,4,4,4,4,4,4,4,4,4,4,4,4,4,4,4,4,4,4,4,4,4,4,4,4,4,4,4,4,4,4,4,4,4,4,4,4,4,4,4,4,4,4,4,4,4,4,4,4,4,CP001637.1/4528036-4527888,1
1974,0,2,0,3,2,1,3,1,0,3,1,1,4,3,0,3,4,3,3,4,1,3,3,0,3,2,0,3,4,3,2,1,0,3,4,4,4,4,4,4,4,4,4,4,4,4,4,4,4,4,4,4,4,4,4,4,0,4,4,4,4,4,4,4,4,4,4,4,4,4,4,4,4,4,4,4,4,4,4,4,3,2,1,3,3,1,0,3,0,0,0,1,1,1,0,4,2,2,2,4,0,3,2,0,3,2,1,0,4,4,4,4,2,0,2,1,1,2,4,0,3,3,0,3,1,2,2,3,2,1,1,3,0,3,3,2,3,1,1,0,3,2,3,1,0,4,1,0,2,0,3,2,0,2,3,0,0,2,0,4,4,4,3,4,4,0,4,4,4,4,4,4,4,4,4,3,0,0,1,1,4,4,4,4,4,4,4,4,4,4,4,4,4,4,4,4,4,4,4,4,4,4,1,3,1,3,3,3,3,4,4,1,0,3,1,2,4,1,1,2,0,1,4,4,1,4,4,4,2,2,0,1,3,1,0,0,1,2,3,3,2,0,4,4,4,4,4,2,3,2,0,2,2,1,0,1,3,0,3,1,1,2,4,4,4,4,4,4,4,4,4,4,4,4,4,4,4,4,4,4,4,4,4,4,4,4,4,4,4,4,4,4,4,4,4,4,4,4,4,4,4,4,4,4,4,4,4,4,4,4,4,4,4,4,4,4,4,4,4,4,4,4,4,4,4,4,4,4,4,4,4,4,4,4,4,4,4,4,4,4,4,4,4,4,4,4,4,4,4,4,4,4,4,4,4,4,4,4,4,4,4,4,4,4,4,4,4,4,4,4,4,4,4,4,4,4,4,4,4,4,4,4,4,4,4,4,4,4,4,4,4,4,4,4,4,4,4,4,4,4,4,4,4,4,4,4,4,4,4,4,4,4,4,4,4,4,4,4,4,4,4,4,4,4,4,4,4,4,4,4,4,4,4,4,4,4,4,4,4,4,4,4,4,4,4,4,4,4,4,4,4,4,4,4,4,4,4,BX571874.1/204900-204745,1
1975,0,2,0,3,2,1,3,1,0,3,3,1,4,1,0,3,4,1,3,4,1,3,3,0,3,2,3,3,4,1,2,1,1,3,4,4,4,4,4,4,4,4,4,4,4,4,4,4,4,4,4,4,4,4,4,4,3,0,4,4,4,4,4,4,4,4,4,4,4,4,4,4,4,4,4,4,4,4,4,2,3,2,1,1,3,1,0,3,0,0,0,1,3,1,1,4,2,2,0,4,0,3,2,0,1,2,1,0,4,4,4,4,2,0,2,1,1,2,4,4,3,3,3,0,1,2,2,3,2,1,3,3,0,3,1,2,3,1,1,4,0,1,3,2,0,4,1,0,2,0,3,2,3,1,4,4,4,4,4,4,4,4,4,2,1,3,3,0,3,4,4,4,2,1,1,4,4,4,4,4,4,4,4,4,4,4,4,4,4,4,4,4,4,4,4,4,4,4,4,4,4,4,4,4,4,4,4,4,3,4,4,1,0,3,1,0,4,2,0,1,0,1,4,4,1,0,4,3,2,2,0,1,0,1,0,0,1,2,3,3,2,0,4,4,4,4,4,2,3,2,0,0,2,1,0,1,1,1,0,1,3,3,4,4,4,4,4,4,4,4,4,4,4,4,4,4,4,4,4,4,4,4,4,4,4,4,4,4,4,4,4,4,4,4,4,4,4,4,4,4,4,4,4,4,4,4,4,4,4,4,4,4,4,4,4,4,4,4,4,4,4,4,4,4,4,4,4,4,4,4,4,4,4,4,4,4,4,4,4,4,4,4,4,4,4,4,4,4,4,4,4,4,4,4,4,4,4,4,4,4,4,4,4,4,4,4,4,4,4,4,4,4,4,4,4,4,4,4,4,4,4,4,4,4,4,4,4,4,4,4,4,4,4,4,4,4,4,4,4,4,4,4,4,4,4,4,4,4,4,4,4,4,4,4,4,4,4,4,4,4,4,4,4,4,4,4,4,4,4,4,4,4,4,4,4,4,4,4,4,4,4,4,4,4,4,4,4,4,4,4,4,4,4,4,4,4,4,AFAF01000021.1/722729-722581,1
1976,0,2,3,2,2,1,3,1,0,3,3,1,4,0,1,1,4,2,0,4,1,3,3,0,3,2,3,1,4,0,2,1,4,4,4,4,1,1,1,3,3,4,1,2,2,4,4,4,4,4,4,2,0,1,2,3,4,4,4,4,4,4,4,4,4,4,4,4,4,4,4,4,4,4,4,4,4,4,4,4,4,2,1,3,0,1,0,3,0,0,0,0,3,4,3,4,1,2,0,4,0,3,2,0,1,2,1,0,4,4,4,4,1,0,0,4,4,4,4,4,4,4,1,0,0,2,2,3,2,1,1,3,2,1,1,2,3,1,1,0,0,1,3,3,4,4,1,3,2,0,3,0,3,1,0,4,4,4,4,4,4,4,4,2,1,2,3,0,4,4,4,4,2,1,3,4,4,4,4,4,4,4,4,4,4,4,4,4,4,4,4,4,4,4,4,4,4,4,4,4,4,4,4,4,4,4,4,4,0,4,4,3,0,3,1,0,4,0,1,1,0,3,4,4,1,4,4,4,2,2,2,1,2,0,0,0,1,2,3,1,2,0,4,4,4,4,4,2,3,3,0,2,2,1,0,1,1,2,1,1,3,3,4,4,4,4,4,4,4,4,4,4,4,4,4,4,4,4,4,4,4,4,4,4,4,4,4,4,4,4,4,4,4,4,4,4,4,4,4,4,4,4,4,4,4,4,4,4,4,4,4,4,4,4,4,4,4,4,4,4,4,4,4,4,4,4,4,4,4,4,4,4,4,4,4,4,4,4,4,4,4,4,4,4,4,4,4,4,4,4,4,4,4,4,4,4,4,4,4,4,4,4,4,4,4,4,4,4,4,4,4,4,4,4,4,4,4,4,4,4,4,4,4,4,4,4,4,4,4,4,4,4,4,4,4,4,4,4,4,4,4,4,4,4,4,4,4,4,4,4,4,4,4,4,4,4,4,4,4,4,4,4,4,4,4,4,4,4,4,4,4,4,4,4,4,4,4,4,4,4,4,4,4,4,4,4,4,4,4,4,4,4,4,4,4,4,4,AEZP01000109.1/12079-12226,1
1977,0,2,3,2,2,1,3,1,0,3,3,1,4,0,1,1,4,2,0,4,1,3,3,0,3,2,3,1,4,0,2,1,4,4,4,4,1,1,1,3,3,4,1,2,2,4,4,4,4,4,4,2,0,1,2,3,4,4,4,4,4,4,4,4,4,4,4,4,4,4,4,4,4,4,4,4,4,4,4,4,4,2,1,3,0,1,0,3,0,0,0,0,3,4,3,4,1,2,0,4,0,3,2,0,1,2,1,0,4,4,4,4,1,0,0,4,4,4,4,4,4,4,1,0,0,2,2,3,2,1,1,3,2,1,1,2,3,1,1,0,0,1,3,3,4,4,1,3,2,0,3,0,3,1,0,4,4,4,4,4,4,4,4,2,1,2,3,0,4,4,4,4,2,1,3,4,4,4,4,4,4,4,4,4,4,4,4,4,4,4,4,4,4,4,4,4,4,4,4,4,4,4,4,4,4,4,4,4,0,4,4,3,0,3,1,0,4,0,1,1,0,3,4,4,1,4,4,4,2,2,2,1,2,0,0,0,1,2,3,1,2,0,4,4,4,4,4,2,3,3,0,2,2,1,0,1,1,2,1,1,3,3,4,4,4,4,4,4,4,4,4,4,4,4,4,4,4,4,4,4,4,4,4,4,4,4,4,4,4,4,4,4,4,4,4,4,4,4,4,4,4,4,4,4,4,4,4,4,4,4,4,4,4,4,4,4,4,4,4,4,4,4,4,4,4,4,4,4,4,4,4,4,4,4,4,4,4,4,4,4,4,4,4,4,4,4,4,4,4,4,4,4,4,4,4,4,4,4,4,4,4,4,4,4,4,4,4,4,4,4,4,4,4,4,4,4,4,4,4,4,4,4,4,4,4,4,4,4,4,4,4,4,4,4,4,4,4,4,4,4,4,4,4,4,4,4,4,4,4,4,4,4,4,4,4,4,4,4,4,4,4,4,4,4,4,4,4,4,4,4,4,4,4,4,4,4,4,4,4,4,4,4,4,4,4,4,4,4,4,4,4,4,4,4,4,4,4,FM180568.1/2920985-2920838,1
1978,0,2,0,3,2,1,3,1,0,3,3,1,4,1,0,3,4,1,3,4,1,3,3,0,3,2,3,3,4,1,2,1,1,3,3,4,1,4,4,4,4,4,4,4,4,4,4,4,4,4,4,4,4,4,4,4,3,4,4,4,4,4,4,4,4,4,4,4,4,4,4,4,4,4,4,4,4,4,4,4,2,2,1,1,3,1,0,3,0,0,0,1,3,1,0,4,2,2,0,4,0,3,2,0,3,2,1,0,4,4,4,4,2,0,2,1,1,2,4,4,3,3,3,0,1,2,2,3,2,1,3,3,0,3,1,2,3,1,1,4,0,1,3,2,0,4,1,0,2,0,3,2,3,1,4,4,4,4,4,4,4,4,4,2,1,3,3,0,1,4,4,4,2,1,1,4,4,4,4,4,4,4,4,4,4,4,4,4,4,4,4,4,4,4,4,4,4,4,4,4,4,4,4,4,4,4,4,4,3,4,4,1,0,3,1,0,4,0,0,1,0,1,4,4,1,1,4,3,2,2,0,1,0,1,0,0,1,2,3,3,2,0,4,4,4,4,4,2,3,2,0,0,2,1,0,1,1,1,1,3,3,3,4,4,4,4,4,4,4,4,4,4,4,4,4,4,4,4,4,4,4,4,4,4,4,4,4,4,4,4,4,4,4,4,4,4,4,4,4,4,4,4,4,4,4,4,4,4,4,4,4,4,4,4,4,4,4,4,4,4,4,4,4,4,4,4,4,4,4,4,4,4,4,4,4,4,4,4,4,4,4,4,4,4,4,4,4,4,4,4,4,4,4,4,4,4,4,4,4,4,4,4,4,4,4,4,4,4,4,4,4,4,4,4,4,4,4,4,4,4,4,4,4,4,4,4,4,4,4,4,4,4,4,4,4,4,4,4,4,4,4,4,4,4,4,4,4,4,4,4,4,4,4,4,4,4,4,4,4,4,4,4,4,4,4,4,4,4,4,4,4,4,4,4,4,4,4,4,4,4,4,4,4,4,4,4,4,4,4,4,4,4,4,4,4,4,4,AETA01000042.1/39711-39859,1
1979,0,2,3,2,2,1,3,1,0,3,3,1,4,0,1,1,4,2,0,4,1,3,3,0,3,2,3,1,4,0,2,1,4,4,4,4,1,1,1,3,3,4,1,2,2,4,4,4,4,4,4,2,0,1,2,3,4,4,4,4,4,4,4,4,4,4,4,4,4,4,4,4,4,4,4,4,4,4,4,4,4,2,1,3,0,1,0,3,0,0,0,0,3,4,3,4,1,2,0,4,0,3,2,0,1,2,1,0,4,4,4,4,1,0,0,4,4,4,4,4,4,4,1,0,0,2,2,3,2,1,1,3,2,1,1,2,3,1,1,0,0,1,3,3,4,4,1,3,2,0,3,0,3,1,0,4,4,4,4,4,4,4,4,2,1,2,3,0,4,4,4,4,2,1,3,4,4,4,4,4,4,4,4,4,4,4,4,4,4,4,4,4,4,4,4,4,4,4,4,4,4,4,4,4,4,4,4,4,0,4,4,3,0,3,1,0,4,0,1,1,0,3,4,4,1,4,4,4,2,2,2,1,2,0,0,0,1,2,3,1,2,0,4,4,4,4,4,2,3,3,0,2,2,1,0,1,1,2,1,1,3,3,4,4,4,4,4,4,4,4,4,4,4,4,4,4,4,4,4,4,4,4,4,4,4,4,4,4,4,4,4,4,4,4,4,4,4,4,4,4,4,4,4,4,4,4,4,4,4,4,4,4,4,4,4,4,4,4,4,4,4,4,4,4,4,4,4,4,4,4,4,4,4,4,4,4,4,4,4,4,4,4,4,4,4,4,4,4,4,4,4,4,4,4,4,4,4,4,4,4,4,4,4,4,4,4,4,4,4,4,4,4,4,4,4,4,4,4,4,4,4,4,4,4,4,4,4,4,4,4,4,4,4,4,4,4,4,4,4,4,4,4,4,4,4,4,4,4,4,4,4,4,4,4,4,4,4,4,4,4,4,4,4,4,4,4,4,4,4,4,4,4,4,4,4,4,4,4,4,4,4,4,4,4,4,4,4,4,4,4,4,4,4,4,4,4,4,AAJW02000007.1/35539-35686,1
1980,2,2,3,3,2,1,3,1,0,3,3,1,4,0,0,1,4,3,1,4,3,3,3,0,3,2,3,1,4,0,2,1,2,1,1,4,3,3,2,4,4,4,4,4,4,4,4,4,4,4,4,4,4,4,4,4,0,3,2,4,4,4,4,4,4,4,4,4,4,4,4,4,4,4,4,4,4,2,1,1,2,2,1,3,1,1,0,3,0,0,0,0,1,1,3,4,1,2,0,4,0,3,2,0,1,2,1,1,4,4,4,4,0,3,3,0,4,4,4,4,4,2,1,0,1,2,2,3,2,1,1,3,0,1,1,2,3,1,1,2,2,0,0,0,3,0,3,1,2,0,3,0,0,1,0,2,3,1,4,4,4,4,4,2,1,3,3,1,2,2,4,1,2,1,3,4,4,4,4,4,4,4,4,4,4,4,4,4,4,4,4,4,4,4,4,4,4,4,4,4,4,4,4,4,4,4,4,4,3,4,4,3,0,3,1,0,4,2,2,1,0,1,4,4,0,4,4,4,2,2,0,1,2,0,1,0,1,2,3,3,2,0,4,4,4,4,4,2,3,2,0,2,2,1,2,1,1,0,1,1,3,0,4,4,4,4,4,4,4,4,4,4,4,4,4,4,4,4,4,4,4,4,4,4,4,4,4,4,4,4,4,4,4,4,4,4,4,4,4,4,4,4,4,4,4,4,4,4,4,4,4,4,4,4,4,4,4,4,4,4,4,4,4,4,4,4,4,4,4,4,4,4,4,4,4,4,4,4,4,4,4,4,4,4,4,4,4,4,4,4,4,4,4,4,4,4,4,4,4,4,4,4,4,4,4,4,4,4,4,4,4,4,4,4,4,4,4,4,4,4,4,4,4,4,4,4,4,4,4,4,4,4,4,4,4,4,4,4,4,4,4,4,4,4,4,4,4,4,4,4,4,4,4,4,4,4,4,4,4,4,4,4,4,4,4,4,4,4,4,4,4,4,4,4,4,4,4,4,4,4,4,4,4,4,4,4,4,4,4,4,4,4,4,4,4,4,4,ADGK01000038.1/24313-24471,1
1981,0,2,0,3,2,1,3,1,0,3,3,1,4,1,0,3,4,1,3,4,1,3,3,0,3,2,3,3,4,1,2,1,1,3,4,4,4,4,4,4,4,4,4,4,4,4,4,4,4,4,4,4,4,4,4,4,3,0,4,4,4,4,4,4,4,4,4,4,4,4,4,4,4,4,4,4,4,4,4,2,3,2,1,1,3,1,0,3,0,0,0,1,3,1,0,4,2,2,0,4,0,3,2,0,1,2,1,0,4,4,4,4,2,0,2,1,1,2,4,4,3,3,3,0,1,2,2,3,2,1,3,3,0,3,1,2,3,1,1,4,0,1,3,2,0,4,1,0,2,0,3,2,3,1,4,4,4,4,4,4,4,4,4,2,1,3,3,1,2,4,4,4,2,1,1,4,4,4,4,4,4,4,4,4,4,4,4,4,4,4,4,4,4,4,4,4,4,4,4,4,4,4,4,4,4,4,4,4,3,4,4,1,0,3,1,0,4,0,0,1,0,1,4,4,1,0,4,3,2,2,0,1,0,1,0,0,1,2,3,3,2,0,4,4,4,4,4,2,3,2,0,0,2,1,0,1,1,0,0,0,3,0,4,4,4,4,4,4,4,4,4,4,4,4,4,4,4,4,4,4,4,4,4,4,4,4,4,4,4,4,4,4,4,4,4,4,4,4,4,4,4,4,4,4,4,4,4,4,4,4,4,4,4,4,4,4,4,4,4,4,4,4,4,4,4,4,4,4,4,4,4,4,4,4,4,4,4,4,4,4,4,4,4,4,4,4,4,4,4,4,4,4,4,4,4,4,4,4,4,4,4,4,4,4,4,4,4,4,4,4,4,4,4,4,4,4,4,4,4,4,4,4,4,4,4,4,4,4,4,4,4,4,4,4,4,4,4,4,4,4,4,4,4,4,4,4,4,4,4,4,4,4,4,4,4,4,4,4,4,4,4,4,4,4,4,4,4,4,4,4,4,4,4,4,4,4,4,4,4,4,4,4,4,4,4,4,4,4,4,4,4,4,4,4,4,4,4,AGFT01031231.1/648-796,1
1982,0,2,3,3,2,1,3,1,0,3,3,1,4,0,0,1,4,3,3,4,3,3,3,0,3,2,3,1,4,2,2,4,0,3,1,4,1,3,0,3,0,4,2,1,2,0,3,2,2,0,4,3,2,1,0,3,4,4,4,4,4,4,4,4,4,4,4,4,4,4,4,4,4,4,4,4,4,4,4,4,4,0,1,1,0,1,0,3,0,0,2,1,1,4,0,4,2,2,0,4,0,3,2,0,3,2,1,1,4,4,4,4,0,0,0,0,4,4,4,4,4,2,3,0,0,2,2,3,2,1,1,3,0,3,1,2,3,1,1,0,0,1,0,2,1,4,0,3,2,0,3,0,3,0,2,1,3,3,0,0,4,0,3,3,0,0,3,1,4,4,4,3,2,1,3,4,4,4,4,4,4,4,4,4,4,4,4,4,4,4,4,4,4,4,4,4,4,4,4,4,4,4,4,4,4,4,4,4,3,4,4,3,0,3,1,0,4,0,0,1,0,3,4,4,1,4,4,4,2,2,2,1,2,0,1,0,1,2,3,2,2,0,4,4,4,4,4,2,3,2,0,2,2,1,0,1,1,0,3,1,3,0,4,4,4,4,4,4,4,4,4,4,4,4,4,4,4,4,4,4,4,4,4,4,4,4,4,4,4,4,4,4,4,4,4,4,4,4,4,4,4,4,4,4,4,4,4,4,4,4,4,4,4,4,4,4,4,4,4,4,4,4,4,4,4,4,4,4,4,4,4,4,4,4,4,4,4,4,4,4,4,4,4,4,4,4,4,4,4,4,4,4,4,4,4,4,4,4,4,4,4,4,4,4,4,4,4,4,4,4,4,4,4,4,4,4,4,4,4,4,4,4,4,4,4,4,4,4,4,4,4,4,4,4,4,4,4,4,4,4,4,4,4,4,4,4,4,4,4,4,4,4,4,4,4,4,4,4,4,4,4,4,4,4,4,4,4,4,4,4,4,4,4,4,4,4,4,4,4,4,4,4,4,4,4,4,4,4,4,4,4,4,4,4,4,4,4,FN545167.1/37793-37958,1
1983,0,2,0,3,2,1,3,1,0,3,3,1,4,1,0,3,4,1,3,4,1,3,3,0,3,2,3,3,4,1,2,1,1,3,4,4,4,4,4,4,4,4,4,4,4,4,4,4,4,4,4,4,4,4,4,4,3,0,4,4,4,4,4,4,4,4,4,4,4,4,4,4,4,4,4,4,4,4,4,2,3,2,1,1,3,1,0,3,0,0,0,1,3,1,1,4,2,2,0,4,0,3,2,0,1,2,1,0,4,4,4,4,2,0,2,1,1,2,4,4,3,3,3,0,1,2,2,3,2,1,3,3,0,3,1,2,3,1,1,4,0,1,3,2,0,4,1,0,2,0,3,2,3,1,4,4,4,4,4,4,4,4,4,2,1,3,3,0,3,4,4,4,2,1,1,4,4,4,4,4,4,4,4,4,4,4,4,4,4,4,4,4,4,4,4,4,4,4,4,4,4,4,4,4,4,4,4,4,3,4,4,1,0,3,1,0,4,2,0,1,0,1,4,4,1,0,4,3,2,2,0,1,0,1,0,0,1,2,3,3,2,0,4,4,4,4,4,2,3,2,0,0,2,1,0,1,1,1,0,1,3,3,4,4,4,4,4,4,4,4,4,4,4,4,4,4,4,4,4,4,4,4,4,4,4,4,4,4,4,4,4,4,4,4,4,4,4,4,4,4,4,4,4,4,4,4,4,4,4,4,4,4,4,4,4,4,4,4,4,4,4,4,4,4,4,4,4,4,4,4,4,4,4,4,4,4,4,4,4,4,4,4,4,4,4,4,4,4,4,4,4,4,4,4,4,4,4,4,4,4,4,4,4,4,4,4,4,4,4,4,4,4,4,4,4,4,4,4,4,4,4,4,4,4,4,4,4,4,4,4,4,4,4,4,4,4,4,4,4,4,4,4,4,4,4,4,4,4,4,4,4,4,4,4,4,4,4,4,4,4,4,4,4,4,4,4,4,4,4,4,4,4,4,4,4,4,4,4,4,4,4,4,4,4,4,4,4,4,4,4,4,4,4,4,4,4,4,ADAW01000143.1/39960-40108,1
1984,0,2,3,2,2,1,3,1,0,3,3,1,4,0,1,1,4,2,0,4,1,3,3,0,3,2,3,1,4,0,2,1,4,4,4,4,1,1,1,3,3,4,1,2,2,4,4,4,4,4,4,2,0,1,2,3,4,4,4,4,4,4,4,4,4,4,4,4,4,4,4,4,4,4,4,4,4,4,4,4,4,2,1,3,0,1,0,3,0,0,0,0,3,4,3,4,1,2,0,4,0,3,2,0,1,2,1,0,4,4,4,4,1,0,0,4,4,4,4,4,4,4,1,0,0,2,2,3,2,1,1,3,2,1,1,2,3,1,1,0,0,1,3,3,4,4,1,3,2,0,3,0,3,1,0,4,4,4,4,4,4,4,4,2,1,2,3,0,4,4,4,4,2,1,3,4,4,4,4,4,4,4,4,4,4,4,4,4,4,4,4,4,4,4,4,4,4,4,4,4,4,4,4,4,4,4,4,4,0,4,4,3,0,3,1,0,4,0,1,1,0,3,4,4,1,4,4,4,2,2,2,1,2,0,0,0,1,2,3,1,2,0,4,4,4,4,4,2,3,3,0,2,2,1,0,1,1,2,1,1,3,3,4,4,4,4,4,4,4,4,4,4,4,4,4,4,4,4,4,4,4,4,4,4,4,4,4,4,4,4,4,4,4,4,4,4,4,4,4,4,4,4,4,4,4,4,4,4,4,4,4,4,4,4,4,4,4,4,4,4,4,4,4,4,4,4,4,4,4,4,4,4,4,4,4,4,4,4,4,4,4,4,4,4,4,4,4,4,4,4,4,4,4,4,4,4,4,4,4,4,4,4,4,4,4,4,4,4,4,4,4,4,4,4,4,4,4,4,4,4,4,4,4,4,4,4,4,4,4,4,4,4,4,4,4,4,4,4,4,4,4,4,4,4,4,4,4,4,4,4,4,4,4,4,4,4,4,4,4,4,4,4,4,4,4,4,4,4,4,4,4,4,4,4,4,4,4,4,4,4,4,4,4,4,4,4,4,4,4,4,4,4,4,4,4,4,4,AEZT01000049.1/71536-71683,1
1985,0,2,3,2,2,1,3,1,0,3,3,1,4,0,1,1,4,2,0,4,1,3,3,0,3,2,3,1,4,0,2,1,4,4,4,4,1,1,1,3,3,4,1,2,2,4,4,4,4,4,4,2,0,1,2,3,4,4,4,4,4,4,4,4,4,4,4,4,4,4,4,4,4,4,4,4,4,4,4,4,4,2,1,3,0,1,0,3,0,0,0,0,3,4,3,4,1,2,0,4,0,3,2,0,1,2,1,0,4,4,4,4,1,0,0,4,4,4,4,4,4,4,1,0,0,2,2,3,2,1,1,3,2,1,1,2,3,1,1,0,0,1,3,3,4,4,1,3,2,0,3,0,3,1,0,4,4,4,4,4,4,4,4,2,1,2,3,0,4,4,4,4,2,1,3,4,4,4,4,4,4,4,4,4,4,4,4,4,4,4,4,4,4,4,4,4,4,4,4,4,4,4,4,4,4,4,4,4,0,4,4,3,0,3,1,0,4,0,1,1,0,3,4,4,1,4,4,4,2,2,2,1,2,0,0,0,1,2,3,1,2,0,4,4,4,4,4,2,3,3,0,2,2,1,0,1,1,2,1,1,3,3,4,4,4,4,4,4,4,4,4,4,4,4,4,4,4,4,4,4,4,4,4,4,4,4,4,4,4,4,4,4,4,4,4,4,4,4,4,4,4,4,4,4,4,4,4,4,4,4,4,4,4,4,4,4,4,4,4,4,4,4,4,4,4,4,4,4,4,4,4,4,4,4,4,4,4,4,4,4,4,4,4,4,4,4,4,4,4,4,4,4,4,4,4,4,4,4,4,4,4,4,4,4,4,4,4,4,4,4,4,4,4,4,4,4,4,4,4,4,4,4,4,4,4,4,4,4,4,4,4,4,4,4,4,4,4,4,4,4,4,4,4,4,4,4,4,4,4,4,4,4,4,4,4,4,4,4,4,4,4,4,4,4,4,4,4,4,4,4,4,4,4,4,4,4,4,4,4,4,4,4,4,4,4,4,4,4,4,4,4,4,4,4,4,4,4,AFVH01000022.1/695740-695593,1
1986,0,2,3,2,2,1,3,1,0,3,3,1,4,0,1,1,4,2,0,4,1,3,3,0,3,2,3,1,4,0,2,1,4,4,4,4,1,1,1,3,3,4,1,2,2,4,4,4,4,4,4,2,0,1,2,3,4,4,4,4,4,4,4,4,4,4,4,4,4,4,4,4,4,4,4,4,4,4,4,4,4,2,1,3,0,1,0,3,0,0,0,0,3,4,3,4,0,2,0,4,0,3,2,0,1,2,1,0,4,4,4,4,1,0,0,4,4,4,4,4,4,4,1,0,0,2,2,3,2,1,1,3,2,1,1,2,3,1,1,0,0,1,3,3,4,4,1,3,2,0,3,0,3,1,0,4,4,4,4,4,4,4,4,2,1,3,3,0,4,4,4,4,2,1,3,4,4,4,4,4,4,4,4,4,4,4,4,4,4,4,4,4,4,4,4,4,4,4,4,4,4,4,4,4,4,4,4,4,0,4,4,3,0,3,1,0,4,0,1,1,0,3,4,4,1,4,4,4,2,2,2,1,2,0,0,0,1,2,3,1,2,0,4,4,4,4,4,2,3,3,0,2,2,1,0,1,1,2,1,1,3,3,4,4,4,4,4,4,4,4,4,4,4,4,4,4,4,4,4,4,4,4,4,4,4,4,4,4,4,4,4,4,4,4,4,4,4,4,4,4,4,4,4,4,4,4,4,4,4,4,4,4,4,4,4,4,4,4,4,4,4,4,4,4,4,4,4,4,4,4,4,4,4,4,4,4,4,4,4,4,4,4,4,4,4,4,4,4,4,4,4,4,4,4,4,4,4,4,4,4,4,4,4,4,4,4,4,4,4,4,4,4,4,4,4,4,4,4,4,4,4,4,4,4,4,4,4,4,4,4,4,4,4,4,4,4,4,4,4,4,4,4,4,4,4,4,4,4,4,4,4,4,4,4,4,4,4,4,4,4,4,4,4,4,4,4,4,4,4,4,4,4,4,4,4,4,4,4,4,4,4,4,4,4,4,4,4,4,4,4,4,4,4,4,4,4,4,AEJV01000021.1/23547-23400,1
1987,0,2,3,3,2,1,3,1,0,3,3,1,4,0,1,1,4,3,3,4,3,3,3,0,3,2,0,3,4,0,2,1,1,1,1,2,1,0,0,3,3,4,0,0,2,1,2,2,0,3,4,2,0,3,2,1,4,4,4,4,4,4,4,4,4,4,4,4,4,4,4,4,4,4,4,4,4,4,4,4,4,2,1,3,3,1,0,3,0,0,2,1,1,3,1,4,1,2,0,4,0,3,2,0,3,2,1,1,4,4,4,4,3,0,0,2,4,4,4,4,4,4,0,1,3,2,2,3,2,1,1,3,0,3,1,2,3,1,1,0,1,1,3,0,0,0,1,1,2,0,1,0,3,3,2,3,2,3,4,4,4,4,4,2,0,0,0,2,1,4,4,4,0,1,0,4,4,4,4,4,4,4,4,4,4,4,4,4,4,4,4,4,4,4,4,4,4,4,4,4,4,4,4,4,4,4,4,4,3,4,4,3,0,3,1,0,4,0,0,1,0,3,4,4,1,4,4,4,2,2,0,1,2,0,1,0,1,2,3,3,2,0,4,4,4,4,4,2,3,2,0,2,2,1,0,1,1,2,1,1,3,0,4,4,4,4,4,4,4,4,4,4,4,4,4,4,4,4,4,4,4,4,4,4,4,4,4,4,4,4,4,4,4,4,4,4,4,4,4,4,4,4,4,4,4,4,4,4,4,4,4,4,4,4,4,4,4,4,4,4,4,4,4,4,4,4,4,4,4,4,4,4,4,4,4,4,4,4,4,4,4,4,4,4,4,4,4,4,4,4,4,4,4,4,4,4,4,4,4,4,4,4,4,4,4,4,4,4,4,4,4,4,4,4,4,4,4,4,4,4,4,4,4,4,4,4,4,4,4,4,4,4,4,4,4,4,4,4,4,4,4,4,4,4,4,4,4,4,4,4,4,4,4,4,4,4,4,4,4,4,4,4,4,4,4,4,4,4,4,4,4,4,4,4,4,4,4,4,4,4,4,4,4,4,4,4,4,4,4,4,4,4,4,4,4,4,4,AAYS01000006.1/85524-85688,1
1988,0,2,0,3,2,1,3,1,0,3,3,1,4,1,0,3,4,1,3,4,1,3,3,0,3,2,3,3,4,1,2,1,1,3,4,4,4,4,4,4,4,4,4,4,4,4,4,4,4,4,4,4,4,4,4,4,3,0,4,4,4,4,4,4,4,4,4,4,4,4,4,4,4,4,4,4,4,4,4,2,3,2,1,1,3,1,0,3,0,0,0,1,3,1,1,4,2,2,0,4,0,3,2,0,1,2,1,0,4,4,4,4,2,0,2,1,1,2,4,4,3,3,3,0,1,2,2,3,2,1,3,3,0,3,1,2,3,1,1,4,0,1,3,2,0,4,1,0,2,0,3,2,3,1,4,4,4,4,4,4,4,4,4,2,1,3,3,0,3,4,4,4,2,1,1,4,4,4,4,4,4,4,4,4,4,4,4,4,4,4,4,4,4,4,4,4,4,4,4,4,4,4,4,4,4,4,4,4,3,4,4,1,0,3,1,0,4,2,0,1,0,1,4,4,1,0,4,3,2,2,0,1,0,1,0,0,1,2,3,3,2,0,4,4,4,4,4,2,3,2,0,0,2,1,0,1,1,1,0,1,3,3,4,4,4,4,4,4,4,4,4,4,4,4,4,4,4,4,4,4,4,4,4,4,4,4,4,4,4,4,4,4,4,4,4,4,4,4,4,4,4,4,4,4,4,4,4,4,4,4,4,4,4,4,4,4,4,4,4,4,4,4,4,4,4,4,4,4,4,4,4,4,4,4,4,4,4,4,4,4,4,4,4,4,4,4,4,4,4,4,4,4,4,4,4,4,4,4,4,4,4,4,4,4,4,4,4,4,4,4,4,4,4,4,4,4,4,4,4,4,4,4,4,4,4,4,4,4,4,4,4,4,4,4,4,4,4,4,4,4,4,4,4,4,4,4,4,4,4,4,4,4,4,4,4,4,4,4,4,4,4,4,4,4,4,4,4,4,4,4,4,4,4,4,4,4,4,4,4,4,4,4,4,4,4,4,4,4,4,4,4,4,4,4,4,4,4,AGSG01000233.1/36172-36024,1
1989,0,2,0,3,2,1,3,1,0,3,3,1,4,1,0,3,4,1,3,4,1,3,3,0,3,2,3,3,4,1,2,1,1,3,3,4,1,4,4,4,4,4,4,4,4,4,4,4,4,4,4,4,4,4,4,4,3,4,4,4,4,4,4,4,4,4,4,4,4,4,4,4,4,4,4,4,4,4,4,4,2,2,1,1,3,1,0,3,0,0,0,1,3,1,0,4,2,2,0,4,0,3,2,0,3,2,1,0,4,4,4,4,2,0,2,1,1,2,4,4,3,3,3,0,1,2,2,3,2,1,3,3,0,3,1,2,3,1,1,4,0,1,3,2,0,4,1,0,2,0,3,2,3,1,4,4,4,4,4,4,4,4,4,2,1,3,3,0,1,4,4,4,2,1,1,4,4,4,4,4,4,4,4,4,4,4,4,4,4,4,4,4,4,4,4,4,4,4,4,4,4,4,4,4,4,4,4,4,3,4,4,1,0,3,1,0,4,0,0,1,0,1,4,4,1,1,4,3,2,2,0,1,0,1,0,0,1,2,3,3,2,0,4,4,4,4,4,2,3,2,0,0,2,1,0,1,1,1,1,3,3,3,4,4,4,4,4,4,4,4,4,4,4,4,4,4,4,4,4,4,4,4,4,4,4,4,4,4,4,4,4,4,4,4,4,4,4,4,4,4,4,4,4,4,4,4,4,4,4,4,4,4,4,4,4,4,4,4,4,4,4,4,4,4,4,4,4,4,4,4,4,4,4,4,4,4,4,4,4,4,4,4,4,4,4,4,4,4,4,4,4,4,4,4,4,4,4,4,4,4,4,4,4,4,4,4,4,4,4,4,4,4,4,4,4,4,4,4,4,4,4,4,4,4,4,4,4,4,4,4,4,4,4,4,4,4,4,4,4,4,4,4,4,4,4,4,4,4,4,4,4,4,4,4,4,4,4,4,4,4,4,4,4,4,4,4,4,4,4,4,4,4,4,4,4,4,4,4,4,4,4,4,4,4,4,4,4,4,4,4,4,4,4,4,4,4,4,AERV01000008.1/36411-36559,1
1990,0,2,3,2,2,1,3,1,0,3,3,1,4,0,1,1,4,2,0,4,1,3,3,0,3,2,3,1,4,0,2,1,4,4,4,4,1,1,1,3,3,4,1,2,2,4,4,4,4,4,4,2,0,1,2,3,4,4,4,4,4,4,4,4,4,4,4,4,4,4,4,4,4,4,4,4,4,4,4,4,4,2,1,3,0,1,0,3,0,0,0,0,3,4,3,4,1,2,0,4,0,3,2,0,1,2,1,0,4,4,4,4,1,0,0,4,4,4,4,4,4,4,1,0,0,2,2,3,2,1,1,3,2,1,1,2,3,1,1,0,0,1,3,3,4,4,1,3,2,0,3,0,3,1,0,4,4,4,4,4,4,4,4,2,1,2,3,0,4,4,4,4,2,1,3,4,4,4,4,4,4,4,4,4,4,4,4,4,4,4,4,4,4,4,4,4,4,4,4,4,4,4,4,4,4,4,4,4,0,4,4,3,0,3,1,0,4,0,1,1,0,3,4,4,1,4,4,4,2,2,2,1,2,0,0,0,1,2,3,1,2,0,4,4,4,4,4,2,3,3,0,2,2,1,0,1,1,2,1,1,3,3,4,4,4,4,4,4,4,4,4,4,4,4,4,4,4,4,4,4,4,4,4,4,4,4,4,4,4,4,4,4,4,4,4,4,4,4,4,4,4,4,4,4,4,4,4,4,4,4,4,4,4,4,4,4,4,4,4,4,4,4,4,4,4,4,4,4,4,4,4,4,4,4,4,4,4,4,4,4,4,4,4,4,4,4,4,4,4,4,4,4,4,4,4,4,4,4,4,4,4,4,4,4,4,4,4,4,4,4,4,4,4,4,4,4,4,4,4,4,4,4,4,4,4,4,4,4,4,4,4,4,4,4,4,4,4,4,4,4,4,4,4,4,4,4,4,4,4,4,4,4,4,4,4,4,4,4,4,4,4,4,4,4,4,4,4,4,4,4,4,4,4,4,4,4,4,4,4,4,4,4,4,4,4,4,4,4,4,4,4,4,4,4,4,4,4,CP000038.1/2795314-2795167,1
1991,0,2,3,3,2,1,3,1,0,3,3,1,4,0,1,1,4,3,3,4,3,3,3,0,3,2,0,3,4,0,2,1,1,1,1,2,1,0,0,3,3,4,0,0,2,1,2,2,0,3,4,2,0,3,2,1,4,4,4,4,4,4,4,4,4,4,4,4,4,4,4,4,4,4,4,4,4,4,4,4,4,2,1,3,3,1,0,3,0,0,2,1,1,3,1,4,1,2,0,4,0,3,2,0,3,2,1,1,4,4,4,4,3,0,0,2,4,4,4,4,4,4,0,1,3,2,2,3,2,1,1,3,0,3,1,2,3,1,1,0,1,1,3,0,0,0,1,1,2,0,1,0,3,3,2,3,2,3,4,4,4,4,4,2,0,0,0,2,1,4,4,4,0,1,0,4,4,4,4,4,4,4,4,4,4,4,4,4,4,4,4,4,4,4,4,4,4,4,4,4,4,4,4,4,4,4,4,4,3,4,4,3,0,3,1,0,4,0,0,1,0,3,4,4,1,4,4,4,2,2,0,1,2,0,1,0,1,2,3,3,2,0,4,4,4,4,4,2,3,2,0,2,2,1,0,1,1,2,1,1,3,0,4,4,4,4,4,4,4,4,4,4,4,4,4,4,4,4,4,4,4,4,4,4,4,4,4,4,4,4,4,4,4,4,4,4,4,4,4,4,4,4,4,4,4,4,4,4,4,4,4,4,4,4,4,4,4,4,4,4,4,4,4,4,4,4,4,4,4,4,4,4,4,4,4,4,4,4,4,4,4,4,4,4,4,4,4,4,4,4,4,4,4,4,4,4,4,4,4,4,4,4,4,4,4,4,4,4,4,4,4,4,4,4,4,4,4,4,4,4,4,4,4,4,4,4,4,4,4,4,4,4,4,4,4,4,4,4,4,4,4,4,4,4,4,4,4,4,4,4,4,4,4,4,4,4,4,4,4,4,4,4,4,4,4,4,4,4,4,4,4,4,4,4,4,4,4,4,4,4,4,4,4,4,4,4,4,4,4,4,4,4,4,4,4,4,4,CP001593.1/3120348-3120512,1
1992,0,2,0,3,2,1,3,1,0,3,3,1,4,3,0,3,4,1,3,4,1,3,3,0,3,2,3,3,4,1,2,1,1,3,4,4,4,4,4,4,4,4,4,4,4,4,4,4,4,4,4,4,4,4,4,4,3,0,4,4,4,4,4,4,4,4,4,4,4,4,4,4,4,4,4,4,4,4,4,2,3,2,1,1,3,1,0,3,0,0,0,1,3,1,1,4,2,2,0,4,0,3,2,0,1,2,1,0,4,4,4,4,2,0,2,1,1,2,4,4,3,3,3,0,1,2,2,3,2,1,3,3,0,3,1,2,3,1,1,4,0,1,3,2,0,4,1,0,2,0,3,2,3,1,4,4,4,4,4,4,4,4,4,2,1,3,3,0,3,4,4,4,2,1,1,4,4,4,4,4,4,4,4,4,4,4,4,4,4,4,4,4,4,4,4,4,4,4,4,4,4,4,4,4,4,4,4,4,3,4,4,1,0,3,1,0,4,2,0,1,0,1,4,4,1,0,4,3,2,2,0,1,0,1,0,0,1,2,3,3,2,0,4,4,4,4,4,2,3,2,0,0,2,1,0,1,1,1,0,1,3,3,4,4,4,4,4,4,4,4,4,4,4,4,4,4,4,4,4,4,4,4,4,4,4,4,4,4,4,4,4,4,4,4,4,4,4,4,4,4,4,4,4,4,4,4,4,4,4,4,4,4,4,4,4,4,4,4,4,4,4,4,4,4,4,4,4,4,4,4,4,4,4,4,4,4,4,4,4,4,4,4,4,4,4,4,4,4,4,4,4,4,4,4,4,4,4,4,4,4,4,4,4,4,4,4,4,4,4,4,4,4,4,4,4,4,4,4,4,4,4,4,4,4,4,4,4,4,4,4,4,4,4,4,4,4,4,4,4,4,4,4,4,4,4,4,4,4,4,4,4,4,4,4,4,4,4,4,4,4,4,4,4,4,4,4,4,4,4,4,4,4,4,4,4,4,4,4,4,4,4,4,4,4,4,4,4,4,4,4,4,4,4,4,4,4,4,CP001665.1/4467130-4466982,1
1993,0,2,0,3,2,1,3,1,0,3,3,1,4,1,0,3,4,1,3,4,1,3,3,0,3,2,3,3,4,1,2,1,1,3,3,4,1,4,4,4,4,4,4,4,4,4,4,4,4,4,4,4,4,4,4,4,3,4,4,4,4,4,4,4,4,4,4,4,4,4,4,4,4,4,4,4,4,4,4,4,2,2,1,1,3,1,0,3,0,0,0,1,3,1,0,4,2,2,0,4,0,3,2,0,3,2,1,0,4,4,4,4,2,0,2,1,1,2,4,4,3,3,3,0,1,2,2,3,2,1,3,3,0,3,1,2,3,1,1,4,0,1,3,2,0,4,1,0,2,0,3,2,3,1,4,4,4,4,4,4,4,4,4,2,1,3,3,0,1,4,4,4,2,1,1,4,4,4,4,4,4,4,4,4,4,4,4,4,4,4,4,4,4,4,4,4,4,4,4,4,4,4,4,4,4,4,4,4,3,4,4,1,0,3,1,0,4,0,0,1,0,1,4,4,1,1,4,3,2,2,0,1,0,1,0,0,1,2,3,3,2,0,4,4,4,4,4,2,3,2,0,0,2,1,0,1,1,1,1,3,3,3,4,4,4,4,4,4,4,4,4,4,4,4,4,4,4,4,4,4,4,4,4,4,4,4,4,4,4,4,4,4,4,4,4,4,4,4,4,4,4,4,4,4,4,4,4,4,4,4,4,4,4,4,4,4,4,4,4,4,4,4,4,4,4,4,4,4,4,4,4,4,4,4,4,4,4,4,4,4,4,4,4,4,4,4,4,4,4,4,4,4,4,4,4,4,4,4,4,4,4,4,4,4,4,4,4,4,4,4,4,4,4,4,4,4,4,4,4,4,4,4,4,4,4,4,4,4,4,4,4,4,4,4,4,4,4,4,4,4,4,4,4,4,4,4,4,4,4,4,4,4,4,4,4,4,4,4,4,4,4,4,4,4,4,4,4,4,4,4,4,4,4,4,4,4,4,4,4,4,4,4,4,4,4,4,4,4,4,4,4,4,4,4,4,4,4,AFCW01002147.1/314-462,1
1994,0,2,3,2,2,1,3,1,0,3,3,1,4,0,1,1,4,2,0,4,1,3,3,0,3,2,3,1,4,0,2,1,4,4,4,4,1,1,1,3,3,4,1,2,2,4,4,4,4,4,4,2,0,1,2,3,4,4,4,4,4,4,4,4,4,4,4,4,4,4,4,4,4,4,4,4,4,4,4,4,4,2,1,3,0,1,0,3,0,0,0,0,3,4,3,4,1,2,0,4,0,3,2,0,1,2,1,0,4,4,4,4,1,0,0,4,4,4,4,4,4,4,1,0,0,2,2,3,2,1,1,3,2,1,1,2,3,1,1,0,0,1,3,3,4,4,1,3,2,0,3,0,3,1,0,4,4,4,4,4,4,4,4,2,1,2,3,0,4,4,4,4,2,1,3,4,4,4,4,4,4,4,4,4,4,4,4,4,4,4,4,4,4,4,4,4,4,4,4,4,4,4,4,4,4,4,4,4,0,4,4,3,0,3,1,0,4,0,1,1,0,3,4,4,1,4,4,4,2,2,2,1,2,0,0,0,1,2,3,1,2,0,4,4,4,4,4,2,3,3,0,2,2,1,0,1,1,2,1,1,3,3,4,4,4,4,4,4,4,4,4,4,4,4,4,4,4,4,4,4,4,4,4,4,4,4,4,4,4,4,4,4,4,4,4,4,4,4,4,4,4,4,4,4,4,4,4,4,4,4,4,4,4,4,4,4,4,4,4,4,4,4,4,4,4,4,4,4,4,4,4,4,4,4,4,4,4,4,4,4,4,4,4,4,4,4,4,4,4,4,4,4,4,4,4,4,4,4,4,4,4,4,4,4,4,4,4,4,4,4,4,4,4,4,4,4,4,4,4,4,4,4,4,4,4,4,4,4,4,4,4,4,4,4,4,4,4,4,4,4,4,4,4,4,4,4,4,4,4,4,4,4,4,4,4,4,4,4,4,4,4,4,4,4,4,4,4,4,4,4,4,4,4,4,4,4,4,4,4,4,4,4,4,4,4,4,4,4,4,4,4,4,4,4,4,4,4,AELB01000019.1/84840-84693,1
1995,0,2,0,3,2,1,3,1,0,3,3,1,4,1,0,3,4,1,3,4,1,3,3,0,3,2,3,3,4,1,2,1,1,3,4,4,4,4,4,4,4,4,4,4,4,4,4,4,4,4,4,4,4,4,4,4,3,0,4,4,4,4,4,4,4,4,4,4,4,4,4,4,4,4,4,4,4,4,4,2,3,2,1,1,3,1,0,3,0,0,0,1,3,1,1,4,2,2,0,4,0,3,2,0,1,2,1,0,4,4,4,4,2,0,2,1,1,2,4,4,3,3,3,0,1,2,2,3,2,1,3,3,0,3,1,2,3,1,1,4,0,1,3,2,0,4,1,0,2,0,3,2,3,1,4,4,4,4,4,4,4,4,4,2,1,3,3,0,3,4,4,4,2,1,1,4,4,4,4,4,4,4,4,4,4,4,4,4,4,4,4,4,4,4,4,4,4,4,4,4,4,4,4,4,4,4,4,4,3,4,4,1,0,3,1,0,4,2,0,1,0,1,4,4,1,0,4,3,2,2,0,1,0,1,0,0,1,2,3,3,2,0,4,4,4,4,4,2,3,2,0,0,2,1,0,1,1,1,0,1,3,3,4,4,4,4,4,4,4,4,4,4,4,4,4,4,4,4,4,4,4,4,4,4,4,4,4,4,4,4,4,4,4,4,4,4,4,4,4,4,4,4,4,4,4,4,4,4,4,4,4,4,4,4,4,4,4,4,4,4,4,4,4,4,4,4,4,4,4,4,4,4,4,4,4,4,4,4,4,4,4,4,4,4,4,4,4,4,4,4,4,4,4,4,4,4,4,4,4,4,4,4,4,4,4,4,4,4,4,4,4,4,4,4,4,4,4,4,4,4,4,4,4,4,4,4,4,4,4,4,4,4,4,4,4,4,4,4,4,4,4,4,4,4,4,4,4,4,4,4,4,4,4,4,4,4,4,4,4,4,4,4,4,4,4,4,4,4,4,4,4,4,4,4,4,4,4,4,4,4,4,4,4,4,4,4,4,4,4,4,4,4,4,4,4,4,4,AE014075.1/4486598-4486746,1
1996,0,2,0,3,2,1,3,1,0,3,3,1,4,1,0,3,4,1,3,4,1,3,3,0,3,2,3,3,4,1,2,1,1,3,3,4,1,4,4,4,4,4,4,4,4,4,4,4,4,4,4,4,4,4,4,4,3,4,4,4,4,4,4,4,4,4,4,4,4,4,4,4,4,4,4,4,4,4,4,4,2,2,1,1,3,1,0,3,0,0,0,1,3,1,0,4,2,2,0,4,0,3,2,0,3,2,1,0,4,4,4,4,2,0,2,1,1,2,4,4,3,3,3,0,1,2,2,3,2,1,3,3,0,3,1,2,3,1,1,4,0,1,3,2,0,4,1,0,2,0,3,2,3,1,4,4,4,4,4,4,4,4,4,2,1,3,3,0,1,4,4,4,2,1,1,4,4,4,4,4,4,4,4,4,4,4,4,4,4,4,4,4,4,4,4,4,4,4,4,4,4,4,4,4,4,4,4,4,3,4,4,1,0,3,1,0,4,0,0,1,0,1,4,4,1,1,4,3,2,2,0,1,0,1,0,0,1,2,3,3,2,0,4,4,4,4,4,2,3,2,0,0,2,1,0,1,1,1,1,3,3,3,4,4,4,4,4,4,4,4,4,4,4,4,4,4,4,4,4,4,4,4,4,4,4,4,4,4,4,4,4,4,4,4,4,4,4,4,4,4,4,4,4,4,4,4,4,4,4,4,4,4,4,4,4,4,4,4,4,4,4,4,4,4,4,4,4,4,4,4,4,4,4,4,4,4,4,4,4,4,4,4,4,4,4,4,4,4,4,4,4,4,4,4,4,4,4,4,4,4,4,4,4,4,4,4,4,4,4,4,4,4,4,4,4,4,4,4,4,4,4,4,4,4,4,4,4,4,4,4,4,4,4,4,4,4,4,4,4,4,4,4,4,4,4,4,4,4,4,4,4,4,4,4,4,4,4,4,4,4,4,4,4,4,4,4,4,4,4,4,4,4,4,4,4,4,4,4,4,4,4,4,4,4,4,4,4,4,4,4,4,4,4,4,4,4,4,AESO01000034.1/53203-53055,1
1997,0,2,3,2,2,1,3,1,0,3,3,1,4,0,1,1,4,2,0,4,1,3,3,0,3,2,3,1,4,0,2,1,4,4,4,4,1,1,1,3,3,4,1,2,2,4,4,4,4,4,4,2,0,1,2,3,4,4,4,4,4,4,4,4,4,4,4,4,4,4,4,4,4,4,4,4,4,4,4,4,4,2,1,3,0,1,0,3,0,0,0,0,3,4,3,4,1,2,0,4,0,3,2,0,1,2,1,0,4,4,4,4,1,0,0,4,4,4,4,4,4,4,1,0,0,2,2,3,2,1,1,3,2,1,1,2,3,1,1,0,0,1,3,3,4,4,1,3,2,0,3,0,3,1,0,4,4,4,4,4,4,4,4,2,1,2,3,0,4,4,4,4,2,1,3,4,4,4,4,4,4,4,4,4,4,4,4,4,4,4,4,4,4,4,4,4,4,4,4,4,4,4,4,4,4,4,4,4,0,4,4,3,0,3,1,0,4,0,1,1,0,3,4,4,1,4,4,4,2,2,2,1,2,0,0,0,1,2,3,1,2,0,4,4,4,4,4,2,3,3,0,2,2,1,0,1,1,2,1,1,3,3,4,4,4,4,4,4,4,4,4,4,4,4,4,4,4,4,4,4,4,4,4,4,4,4,4,4,4,4,4,4,4,4,4,4,4,4,4,4,4,4,4,4,4,4,4,4,4,4,4,4,4,4,4,4,4,4,4,4,4,4,4,4,4,4,4,4,4,4,4,4,4,4,4,4,4,4,4,4,4,4,4,4,4,4,4,4,4,4,4,4,4,4,4,4,4,4,4,4,4,4,4,4,4,4,4,4,4,4,4,4,4,4,4,4,4,4,4,4,4,4,4,4,4,4,4,4,4,4,4,4,4,4,4,4,4,4,4,4,4,4,4,4,4,4,4,4,4,4,4,4,4,4,4,4,4,4,4,4,4,4,4,4,4,4,4,4,4,4,4,4,4,4,4,4,4,4,4,4,4,4,4,4,4,4,4,4,4,4,4,4,4,4,4,4,4,AFRI01000007.1/900197-900050,1
1998,0,2,0,3,2,1,3,1,0,3,3,1,4,1,0,3,4,1,3,4,1,3,3,0,3,2,3,3,4,1,2,1,1,3,3,4,1,4,4,4,4,4,4,4,4,4,4,4,4,4,4,4,4,4,4,4,3,4,4,4,4,4,4,4,4,4,4,4,4,4,4,4,4,4,4,4,4,4,4,4,2,2,1,1,3,1,0,3,0,0,0,1,3,1,0,4,2,2,0,4,0,3,2,0,3,2,1,0,4,4,4,4,2,0,2,1,1,2,4,4,3,3,3,0,1,2,2,3,2,1,3,3,0,3,1,2,3,1,1,4,0,1,3,2,0,4,1,0,2,0,3,2,3,1,4,4,4,4,4,4,4,4,4,2,1,3,3,0,1,4,4,4,2,1,1,4,4,4,4,4,4,4,4,4,4,4,4,4,4,4,4,4,4,4,4,4,4,4,4,4,4,4,4,4,4,4,4,4,3,4,4,1,0,3,1,0,4,0,0,1,0,1,4,4,1,1,4,3,2,2,0,1,0,1,0,0,1,2,3,3,2,0,4,4,4,4,4,2,3,2,0,0,2,1,0,1,1,1,1,3,3,3,4,4,4,4,4,4,4,4,4,4,4,4,4,4,4,4,4,4,4,4,4,4,4,4,4,4,4,4,4,4,4,4,4,4,4,4,4,4,4,4,4,4,4,4,4,4,4,4,4,4,4,4,4,4,4,4,4,4,4,4,4,4,4,4,4,4,4,4,4,4,4,4,4,4,4,4,4,4,4,4,4,4,4,4,4,4,4,4,4,4,4,4,4,4,4,4,4,4,4,4,4,4,4,4,4,4,4,4,4,4,4,4,4,4,4,4,4,4,4,4,4,4,4,4,4,4,4,4,4,4,4,4,4,4,4,4,4,4,4,4,4,4,4,4,4,4,4,4,4,4,4,4,4,4,4,4,4,4,4,4,4,4,4,4,4,4,4,4,4,4,4,4,4,4,4,4,4,4,4,4,4,4,4,4,4,4,4,4,4,4,4,4,4,4,4,AFCJ01002363.1/295-443,1
1999,0,2,0,3,2,1,3,1,0,3,3,1,4,1,0,3,4,1,3,4,1,3,3,0,3,2,3,3,4,1,2,1,1,3,4,4,4,4,4,4,4,4,4,4,4,4,4,4,4,4,4,4,4,4,4,4,3,0,4,4,4,4,4,4,4,4,4,4,4,4,4,4,4,4,4,4,4,4,4,2,3,2,1,1,3,1,0,3,0,0,0,1,3,1,1,4,2,2,0,4,0,3,2,0,1,2,1,0,4,4,4,4,2,0,2,1,1,2,4,4,3,3,3,0,1,2,2,3,2,1,3,3,0,3,1,2,3,1,1,4,0,1,3,2,0,4,1,0,2,0,3,2,3,1,4,4,4,4,4,4,4,4,4,2,1,3,3,0,3,4,4,4,2,1,1,4,4,4,4,4,4,4,4,4,4,4,4,4,4,4,4,4,4,4,4,4,4,4,4,4,4,4,4,4,4,4,4,4,3,4,4,1,0,3,1,0,4,2,0,1,0,1,4,4,1,0,4,3,2,2,0,1,0,1,0,0,1,2,3,3,2,0,4,4,4,4,4,2,3,2,0,0,2,1,0,1,1,1,0,1,3,3,4,4,4,4,4,4,4,4,4,4,4,4,4,4,4,4,4,4,4,4,4,4,4,4,4,4,4,4,4,4,4,4,4,4,4,4,4,4,4,4,4,4,4,4,4,4,4,4,4,4,4,4,4,4,4,4,4,4,4,4,4,4,4,4,4,4,4,4,4,4,4,4,4,4,4,4,4,4,4,4,4,4,4,4,4,4,4,4,4,4,4,4,4,4,4,4,4,4,4,4,4,4,4,4,4,4,4,4,4,4,4,4,4,4,4,4,4,4,4,4,4,4,4,4,4,4,4,4,4,4,4,4,4,4,4,4,4,4,4,4,4,4,4,4,4,4,4,4,4,4,4,4,4,4,4,4,4,4,4,4,4,4,4,4,4,4,4,4,4,4,4,4,4,4,4,4,4,4,4,4,4,4,4,4,4,4,4,4,4,4,4,4,4,4,4,AEHV01000118.1/15902-15754,1
2000,0,2,0,3,2,1,3,1,0,3,3,1,4,1,0,3,4,1,3,4,1,3,3,0,3,2,3,3,4,1,2,1,1,3,4,4,4,4,4,4,4,4,4,4,4,4,4,4,4,4,4,4,4,4,4,4,3,0,4,4,4,4,4,4,4,4,4,4,4,4,4,4,4,4,4,4,4,4,4,2,3,2,1,1,3,1,0,3,0,0,0,1,3,1,1,4,2,2,0,4,0,3,2,0,1,2,1,0,4,4,4,4,2,0,2,1,1,2,4,4,3,3,3,0,1,2,2,3,2,1,3,3,0,3,1,2,3,1,1,4,0,1,3,2,0,4,1,0,2,0,3,2,3,1,4,4,4,4,4,4,4,4,4,2,1,3,3,0,3,4,4,4,2,1,1,4,4,4,4,4,4,4,4,4,4,4,4,4,4,4,4,4,4,4,4,4,4,4,4,4,4,4,4,4,4,4,4,4,3,4,4,1,0,3,1,0,4,2,0,1,0,1,4,4,1,0,4,3,2,2,0,1,0,1,0,0,1,2,3,3,2,0,4,4,4,4,4,2,3,2,0,0,2,1,0,1,1,1,0,1,3,2,4,4,4,4,4,4,4,4,4,4,4,4,4,4,4,4,4,4,4,4,4,4,4,4,4,4,4,4,4,4,4,4,4,4,4,4,4,4,4,4,4,4,4,4,4,4,4,4,4,4,4,4,4,4,4,4,4,4,4,4,4,4,4,4,4,4,4,4,4,4,4,4,4,4,4,4,4,4,4,4,4,4,4,4,4,4,4,4,4,4,4,4,4,4,4,4,4,4,4,4,4,4,4,4,4,4,4,4,4,4,4,4,4,4,4,4,4,4,4,4,4,4,4,4,4,4,4,4,4,4,4,4,4,4,4,4,4,4,4,4,4,4,4,4,4,4,4,4,4,4,4,4,4,4,4,4,4,4,4,4,4,4,4,4,4,4,4,4,4,4,4,4,4,4,4,4,4,4,4,4,4,4,4,4,4,4,4,4,4,4,4,4,4,4,4,ADUU01000045.1/14930-15078,1
2001,0,2,3,2,2,1,3,1,0,3,3,1,4,0,1,1,4,3,3,4,1,3,3,0,3,2,3,1,4,0,2,1,4,4,4,4,1,1,1,3,3,4,0,2,2,4,4,4,4,4,4,2,0,1,2,1,4,4,4,4,4,4,4,4,4,4,4,4,4,4,4,4,4,4,4,4,4,4,4,4,4,2,1,3,0,1,0,3,0,0,0,1,3,4,3,4,1,2,0,4,0,3,2,0,1,2,1,0,4,4,4,4,1,0,0,4,4,4,4,4,4,4,1,0,0,2,2,3,2,1,1,3,2,1,1,2,3,1,1,0,0,1,3,3,4,4,1,3,2,0,3,0,0,1,0,4,4,4,4,4,4,4,4,2,1,2,3,0,4,4,4,4,2,1,3,4,4,4,4,4,4,4,4,4,4,4,4,4,4,4,4,4,4,4,4,4,4,4,4,4,4,4,4,4,4,4,4,4,3,4,4,3,0,3,1,0,4,0,1,1,3,1,4,4,1,4,4,4,2,2,2,1,2,0,0,0,1,2,3,1,2,0,4,4,4,4,4,2,3,3,0,2,2,1,0,1,1,2,1,1,3,3,4,4,4,4,4,4,4,4,4,4,4,4,4,4,4,4,4,4,4,4,4,4,4,4,4,4,4,4,4,4,4,4,4,4,4,4,4,4,4,4,4,4,4,4,4,4,4,4,4,4,4,4,4,4,4,4,4,4,4,4,4,4,4,4,4,4,4,4,4,4,4,4,4,4,4,4,4,4,4,4,4,4,4,4,4,4,4,4,4,4,4,4,4,4,4,4,4,4,4,4,4,4,4,4,4,4,4,4,4,4,4,4,4,4,4,4,4,4,4,4,4,4,4,4,4,4,4,4,4,4,4,4,4,4,4,4,4,4,4,4,4,4,4,4,4,4,4,4,4,4,4,4,4,4,4,4,4,4,4,4,4,4,4,4,4,4,4,4,4,4,4,4,4,4,4,4,4,4,4,4,4,4,4,4,4,4,4,4,4,4,4,4,4,4,4,CP001363.1/2759400-2759253,1
2002,0,2,3,2,2,1,3,1,0,3,3,1,4,0,1,1,4,2,0,4,1,3,3,0,3,2,3,1,4,0,2,1,4,4,4,4,1,1,1,3,3,4,1,2,2,4,4,4,4,4,4,2,0,1,2,3,4,4,4,4,4,4,4,4,4,4,4,4,4,4,4,4,4,4,4,4,4,4,4,4,4,2,1,3,0,1,0,3,0,0,0,0,3,4,3,4,1,2,0,4,0,3,2,0,1,2,1,0,4,4,4,4,1,0,0,4,4,4,4,4,4,4,1,0,0,2,2,3,2,1,1,3,2,1,1,2,3,1,1,0,0,1,3,3,4,4,1,3,2,0,3,0,3,1,0,4,4,4,4,4,4,4,4,2,1,2,3,0,4,4,4,4,2,1,3,4,4,4,4,4,4,4,4,4,4,4,4,4,4,4,4,4,4,4,4,4,4,4,4,4,4,4,4,4,4,4,4,4,0,4,4,3,0,3,1,0,4,0,1,1,1,3,4,4,1,4,4,4,2,2,2,1,2,0,0,0,1,2,3,1,2,0,4,4,4,4,4,2,3,3,0,2,2,1,0,1,1,2,1,1,3,3,4,4,4,4,4,4,4,4,4,4,4,4,4,4,4,4,4,4,4,4,4,4,4,4,4,4,4,4,4,4,4,4,4,4,4,4,4,4,4,4,4,4,4,4,4,4,4,4,4,4,4,4,4,4,4,4,4,4,4,4,4,4,4,4,4,4,4,4,4,4,4,4,4,4,4,4,4,4,4,4,4,4,4,4,4,4,4,4,4,4,4,4,4,4,4,4,4,4,4,4,4,4,4,4,4,4,4,4,4,4,4,4,4,4,4,4,4,4,4,4,4,4,4,4,4,4,4,4,4,4,4,4,4,4,4,4,4,4,4,4,4,4,4,4,4,4,4,4,4,4,4,4,4,4,4,4,4,4,4,4,4,4,4,4,4,4,4,4,4,4,4,4,4,4,4,4,4,4,4,4,4,4,4,4,4,4,4,4,4,4,4,4,4,4,4,CP000970.1/2786540-2786393,1
2003,0,2,3,3,2,1,3,1,0,3,3,1,4,0,1,1,4,3,3,4,3,3,3,0,3,2,0,3,4,0,2,1,1,1,1,2,1,0,0,3,3,4,0,0,2,1,2,2,0,3,4,2,0,3,2,1,4,4,4,4,4,4,4,4,4,4,4,4,4,4,4,4,4,4,4,4,4,4,4,4,4,2,1,3,3,1,0,3,0,0,2,1,1,3,1,4,1,2,0,4,0,3,2,0,3,2,1,1,4,4,4,4,3,0,0,2,4,4,4,4,4,4,0,1,3,2,2,3,2,1,1,3,0,3,1,2,3,1,1,0,1,1,3,0,0,0,1,1,2,0,1,0,3,3,2,3,2,3,4,4,4,4,4,2,0,0,0,2,1,4,4,4,0,1,0,4,4,4,4,4,4,4,4,4,4,4,4,4,4,4,4,4,4,4,4,4,4,4,4,4,4,4,4,4,4,4,4,4,3,4,4,3,0,3,1,0,4,0,0,1,0,3,4,4,1,4,4,4,2,2,0,1,2,0,1,0,1,2,3,3,2,0,4,4,4,4,4,2,3,2,0,2,2,1,0,1,1,2,1,1,3,0,4,4,4,4,4,4,4,4,4,4,4,4,4,4,4,4,4,4,4,4,4,4,4,4,4,4,4,4,4,4,4,4,4,4,4,4,4,4,4,4,4,4,4,4,4,4,4,4,4,4,4,4,4,4,4,4,4,4,4,4,4,4,4,4,4,4,4,4,4,4,4,4,4,4,4,4,4,4,4,4,4,4,4,4,4,4,4,4,4,4,4,4,4,4,4,4,4,4,4,4,4,4,4,4,4,4,4,4,4,4,4,4,4,4,4,4,4,4,4,4,4,4,4,4,4,4,4,4,4,4,4,4,4,4,4,4,4,4,4,4,4,4,4,4,4,4,4,4,4,4,4,4,4,4,4,4,4,4,4,4,4,4,4,4,4,4,4,4,4,4,4,4,4,4,4,4,4,4,4,4,4,4,4,4,4,4,4,4,4,4,4,4,4,4,4,ACNT01000024.1/30266-30102,1
2004,0,2,3,2,2,1,3,1,0,3,3,1,4,0,1,1,4,2,0,4,1,3,3,0,3,2,3,1,4,0,2,1,4,4,4,4,1,1,1,3,3,4,1,2,2,4,4,4,4,4,4,2,0,1,2,3,4,4,4,4,4,4,4,4,4,4,4,4,4,4,4,4,4,4,4,4,4,4,4,4,4,2,1,3,0,1,0,3,0,0,0,0,3,4,3,4,1,2,0,4,0,3,2,0,1,2,1,0,4,4,4,4,1,0,0,4,4,4,4,4,4,4,1,0,0,2,2,3,2,1,1,3,2,1,1,2,3,1,1,0,0,1,3,3,4,4,1,3,2,0,3,0,3,1,0,4,4,4,4,4,4,4,4,2,1,2,3,0,4,4,4,4,2,1,3,4,4,4,4,4,4,4,4,4,4,4,4,4,4,4,4,4,4,4,4,4,4,4,4,4,4,4,4,4,4,4,4,4,0,4,4,3,0,3,1,0,4,0,1,1,0,3,4,4,1,4,4,4,2,2,2,1,2,0,0,0,1,2,3,1,2,0,4,4,4,4,4,2,3,3,0,2,2,1,0,1,1,2,1,1,3,3,4,4,4,4,4,4,4,4,4,4,4,4,4,4,4,4,4,4,4,4,4,4,4,4,4,4,4,4,4,4,4,4,4,4,4,4,4,4,4,4,4,4,4,4,4,4,4,4,4,4,4,4,4,4,4,4,4,4,4,4,4,4,4,4,4,4,4,4,4,4,4,4,4,4,4,4,4,4,4,4,4,4,4,4,4,4,4,4,4,4,4,4,4,4,4,4,4,4,4,4,4,4,4,4,4,4,4,4,4,4,4,4,4,4,4,4,4,4,4,4,4,4,4,4,4,4,4,4,4,4,4,4,4,4,4,4,4,4,4,4,4,4,4,4,4,4,4,4,4,4,4,4,4,4,4,4,4,4,4,4,4,4,4,4,4,4,4,4,4,4,4,4,4,4,4,4,4,4,4,4,4,4,4,4,4,4,4,4,4,4,4,4,4,4,4,ACXN01000304.1/7351-7204,1
2005,0,2,3,2,2,1,3,1,0,3,3,1,4,0,1,1,4,2,0,4,1,3,3,0,3,2,3,1,4,0,2,1,4,4,4,4,1,1,1,3,3,4,1,2,2,4,4,4,4,4,4,2,0,1,2,3,4,4,4,4,4,4,4,4,4,4,4,4,4,4,4,4,4,4,4,4,4,4,4,4,4,2,1,3,0,1,0,3,0,0,0,0,3,4,3,4,1,2,0,4,0,3,2,0,1,2,1,0,4,4,4,4,1,0,0,4,4,4,4,4,4,4,1,0,0,2,2,3,2,1,1,3,2,1,1,2,3,1,1,0,0,1,3,3,4,4,1,3,2,0,3,0,3,1,0,4,4,4,4,4,4,4,4,2,1,2,3,0,4,4,4,4,2,1,3,4,4,4,4,4,4,4,4,4,4,4,4,4,4,4,4,4,4,4,4,4,4,4,4,4,4,4,4,4,4,4,4,4,0,4,4,3,0,3,1,0,4,0,1,1,0,3,4,4,1,4,4,4,2,2,2,1,2,0,0,0,1,2,3,1,2,0,4,4,4,4,4,2,3,3,0,2,2,1,0,1,1,2,1,1,3,3,4,4,4,4,4,4,4,4,4,4,4,4,4,4,4,4,4,4,4,4,4,4,4,4,4,4,4,4,4,4,4,4,4,4,4,4,4,4,4,4,4,4,4,4,4,4,4,4,4,4,4,4,4,4,4,4,4,4,4,4,4,4,4,4,4,4,4,4,4,4,4,4,4,4,4,4,4,4,4,4,4,4,4,4,4,4,4,4,4,4,4,4,4,4,4,4,4,4,4,4,4,4,4,4,4,4,4,4,4,4,4,4,4,4,4,4,4,4,4,4,4,4,4,4,4,4,4,4,4,4,4,4,4,4,4,4,4,4,4,4,4,4,4,4,4,4,4,4,4,4,4,4,4,4,4,4,4,4,4,4,4,4,4,4,4,4,4,4,4,4,4,4,4,4,4,4,4,4,4,4,4,4,4,4,4,4,4,4,4,4,4,4,4,4,4,AFDQ01000025.1/726182-726035,1
2006,0,2,3,2,2,1,3,1,0,3,3,1,4,0,1,1,4,2,0,4,1,3,3,0,3,2,3,1,4,0,2,1,4,4,4,4,1,1,1,3,3,4,1,2,2,4,4,4,4,4,4,2,0,1,2,3,4,4,4,4,4,4,4,4,4,4,4,4,4,4,4,4,4,4,4,4,4,4,4,4,4,2,1,3,0,1,0,3,0,0,0,0,3,4,3,4,1,2,0,4,0,3,2,0,1,2,1,0,4,4,4,4,1,0,0,4,4,4,4,4,4,4,1,0,0,2,2,3,2,1,1,3,2,1,1,2,3,1,1,0,0,1,3,3,4,4,1,3,2,0,3,0,3,1,0,4,4,4,4,4,4,4,4,2,1,2,3,0,4,4,4,4,2,1,3,4,4,4,4,4,4,4,4,4,4,4,4,4,4,4,4,4,4,4,4,4,4,4,4,4,4,4,4,4,4,4,4,4,0,4,4,3,0,3,1,0,4,0,1,1,0,3,4,4,1,4,4,4,2,2,2,1,2,0,0,0,1,2,3,1,2,0,4,4,4,4,4,2,3,3,0,2,2,1,0,1,1,2,1,1,3,3,4,4,4,4,4,4,4,4,4,4,4,4,4,4,4,4,4,4,4,4,4,4,4,4,4,4,4,4,4,4,4,4,4,4,4,4,4,4,4,4,4,4,4,4,4,4,4,4,4,4,4,4,4,4,4,4,4,4,4,4,4,4,4,4,4,4,4,4,4,4,4,4,4,4,4,4,4,4,4,4,4,4,4,4,4,4,4,4,4,4,4,4,4,4,4,4,4,4,4,4,4,4,4,4,4,4,4,4,4,4,4,4,4,4,4,4,4,4,4,4,4,4,4,4,4,4,4,4,4,4,4,4,4,4,4,4,4,4,4,4,4,4,4,4,4,4,4,4,4,4,4,4,4,4,4,4,4,4,4,4,4,4,4,4,4,4,4,4,4,4,4,4,4,4,4,4,4,4,4,4,4,4,4,4,4,4,4,4,4,4,4,4,4,4,4,AE005174.2/3481544-3481397,1
2007,0,2,0,3,2,1,3,1,0,3,1,1,4,1,0,1,4,3,3,4,0,3,3,0,3,2,0,1,4,0,2,1,3,3,2,2,1,1,0,3,3,4,0,0,2,2,1,3,0,4,4,0,3,3,3,0,4,4,4,4,4,4,4,4,4,4,4,4,4,4,4,4,4,4,4,4,4,4,4,4,4,2,1,3,3,1,0,3,0,0,0,1,1,1,0,4,2,2,2,4,0,3,2,0,1,2,1,0,4,4,4,4,2,0,2,1,1,2,0,3,3,3,3,0,2,0,2,3,2,1,1,3,0,3,3,2,3,1,1,0,3,2,3,0,0,4,1,1,2,0,3,2,3,3,4,4,4,4,4,4,4,4,4,2,0,2,3,0,4,4,4,4,0,3,2,4,4,4,4,4,4,4,4,4,4,4,4,4,4,4,4,4,4,4,4,4,4,4,4,4,4,4,4,4,4,4,4,4,3,4,4,1,0,3,1,0,4,1,0,3,0,1,4,4,1,4,4,4,2,2,2,1,0,3,0,0,1,2,3,3,2,0,4,4,4,4,4,2,3,2,0,2,2,1,0,1,3,2,0,3,0,3,4,4,4,4,4,4,4,4,4,4,4,4,4,4,4,4,4,4,4,4,4,4,4,4,4,4,4,4,4,4,4,4,4,4,4,4,4,4,4,4,4,4,4,4,4,4,4,4,4,4,4,4,4,4,4,4,4,4,4,4,4,4,4,4,4,4,4,4,4,4,4,4,4,4,4,4,4,4,4,4,4,4,4,4,4,4,4,4,4,4,4,4,4,4,4,4,4,4,4,4,4,4,4,4,4,4,4,4,4,4,4,4,4,4,4,4,4,4,4,4,4,4,4,4,4,4,4,4,4,4,4,4,4,4,4,4,4,4,4,4,4,4,4,4,4,4,4,4,4,4,4,4,4,4,4,4,4,4,4,4,4,4,4,4,4,4,4,4,4,4,4,4,4,4,4,4,4,4,4,4,4,4,4,4,4,4,4,4,4,4,4,4,4,4,4,ABAT01000008.1/60362-60525,1
2008,0,2,0,3,2,1,3,1,0,3,1,3,4,1,0,3,4,3,3,4,1,3,3,0,3,2,3,3,4,3,2,1,2,3,4,4,4,4,4,4,4,4,4,4,4,4,4,4,4,4,4,4,4,4,4,4,0,4,4,4,4,4,4,4,4,4,4,4,4,4,4,4,4,4,4,4,4,4,4,4,0,2,1,3,3,1,0,3,0,0,0,1,1,1,2,4,2,0,2,4,0,3,2,0,1,2,1,0,2,0,2,1,3,0,0,0,4,4,4,4,4,4,3,3,1,2,2,3,2,1,1,3,0,3,3,2,3,1,1,2,2,2,3,3,0,4,3,1,2,0,3,2,3,0,0,0,0,2,0,3,1,1,1,2,0,0,0,3,1,4,4,4,3,3,3,4,4,4,4,4,4,4,4,4,4,4,4,4,4,4,4,4,4,4,4,4,4,4,4,4,4,4,4,4,4,4,4,4,0,4,4,1,0,3,1,0,4,1,1,0,0,1,4,4,0,4,4,4,2,2,0,1,2,3,0,0,1,2,3,3,2,0,4,4,4,4,4,2,3,2,0,2,2,1,0,1,1,0,3,1,1,2,4,4,4,4,4,4,4,4,4,4,4,4,4,4,4,4,4,4,4,4,4,4,4,4,4,4,4,4,4,4,4,4,4,4,4,4,4,4,4,4,4,4,4,4,4,4,4,4,4,4,4,4,4,4,4,4,4,4,4,4,4,4,4,4,4,4,4,4,4,4,4,4,4,4,4,4,4,4,4,4,4,4,4,4,4,4,4,4,4,4,4,4,4,4,4,4,4,4,4,4,4,4,4,4,4,4,4,4,4,4,4,4,4,4,4,4,4,4,4,4,4,4,4,4,4,4,4,4,4,4,4,4,4,4,4,4,4,4,4,4,4,4,4,4,4,4,4,4,4,4,4,4,4,4,4,4,4,4,4,4,4,4,4,4,4,4,4,4,4,4,4,4,4,4,4,4,4,4,4,4,4,4,4,4,4,4,4,4,4,4,4,4,4,4,4,CACX01001895.1/193554-193400,1
2009,0,2,3,2,2,1,3,1,0,3,3,1,4,0,1,1,4,3,3,4,1,3,3,0,3,2,3,1,4,0,2,1,4,4,4,4,1,1,1,3,3,4,0,2,2,4,4,4,4,4,4,2,0,1,2,1,4,4,4,4,4,4,4,4,4,4,4,4,4,4,4,4,4,4,4,4,4,4,4,4,4,2,1,3,0,1,0,3,0,0,0,1,3,4,3,4,1,2,0,4,0,3,2,0,1,2,1,0,4,4,4,4,1,0,0,4,4,4,4,4,4,4,1,0,0,2,2,3,2,1,1,3,2,1,1,2,3,1,1,0,0,1,3,3,4,4,1,3,2,0,3,0,0,3,0,4,4,4,4,4,4,4,4,2,1,2,3,0,4,4,4,4,2,1,3,4,4,4,4,4,4,4,4,4,4,4,4,4,4,4,4,4,4,4,4,4,4,4,4,4,4,4,4,4,4,4,4,4,3,4,4,3,0,3,1,0,4,0,1,1,3,1,4,4,1,4,4,4,2,2,2,1,2,0,0,0,1,2,3,1,2,0,4,4,4,4,4,2,3,3,0,2,2,1,0,1,1,2,1,1,3,3,4,4,4,4,4,4,4,4,4,4,4,4,4,4,4,4,4,4,4,4,4,4,4,4,4,4,4,4,4,4,4,4,4,4,4,4,4,4,4,4,4,4,4,4,4,4,4,4,4,4,4,4,4,4,4,4,4,4,4,4,4,4,4,4,4,4,4,4,4,4,4,4,4,4,4,4,4,4,4,4,4,4,4,4,4,4,4,4,4,4,4,4,4,4,4,4,4,4,4,4,4,4,4,4,4,4,4,4,4,4,4,4,4,4,4,4,4,4,4,4,4,4,4,4,4,4,4,4,4,4,4,4,4,4,4,4,4,4,4,4,4,4,4,4,4,4,4,4,4,4,4,4,4,4,4,4,4,4,4,4,4,4,4,4,4,4,4,4,4,4,4,4,4,4,4,4,4,4,4,4,4,4,4,4,4,4,4,4,4,4,4,4,4,4,4,CP003047.1/336603-336750,1
2010,0,2,0,3,2,1,3,1,0,3,3,1,4,1,0,3,4,1,3,4,1,3,3,0,3,2,3,3,4,1,2,1,1,3,3,4,4,4,4,4,4,4,4,4,4,4,4,4,4,4,4,4,4,4,4,4,1,4,4,4,4,4,4,4,4,4,4,4,4,4,4,4,4,4,4,4,4,4,4,2,3,2,1,1,3,1,0,3,0,0,0,1,3,1,1,4,2,2,0,4,0,3,2,0,3,2,1,0,4,4,4,4,2,0,2,1,1,2,3,3,1,3,3,0,1,2,2,3,2,1,3,3,0,3,1,2,3,1,1,4,0,1,3,2,0,4,1,0,2,0,3,2,3,1,2,1,0,3,4,4,4,4,4,3,3,0,3,4,4,4,4,4,2,1,1,4,4,4,4,4,4,4,4,4,4,4,4,4,4,4,4,4,4,4,4,4,4,4,4,4,4,4,4,4,4,4,4,4,3,4,4,1,0,3,1,0,4,0,0,1,0,1,4,4,1,0,4,3,2,2,0,1,0,3,3,0,1,2,3,3,2,0,4,4,4,4,4,2,3,2,0,0,2,1,0,1,1,1,0,0,3,3,4,4,4,4,4,4,4,4,4,4,4,4,4,4,4,4,4,4,4,4,4,4,4,4,4,4,4,4,4,4,4,4,4,4,4,4,4,4,4,4,4,4,4,4,4,4,4,4,4,4,4,4,4,4,4,4,4,4,4,4,4,4,4,4,4,4,4,4,4,4,4,4,4,4,4,4,4,4,4,4,4,4,4,4,4,4,4,4,4,4,4,4,4,4,4,4,4,4,4,4,4,4,4,4,4,4,4,4,4,4,4,4,4,4,4,4,4,4,4,4,4,4,4,4,4,4,4,4,4,4,4,4,4,4,4,4,4,4,4,4,4,4,4,4,4,4,4,4,4,4,4,4,4,4,4,4,4,4,4,4,4,4,4,4,4,4,4,4,4,4,4,4,4,4,4,4,4,4,4,4,4,4,4,4,4,4,4,4,4,4,4,4,4,4,4,AFXH01000193.1/38854-39006,1
2011,0,2,0,3,2,1,3,1,0,3,3,1,4,1,0,3,4,1,3,4,1,3,3,0,3,2,3,3,4,1,2,1,1,3,3,4,1,4,4,4,4,4,4,4,4,4,4,4,4,4,4,4,4,4,4,4,3,4,4,4,4,4,4,4,4,4,4,4,4,4,4,4,4,4,4,4,4,4,4,4,2,2,1,1,3,1,0,3,0,0,0,1,3,1,0,4,2,2,0,4,0,3,2,0,3,2,1,0,4,4,4,4,2,0,2,1,1,2,4,4,3,3,3,0,1,2,2,3,2,1,3,3,0,3,1,2,3,1,1,4,0,1,3,2,0,4,1,0,2,0,3,2,3,1,4,4,4,4,4,4,4,4,4,2,1,3,3,0,1,4,4,4,2,1,1,4,4,4,4,4,4,4,4,4,4,4,4,4,4,4,4,4,4,4,4,4,4,4,4,4,4,4,4,4,4,4,4,4,3,4,4,1,0,3,1,0,4,0,0,1,0,1,4,4,1,1,4,3,2,2,0,1,0,1,0,0,1,2,3,3,2,0,4,4,4,4,4,2,3,2,0,0,2,1,0,1,1,1,1,3,3,3,4,4,4,4,4,4,4,4,4,4,4,4,4,4,4,4,4,4,4,4,4,4,4,4,4,4,4,4,4,4,4,4,4,4,4,4,4,4,4,4,4,4,4,4,4,4,4,4,4,4,4,4,4,4,4,4,4,4,4,4,4,4,4,4,4,4,4,4,4,4,4,4,4,4,4,4,4,4,4,4,4,4,4,4,4,4,4,4,4,4,4,4,4,4,4,4,4,4,4,4,4,4,4,4,4,4,4,4,4,4,4,4,4,4,4,4,4,4,4,4,4,4,4,4,4,4,4,4,4,4,4,4,4,4,4,4,4,4,4,4,4,4,4,4,4,4,4,4,4,4,4,4,4,4,4,4,4,4,4,4,4,4,4,4,4,4,4,4,4,4,4,4,4,4,4,4,4,4,4,4,4,4,4,4,4,4,4,4,4,4,4,4,4,4,4,CP001120.1/4151579-4151727,1
2012,0,2,3,2,2,1,3,1,0,3,3,1,4,0,1,1,4,3,3,4,1,3,3,0,3,2,3,1,4,0,2,1,4,4,4,4,1,1,1,3,3,4,0,2,2,4,4,4,4,4,4,2,0,1,2,1,4,4,4,4,4,4,4,4,4,4,4,4,4,4,4,4,4,4,4,4,4,4,4,4,4,2,1,3,0,1,0,3,0,0,0,1,3,4,3,4,1,2,0,4,0,3,2,0,3,2,1,0,4,4,4,4,1,0,0,4,4,4,4,4,4,4,1,0,0,2,2,3,2,1,1,3,2,1,1,2,3,1,1,0,0,1,3,3,4,4,1,3,2,0,3,0,0,3,0,4,4,4,4,4,4,4,4,2,1,2,3,0,4,4,4,4,2,1,3,4,4,4,4,4,4,4,4,4,4,4,4,4,4,4,4,4,4,4,4,4,4,4,4,4,4,4,4,4,4,4,4,4,3,4,4,3,0,3,1,0,4,0,1,1,3,1,4,4,1,4,4,4,2,2,2,1,2,0,0,0,1,2,3,1,2,0,4,4,4,4,4,2,3,3,0,2,2,1,0,1,1,2,1,1,3,3,4,4,4,4,4,4,4,4,4,4,4,4,4,4,4,4,4,4,4,4,4,4,4,4,4,4,4,4,4,4,4,4,4,4,4,4,4,4,4,4,4,4,4,4,4,4,4,4,4,4,4,4,4,4,4,4,4,4,4,4,4,4,4,4,4,4,4,4,4,4,4,4,4,4,4,4,4,4,4,4,4,4,4,4,4,4,4,4,4,4,4,4,4,4,4,4,4,4,4,4,4,4,4,4,4,4,4,4,4,4,4,4,4,4,4,4,4,4,4,4,4,4,4,4,4,4,4,4,4,4,4,4,4,4,4,4,4,4,4,4,4,4,4,4,4,4,4,4,4,4,4,4,4,4,4,4,4,4,4,4,4,4,4,4,4,4,4,4,4,4,4,4,4,4,4,4,4,4,4,4,4,4,4,4,4,4,4,4,4,4,4,4,4,4,4,AFCI01001296.1/2055-1908,1
2013,0,2,3,2,2,1,3,1,0,3,3,1,4,0,1,1,4,2,0,4,1,3,3,0,3,2,3,1,4,0,2,1,4,4,4,4,1,1,1,3,3,4,1,2,2,4,4,4,4,4,4,2,0,1,2,3,4,4,4,4,4,4,4,4,4,4,4,4,4,4,4,4,4,4,4,4,4,4,4,4,4,2,1,3,0,1,0,3,0,0,0,0,3,4,3,4,1,2,0,4,0,3,2,0,1,2,1,0,4,4,4,4,1,0,0,4,4,4,4,4,4,4,1,0,0,2,2,3,2,1,1,3,2,1,1,2,3,1,1,0,0,1,3,3,4,4,1,3,2,0,3,0,3,1,0,4,4,4,4,4,4,4,4,2,1,2,3,0,4,4,4,4,2,1,3,4,4,4,4,4,4,4,4,4,4,4,4,4,4,4,4,4,4,4,4,4,4,4,4,4,4,4,4,4,4,4,4,4,0,4,4,3,0,3,1,0,4,0,1,1,0,3,4,4,1,4,4,4,2,2,2,1,2,0,0,0,1,2,3,1,2,0,4,4,4,4,4,2,3,3,0,2,2,1,0,1,1,2,1,1,3,3,4,4,4,4,4,4,4,4,4,4,4,4,4,4,4,4,4,4,4,4,4,4,4,4,4,4,4,4,4,4,4,4,4,4,4,4,4,4,4,4,4,4,4,4,4,4,4,4,4,4,4,4,4,4,4,4,4,4,4,4,4,4,4,4,4,4,4,4,4,4,4,4,4,4,4,4,4,4,4,4,4,4,4,4,4,4,4,4,4,4,4,4,4,4,4,4,4,4,4,4,4,4,4,4,4,4,4,4,4,4,4,4,4,4,4,4,4,4,4,4,4,4,4,4,4,4,4,4,4,4,4,4,4,4,4,4,4,4,4,4,4,4,4,4,4,4,4,4,4,4,4,4,4,4,4,4,4,4,4,4,4,4,4,4,4,4,4,4,4,4,4,4,4,4,4,4,4,4,4,4,4,4,4,4,4,4,4,4,4,4,4,4,4,4,4,ABHM02000001.1/1778207-1778060,1
2014,0,2,3,2,2,1,3,1,0,3,3,1,4,0,1,1,4,2,0,4,1,3,3,0,3,2,3,1,4,0,2,1,4,4,4,4,1,1,1,3,3,4,1,2,2,4,4,4,4,4,4,2,0,1,2,3,4,4,4,4,4,4,4,4,4,4,4,4,4,4,4,4,4,4,4,4,4,4,4,4,4,2,1,3,0,1,0,3,0,0,0,0,3,4,3,4,1,2,0,4,0,3,2,0,1,2,1,0,4,4,4,4,1,0,0,4,4,4,4,4,4,4,1,0,0,2,2,3,2,1,1,3,2,1,1,2,3,1,1,0,0,1,3,3,4,4,1,3,2,0,3,0,3,1,0,4,4,4,4,4,4,4,4,2,1,2,3,0,4,4,4,4,2,1,3,4,4,4,4,4,4,4,4,4,4,4,4,4,4,4,4,4,4,4,4,4,4,4,4,4,4,4,4,4,4,4,4,4,0,4,4,3,0,3,1,0,4,0,1,1,0,3,4,4,1,4,4,4,2,2,2,1,2,0,0,0,1,2,3,1,2,0,4,4,4,4,4,2,3,3,0,2,2,1,0,1,1,2,1,1,3,3,4,4,4,4,4,4,4,4,4,4,4,4,4,4,4,4,4,4,4,4,4,4,4,4,4,4,4,4,4,4,4,4,4,4,4,4,4,4,4,4,4,4,4,4,4,4,4,4,4,4,4,4,4,4,4,4,4,4,4,4,4,4,4,4,4,4,4,4,4,4,4,4,4,4,4,4,4,4,4,4,4,4,4,4,4,4,4,4,4,4,4,4,4,4,4,4,4,4,4,4,4,4,4,4,4,4,4,4,4,4,4,4,4,4,4,4,4,4,4,4,4,4,4,4,4,4,4,4,4,4,4,4,4,4,4,4,4,4,4,4,4,4,4,4,4,4,4,4,4,4,4,4,4,4,4,4,4,4,4,4,4,4,4,4,4,4,4,4,4,4,4,4,4,4,4,4,4,4,4,4,4,4,4,4,4,4,4,4,4,4,4,4,4,4,4,AFDT01000046.1/51262-51115,1
2015,0,2,3,2,2,1,3,1,0,3,3,1,4,0,1,1,4,2,0,4,1,3,3,0,3,2,3,1,4,0,2,1,4,4,4,4,1,1,1,3,3,4,1,2,2,4,4,4,4,4,4,2,0,1,2,3,4,4,4,4,4,4,4,4,4,4,4,4,4,4,4,4,4,4,4,4,4,4,4,4,4,2,1,3,0,1,0,3,0,0,0,0,3,4,0,4,1,2,0,4,0,3,2,0,1,2,1,0,4,4,4,4,1,0,0,4,4,4,4,4,4,4,1,0,0,2,2,3,2,1,1,3,2,1,1,2,3,1,1,0,0,1,3,3,4,4,1,3,2,0,3,0,3,1,0,4,4,4,4,4,4,4,4,2,1,2,3,0,4,4,4,4,2,1,3,4,4,4,4,4,4,4,4,4,4,4,4,4,4,4,4,4,4,4,4,4,4,4,4,4,4,4,4,4,4,4,4,4,0,4,4,3,0,3,1,0,4,0,1,1,0,3,4,4,1,4,4,4,2,2,2,1,2,0,0,0,1,2,3,1,2,0,4,4,4,4,4,2,3,3,0,2,2,1,0,1,1,2,1,1,3,3,4,4,4,4,4,4,4,4,4,4,4,4,4,4,4,4,4,4,4,4,4,4,4,4,4,4,4,4,4,4,4,4,4,4,4,4,4,4,4,4,4,4,4,4,4,4,4,4,4,4,4,4,4,4,4,4,4,4,4,4,4,4,4,4,4,4,4,4,4,4,4,4,4,4,4,4,4,4,4,4,4,4,4,4,4,4,4,4,4,4,4,4,4,4,4,4,4,4,4,4,4,4,4,4,4,4,4,4,4,4,4,4,4,4,4,4,4,4,4,4,4,4,4,4,4,4,4,4,4,4,4,4,4,4,4,4,4,4,4,4,4,4,4,4,4,4,4,4,4,4,4,4,4,4,4,4,4,4,4,4,4,4,4,4,4,4,4,4,4,4,4,4,4,4,4,4,4,4,4,4,4,4,4,4,4,4,4,4,4,4,4,4,4,4,4,ADUK01000026.1/36320-36467,1
2016,0,2,0,3,2,1,3,1,0,3,1,1,4,1,0,1,4,3,3,4,0,3,3,0,3,2,0,1,4,0,2,1,3,3,2,2,1,1,0,3,3,4,0,0,2,2,1,3,0,4,4,0,3,3,3,0,4,4,4,4,4,4,4,4,4,4,4,4,4,4,4,4,4,4,4,4,4,4,4,4,4,2,1,3,3,1,0,3,0,0,0,1,1,1,0,4,2,2,2,4,0,3,2,0,1,2,1,0,4,4,4,4,2,0,2,1,1,2,0,3,3,3,3,0,2,0,2,3,2,1,1,3,0,3,3,2,3,1,1,0,3,2,3,0,0,4,1,1,2,0,3,2,3,3,4,4,4,4,4,4,4,4,4,2,0,2,3,0,4,4,4,4,0,3,2,4,4,4,4,4,4,4,4,4,4,4,4,4,4,4,4,4,4,4,4,4,4,4,4,4,4,4,4,4,4,4,4,4,3,4,4,1,0,3,1,0,4,1,0,3,0,1,4,4,1,4,4,4,2,2,2,1,0,3,0,0,1,2,3,3,2,0,4,4,4,4,4,2,3,2,0,2,2,1,0,1,3,2,0,3,0,3,4,4,4,4,4,4,4,4,4,4,4,4,4,4,4,4,4,4,4,4,4,4,4,4,4,4,4,4,4,4,4,4,4,4,4,4,4,4,4,4,4,4,4,4,4,4,4,4,4,4,4,4,4,4,4,4,4,4,4,4,4,4,4,4,4,4,4,4,4,4,4,4,4,4,4,4,4,4,4,4,4,4,4,4,4,4,4,4,4,4,4,4,4,4,4,4,4,4,4,4,4,4,4,4,4,4,4,4,4,4,4,4,4,4,4,4,4,4,4,4,4,4,4,4,4,4,4,4,4,4,4,4,4,4,4,4,4,4,4,4,4,4,4,4,4,4,4,4,4,4,4,4,4,4,4,4,4,4,4,4,4,4,4,4,4,4,4,4,4,4,4,4,4,4,4,4,4,4,4,4,4,4,4,4,4,4,4,4,4,4,4,4,4,4,4,CP001048.1/212449-212612,1
2017,0,2,3,2,2,1,3,1,0,3,3,1,4,0,1,1,4,3,3,4,1,3,3,0,3,2,3,1,4,0,2,1,4,4,4,4,1,1,1,3,3,4,0,2,2,4,4,4,4,4,4,2,0,1,2,1,4,4,4,4,4,4,4,4,4,4,4,4,4,4,4,4,4,4,4,4,4,4,4,4,4,2,1,3,0,1,0,3,0,0,0,1,3,4,3,4,1,2,0,4,0,3,2,0,1,2,1,0,4,4,4,4,1,0,0,4,4,4,4,4,4,4,1,0,0,2,2,3,2,1,1,3,2,1,1,2,3,1,1,0,0,1,3,3,4,4,1,3,2,0,3,0,0,3,0,4,4,4,4,4,4,4,4,2,1,2,3,0,4,4,4,4,2,1,3,4,4,4,4,4,4,4,4,4,4,4,4,4,4,4,4,4,4,4,4,4,4,4,4,4,4,4,4,4,4,4,4,4,3,4,4,3,0,3,1,0,4,0,1,1,3,1,4,4,1,4,4,4,2,2,2,1,2,0,0,0,1,2,3,1,2,0,4,4,4,4,4,2,3,3,0,2,2,1,0,1,1,2,1,1,3,3,4,4,4,4,4,4,4,4,4,4,4,4,4,4,4,4,4,4,4,4,4,4,4,4,4,4,4,4,4,4,4,4,4,4,4,4,4,4,4,4,4,4,4,4,4,4,4,4,4,4,4,4,4,4,4,4,4,4,4,4,4,4,4,4,4,4,4,4,4,4,4,4,4,4,4,4,4,4,4,4,4,4,4,4,4,4,4,4,4,4,4,4,4,4,4,4,4,4,4,4,4,4,4,4,4,4,4,4,4,4,4,4,4,4,4,4,4,4,4,4,4,4,4,4,4,4,4,4,4,4,4,4,4,4,4,4,4,4,4,4,4,4,4,4,4,4,4,4,4,4,4,4,4,4,4,4,4,4,4,4,4,4,4,4,4,4,4,4,4,4,4,4,4,4,4,4,4,4,4,4,4,4,4,4,4,4,4,4,4,4,4,4,4,4,4,CP000857.1/1127498-1127645,1
2018,0,2,3,3,2,1,3,1,0,3,3,1,4,0,1,1,4,3,1,4,3,3,3,0,3,2,0,3,4,0,2,3,1,1,1,2,1,1,2,3,0,4,3,0,2,1,2,2,0,0,4,3,0,3,2,1,4,4,4,4,4,4,4,4,4,4,4,4,4,4,4,4,4,4,4,4,4,4,4,4,4,0,1,3,3,1,0,3,0,0,2,1,1,0,1,4,1,2,0,4,0,3,2,0,3,2,1,1,4,4,4,4,3,0,0,2,4,4,4,4,4,4,0,1,3,2,2,3,2,1,1,3,0,3,1,2,3,1,1,0,1,1,1,0,0,0,1,1,2,0,3,0,3,3,2,3,2,3,4,4,4,4,4,2,0,0,3,2,1,4,4,4,0,1,0,4,4,4,4,4,4,4,4,4,4,4,4,4,4,4,4,4,4,4,4,4,4,4,4,4,4,4,4,4,4,4,4,4,3,4,4,3,0,3,1,0,4,0,0,1,0,3,4,4,1,4,4,4,2,2,0,1,2,0,1,0,1,2,3,3,2,0,4,4,4,4,4,2,3,2,0,2,2,3,2,1,1,2,1,1,3,0,4,4,4,4,4,4,4,4,4,4,4,4,4,4,4,4,4,4,4,4,4,4,4,4,4,4,4,4,4,4,4,4,4,4,4,4,4,4,4,4,4,4,4,4,4,4,4,4,4,4,4,4,4,4,4,4,4,4,4,4,4,4,4,4,4,4,4,4,4,4,4,4,4,4,4,4,4,4,4,4,4,4,4,4,4,4,4,4,4,4,4,4,4,4,4,4,4,4,4,4,4,4,4,4,4,4,4,4,4,4,4,4,4,4,4,4,4,4,4,4,4,4,4,4,4,4,4,4,4,4,4,4,4,4,4,4,4,4,4,4,4,4,4,4,4,4,4,4,4,4,4,4,4,4,4,4,4,4,4,4,4,4,4,4,4,4,4,4,4,4,4,4,4,4,4,4,4,4,4,4,4,4,4,4,4,4,4,4,4,4,4,4,4,4,4,CP002246.1/3553793-3553629,1
2019,0,2,0,3,2,1,3,1,0,3,3,1,4,1,0,3,4,1,3,4,1,3,3,0,3,2,3,3,4,1,2,1,1,3,4,4,4,4,4,4,4,4,4,4,4,4,4,4,4,4,4,4,4,4,4,4,3,0,4,4,4,4,4,4,4,4,4,4,4,4,4,4,4,4,4,4,4,4,4,2,3,2,1,1,3,1,0,3,0,0,0,1,3,1,1,4,2,2,0,4,0,3,2,0,1,2,1,0,4,4,4,4,2,0,2,1,1,2,4,4,3,3,3,0,1,2,2,3,2,1,3,3,0,3,1,2,3,1,1,4,0,1,3,2,0,4,1,0,2,0,3,2,3,1,4,4,4,4,4,4,4,4,4,2,1,3,3,0,3,4,4,4,2,1,1,4,4,4,4,4,4,4,4,4,4,4,4,4,4,4,4,4,4,4,4,4,4,4,4,4,4,4,4,4,4,4,4,4,3,4,4,1,0,3,1,0,4,2,0,1,0,1,4,4,1,0,4,3,2,2,0,1,0,1,0,0,1,2,3,3,2,0,4,4,4,4,4,2,3,2,0,0,2,1,0,1,1,1,0,1,3,3,4,4,4,4,4,4,4,4,4,4,4,4,4,4,4,4,4,4,4,4,4,4,4,4,4,4,4,4,4,4,4,4,4,4,4,4,4,4,4,4,4,4,4,4,4,4,4,4,4,4,4,4,4,4,4,4,4,4,4,4,4,4,4,4,4,4,4,4,4,4,4,4,4,4,4,4,4,4,4,4,4,4,4,4,4,4,4,4,4,4,4,4,4,4,4,4,4,4,4,4,4,4,4,4,4,4,4,4,4,4,4,4,4,4,4,4,4,4,4,4,4,4,4,4,4,4,4,4,4,4,4,4,4,4,4,4,4,4,4,4,4,4,4,4,4,4,4,4,4,4,4,4,4,4,4,4,4,4,4,4,4,4,4,4,4,4,4,4,4,4,4,4,4,4,4,4,4,4,4,4,4,4,4,4,4,4,4,4,4,4,4,4,4,4,4,AP009240.1/4238959-4239107,1
2020,0,2,3,2,2,1,3,1,0,3,3,1,4,0,1,1,4,2,0,4,1,3,3,0,3,2,3,1,4,0,2,1,4,4,4,4,1,1,1,3,3,4,1,2,2,4,4,4,4,4,4,2,0,1,2,3,4,4,4,4,4,4,4,4,4,4,4,4,4,4,4,4,4,4,4,4,4,4,4,4,4,2,1,3,0,1,0,3,0,0,0,0,3,4,3,4,1,2,0,4,0,3,2,0,1,2,1,0,4,4,4,4,1,0,0,4,4,4,4,4,4,4,1,0,0,2,2,3,2,1,1,3,2,1,1,2,3,1,1,0,0,1,3,3,4,4,1,3,2,0,3,0,3,1,0,4,4,4,4,4,4,4,4,2,1,2,3,0,4,4,4,4,2,1,3,4,4,4,4,4,4,4,4,4,4,4,4,4,4,4,4,4,4,4,4,4,4,4,4,4,4,4,4,4,4,4,4,4,0,4,4,3,0,3,1,0,4,0,1,1,0,3,4,4,1,4,4,4,2,2,2,1,2,0,0,0,1,2,3,1,2,0,4,4,4,4,4,2,3,3,0,2,2,1,0,1,1,2,1,1,3,3,4,4,4,4,4,4,4,4,4,4,4,4,4,4,4,4,4,4,4,4,4,4,4,4,4,4,4,4,4,4,4,4,4,4,4,4,4,4,4,4,4,4,4,4,4,4,4,4,4,4,4,4,4,4,4,4,4,4,4,4,4,4,4,4,4,4,4,4,4,4,4,4,4,4,4,4,4,4,4,4,4,4,4,4,4,4,4,4,4,4,4,4,4,4,4,4,4,4,4,4,4,4,4,4,4,4,4,4,4,4,4,4,4,4,4,4,4,4,4,4,4,4,4,4,4,4,4,4,4,4,4,4,4,4,4,4,4,4,4,4,4,4,4,4,4,4,4,4,4,4,4,4,4,4,4,4,4,4,4,4,4,4,4,4,4,4,4,4,4,4,4,4,4,4,4,4,4,4,4,4,4,4,4,4,4,4,4,4,4,4,4,4,4,4,4,AEZY01000030.1/546354-546207,1
2021,0,2,0,3,2,1,3,1,0,3,1,1,4,1,0,1,4,3,3,4,0,3,3,0,3,2,0,1,4,0,2,1,3,3,2,2,1,1,0,3,3,4,0,0,2,2,1,3,0,4,4,0,3,3,3,0,4,4,4,4,4,4,4,4,4,4,4,4,4,4,4,4,4,4,4,4,4,4,4,4,4,2,1,3,3,1,0,3,0,0,0,1,1,1,0,4,2,2,2,4,0,3,2,0,1,2,1,0,4,4,4,4,2,0,2,1,1,2,0,3,3,3,3,0,2,0,2,3,2,1,1,3,0,3,3,2,3,1,1,0,3,2,3,0,0,4,1,1,2,0,3,2,3,3,4,4,4,4,4,4,4,4,4,2,0,2,3,0,4,4,4,4,0,3,2,4,4,4,4,4,4,4,4,4,4,4,4,4,4,4,4,4,4,4,4,4,4,4,4,4,4,4,4,4,4,4,4,4,3,4,4,1,0,3,1,0,4,1,0,3,0,1,4,4,1,4,4,4,2,2,2,1,0,3,0,0,1,2,3,3,2,0,4,4,4,4,4,2,3,2,0,2,2,1,0,1,3,2,0,3,0,3,4,4,4,4,4,4,4,4,4,4,4,4,4,4,4,4,4,4,4,4,4,4,4,4,4,4,4,4,4,4,4,4,4,4,4,4,4,4,4,4,4,4,4,4,4,4,4,4,4,4,4,4,4,4,4,4,4,4,4,4,4,4,4,4,4,4,4,4,4,4,4,4,4,4,4,4,4,4,4,4,4,4,4,4,4,4,4,4,4,4,4,4,4,4,4,4,4,4,4,4,4,4,4,4,4,4,4,4,4,4,4,4,4,4,4,4,4,4,4,4,4,4,4,4,4,4,4,4,4,4,4,4,4,4,4,4,4,4,4,4,4,4,4,4,4,4,4,4,4,4,4,4,4,4,4,4,4,4,4,4,4,4,4,4,4,4,4,4,4,4,4,4,4,4,4,4,4,4,4,4,4,4,4,4,4,4,4,4,4,4,4,4,4,4,4,AE017042.1/3564828-3564991,1
2022,0,2,3,2,2,1,3,1,0,3,3,1,4,0,1,1,4,2,0,4,1,3,3,0,3,2,3,1,4,0,2,1,4,4,4,4,1,1,1,3,3,4,1,2,2,4,4,4,4,4,4,2,0,1,2,3,4,4,4,4,4,4,4,4,4,4,4,4,4,4,4,4,4,4,4,4,4,4,4,4,4,2,1,3,0,1,0,3,0,0,0,0,3,4,3,4,1,2,0,4,0,3,2,0,1,2,1,0,4,4,4,4,1,0,0,4,4,4,4,4,4,4,1,0,0,2,2,3,2,1,1,3,2,1,1,2,3,1,1,0,0,1,3,3,4,4,1,3,2,0,3,0,3,1,0,4,4,4,4,4,4,4,4,2,1,2,3,0,4,4,4,4,2,1,3,4,4,4,4,4,4,4,4,4,4,4,4,4,4,4,4,4,4,4,4,4,4,4,4,4,4,4,4,4,4,4,4,4,0,4,4,3,0,3,1,0,4,0,1,1,0,3,4,4,1,4,4,4,2,2,2,1,2,0,0,0,1,2,3,1,2,0,4,4,4,4,4,2,3,3,0,2,2,1,0,1,1,2,1,1,3,3,4,4,4,4,4,4,4,4,4,4,4,4,4,4,4,4,4,4,4,4,4,4,4,4,4,4,4,4,4,4,4,4,4,4,4,4,4,4,4,4,4,4,4,4,4,4,4,4,4,4,4,4,4,4,4,4,4,4,4,4,4,4,4,4,4,4,4,4,4,4,4,4,4,4,4,4,4,4,4,4,4,4,4,4,4,4,4,4,4,4,4,4,4,4,4,4,4,4,4,4,4,4,4,4,4,4,4,4,4,4,4,4,4,4,4,4,4,4,4,4,4,4,4,4,4,4,4,4,4,4,4,4,4,4,4,4,4,4,4,4,4,4,4,4,4,4,4,4,4,4,4,4,4,4,4,4,4,4,4,4,4,4,4,4,4,4,4,4,4,4,4,4,4,4,4,4,4,4,4,4,4,4,4,4,4,4,4,4,4,4,4,4,4,4,4,AEFJ01000060.1/152014-151867,1
2023,0,2,0,3,2,1,3,1,0,3,1,1,4,1,0,1,4,3,3,4,0,3,3,0,3,2,0,1,4,0,2,1,3,3,2,2,1,1,0,3,3,4,0,0,2,2,1,3,0,4,4,0,3,3,3,0,4,4,4,4,4,4,4,4,4,4,4,4,4,4,4,4,4,4,4,4,4,4,4,4,4,2,1,3,3,1,0,3,0,0,0,1,1,1,0,4,2,2,2,4,0,3,2,0,1,2,1,0,4,4,4,4,2,0,2,1,1,2,0,3,3,3,3,0,2,0,2,3,2,1,1,3,0,3,3,2,3,1,1,0,3,2,3,0,0,4,1,1,2,0,3,2,3,3,4,4,4,4,4,4,4,4,4,2,0,2,3,0,4,4,4,4,0,3,2,4,4,4,4,4,4,4,4,4,4,4,4,4,4,4,4,4,4,4,4,4,4,4,4,4,4,4,4,4,4,4,4,4,3,4,4,1,0,3,1,0,4,1,0,3,0,1,4,4,1,4,4,4,2,2,2,1,0,3,0,0,1,2,3,3,2,0,4,4,4,4,4,2,3,2,0,2,2,1,0,1,3,2,0,3,0,3,4,4,4,4,4,4,4,4,4,4,4,4,4,4,4,4,4,4,4,4,4,4,4,4,4,4,4,4,4,4,4,4,4,4,4,4,4,4,4,4,4,4,4,4,4,4,4,4,4,4,4,4,4,4,4,4,4,4,4,4,4,4,4,4,4,4,4,4,4,4,4,4,4,4,4,4,4,4,4,4,4,4,4,4,4,4,4,4,4,4,4,4,4,4,4,4,4,4,4,4,4,4,4,4,4,4,4,4,4,4,4,4,4,4,4,4,4,4,4,4,4,4,4,4,4,4,4,4,4,4,4,4,4,4,4,4,4,4,4,4,4,4,4,4,4,4,4,4,4,4,4,4,4,4,4,4,4,4,4,4,4,4,4,4,4,4,4,4,4,4,4,4,4,4,4,4,4,4,4,4,4,4,4,4,4,4,4,4,4,4,4,4,4,4,4,CP001585.1/4311567-4311404,1
2024,0,2,0,3,2,1,3,1,0,3,3,1,4,1,0,3,4,1,3,4,1,3,3,0,3,2,3,3,4,1,2,1,1,3,4,4,4,4,4,4,4,4,4,4,4,4,4,4,4,4,4,4,4,4,4,4,3,0,4,4,4,4,4,4,4,4,4,4,4,4,4,4,4,4,4,4,4,4,4,2,3,2,1,1,3,1,0,3,0,0,0,1,3,1,1,4,2,2,0,4,0,3,2,0,1,2,1,0,4,4,4,4,2,0,2,1,1,2,4,4,3,3,3,0,1,2,2,3,2,1,3,3,0,3,1,2,3,1,1,4,0,1,3,2,0,4,1,0,2,0,3,2,3,1,4,4,4,4,4,4,4,4,4,2,1,3,3,1,3,4,4,4,2,1,1,4,4,4,4,4,4,4,4,4,4,4,4,4,4,4,4,4,4,4,4,4,4,4,4,4,4,4,4,4,4,4,4,4,3,4,4,1,0,3,1,0,4,2,0,1,0,1,4,4,1,0,4,3,2,2,0,1,0,1,0,0,1,2,3,3,2,0,4,4,4,4,4,2,3,2,0,0,2,1,0,1,1,1,0,1,3,3,4,4,4,4,4,4,4,4,4,4,4,4,4,4,4,4,4,4,4,4,4,4,4,4,4,4,4,4,4,4,4,4,4,4,4,4,4,4,4,4,4,4,4,4,4,4,4,4,4,4,4,4,4,4,4,4,4,4,4,4,4,4,4,4,4,4,4,4,4,4,4,4,4,4,4,4,4,4,4,4,4,4,4,4,4,4,4,4,4,4,4,4,4,4,4,4,4,4,4,4,4,4,4,4,4,4,4,4,4,4,4,4,4,4,4,4,4,4,4,4,4,4,4,4,4,4,4,4,4,4,4,4,4,4,4,4,4,4,4,4,4,4,4,4,4,4,4,4,4,4,4,4,4,4,4,4,4,4,4,4,4,4,4,4,4,4,4,4,4,4,4,4,4,4,4,4,4,4,4,4,4,4,4,4,4,4,4,4,4,4,4,4,4,4,4,AP009378.1/3946454-3946602,1
2025,0,2,0,3,2,1,3,1,0,3,3,1,4,1,0,3,4,1,3,4,1,3,3,0,3,2,3,3,4,1,2,1,1,3,4,4,4,4,4,4,4,4,4,4,4,4,4,4,4,4,4,4,4,4,4,4,3,0,4,4,4,4,4,4,4,4,4,4,4,4,4,4,4,4,4,4,4,4,4,2,3,2,1,1,3,1,0,3,0,0,0,1,3,1,1,4,2,2,0,4,0,3,2,0,1,2,1,0,4,4,4,4,2,0,2,1,1,2,4,4,3,3,3,0,1,2,2,3,2,1,3,3,0,3,1,2,3,1,1,4,0,1,3,2,0,4,1,0,2,0,3,2,3,1,4,4,4,4,4,4,4,4,4,2,1,3,3,0,3,4,4,4,2,1,1,4,4,4,4,4,4,4,4,4,4,4,4,4,4,4,4,4,4,4,4,4,4,4,4,4,4,4,4,4,4,4,4,4,3,4,4,1,0,3,1,0,4,2,0,1,0,1,4,4,1,0,4,3,2,2,0,1,0,1,0,0,1,2,3,3,2,0,4,4,4,4,4,2,3,2,0,0,2,1,0,1,1,1,0,1,3,3,4,4,4,4,4,4,4,4,4,4,4,4,4,4,4,4,4,4,4,4,4,4,4,4,4,4,4,4,4,4,4,4,4,4,4,4,4,4,4,4,4,4,4,4,4,4,4,4,4,4,4,4,4,4,4,4,4,4,4,4,4,4,4,4,4,4,4,4,4,4,4,4,4,4,4,4,4,4,4,4,4,4,4,4,4,4,4,4,4,4,4,4,4,4,4,4,4,4,4,4,4,4,4,4,4,4,4,4,4,4,4,4,4,4,4,4,4,4,4,4,4,4,4,4,4,4,4,4,4,4,4,4,4,4,4,4,4,4,4,4,4,4,4,4,4,4,4,4,4,4,4,4,4,4,4,4,4,4,4,4,4,4,4,4,4,4,4,4,4,4,4,4,4,4,4,4,4,4,4,4,4,4,4,4,4,4,4,4,4,4,4,4,4,4,4,AFRM01000016.1/190112-190260,1
2026,0,2,3,2,2,1,3,1,0,3,3,1,4,0,1,1,4,2,0,4,1,3,3,0,3,2,3,1,4,0,2,1,4,4,4,4,1,1,1,3,3,4,1,2,2,4,4,4,4,4,4,2,0,1,2,3,4,4,4,4,4,4,4,4,4,4,4,4,4,4,4,4,4,4,4,4,4,4,4,4,4,2,1,3,0,1,0,3,0,0,0,0,3,4,0,4,1,2,0,4,0,3,2,0,1,2,1,0,4,4,4,4,1,0,0,4,4,4,4,4,4,4,1,0,0,2,2,3,2,1,1,3,2,1,1,2,3,1,1,0,0,1,3,3,4,4,1,3,2,0,3,0,3,1,0,4,4,4,4,4,4,4,4,2,1,2,3,0,4,4,4,4,2,1,3,4,4,4,4,4,4,4,4,4,4,4,4,4,4,4,4,4,4,4,4,4,4,4,4,4,4,4,4,4,4,4,4,4,0,4,4,3,0,3,1,0,4,0,1,1,0,3,4,4,1,4,4,4,2,2,2,1,2,0,0,0,1,2,3,1,2,0,4,4,4,4,4,2,3,3,0,2,2,1,0,1,1,2,1,1,3,3,4,4,4,4,4,4,4,4,4,4,4,4,4,4,4,4,4,4,4,4,4,4,4,4,4,4,4,4,4,4,4,4,4,4,4,4,4,4,4,4,4,4,4,4,4,4,4,4,4,4,4,4,4,4,4,4,4,4,4,4,4,4,4,4,4,4,4,4,4,4,4,4,4,4,4,4,4,4,4,4,4,4,4,4,4,4,4,4,4,4,4,4,4,4,4,4,4,4,4,4,4,4,4,4,4,4,4,4,4,4,4,4,4,4,4,4,4,4,4,4,4,4,4,4,4,4,4,4,4,4,4,4,4,4,4,4,4,4,4,4,4,4,4,4,4,4,4,4,4,4,4,4,4,4,4,4,4,4,4,4,4,4,4,4,4,4,4,4,4,4,4,4,4,4,4,4,4,4,4,4,4,4,4,4,4,4,4,4,4,4,4,4,4,4,4,AEHU01000035.1/35290-35437,1
2027,0,2,0,3,2,1,3,1,0,3,1,1,4,1,0,1,4,3,3,4,0,3,3,0,3,2,0,1,4,0,2,1,3,3,2,2,1,1,0,3,3,4,0,0,2,2,1,3,0,4,4,0,3,3,3,0,4,4,4,4,4,4,4,4,4,4,4,4,4,4,4,4,4,4,4,4,4,4,4,4,4,2,1,3,3,1,0,3,0,0,0,1,1,1,0,4,2,2,2,4,0,3,2,0,1,2,1,0,4,4,4,4,2,0,2,1,1,2,0,3,3,3,3,0,2,0,2,3,2,1,1,3,0,3,3,2,3,1,1,0,3,2,3,0,0,4,1,1,2,0,3,2,3,3,4,4,4,4,4,4,4,4,4,2,0,2,3,0,4,4,4,4,0,3,2,4,4,4,4,4,4,4,4,4,4,4,4,4,4,4,4,4,4,4,4,4,4,4,4,4,4,4,4,4,4,4,4,4,3,4,4,1,0,3,1,0,4,1,0,3,0,1,4,4,1,4,4,4,2,2,2,1,0,3,0,0,1,2,3,3,2,0,4,4,4,4,4,2,3,2,0,2,2,1,0,1,3,2,0,3,0,3,4,4,4,4,4,4,4,4,4,4,4,4,4,4,4,4,4,4,4,4,4,4,4,4,4,4,4,4,4,4,4,4,4,4,4,4,4,4,4,4,4,4,4,4,4,4,4,4,4,4,4,4,4,4,4,4,4,4,4,4,4,4,4,4,4,4,4,4,4,4,4,4,4,4,4,4,4,4,4,4,4,4,4,4,4,4,4,4,4,4,4,4,4,4,4,4,4,4,4,4,4,4,4,4,4,4,4,4,4,4,4,4,4,4,4,4,4,4,4,4,4,4,4,4,4,4,4,4,4,4,4,4,4,4,4,4,4,4,4,4,4,4,4,4,4,4,4,4,4,4,4,4,4,4,4,4,4,4,4,4,4,4,4,4,4,4,4,4,4,4,4,4,4,4,4,4,4,4,4,4,4,4,4,4,4,4,4,4,4,4,4,4,4,4,4,AAYR01000011.1/91960-91797,1
2028,1,2,3,3,2,1,3,1,0,3,3,1,4,3,1,1,4,3,2,4,3,1,3,0,3,2,0,3,4,3,2,1,1,1,1,4,2,1,0,3,3,4,2,1,2,4,4,4,4,4,4,2,3,3,2,0,4,4,4,4,4,4,4,4,4,4,4,4,4,4,4,4,4,4,4,4,4,4,4,4,4,2,1,4,3,1,0,3,0,0,0,0,3,4,3,4,1,2,0,4,0,3,2,0,1,2,1,0,4,4,4,4,1,1,0,4,4,4,4,4,4,4,0,0,1,2,2,0,2,1,1,3,2,1,1,2,3,1,1,0,1,1,1,0,0,4,1,1,2,0,3,0,0,3,1,2,1,3,4,4,4,4,3,2,1,3,3,3,2,1,4,0,0,1,2,4,4,4,4,4,4,4,4,4,4,4,4,4,4,4,4,4,4,4,4,4,4,4,4,4,4,4,4,4,4,4,4,4,3,4,4,3,0,3,1,0,4,0,2,1,0,3,4,4,1,4,4,4,2,2,0,1,2,1,0,0,1,2,3,3,2,0,4,4,4,4,4,2,3,3,0,2,2,1,3,1,1,0,1,1,3,0,4,4,4,4,4,4,4,4,4,4,4,4,4,4,4,4,4,4,4,4,4,4,4,4,4,4,4,4,4,4,4,4,4,4,4,4,4,4,4,4,4,4,4,4,4,4,4,4,4,4,4,4,4,4,4,4,4,4,4,4,4,4,4,4,4,4,4,4,4,4,4,4,4,4,4,4,4,4,4,4,4,4,4,4,4,4,4,4,4,4,4,4,4,4,4,4,4,4,4,4,4,4,4,4,4,4,4,4,4,4,4,4,4,4,4,4,4,4,4,4,4,4,4,4,4,4,4,4,4,4,4,4,4,4,4,4,4,4,4,4,4,4,4,4,4,4,4,4,4,4,4,4,4,4,4,4,4,4,4,4,4,4,4,4,4,4,4,4,4,4,4,4,4,4,4,4,4,4,4,4,4,4,4,4,4,4,4,4,4,4,4,4,4,4,4,AEWW01034921.1/36784-36941,1
2029,0,2,0,3,2,1,3,1,0,3,3,1,4,1,0,3,4,1,3,4,1,3,3,0,3,2,3,3,4,1,2,1,1,3,4,4,4,4,4,4,4,4,4,4,4,4,4,4,4,4,4,4,4,4,4,4,3,0,4,4,4,4,4,4,4,4,4,4,4,4,4,4,4,4,4,4,4,4,4,2,3,2,1,1,3,1,0,3,0,0,0,1,3,1,1,4,2,2,0,4,0,3,2,0,1,2,1,0,4,4,4,4,2,0,2,1,1,2,4,4,3,3,3,0,1,2,2,3,2,1,3,3,0,3,1,2,3,1,1,4,0,1,3,2,0,4,1,0,2,0,3,2,3,1,4,4,4,4,4,4,4,4,4,2,1,3,3,0,3,4,4,4,2,1,1,4,4,4,4,4,4,4,4,4,4,4,4,4,4,4,4,4,4,4,4,4,4,4,4,4,4,4,4,4,4,4,4,4,3,4,4,1,0,3,1,0,4,2,0,1,0,1,4,4,1,0,4,3,2,2,0,1,0,1,0,0,1,2,3,3,2,0,4,4,4,4,4,2,3,2,0,0,2,1,0,1,1,1,0,1,3,3,4,4,4,4,4,4,4,4,4,4,4,4,4,4,4,4,4,4,4,4,4,4,4,4,4,4,4,4,4,4,4,4,4,4,4,4,4,4,4,4,4,4,4,4,4,4,4,4,4,4,4,4,4,4,4,4,4,4,4,4,4,4,4,4,4,4,4,4,4,4,4,4,4,4,4,4,4,4,4,4,4,4,4,4,4,4,4,4,4,4,4,4,4,4,4,4,4,4,4,4,4,4,4,4,4,4,4,4,4,4,4,4,4,4,4,4,4,4,4,4,4,4,4,4,4,4,4,4,4,4,4,4,4,4,4,4,4,4,4,4,4,4,4,4,4,4,4,4,4,4,4,4,4,4,4,4,4,4,4,4,4,4,4,4,4,4,4,4,4,4,4,4,4,4,4,4,4,4,4,4,4,4,4,4,4,4,4,4,4,4,4,4,4,4,4,CP001855.1/4006647-4006795,1
2030,0,2,0,3,2,1,3,1,0,3,3,1,4,1,0,3,4,1,3,4,1,3,3,0,3,2,3,3,4,1,2,1,1,3,4,4,4,4,4,4,4,4,4,4,4,4,4,4,4,4,4,4,4,4,4,4,3,0,4,4,4,4,4,4,4,4,4,4,4,4,4,4,4,4,4,4,4,4,4,2,3,2,1,1,3,1,0,3,0,0,0,1,3,1,1,4,2,2,0,4,0,3,2,0,1,2,1,0,4,4,4,4,2,0,2,1,1,2,4,4,3,3,3,0,1,2,2,3,2,1,3,3,0,3,1,2,3,1,1,4,0,1,3,2,0,4,1,0,2,0,3,2,3,1,4,4,4,4,4,4,4,4,4,2,1,3,3,0,3,4,4,4,2,1,1,4,4,4,4,4,4,4,4,4,4,4,4,4,4,4,4,4,4,4,4,4,4,4,4,4,4,4,4,4,4,4,4,4,3,4,4,1,0,3,1,0,4,2,0,1,0,1,4,4,1,0,4,3,2,2,0,1,0,1,0,0,1,2,3,3,2,0,4,4,4,4,4,2,3,2,0,0,2,1,0,1,1,1,0,1,3,3,4,4,4,4,4,4,4,4,4,4,4,4,4,4,4,4,4,4,4,4,4,4,4,4,4,4,4,4,4,4,4,4,4,4,4,4,4,4,4,4,4,4,4,4,4,4,4,4,4,4,4,4,4,4,4,4,4,4,4,4,4,4,4,4,4,4,4,4,4,4,4,4,4,4,4,4,4,4,4,4,4,4,4,4,4,4,4,4,4,4,4,4,4,4,4,4,4,4,4,4,4,4,4,4,4,4,4,4,4,4,4,4,4,4,4,4,4,4,4,4,4,4,4,4,4,4,4,4,4,4,4,4,4,4,4,4,4,4,4,4,4,4,4,4,4,4,4,4,4,4,4,4,4,4,4,4,4,4,4,4,4,4,4,4,4,4,4,4,4,4,4,4,4,4,4,4,4,4,4,4,4,4,4,4,4,4,4,4,4,4,4,4,4,4,4,AEZS01000021.1/276977-277125,1
2031,0,2,0,3,2,1,3,1,0,3,3,1,4,1,0,3,4,1,3,4,1,3,3,0,3,2,3,3,4,1,2,1,1,3,3,4,1,4,4,4,4,4,4,4,4,4,4,4,4,4,4,4,4,4,4,4,3,4,4,4,4,4,4,4,4,4,4,4,4,4,4,4,4,4,4,4,4,4,4,4,2,2,1,1,3,1,0,3,0,0,0,1,3,1,0,4,2,2,0,4,0,3,2,0,3,2,1,0,4,4,4,4,2,0,2,1,1,2,4,4,3,3,3,0,1,2,2,3,2,1,3,3,0,3,1,2,3,1,1,4,0,1,3,2,0,4,1,0,2,0,3,2,3,1,4,4,4,4,4,4,4,4,4,2,1,3,3,0,1,4,4,4,2,1,1,4,4,4,4,4,4,4,4,4,4,4,4,4,4,4,4,4,4,4,4,4,4,4,4,4,4,4,4,4,4,4,4,4,3,4,4,1,0,3,1,0,4,0,0,1,0,1,4,4,1,1,4,3,2,2,0,1,0,1,0,0,1,2,3,3,2,0,4,4,4,4,4,2,3,2,0,0,2,1,0,1,1,1,1,3,3,3,4,4,4,4,4,4,4,4,4,4,4,4,4,4,4,4,4,4,4,4,4,4,4,4,4,4,4,4,4,4,4,4,4,4,4,4,4,4,4,4,4,4,4,4,4,4,4,4,4,4,4,4,4,4,4,4,4,4,4,4,4,4,4,4,4,4,4,4,4,4,4,4,4,4,4,4,4,4,4,4,4,4,4,4,4,4,4,4,4,4,4,4,4,4,4,4,4,4,4,4,4,4,4,4,4,4,4,4,4,4,4,4,4,4,4,4,4,4,4,4,4,4,4,4,4,4,4,4,4,4,4,4,4,4,4,4,4,4,4,4,4,4,4,4,4,4,4,4,4,4,4,4,4,4,4,4,4,4,4,4,4,4,4,4,4,4,4,4,4,4,4,4,4,4,4,4,4,4,4,4,4,4,4,4,4,4,4,4,4,4,4,4,4,4,4,CAAX01000826.1/592-444,1
2032,0,2,0,3,2,1,3,1,0,3,3,1,4,1,0,3,4,1,3,4,1,3,3,0,3,2,3,3,4,1,2,1,1,3,4,4,4,4,4,4,4,4,4,4,4,4,4,4,4,4,4,4,4,4,4,4,3,0,4,4,4,4,4,4,4,4,4,4,4,4,4,4,4,4,4,4,4,4,4,2,3,2,1,1,3,1,0,3,0,0,0,1,3,1,1,4,2,2,0,4,0,3,2,0,1,2,1,0,4,4,4,4,2,0,2,1,1,2,4,4,3,3,3,0,1,2,2,3,2,1,3,3,0,3,1,2,3,1,1,4,0,1,3,2,0,4,1,0,2,0,3,2,3,1,4,4,4,4,4,4,4,4,4,2,1,3,3,0,3,4,4,4,2,1,1,4,4,4,4,4,4,4,4,4,4,4,4,4,4,4,4,4,4,4,4,4,4,4,4,4,4,4,4,4,4,4,4,4,3,4,4,1,0,3,1,0,4,2,0,1,0,1,4,4,1,0,4,3,2,2,0,1,0,1,0,0,1,2,3,3,2,0,4,4,4,4,4,2,3,2,0,0,2,1,0,1,1,1,0,1,3,3,4,4,4,4,4,4,4,4,4,4,4,4,4,4,4,4,4,4,4,4,4,4,4,4,4,4,4,4,4,4,4,4,4,4,4,4,4,4,4,4,4,4,4,4,4,4,4,4,4,4,4,4,4,4,4,4,4,4,4,4,4,4,4,4,4,4,4,4,4,4,4,4,4,4,4,4,4,4,4,4,4,4,4,4,4,4,4,4,4,4,4,4,4,4,4,4,4,4,4,4,4,4,4,4,4,4,4,4,4,4,4,4,4,4,4,4,4,4,4,4,4,4,4,4,4,4,4,4,4,4,4,4,4,4,4,4,4,4,4,4,4,4,4,4,4,4,4,4,4,4,4,4,4,4,4,4,4,4,4,4,4,4,4,4,4,4,4,4,4,4,4,4,4,4,4,4,4,4,4,4,4,4,4,4,4,4,4,4,4,4,4,4,4,4,4,AERU01000034.1/50514-50366,1
2033,0,2,0,3,2,1,3,1,0,3,3,1,4,1,0,3,4,1,3,4,1,3,3,0,3,2,3,3,4,1,2,1,1,3,3,4,1,4,4,4,4,4,4,4,4,4,4,4,4,4,4,4,4,4,4,4,3,4,4,4,4,4,4,4,4,4,4,4,4,4,4,4,4,4,4,4,4,4,4,4,2,2,1,1,3,1,0,3,0,0,0,1,3,1,0,4,2,2,0,4,0,3,2,0,3,2,1,0,4,4,4,4,2,0,2,1,1,2,4,4,3,3,3,0,1,2,2,3,2,1,3,3,0,3,1,2,3,1,1,4,0,1,3,2,0,4,1,0,2,0,3,3,3,1,4,4,4,4,4,4,4,4,4,2,1,3,3,0,1,4,4,4,2,1,1,4,4,4,4,4,4,4,4,4,4,4,4,4,4,4,4,4,4,4,4,4,4,4,4,4,4,4,4,4,4,4,4,4,3,4,4,1,0,3,1,0,4,0,0,1,0,1,4,4,1,1,4,3,2,2,0,1,0,1,0,0,1,2,3,3,2,0,4,4,4,4,4,2,3,2,0,0,2,1,0,1,1,1,1,3,3,3,4,4,4,4,4,4,4,4,4,4,4,4,4,4,4,4,4,4,4,4,4,4,4,4,4,4,4,4,4,4,4,4,4,4,4,4,4,4,4,4,4,4,4,4,4,4,4,4,4,4,4,4,4,4,4,4,4,4,4,4,4,4,4,4,4,4,4,4,4,4,4,4,4,4,4,4,4,4,4,4,4,4,4,4,4,4,4,4,4,4,4,4,4,4,4,4,4,4,4,4,4,4,4,4,4,4,4,4,4,4,4,4,4,4,4,4,4,4,4,4,4,4,4,4,4,4,4,4,4,4,4,4,4,4,4,4,4,4,4,4,4,4,4,4,4,4,4,4,4,4,4,4,4,4,4,4,4,4,4,4,4,4,4,4,4,4,4,4,4,4,4,4,4,4,4,4,4,4,4,4,4,4,4,4,4,4,4,4,4,4,4,4,4,4,4,AEUL01000003.1/137857-137709,1
2034,0,2,3,2,2,1,3,1,0,3,3,1,4,0,1,1,4,3,3,4,1,3,3,0,3,2,3,1,4,0,2,1,4,4,4,4,1,1,1,3,3,4,0,2,2,4,4,4,4,4,4,2,0,1,2,1,4,4,4,4,4,4,4,4,4,4,4,4,4,4,4,4,4,4,4,4,4,4,4,4,4,2,1,3,0,1,0,3,0,0,0,1,3,4,3,4,1,2,0,4,0,3,2,0,1,2,1,0,4,4,4,4,1,0,0,4,4,4,4,4,4,4,1,0,0,2,2,3,2,1,1,3,2,1,1,2,3,1,1,0,0,1,3,3,4,4,1,3,2,0,3,0,0,3,0,4,4,4,4,4,4,4,4,2,1,2,3,0,4,4,4,4,2,1,3,4,4,4,4,4,4,4,4,4,4,4,4,4,4,4,4,4,4,4,4,4,4,4,4,4,4,4,4,4,4,4,4,4,3,4,4,3,0,3,1,0,4,0,1,1,3,1,4,4,1,4,4,4,2,2,2,1,2,0,0,0,1,2,3,1,2,0,4,4,4,4,4,2,3,3,0,2,2,1,0,1,1,2,1,1,3,3,4,4,4,4,4,4,4,4,4,4,4,4,4,4,4,4,4,4,4,4,4,4,4,4,4,4,4,4,4,4,4,4,4,4,4,4,4,4,4,4,4,4,4,4,4,4,4,4,4,4,4,4,4,4,4,4,4,4,4,4,4,4,4,4,4,4,4,4,4,4,4,4,4,4,4,4,4,4,4,4,4,4,4,4,4,4,4,4,4,4,4,4,4,4,4,4,4,4,4,4,4,4,4,4,4,4,4,4,4,4,4,4,4,4,4,4,4,4,4,4,4,4,4,4,4,4,4,4,4,4,4,4,4,4,4,4,4,4,4,4,4,4,4,4,4,4,4,4,4,4,4,4,4,4,4,4,4,4,4,4,4,4,4,4,4,4,4,4,4,4,4,4,4,4,4,4,4,4,4,4,4,4,4,4,4,4,4,4,4,4,4,4,4,4,4,FM200053.1/338852-338999,1
2035,0,2,3,2,2,1,3,1,0,3,3,1,4,0,1,1,4,3,3,4,1,3,3,0,3,2,3,1,4,0,2,1,4,4,4,4,1,1,1,3,3,4,0,2,2,4,4,4,4,4,4,2,0,1,2,1,4,4,4,4,4,4,4,4,4,4,4,4,4,4,4,4,4,4,4,4,4,4,4,4,4,2,1,3,0,1,0,3,0,0,0,1,3,4,3,4,1,2,0,4,0,3,2,0,1,2,1,0,4,4,4,4,1,0,0,4,4,4,4,4,4,4,1,0,0,2,2,3,2,1,1,3,2,1,1,2,3,1,1,0,0,1,3,3,4,4,1,3,2,0,3,0,0,3,0,4,4,4,4,4,4,4,4,2,1,2,3,0,4,4,4,4,2,1,3,4,4,4,4,4,4,4,4,4,4,4,4,4,4,4,4,4,4,4,4,4,4,4,4,4,4,4,4,4,4,4,4,4,3,4,4,3,0,3,1,0,4,0,1,1,3,1,4,4,1,4,4,4,2,2,2,1,2,0,0,0,1,2,3,1,2,0,4,4,4,4,4,2,3,3,0,2,2,1,0,1,1,2,1,1,3,3,4,4,4,4,4,4,4,4,4,4,4,4,4,4,4,4,4,4,4,4,4,4,4,4,4,4,4,4,4,4,4,4,4,4,4,4,4,4,4,4,4,4,4,4,4,4,4,4,4,4,4,4,4,4,4,4,4,4,4,4,4,4,4,4,4,4,4,4,4,4,4,4,4,4,4,4,4,4,4,4,4,4,4,4,4,4,4,4,4,4,4,4,4,4,4,4,4,4,4,4,4,4,4,4,4,4,4,4,4,4,4,4,4,4,4,4,4,4,4,4,4,4,4,4,4,4,4,4,4,4,4,4,4,4,4,4,4,4,4,4,4,4,4,4,4,4,4,4,4,4,4,4,4,4,4,4,4,4,4,4,4,4,4,4,4,4,4,4,4,4,4,4,4,4,4,4,4,4,4,4,4,4,4,4,4,4,4,4,4,4,4,4,4,4,4,ABAM02000001.1/3165638-3165491,1
2036,0,2,0,3,2,1,3,1,0,3,3,1,4,1,0,3,4,3,3,4,1,3,3,0,3,2,3,3,4,1,2,1,1,3,4,4,4,4,4,4,4,4,4,4,4,4,4,4,4,4,4,4,4,4,4,4,3,0,4,4,4,4,4,4,4,4,4,4,4,4,4,4,4,4,4,4,4,4,4,2,3,2,1,1,3,1,0,3,0,0,0,1,3,1,1,4,2,2,0,4,0,3,2,0,1,2,1,0,4,4,4,4,2,0,2,1,1,2,4,4,3,3,3,0,1,2,2,3,2,1,3,3,0,3,1,2,3,1,1,4,0,1,3,2,0,4,1,0,2,0,3,2,3,1,4,4,4,4,4,4,4,4,4,2,1,3,3,3,3,4,4,4,2,1,1,4,4,4,4,4,4,4,4,4,4,4,4,4,4,4,4,4,4,4,4,4,4,4,4,4,4,4,4,4,4,4,4,4,3,4,4,1,0,3,1,0,4,2,0,1,0,1,4,4,1,0,4,3,2,2,0,1,0,1,0,0,1,2,3,3,2,0,4,4,4,4,4,2,3,2,0,0,2,1,0,1,1,1,0,1,3,3,4,4,4,4,4,4,4,4,4,4,4,4,4,4,4,4,4,4,4,4,4,4,4,4,4,4,4,4,4,4,4,4,4,4,4,4,4,4,4,4,4,4,4,4,4,4,4,4,4,4,4,4,4,4,4,4,4,4,4,4,4,4,4,4,4,4,4,4,4,4,4,4,4,4,4,4,4,4,4,4,4,4,4,4,4,4,4,4,4,4,4,4,4,4,4,4,4,4,4,4,4,4,4,4,4,4,4,4,4,4,4,4,4,4,4,4,4,4,4,4,4,4,4,4,4,4,4,4,4,4,4,4,4,4,4,4,4,4,4,4,4,4,4,4,4,4,4,4,4,4,4,4,4,4,4,4,4,4,4,4,4,4,4,4,4,4,4,4,4,4,4,4,4,4,4,4,4,4,4,4,4,4,4,4,4,4,4,4,4,4,4,4,4,4,4,AEJW01000365.1/365-513,1
2037,0,2,3,2,2,1,3,1,0,3,3,1,4,0,1,1,4,2,0,4,1,3,3,0,3,2,3,1,4,0,2,1,4,4,4,4,1,1,1,3,3,4,1,2,2,4,4,4,4,4,4,2,0,1,2,3,4,4,4,4,4,4,4,4,4,4,4,4,4,4,4,4,4,4,4,4,4,4,4,4,4,2,1,3,0,1,0,3,0,0,0,0,3,4,3,4,1,2,0,4,0,3,2,0,1,2,1,0,4,4,4,4,1,0,0,4,4,4,4,4,4,4,1,0,0,2,2,3,2,1,1,3,2,1,1,2,3,1,1,0,0,1,3,3,4,4,1,3,2,0,3,0,3,1,0,4,4,4,4,4,4,4,4,2,1,2,3,0,4,4,4,4,2,1,3,4,4,4,4,4,4,4,4,4,4,4,4,4,4,4,4,4,4,4,4,4,4,4,4,4,4,4,4,4,4,4,4,4,0,4,4,3,0,3,1,0,4,0,1,1,0,3,4,4,1,4,4,4,2,2,2,1,2,0,0,0,1,2,3,1,2,0,4,4,4,4,4,2,3,3,0,2,2,1,0,1,1,2,1,1,3,3,4,4,4,4,4,4,4,4,4,4,4,4,4,4,4,4,4,4,4,4,4,4,4,4,4,4,4,4,4,4,4,4,4,4,4,4,4,4,4,4,4,4,4,4,4,4,4,4,4,4,4,4,4,4,4,4,4,4,4,4,4,4,4,4,4,4,4,4,4,4,4,4,4,4,4,4,4,4,4,4,4,4,4,4,4,4,4,4,4,4,4,4,4,4,4,4,4,4,4,4,4,4,4,4,4,4,4,4,4,4,4,4,4,4,4,4,4,4,4,4,4,4,4,4,4,4,4,4,4,4,4,4,4,4,4,4,4,4,4,4,4,4,4,4,4,4,4,4,4,4,4,4,4,4,4,4,4,4,4,4,4,4,4,4,4,4,4,4,4,4,4,4,4,4,4,4,4,4,4,4,4,4,4,4,4,4,4,4,4,4,4,4,4,4,4,ABHP01000007.1/25023-25170,1
2038,0,0,3,2,4,4,4,4,4,4,4,4,4,4,4,4,4,4,4,4,4,4,4,4,4,4,4,4,4,4,4,4,4,4,4,4,4,4,4,4,4,4,4,4,4,4,4,4,4,4,4,4,4,4,4,4,0,4,4,4,4,4,4,4,4,4,4,4,4,4,4,4,4,4,4,4,4,4,4,1,2,4,4,4,4,4,4,4,4,4,4,4,4,4,4,4,4,4,4,4,4,4,4,4,4,4,4,1,4,4,4,4,0,1,0,0,4,4,4,4,4,4,0,1,0,2,2,3,2,1,1,3,2,1,1,2,3,1,1,0,0,1,3,3,4,4,1,3,2,0,3,0,3,1,0,4,4,4,4,4,4,4,4,2,1,3,3,0,4,4,4,4,2,1,3,4,4,4,4,4,4,4,4,4,4,4,4,4,4,4,4,4,4,4,4,4,4,4,4,4,4,4,4,4,4,4,4,4,0,4,4,3,0,3,1,0,4,0,1,1,0,1,4,4,1,4,4,4,2,2,2,1,2,0,0,0,1,2,3,3,2,0,4,4,4,4,4,2,3,3,0,2,2,1,0,1,1,2,1,1,3,3,4,4,4,4,4,4,4,4,4,4,4,4,4,4,4,4,4,4,4,4,4,4,4,4,4,4,4,4,4,4,4,4,4,4,4,4,4,4,4,4,4,4,4,4,4,4,4,4,4,4,4,4,4,4,4,4,4,4,4,4,4,4,4,4,4,4,4,4,4,4,4,4,4,4,4,4,4,4,4,4,4,4,4,4,4,4,4,4,4,4,4,4,4,4,4,4,4,4,4,4,4,4,4,4,4,4,4,4,4,4,4,4,4,4,4,4,4,4,4,4,4,4,4,4,4,4,4,4,4,4,4,4,4,4,4,4,4,4,4,4,4,4,4,4,4,4,4,4,4,4,4,4,4,4,4,4,4,4,4,4,4,4,4,4,4,4,4,4,4,4,4,4,4,4,4,4,4,4,4,4,4,4,4,4,4,4,4,4,4,4,4,4,4,4,4,AGFT01101218.1/462-371,1
2039,0,2,3,2,2,1,3,1,0,3,3,1,4,0,1,1,4,2,0,4,1,3,3,0,3,2,3,1,4,0,2,1,4,4,4,4,1,1,1,3,3,4,1,2,2,4,4,4,4,4,4,2,0,1,2,3,4,4,4,4,4,4,4,4,4,4,4,4,4,4,4,4,4,4,4,4,4,4,4,4,4,2,1,3,0,1,0,3,0,0,0,0,3,4,3,4,1,2,0,4,0,3,2,0,1,2,1,0,4,4,4,4,1,0,0,4,4,4,4,4,4,4,1,0,0,2,2,3,2,1,1,3,2,1,1,2,3,1,1,0,0,1,3,3,4,4,1,3,2,0,3,0,3,1,0,4,4,4,4,4,4,4,4,2,1,2,3,0,4,4,4,4,2,1,3,4,4,4,4,4,4,4,4,4,4,4,4,4,4,4,4,4,4,4,4,4,4,4,4,4,4,4,4,4,4,4,4,4,0,4,4,3,0,3,1,0,4,0,1,1,0,3,4,4,1,4,4,4,2,2,2,1,2,0,0,0,1,2,3,1,2,0,4,4,4,4,4,2,3,3,0,2,2,1,0,1,1,2,1,1,3,3,4,4,4,4,4,4,4,4,4,4,4,4,4,4,4,4,4,4,4,4,4,4,4,4,4,4,4,4,4,4,4,4,4,4,4,4,4,4,4,4,4,4,4,4,4,4,4,4,4,4,4,4,4,4,4,4,4,4,4,4,4,4,4,4,4,4,4,4,4,4,4,4,4,4,4,4,4,4,4,4,4,4,4,4,4,4,4,4,4,4,4,4,4,4,4,4,4,4,4,4,4,4,4,4,4,4,4,4,4,4,4,4,4,4,4,4,4,4,4,4,4,4,4,4,4,4,4,4,4,4,4,4,4,4,4,4,4,4,4,4,4,4,4,4,4,4,4,4,4,4,4,4,4,4,4,4,4,4,4,4,4,4,4,4,4,4,4,4,4,4,4,4,4,4,4,4,4,4,4,4,4,4,4,4,4,4,4,4,4,4,4,4,4,4,4,AFRH01000006.1/799687-799540,1
2040,0,2,0,3,2,1,3,1,0,3,3,1,4,1,0,3,4,1,3,4,1,3,3,0,3,2,3,3,4,1,2,1,1,3,4,4,4,4,4,4,4,4,4,4,4,4,4,4,4,4,4,4,4,4,4,4,3,0,4,4,4,4,4,4,4,4,4,4,4,4,4,4,4,4,4,4,4,4,4,2,3,2,1,1,3,1,0,3,0,0,0,1,3,1,1,4,2,2,0,4,0,3,2,0,1,2,1,0,4,4,4,4,2,0,2,1,1,2,4,4,3,3,3,0,1,2,2,3,2,1,3,3,0,3,1,2,3,1,1,4,0,1,3,2,0,4,1,0,2,0,3,2,3,1,4,4,4,4,4,4,4,4,4,2,1,3,3,0,3,4,4,4,2,1,1,4,4,4,4,4,4,4,4,4,4,4,4,4,4,4,4,4,4,4,4,4,4,4,4,4,4,4,4,4,4,4,4,4,3,4,4,1,0,3,1,0,4,2,0,1,0,1,4,4,1,0,4,3,2,2,0,1,0,1,0,0,1,2,3,3,2,0,4,4,4,4,4,2,3,2,0,0,2,1,0,1,1,1,0,1,3,3,4,4,4,4,4,4,4,4,4,4,4,4,4,4,4,4,4,4,4,4,4,4,4,4,4,4,4,4,4,4,4,4,4,4,4,4,4,4,4,4,4,4,4,4,4,4,4,4,4,4,4,4,4,4,4,4,4,4,4,4,4,4,4,4,4,4,4,4,4,4,4,4,4,4,4,4,4,4,4,4,4,4,4,4,4,4,4,4,4,4,4,4,4,4,4,4,4,4,4,4,4,4,4,4,4,4,4,4,4,4,4,4,4,4,4,4,4,4,4,4,4,4,4,4,4,4,4,4,4,4,4,4,4,4,4,4,4,4,4,4,4,4,4,4,4,4,4,4,4,4,4,4,4,4,4,4,4,4,4,4,4,4,4,4,4,4,4,4,4,4,4,4,4,4,4,4,4,4,4,4,4,4,4,4,4,4,4,4,4,4,4,4,4,4,4,ADUQ01000074.1/176635-176783,1
2041,0,2,0,3,2,1,3,1,0,3,3,1,4,1,0,3,4,1,3,4,1,3,3,0,3,2,3,3,4,1,2,1,1,3,4,4,4,4,4,4,4,4,4,4,4,4,4,4,4,4,4,4,4,4,4,4,3,0,4,4,4,4,4,4,4,4,4,4,4,4,4,4,4,4,4,4,4,4,4,2,3,2,1,1,3,1,0,3,0,0,0,1,3,1,1,4,2,2,0,4,0,3,2,0,1,2,1,0,4,4,4,4,2,0,2,1,1,2,4,4,3,3,3,0,1,2,2,3,2,1,3,3,0,3,1,2,3,1,1,4,0,1,3,2,0,4,1,0,2,0,3,2,3,1,4,4,4,4,4,4,4,4,4,2,1,3,3,0,3,4,4,4,2,1,1,4,4,4,4,4,4,4,4,4,4,4,4,4,4,4,4,4,4,4,4,4,4,4,4,4,4,4,4,4,4,4,4,4,3,4,4,1,0,3,1,0,4,2,0,1,0,1,4,4,1,0,4,3,2,2,0,1,0,1,0,0,1,2,3,3,2,0,4,4,4,4,4,2,3,2,0,0,2,1,0,1,1,1,0,1,3,3,4,4,4,4,4,4,4,4,4,4,4,4,4,4,4,4,4,4,4,4,4,4,4,4,4,4,4,4,4,4,4,4,4,4,4,4,4,4,4,4,4,4,4,4,4,4,4,4,4,4,4,4,4,4,4,4,4,4,4,4,4,4,4,4,4,4,4,4,4,4,4,4,4,4,4,4,4,4,4,4,4,4,4,4,4,4,4,4,4,4,4,4,4,4,4,4,4,4,4,4,4,4,4,4,4,4,4,4,4,4,4,4,4,4,4,4,4,4,4,4,4,4,4,4,4,4,4,4,4,4,4,4,4,4,4,4,4,4,4,4,4,4,4,4,4,4,4,4,4,4,4,4,4,4,4,4,4,4,4,4,4,4,4,4,4,4,4,4,4,4,4,4,4,4,4,4,4,4,4,4,4,4,4,4,4,4,4,4,4,4,4,4,4,4,4,CP000036.1/3834351-3834499,1
2042,0,2,3,2,2,1,3,1,0,3,3,1,4,0,1,1,4,2,0,4,1,3,3,0,3,2,3,1,4,0,2,1,4,4,4,4,1,1,1,3,3,4,1,2,2,4,4,4,4,4,4,2,0,1,2,3,4,4,4,4,4,4,4,4,4,4,4,4,4,4,4,4,4,4,4,4,4,4,4,4,4,2,1,3,0,1,0,3,0,0,0,0,3,4,3,4,1,2,0,4,0,3,2,0,1,2,1,0,4,4,4,4,1,0,0,4,4,4,4,4,4,4,1,0,0,2,2,3,2,1,1,3,2,1,1,2,3,1,1,0,0,1,3,3,4,4,1,3,2,0,3,0,3,1,0,4,4,4,4,4,4,4,4,2,1,2,3,0,4,4,4,4,2,1,3,4,4,4,4,4,4,4,4,4,4,4,4,4,4,4,4,4,4,4,4,4,4,4,4,4,4,4,4,4,4,4,4,4,0,4,4,3,0,3,1,0,4,0,1,1,0,3,4,4,1,4,4,4,2,2,2,1,2,0,0,0,1,2,3,1,2,0,4,4,4,4,4,2,3,3,0,2,2,1,0,1,1,2,1,1,3,3,4,4,4,4,4,4,4,4,4,4,4,4,4,4,4,4,4,4,4,4,4,4,4,4,4,4,4,4,4,4,4,4,4,4,4,4,4,4,4,4,4,4,4,4,4,4,4,4,4,4,4,4,4,4,4,4,4,4,4,4,4,4,4,4,4,4,4,4,4,4,4,4,4,4,4,4,4,4,4,4,4,4,4,4,4,4,4,4,4,4,4,4,4,4,4,4,4,4,4,4,4,4,4,4,4,4,4,4,4,4,4,4,4,4,4,4,4,4,4,4,4,4,4,4,4,4,4,4,4,4,4,4,4,4,4,4,4,4,4,4,4,4,4,4,4,4,4,4,4,4,4,4,4,4,4,4,4,4,4,4,4,4,4,4,4,4,4,4,4,4,4,4,4,4,4,4,4,4,4,4,4,4,4,4,4,4,4,4,4,4,4,4,4,4,4,AAJX02000007.1/149409-149262,1
2043,0,2,3,3,2,1,3,1,0,3,3,1,4,0,1,1,4,3,3,4,3,3,3,0,3,2,0,3,4,0,2,1,1,1,1,2,1,0,0,3,3,4,0,0,2,1,2,2,0,3,4,2,0,3,2,1,4,4,4,4,4,4,4,4,4,4,4,4,4,4,4,4,4,4,4,4,4,4,4,4,4,2,1,3,3,1,0,3,0,0,2,1,1,3,1,4,1,2,0,4,0,3,2,0,3,2,1,1,4,4,4,4,3,0,0,2,4,4,4,4,4,4,0,1,3,2,2,3,2,1,1,3,0,3,1,2,3,1,1,0,1,1,3,0,0,0,1,1,2,0,1,0,3,3,2,3,2,3,4,4,4,4,4,2,0,0,0,2,1,4,4,4,0,1,0,4,4,4,4,4,4,4,4,4,4,4,4,4,4,4,4,4,4,4,4,4,4,4,4,4,4,4,4,4,4,4,4,4,3,4,4,3,0,3,1,0,4,0,0,1,0,3,4,4,1,4,4,4,2,2,0,1,2,0,1,0,1,2,3,3,2,0,4,4,4,4,4,2,3,2,0,2,2,1,0,1,1,2,1,1,3,0,4,4,4,4,4,4,4,4,4,4,4,4,4,4,4,4,4,4,4,4,4,4,4,4,4,4,4,4,4,4,4,4,4,4,4,4,4,4,4,4,4,4,4,4,4,4,4,4,4,4,4,4,4,4,4,4,4,4,4,4,4,4,4,4,4,4,4,4,4,4,4,4,4,4,4,4,4,4,4,4,4,4,4,4,4,4,4,4,4,4,4,4,4,4,4,4,4,4,4,4,4,4,4,4,4,4,4,4,4,4,4,4,4,4,4,4,4,4,4,4,4,4,4,4,4,4,4,4,4,4,4,4,4,4,4,4,4,4,4,4,4,4,4,4,4,4,4,4,4,4,4,4,4,4,4,4,4,4,4,4,4,4,4,4,4,4,4,4,4,4,4,4,4,4,4,4,4,4,4,4,4,4,4,4,4,4,4,4,4,4,4,4,4,4,4,AAUB01000124.1/2878-3042,1
2044,3,2,3,3,2,1,3,1,0,3,3,1,4,0,3,1,4,3,2,4,3,3,3,0,3,2,0,3,4,3,2,1,1,0,1,4,1,1,1,0,1,4,0,2,1,2,2,4,4,4,4,2,1,0,2,0,4,4,4,4,4,4,4,4,4,4,4,4,4,4,4,4,4,4,4,4,4,4,4,4,4,2,1,4,3,1,0,3,0,0,0,0,3,4,1,4,1,2,0,4,0,3,2,0,1,2,1,0,4,4,4,4,1,1,0,4,4,4,4,4,4,4,0,0,1,2,2,0,2,1,1,3,2,3,1,2,3,1,1,0,1,1,1,0,0,4,1,1,2,0,3,0,0,3,1,2,3,0,3,4,4,2,3,4,3,1,3,2,1,4,4,0,3,1,2,4,4,4,4,4,4,4,4,4,4,4,4,4,4,4,4,4,4,4,4,4,4,4,4,4,4,4,4,4,4,4,4,4,3,4,4,3,0,3,1,0,4,0,2,1,0,3,4,4,1,4,4,4,2,2,0,1,2,1,0,0,1,2,3,3,2,0,4,4,4,4,4,2,3,3,0,2,2,1,3,1,1,0,1,1,1,0,4,4,4,4,4,4,4,4,4,4,4,4,4,4,4,4,4,4,4,4,4,4,4,4,4,4,4,4,4,4,4,4,4,4,4,4,4,4,4,4,4,4,4,4,4,4,4,4,4,4,4,4,4,4,4,4,4,4,4,4,4,4,4,4,4,4,4,4,4,4,4,4,4,4,4,4,4,4,4,4,4,4,4,4,4,4,4,4,4,4,4,4,4,4,4,4,4,4,4,4,4,4,4,4,4,4,4,4,4,4,4,4,4,4,4,4,4,4,4,4,4,4,4,4,4,4,4,4,4,4,4,4,4,4,4,4,4,4,4,4,4,4,4,4,4,4,4,4,4,4,4,4,4,4,4,4,4,4,4,4,4,4,4,4,4,4,4,4,4,4,4,4,4,4,4,4,4,4,4,4,4,4,4,4,4,4,4,4,4,4,4,4,4,4,4,CP003085.1/1223521-1223680,1
2045,0,2,3,2,2,1,3,1,0,3,3,1,4,0,1,1,4,3,3,4,1,3,3,0,3,2,3,1,4,0,2,1,4,4,4,4,1,1,1,3,3,4,0,2,2,4,4,4,4,4,4,2,0,1,2,1,4,4,4,4,4,4,4,4,4,4,4,4,4,4,4,4,4,4,4,4,4,4,4,4,4,2,1,3,0,1,0,3,0,0,0,1,3,4,3,4,1,2,0,4,0,3,2,0,1,2,1,0,4,4,4,4,1,0,0,4,4,4,4,4,4,4,1,0,0,2,2,3,2,1,1,3,2,1,1,2,3,1,1,0,0,1,3,3,4,4,1,3,2,0,3,0,0,1,0,4,4,4,4,4,4,4,4,2,1,2,3,0,4,4,4,4,2,1,3,4,4,4,4,4,4,4,4,4,4,4,4,4,4,4,4,4,4,4,4,4,4,4,4,4,4,4,4,4,4,4,4,4,3,4,4,3,0,3,1,0,4,0,1,1,3,1,4,4,1,4,4,4,2,2,2,1,2,0,0,0,1,2,3,1,2,0,4,4,4,4,4,2,3,3,0,2,2,1,0,1,1,2,1,1,3,3,4,4,4,4,4,4,4,4,4,4,4,4,4,4,4,4,4,4,4,4,4,4,4,4,4,4,4,4,4,4,4,4,4,4,4,4,4,4,4,4,4,4,4,4,4,4,4,4,4,4,4,4,4,4,4,4,4,4,4,4,4,4,4,4,4,4,4,4,4,4,4,4,4,4,4,4,4,4,4,4,4,4,4,4,4,4,4,4,4,4,4,4,4,4,4,4,4,4,4,4,4,4,4,4,4,4,4,4,4,4,4,4,4,4,4,4,4,4,4,4,4,4,4,4,4,4,4,4,4,4,4,4,4,4,4,4,4,4,4,4,4,4,4,4,4,4,4,4,4,4,4,4,4,4,4,4,4,4,4,4,4,4,4,4,4,4,4,4,4,4,4,4,4,4,4,4,4,4,4,4,4,4,4,4,4,4,4,4,4,4,4,4,4,4,4,FN424405.1/2732227-2732080,1
2046,0,2,0,3,2,1,3,1,0,3,3,1,4,1,0,3,4,1,3,4,1,3,3,0,3,2,3,3,4,1,2,1,1,3,4,4,4,4,4,4,4,4,4,4,4,4,4,4,4,4,4,4,4,4,4,4,3,0,4,4,4,4,4,4,4,4,4,4,4,4,4,4,4,4,4,4,4,4,4,2,3,2,1,1,3,1,0,3,0,0,0,1,3,1,0,4,2,2,0,4,0,3,2,0,3,2,1,0,4,4,4,4,2,0,2,1,1,0,4,4,3,3,3,0,1,2,2,3,2,1,3,3,0,3,1,2,3,1,1,4,0,1,3,2,0,4,1,0,2,0,3,2,3,1,4,4,4,4,4,4,4,4,4,2,1,3,3,1,2,4,4,4,2,1,1,4,4,4,4,4,4,4,4,4,4,4,4,4,4,4,4,4,4,4,4,4,4,4,4,4,4,4,4,4,4,4,4,4,3,4,4,1,0,3,1,0,4,2,0,1,0,1,4,4,1,0,4,3,2,2,2,1,0,3,0,0,1,2,3,3,2,0,4,4,4,4,4,2,3,2,0,0,2,1,0,1,1,0,0,0,3,0,4,4,4,4,4,4,4,4,4,4,4,4,4,4,4,4,4,4,4,4,4,4,4,4,4,4,4,4,4,4,4,4,4,4,4,4,4,4,4,4,4,4,4,4,4,4,4,4,4,4,4,4,4,4,4,4,4,4,4,4,4,4,4,4,4,4,4,4,4,4,4,4,4,4,4,4,4,4,4,4,4,4,4,4,4,4,4,4,4,4,4,4,4,4,4,4,4,4,4,4,4,4,4,4,4,4,4,4,4,4,4,4,4,4,4,4,4,4,4,4,4,4,4,4,4,4,4,4,4,4,4,4,4,4,4,4,4,4,4,4,4,4,4,4,4,4,4,4,4,4,4,4,4,4,4,4,4,4,4,4,4,4,4,4,4,4,4,4,4,4,4,4,4,4,4,4,4,4,4,4,4,4,4,4,4,4,4,4,4,4,4,4,4,4,4,AGSY01000152.1/458-606,1
2047,0,2,0,3,2,1,3,1,0,3,3,1,4,1,0,3,4,1,3,4,1,3,3,0,3,2,3,3,4,1,2,1,1,3,3,4,1,4,4,4,4,4,4,4,4,4,4,4,4,4,4,4,4,4,4,4,3,4,4,4,4,4,4,4,4,4,4,4,4,4,4,4,4,4,4,4,4,4,4,4,2,2,1,1,3,1,0,3,0,0,0,1,3,1,0,4,2,2,0,4,0,3,2,0,3,2,1,0,4,4,4,4,2,0,2,1,1,2,4,4,3,3,3,0,1,2,2,3,2,1,3,3,0,3,1,2,3,1,1,4,0,1,3,2,0,4,1,0,2,0,3,2,3,1,4,4,4,4,4,4,4,4,4,2,1,3,3,0,1,4,4,4,2,1,1,4,4,4,4,4,4,4,4,4,4,4,4,4,4,4,4,4,4,4,4,4,4,4,4,4,4,4,4,4,4,4,4,4,3,4,4,1,0,3,1,0,4,0,0,1,0,1,4,4,1,1,4,3,2,2,0,1,0,1,0,0,1,2,3,3,2,0,4,4,4,4,4,2,3,2,0,0,2,1,0,1,1,1,1,3,3,3,4,4,4,4,4,4,4,4,4,4,4,4,4,4,4,4,4,4,4,4,4,4,4,4,4,4,4,4,4,4,4,4,4,4,4,4,4,4,4,4,4,4,4,4,4,4,4,4,4,4,4,4,4,4,4,4,4,4,4,4,4,4,4,4,4,4,4,4,4,4,4,4,4,4,4,4,4,4,4,4,4,4,4,4,4,4,4,4,4,4,4,4,4,4,4,4,4,4,4,4,4,4,4,4,4,4,4,4,4,4,4,4,4,4,4,4,4,4,4,4,4,4,4,4,4,4,4,4,4,4,4,4,4,4,4,4,4,4,4,4,4,4,4,4,4,4,4,4,4,4,4,4,4,4,4,4,4,4,4,4,4,4,4,4,4,4,4,4,4,4,4,4,4,4,4,4,4,4,4,4,4,4,4,4,4,4,4,4,4,4,4,4,4,4,4,AFCP01001902.1/295-443,1
2048,0,2,3,3,2,1,3,1,0,3,3,1,4,0,0,1,4,3,3,4,3,3,3,0,3,2,0,3,4,2,2,1,1,2,2,4,3,0,0,0,3,4,0,0,0,1,1,2,0,0,4,3,1,1,0,3,4,4,4,4,4,4,4,4,4,4,4,4,4,4,4,4,4,4,4,4,4,4,4,4,4,2,1,1,3,1,0,3,0,0,2,1,1,3,1,4,1,2,0,4,0,3,2,0,3,2,1,1,4,4,4,4,0,0,0,2,4,4,4,4,4,0,0,0,3,2,2,3,2,1,1,3,0,3,1,2,3,1,1,0,0,1,1,0,0,0,1,1,2,0,3,0,0,1,0,2,0,1,2,4,4,4,1,2,1,0,0,2,1,4,4,2,0,1,3,4,4,4,4,4,4,4,4,4,4,4,4,4,4,4,4,4,4,4,4,4,4,4,4,4,4,4,4,4,4,4,4,4,3,4,4,3,0,3,1,0,4,0,2,1,0,3,4,4,1,4,4,4,2,2,2,1,2,0,1,0,1,2,3,2,2,0,4,4,4,4,4,2,3,2,0,2,2,1,0,1,1,2,1,1,3,2,4,4,4,4,4,4,4,4,4,4,4,4,4,4,4,4,4,4,4,4,4,4,4,4,4,4,4,4,4,4,4,4,4,4,4,4,4,4,4,4,4,4,4,4,4,4,4,4,4,4,4,4,4,4,4,4,4,4,4,4,4,4,4,4,4,4,4,4,4,4,4,4,4,4,4,4,4,4,4,4,4,4,4,4,4,4,4,4,4,4,4,4,4,4,4,4,4,4,4,4,4,4,4,4,4,4,4,4,4,4,4,4,4,4,4,4,4,4,4,4,4,4,4,4,4,4,4,4,4,4,4,4,4,4,4,4,4,4,4,4,4,4,4,4,4,4,4,4,4,4,4,4,4,4,4,4,4,4,4,4,4,4,4,4,4,4,4,4,4,4,4,4,4,4,4,4,4,4,4,4,4,4,4,4,4,4,4,4,4,4,4,4,4,4,4,ADBY01000042.1/39353-39520,1
2049,0,2,0,3,2,1,3,1,0,3,3,1,4,1,0,3,4,1,3,4,1,3,3,0,3,2,3,3,4,1,2,1,1,3,4,4,4,4,4,4,4,4,4,4,4,4,4,4,4,4,4,4,4,4,4,4,3,0,4,4,4,4,4,4,4,4,4,4,4,4,4,4,4,4,4,4,4,4,4,2,3,2,1,1,3,1,0,3,0,0,0,1,3,1,1,4,2,2,0,4,0,3,2,0,1,2,1,0,4,4,4,4,2,0,2,1,1,2,4,4,3,3,3,0,1,2,2,3,2,1,3,3,0,3,1,2,3,1,1,4,0,1,3,2,0,4,1,0,2,0,3,2,3,1,4,4,4,4,4,4,4,4,4,2,1,3,3,0,3,4,4,4,2,1,1,4,4,4,4,4,4,4,4,4,4,4,4,4,4,4,4,4,4,4,4,4,4,4,4,4,4,4,4,4,4,4,4,4,3,4,4,1,0,3,1,0,4,2,0,1,0,1,4,4,1,0,4,3,2,2,0,1,0,1,0,0,1,2,3,3,2,0,4,4,4,4,4,2,3,2,0,0,2,1,0,1,1,1,0,1,3,3,4,4,4,4,4,4,4,4,4,4,4,4,4,4,4,4,4,4,4,4,4,4,4,4,4,4,4,4,4,4,4,4,4,4,4,4,4,4,4,4,4,4,4,4,4,4,4,4,4,4,4,4,4,4,4,4,4,4,4,4,4,4,4,4,4,4,4,4,4,4,4,4,4,4,4,4,4,4,4,4,4,4,4,4,4,4,4,4,4,4,4,4,4,4,4,4,4,4,4,4,4,4,4,4,4,4,4,4,4,4,4,4,4,4,4,4,4,4,4,4,4,4,4,4,4,4,4,4,4,4,4,4,4,4,4,4,4,4,4,4,4,4,4,4,4,4,4,4,4,4,4,4,4,4,4,4,4,4,4,4,4,4,4,4,4,4,4,4,4,4,4,4,4,4,4,4,4,4,4,4,4,4,4,4,4,4,4,4,4,4,4,4,4,4,4,AFDW01000035.1/42725-42873,1
2050,0,2,3,2,2,1,3,1,0,3,3,1,4,0,1,1,4,2,0,4,1,3,3,0,3,2,3,1,4,0,2,1,4,4,4,4,1,1,1,3,3,4,1,2,2,4,4,4,4,4,4,2,0,1,2,3,4,4,4,4,4,4,4,4,4,4,4,4,4,4,4,4,4,4,4,4,4,4,4,4,4,2,1,3,0,1,0,3,0,0,0,0,3,4,3,4,1,2,0,4,0,3,2,0,1,2,1,0,4,4,4,4,1,0,0,4,4,4,4,4,4,4,1,0,0,2,2,3,2,1,1,3,2,1,1,2,3,1,1,0,0,1,3,3,4,4,1,3,2,0,3,0,3,1,0,4,4,4,4,4,4,4,4,2,1,2,3,0,4,4,4,4,2,1,3,4,4,4,4,4,4,4,4,4,4,4,4,4,4,4,4,4,4,4,4,4,4,4,4,4,4,4,4,4,4,4,4,4,0,4,4,3,0,3,1,0,4,0,1,1,0,3,4,4,1,4,4,4,2,2,2,1,2,0,0,0,1,2,3,1,2,0,4,4,4,4,4,2,3,3,0,2,2,1,0,1,1,2,1,1,3,3,4,4,4,4,4,4,4,4,4,4,4,4,4,4,4,4,4,4,4,4,4,4,4,4,4,4,4,4,4,4,4,4,4,4,4,4,4,4,4,4,4,4,4,4,4,4,4,4,4,4,4,4,4,4,4,4,4,4,4,4,4,4,4,4,4,4,4,4,4,4,4,4,4,4,4,4,4,4,4,4,4,4,4,4,4,4,4,4,4,4,4,4,4,4,4,4,4,4,4,4,4,4,4,4,4,4,4,4,4,4,4,4,4,4,4,4,4,4,4,4,4,4,4,4,4,4,4,4,4,4,4,4,4,4,4,4,4,4,4,4,4,4,4,4,4,4,4,4,4,4,4,4,4,4,4,4,4,4,4,4,4,4,4,4,4,4,4,4,4,4,4,4,4,4,4,4,4,4,4,4,4,4,4,4,4,4,4,4,4,4,4,4,4,4,4,AFSO01000013.1/167991-167844,1
2051,0,2,0,3,2,1,3,1,0,3,3,1,4,1,0,3,4,1,3,4,1,3,3,0,3,2,3,3,4,1,2,1,1,3,4,4,4,4,4,4,4,4,4,4,4,4,4,4,4,4,4,4,4,4,4,4,3,0,4,4,4,4,4,4,4,4,4,4,4,4,4,4,4,4,4,4,4,4,4,2,3,2,1,1,3,1,0,3,0,0,0,1,3,1,1,4,2,2,0,4,0,3,2,0,1,2,1,0,4,4,4,4,2,0,2,1,1,2,4,4,3,3,3,0,1,2,2,3,2,1,3,3,0,3,1,2,3,1,1,4,0,1,3,2,0,4,1,0,2,0,3,2,3,1,4,4,4,4,4,4,4,4,4,2,1,3,3,0,3,4,4,4,2,1,1,4,4,4,4,4,4,4,4,4,4,4,4,4,4,4,4,4,4,4,4,4,4,4,4,4,4,4,4,4,4,4,4,4,3,4,4,1,0,3,1,0,4,2,0,1,0,1,4,4,1,0,4,3,2,2,0,1,0,1,0,0,1,2,3,3,2,0,4,4,4,4,4,2,3,2,0,0,2,1,0,1,1,1,0,1,3,3,4,4,4,4,4,4,4,4,4,4,4,4,4,4,4,4,4,4,4,4,4,4,4,4,4,4,4,4,4,4,4,4,4,4,4,4,4,4,4,4,4,4,4,4,4,4,4,4,4,4,4,4,4,4,4,4,4,4,4,4,4,4,4,4,4,4,4,4,4,4,4,4,4,4,4,4,4,4,4,4,4,4,4,4,4,4,4,4,4,4,4,4,4,4,4,4,4,4,4,4,4,4,4,4,4,4,4,4,4,4,4,4,4,4,4,4,4,4,4,4,4,4,4,4,4,4,4,4,4,4,4,4,4,4,4,4,4,4,4,4,4,4,4,4,4,4,4,4,4,4,4,4,4,4,4,4,4,4,4,4,4,4,4,4,4,4,4,4,4,4,4,4,4,4,4,4,4,4,4,4,4,4,4,4,4,4,4,4,4,4,4,4,4,4,4,AEHT01000082.1/40080-40228,1
2052,0,2,0,3,2,1,3,1,0,3,1,1,4,1,0,1,4,3,3,4,0,3,3,0,3,2,0,3,4,0,2,1,1,3,2,4,2,3,3,3,3,4,3,0,3,0,2,1,1,0,4,0,3,3,3,0,4,4,4,4,4,4,4,4,4,4,4,4,4,4,4,4,4,4,4,4,4,4,4,4,4,2,1,3,3,1,0,3,0,0,0,1,1,1,0,4,2,2,2,4,0,3,2,0,1,2,1,0,4,4,4,4,2,0,2,1,1,2,0,3,3,3,3,0,2,2,2,3,2,1,1,3,0,3,3,2,3,1,1,0,3,2,3,0,0,4,0,1,2,0,3,2,3,3,4,4,4,4,4,4,4,4,4,2,0,0,3,0,4,4,4,4,3,1,3,4,4,4,4,4,4,4,4,4,4,4,4,4,4,4,4,4,4,4,4,4,4,4,4,4,4,4,4,4,4,4,4,4,3,4,4,1,0,3,1,0,4,1,0,3,0,1,4,4,1,4,4,4,2,2,2,1,0,3,0,0,1,2,3,3,2,0,4,4,4,4,4,2,3,2,0,2,2,1,0,1,1,2,0,1,0,3,4,4,4,4,4,4,4,4,4,4,4,4,4,4,4,4,4,4,4,4,4,4,4,4,4,4,4,4,4,4,4,4,4,4,4,4,4,4,4,4,4,4,4,4,4,4,4,4,4,4,4,4,4,4,4,4,4,4,4,4,4,4,4,4,4,4,4,4,4,4,4,4,4,4,4,4,4,4,4,4,4,4,4,4,4,4,4,4,4,4,4,4,4,4,4,4,4,4,4,4,4,4,4,4,4,4,4,4,4,4,4,4,4,4,4,4,4,4,4,4,4,4,4,4,4,4,4,4,4,4,4,4,4,4,4,4,4,4,4,4,4,4,4,4,4,4,4,4,4,4,4,4,4,4,4,4,4,4,4,4,4,4,4,4,4,4,4,4,4,4,4,4,4,4,4,4,4,4,4,4,4,4,4,4,4,4,4,4,4,4,4,4,4,4,4,CACY01000032.1/340-177,1
2053,0,2,0,3,2,1,3,1,0,3,3,1,4,1,0,3,4,1,3,4,1,3,3,0,3,2,3,3,4,1,2,1,1,3,4,4,4,4,4,4,4,4,4,4,4,4,4,4,4,4,4,4,4,4,4,4,3,0,4,4,4,4,4,4,4,4,4,4,4,4,4,4,4,4,4,4,4,4,4,2,3,2,1,1,3,1,0,3,0,0,0,1,3,1,1,4,2,2,0,4,0,3,2,0,1,2,1,0,4,4,4,4,2,0,2,1,1,2,4,4,3,3,3,0,1,2,2,3,2,1,3,3,0,3,1,2,3,1,1,4,0,1,3,2,0,4,1,0,2,0,3,2,3,1,4,4,4,4,4,4,4,4,4,2,1,3,3,0,3,4,4,4,2,1,1,4,4,4,4,4,4,4,4,4,4,4,4,4,4,4,4,4,4,4,4,4,4,4,4,4,4,4,4,4,4,4,4,4,3,4,4,1,0,3,1,0,4,2,0,1,0,1,4,4,1,0,4,3,2,2,0,1,0,1,0,0,1,2,3,3,2,0,4,4,4,4,4,2,3,2,0,0,2,1,0,1,1,1,0,1,3,3,4,4,4,4,4,4,4,4,4,4,4,4,4,4,4,4,4,4,4,4,4,4,4,4,4,4,4,4,4,4,4,4,4,4,4,4,4,4,4,4,4,4,4,4,4,4,4,4,4,4,4,4,4,4,4,4,4,4,4,4,4,4,4,4,4,4,4,4,4,4,4,4,4,4,4,4,4,4,4,4,4,4,4,4,4,4,4,4,4,4,4,4,4,4,4,4,4,4,4,4,4,4,4,4,4,4,4,4,4,4,4,4,4,4,4,4,4,4,4,4,4,4,4,4,4,4,4,4,4,4,4,4,4,4,4,4,4,4,4,4,4,4,4,4,4,4,4,4,4,4,4,4,4,4,4,4,4,4,4,4,4,4,4,4,4,4,4,4,4,4,4,4,4,4,4,4,4,4,4,4,4,4,4,4,4,4,4,4,4,4,4,4,4,4,4,M87049.1/39548-39696,1
2054,0,2,0,3,2,1,3,1,0,3,3,3,4,1,0,3,4,1,3,4,1,3,3,0,3,2,3,3,4,1,2,1,1,3,4,4,4,4,4,4,4,4,4,4,4,4,4,4,4,4,4,4,4,4,4,4,3,0,4,4,4,4,4,4,4,4,4,4,4,4,4,4,4,4,4,4,4,4,4,2,3,2,1,1,3,1,0,3,0,0,0,1,3,1,1,4,2,2,0,4,0,3,2,0,1,2,1,0,4,4,4,4,2,0,2,1,1,2,4,4,3,3,3,0,1,2,2,3,2,1,3,3,0,3,1,2,3,1,1,4,0,1,3,2,0,4,1,0,2,0,3,2,3,1,4,4,4,4,4,4,4,4,4,2,1,3,3,0,3,4,4,4,2,1,1,4,4,4,4,4,4,4,4,4,4,4,4,4,4,4,4,4,4,4,4,4,4,4,4,4,4,4,4,4,4,4,4,4,3,4,4,1,0,3,1,0,4,2,0,1,0,1,4,4,1,0,4,3,2,2,0,1,0,1,0,0,1,2,3,3,2,0,4,4,4,4,4,2,3,2,0,0,2,1,0,1,1,1,0,1,3,3,4,4,4,4,4,4,4,4,4,4,4,4,4,4,4,4,4,4,4,4,4,4,4,4,4,4,4,4,4,4,4,4,4,4,4,4,4,4,4,4,4,4,4,4,4,4,4,4,4,4,4,4,4,4,4,4,4,4,4,4,4,4,4,4,4,4,4,4,4,4,4,4,4,4,4,4,4,4,4,4,4,4,4,4,4,4,4,4,4,4,4,4,4,4,4,4,4,4,4,4,4,4,4,4,4,4,4,4,4,4,4,4,4,4,4,4,4,4,4,4,4,4,4,4,4,4,4,4,4,4,4,4,4,4,4,4,4,4,4,4,4,4,4,4,4,4,4,4,4,4,4,4,4,4,4,4,4,4,4,4,4,4,4,4,4,4,4,4,4,4,4,4,4,4,4,4,4,4,4,4,4,4,4,4,4,4,4,4,4,4,4,4,4,4,4,FN649414.1/4408621-4408769,1
2055,0,2,0,3,2,1,3,1,0,3,3,1,4,1,0,3,4,1,3,4,1,1,3,0,3,2,3,3,4,1,2,1,1,3,4,4,4,4,4,4,4,4,4,4,4,4,4,4,4,4,4,4,4,4,4,4,3,0,4,4,4,4,4,4,4,4,4,4,4,4,4,4,4,4,4,4,4,4,4,2,3,2,1,1,3,1,0,3,0,0,0,1,3,1,1,4,2,2,0,4,0,3,2,0,1,2,1,0,4,4,4,4,2,0,2,1,1,2,4,4,3,3,3,0,1,2,2,3,2,1,3,3,0,3,1,2,3,1,1,4,0,1,3,2,0,4,1,0,2,0,3,2,3,1,4,4,4,4,4,4,4,4,4,2,1,3,3,0,3,4,4,4,2,1,1,4,4,4,4,4,4,4,4,4,4,4,4,4,4,4,4,4,4,4,4,4,4,4,4,4,4,4,4,4,4,4,4,4,3,4,4,1,0,3,1,0,4,2,0,1,0,1,4,4,1,0,4,3,2,2,0,1,0,1,0,0,1,2,3,3,2,0,4,4,4,4,4,2,3,2,0,0,2,1,0,1,1,1,0,1,3,3,4,4,4,4,4,4,4,4,4,4,4,4,4,4,4,4,4,4,4,4,4,4,4,4,4,4,4,4,4,4,4,4,4,4,4,4,4,4,4,4,4,4,4,4,4,4,4,4,4,4,4,4,4,4,4,4,4,4,4,4,4,4,4,4,4,4,4,4,4,4,4,4,4,4,4,4,4,4,4,4,4,4,4,4,4,4,4,4,4,4,4,4,4,4,4,4,4,4,4,4,4,4,4,4,4,4,4,4,4,4,4,4,4,4,4,4,4,4,4,4,4,4,4,4,4,4,4,4,4,4,4,4,4,4,4,4,4,4,4,4,4,4,4,4,4,4,4,4,4,4,4,4,4,4,4,4,4,4,4,4,4,4,4,4,4,4,4,4,4,4,4,4,4,4,4,4,4,4,4,4,4,4,4,4,4,4,4,4,4,4,4,4,4,4,4,CP000034.1/3676027-3675879,1
2056,0,2,3,2,2,1,3,1,0,3,3,1,4,0,1,1,4,2,0,4,1,3,3,0,3,2,3,1,4,0,2,1,4,4,4,4,1,1,1,3,3,4,1,2,2,4,4,4,4,4,4,2,0,3,2,3,4,4,4,4,4,4,4,4,4,4,4,4,4,4,4,4,4,4,4,4,4,4,4,4,4,2,1,3,0,1,0,3,0,0,0,0,3,4,3,4,1,2,0,4,0,3,2,0,1,2,1,0,4,4,4,4,1,0,0,4,4,4,4,4,4,4,1,0,0,2,2,3,2,1,1,3,2,1,1,2,3,1,1,0,0,1,3,3,4,4,1,3,2,0,3,0,3,1,0,4,4,4,4,4,4,4,4,2,1,2,3,0,4,4,4,4,2,1,3,4,4,4,4,4,4,4,4,4,4,4,4,4,4,4,4,4,4,4,4,4,4,4,4,4,4,4,4,4,4,4,4,4,0,4,4,3,0,3,1,0,4,0,1,1,0,3,4,4,1,4,4,4,2,2,2,1,2,0,0,0,1,2,3,1,2,0,4,4,4,4,4,2,3,3,0,2,2,1,0,1,1,2,1,1,3,3,4,4,4,4,4,4,4,4,4,4,4,4,4,4,4,4,4,4,4,4,4,4,4,4,4,4,4,4,4,4,4,4,4,4,4,4,4,4,4,4,4,4,4,4,4,4,4,4,4,4,4,4,4,4,4,4,4,4,4,4,4,4,4,4,4,4,4,4,4,4,4,4,4,4,4,4,4,4,4,4,4,4,4,4,4,4,4,4,4,4,4,4,4,4,4,4,4,4,4,4,4,4,4,4,4,4,4,4,4,4,4,4,4,4,4,4,4,4,4,4,4,4,4,4,4,4,4,4,4,4,4,4,4,4,4,4,4,4,4,4,4,4,4,4,4,4,4,4,4,4,4,4,4,4,4,4,4,4,4,4,4,4,4,4,4,4,4,4,4,4,4,4,4,4,4,4,4,4,4,4,4,4,4,4,4,4,4,4,4,4,4,4,4,4,4,AFAI01000032.1/38557-38704,1
2057,0,2,0,3,2,1,3,1,0,3,3,1,4,1,0,3,4,1,3,4,1,3,3,0,3,2,3,3,4,1,2,1,1,3,4,4,4,4,4,4,4,4,4,4,4,4,4,4,4,4,4,4,4,4,4,4,3,0,4,4,4,4,4,4,4,4,4,4,4,4,4,4,4,4,4,4,4,4,4,2,3,2,1,1,3,1,0,3,0,0,0,1,3,1,1,4,2,2,0,4,0,3,2,0,1,2,1,0,4,4,4,4,2,0,2,1,1,2,4,4,3,3,3,0,1,2,2,3,2,1,3,3,0,3,1,2,3,1,1,4,0,1,3,2,0,4,1,0,2,0,3,2,3,1,4,4,4,4,4,4,4,4,4,2,1,3,3,0,3,4,4,4,2,1,1,4,4,4,4,4,4,4,4,4,4,4,4,4,4,4,4,4,4,4,4,4,4,4,4,4,4,4,4,4,4,4,4,4,3,4,4,1,0,3,1,0,4,2,0,1,0,1,4,4,1,0,4,3,2,2,0,1,0,1,0,0,1,2,3,3,2,0,4,4,4,4,4,2,3,2,0,0,2,1,0,1,1,1,0,1,3,3,4,4,4,4,4,4,4,4,4,4,4,4,4,4,4,4,4,4,4,4,4,4,4,4,4,4,4,4,4,4,4,4,4,4,4,4,4,4,4,4,4,4,4,4,4,4,4,4,4,4,4,4,4,4,4,4,4,4,4,4,4,4,4,4,4,4,4,4,4,4,4,4,4,4,4,4,4,4,4,4,4,4,4,4,4,4,4,4,4,4,4,4,4,4,4,4,4,4,4,4,4,4,4,4,4,4,4,4,4,4,4,4,4,4,4,4,4,4,4,4,4,4,4,4,4,4,4,4,4,4,4,4,4,4,4,4,4,4,4,4,4,4,4,4,4,4,4,4,4,4,4,4,4,4,4,4,4,4,4,4,4,4,4,4,4,4,4,4,4,4,4,4,4,4,4,4,4,4,4,4,4,4,4,4,4,4,4,4,4,4,4,4,4,4,4,ADUL01000081.1/171826-171678,1
2058,0,2,0,3,2,1,3,1,0,3,3,1,4,1,0,3,4,1,3,4,1,3,3,0,3,2,3,3,4,1,2,1,1,3,3,4,1,4,4,4,4,4,4,4,4,4,4,4,4,4,4,4,4,4,4,4,3,4,4,4,4,4,4,4,4,4,4,4,4,4,4,4,4,4,4,4,4,4,4,4,2,2,1,1,3,1,0,3,0,0,0,1,3,1,0,4,2,2,0,4,0,3,2,0,3,2,1,0,4,4,4,4,2,0,2,1,1,2,4,4,3,3,3,0,1,2,2,3,2,1,3,3,0,3,1,2,3,1,1,4,0,1,3,2,0,4,1,0,2,0,3,2,3,1,4,4,4,4,4,4,4,4,4,2,1,3,3,0,1,4,4,4,2,1,1,4,4,4,4,4,4,4,4,4,4,4,4,4,4,4,4,4,4,4,4,4,4,4,4,4,4,4,4,4,4,4,4,4,3,4,4,1,0,3,1,0,4,0,0,1,0,1,4,4,1,1,4,3,2,2,0,1,0,1,0,0,1,2,3,3,2,0,4,4,4,4,4,2,3,2,0,0,2,1,0,1,1,1,1,3,3,3,4,4,4,4,4,4,4,4,4,4,4,4,4,4,4,4,4,4,4,4,4,4,4,4,4,4,4,4,4,4,4,4,4,4,4,4,4,4,4,4,4,4,4,4,4,4,4,4,4,4,4,4,4,4,4,4,4,4,4,4,4,4,4,4,4,4,4,4,4,4,4,4,4,4,4,4,4,4,4,4,4,4,4,4,4,4,4,4,4,4,4,4,4,4,4,4,4,4,4,4,4,4,4,4,4,4,4,4,4,4,4,4,4,4,4,4,4,4,4,4,4,4,4,4,4,4,4,4,4,4,4,4,4,4,4,4,4,4,4,4,4,4,4,4,4,4,4,4,4,4,4,4,4,4,4,4,4,4,4,4,4,4,4,4,4,4,4,4,4,4,4,4,4,4,4,4,4,4,4,4,4,4,4,4,4,4,4,4,4,4,4,4,4,4,4,CP000886.1/4087095-4087243,1
2059,0,2,3,2,2,1,3,1,0,3,3,1,4,0,1,1,4,3,3,4,1,3,3,0,3,2,3,1,4,0,2,1,4,4,4,4,1,1,1,3,3,4,1,2,2,4,4,4,4,4,4,2,0,1,2,3,4,4,4,4,4,4,4,4,4,4,4,4,4,4,4,4,4,4,4,4,4,4,4,4,4,2,1,3,0,1,0,3,0,0,0,1,3,4,3,4,1,2,0,4,0,3,2,0,1,2,1,0,4,4,4,4,1,0,0,4,4,4,4,4,4,4,1,0,0,2,2,3,2,1,1,3,2,1,1,2,3,1,1,0,0,1,0,3,4,4,1,3,2,0,3,0,3,3,0,4,4,4,4,4,4,4,4,2,1,0,3,3,2,4,4,4,1,3,1,4,4,4,4,4,4,4,4,4,4,4,4,4,4,4,4,4,4,4,4,4,4,4,4,4,4,4,4,4,4,4,4,4,0,4,4,3,0,3,1,0,4,0,1,1,3,1,4,4,1,4,4,4,2,2,2,1,2,0,0,0,1,2,3,1,2,0,4,4,4,4,4,2,3,3,0,2,2,1,0,1,1,2,1,1,3,3,4,4,4,4,4,4,4,4,4,4,4,4,4,4,4,4,4,4,4,4,4,4,4,4,4,4,4,4,4,4,4,4,4,4,4,4,4,4,4,4,4,4,4,4,4,4,4,4,4,4,4,4,4,4,4,4,4,4,4,4,4,4,4,4,4,4,4,4,4,4,4,4,4,4,4,4,4,4,4,4,4,4,4,4,4,4,4,4,4,4,4,4,4,4,4,4,4,4,4,4,4,4,4,4,4,4,4,4,4,4,4,4,4,4,4,4,4,4,4,4,4,4,4,4,4,4,4,4,4,4,4,4,4,4,4,4,4,4,4,4,4,4,4,4,4,4,4,4,4,4,4,4,4,4,4,4,4,4,4,4,4,4,4,4,4,4,4,4,4,4,4,4,4,4,4,4,4,4,4,4,4,4,4,4,4,4,4,4,4,4,4,4,4,4,4,ACDJ01000016.1/20812-20664,1
2060,0,2,0,3,2,1,3,1,0,3,3,1,4,1,0,3,4,1,3,4,1,3,3,0,3,2,3,3,4,1,2,1,1,3,4,4,4,4,4,4,4,4,4,4,4,4,4,4,4,4,4,4,4,4,4,4,3,0,4,4,4,4,4,4,4,4,4,4,4,4,4,4,4,4,4,4,4,4,4,2,3,2,1,1,3,1,0,3,0,0,0,1,3,1,1,4,2,2,0,4,0,3,2,0,1,2,1,0,4,4,4,4,2,0,2,1,1,2,4,4,3,3,3,0,1,2,2,3,2,1,3,3,0,3,1,2,3,1,1,4,0,1,3,2,0,4,1,0,2,0,3,2,3,1,4,4,4,4,4,4,4,4,4,2,1,3,3,0,3,4,4,4,2,1,1,4,4,4,4,4,4,4,4,4,4,4,4,4,4,4,4,4,4,4,4,4,4,4,4,4,4,4,4,4,4,4,4,4,3,4,4,1,0,3,1,0,4,2,0,1,0,1,4,4,1,0,4,3,2,2,0,1,0,1,0,0,1,2,3,3,2,0,4,4,4,4,4,2,3,2,0,0,2,1,0,1,1,1,0,1,3,3,4,4,4,4,4,4,4,4,4,4,4,4,4,4,4,4,4,4,4,4,4,4,4,4,4,4,4,4,4,4,4,4,4,4,4,4,4,4,4,4,4,4,4,4,4,4,4,4,4,4,4,4,4,4,4,4,4,4,4,4,4,4,4,4,4,4,4,4,4,4,4,4,4,4,4,4,4,4,4,4,4,4,4,4,4,4,4,4,4,4,4,4,4,4,4,4,4,4,4,4,4,4,4,4,4,4,4,4,4,4,4,4,4,4,4,4,4,4,4,4,4,4,4,4,4,4,4,4,4,4,4,4,4,4,4,4,4,4,4,4,4,4,4,4,4,4,4,4,4,4,4,4,4,4,4,4,4,4,4,4,4,4,4,4,4,4,4,4,4,4,4,4,4,4,4,4,4,4,4,4,4,4,4,4,4,4,4,4,4,4,4,4,4,4,4,CU928145.2/4365159-4365307,1
2061,0,2,0,3,2,1,3,1,0,3,3,1,4,1,0,3,4,1,3,4,1,3,3,0,3,2,3,3,4,1,2,1,1,3,3,4,4,4,4,4,4,4,4,4,4,4,4,4,4,4,4,4,4,4,4,4,1,4,4,4,4,4,4,4,4,4,4,4,4,4,4,4,4,4,4,4,4,4,4,2,3,2,1,1,3,1,0,3,0,0,0,1,3,1,1,4,2,2,0,4,0,3,2,0,3,2,1,0,4,4,4,4,2,0,2,1,1,2,3,3,1,3,3,0,1,2,2,3,2,1,3,3,0,3,1,2,3,1,1,4,0,1,3,2,0,4,1,0,2,0,3,2,3,1,2,1,0,3,4,4,4,4,4,3,3,0,3,4,4,4,4,4,2,1,1,4,4,4,4,4,4,4,4,4,4,4,4,4,4,4,4,4,4,4,4,4,4,4,4,4,4,4,4,4,4,4,4,4,3,4,4,1,0,3,1,0,4,0,0,1,0,1,4,4,1,0,4,3,2,2,0,1,0,3,3,0,1,2,3,3,2,0,4,4,4,4,4,2,3,2,0,0,2,1,0,1,1,1,0,0,3,3,4,4,4,4,4,4,4,4,4,4,4,4,4,4,4,4,4,4,4,4,4,4,4,4,4,4,4,4,4,4,4,4,4,4,4,4,4,4,4,4,4,4,4,4,4,4,4,4,4,4,4,4,4,4,4,4,4,4,4,4,4,4,4,4,4,4,4,4,4,4,4,4,4,4,4,4,4,4,4,4,4,4,4,4,4,4,4,4,4,4,4,4,4,4,4,4,4,4,4,4,4,4,4,4,4,4,4,4,4,4,4,4,4,4,4,4,4,4,4,4,4,4,4,4,4,4,4,4,4,4,4,4,4,4,4,4,4,4,4,4,4,4,4,4,4,4,4,4,4,4,4,4,4,4,4,4,4,4,4,4,4,4,4,4,4,4,4,4,4,4,4,4,4,4,4,4,4,4,4,4,4,4,4,4,4,4,4,4,4,4,4,4,4,4,4,AFQK01000029.1/38768-38920,1
2062,0,2,0,3,2,1,3,1,0,3,3,1,4,1,0,3,4,1,3,4,1,3,3,0,3,2,3,3,4,1,2,1,1,3,4,4,4,4,4,4,4,4,4,4,4,4,4,4,4,4,4,4,4,4,4,4,3,0,4,4,4,4,4,4,4,4,4,4,4,4,4,4,4,4,4,4,4,4,4,2,3,2,1,1,3,1,0,3,0,0,0,1,3,1,0,4,2,2,0,4,0,3,2,0,1,2,1,0,4,4,4,4,2,0,2,1,1,2,4,4,3,3,3,0,1,2,2,3,2,1,3,3,0,3,1,2,3,1,1,4,0,1,3,2,0,4,1,0,2,0,3,2,3,1,4,4,4,4,4,4,4,4,4,2,1,3,3,1,2,4,4,4,2,1,1,4,4,4,4,4,4,4,4,4,4,4,4,4,4,4,4,4,4,4,4,4,4,4,4,4,4,4,4,4,4,4,4,4,3,4,4,1,0,3,1,0,4,0,0,1,0,1,4,4,1,0,4,3,2,2,0,1,0,1,0,0,1,2,3,3,2,0,4,4,4,4,4,2,3,2,0,0,2,1,0,1,1,0,0,0,3,0,4,4,4,4,4,4,4,4,4,4,4,4,4,4,4,4,4,4,4,4,4,4,4,4,4,4,4,4,4,4,4,4,4,4,4,4,4,4,4,4,4,4,4,4,4,4,4,4,4,4,4,4,4,4,4,4,4,4,4,4,4,4,4,4,4,4,4,4,4,4,4,4,4,4,4,4,4,4,4,4,4,4,4,4,4,4,4,4,4,4,4,4,4,4,4,4,4,4,4,4,4,4,4,4,4,4,4,4,4,4,4,4,4,4,4,4,4,4,4,4,4,4,4,4,4,4,4,4,4,4,4,4,4,4,4,4,4,4,4,4,4,4,4,4,4,4,4,4,4,4,4,4,4,4,4,4,4,4,4,4,4,4,4,4,4,4,4,4,4,4,4,4,4,4,4,4,4,4,4,4,4,4,4,4,4,4,4,4,4,4,4,4,4,4,4,AGFS01022419.1/1350-1202,1
2063,0,2,3,2,2,1,3,1,0,3,3,1,4,0,1,1,4,1,3,4,1,3,3,0,3,2,3,1,4,0,2,1,4,4,4,4,1,1,1,3,3,4,1,2,2,4,4,4,4,4,4,2,0,1,2,3,4,4,4,4,4,4,4,4,4,4,4,4,4,4,4,4,4,4,4,4,4,4,4,4,4,2,1,3,0,1,0,3,0,0,0,1,3,4,3,4,1,2,0,4,0,3,2,0,1,2,1,0,4,4,4,4,1,0,0,4,4,4,4,4,4,4,0,0,0,2,2,3,2,1,1,3,2,1,1,2,3,1,1,0,0,1,3,0,4,4,1,3,2,0,3,0,0,0,0,4,4,4,4,4,4,4,4,2,1,0,3,3,4,4,4,4,4,2,1,4,4,4,4,4,4,4,4,4,4,4,4,4,4,4,4,4,4,4,4,4,4,4,4,4,4,4,4,4,4,4,4,4,3,4,4,3,0,3,1,0,4,2,2,1,4,1,4,4,0,4,4,4,2,2,2,1,2,3,0,0,1,2,3,1,2,0,4,4,4,4,4,2,3,3,0,2,2,1,0,1,1,2,1,1,3,1,4,4,4,4,4,4,4,4,4,4,4,4,4,4,4,4,4,4,4,4,4,4,4,4,4,4,4,4,4,4,4,4,4,4,4,4,4,4,4,4,4,4,4,4,4,4,4,4,4,4,4,4,4,4,4,4,4,4,4,4,4,4,4,4,4,4,4,4,4,4,4,4,4,4,4,4,4,4,4,4,4,4,4,4,4,4,4,4,4,4,4,4,4,4,4,4,4,4,4,4,4,4,4,4,4,4,4,4,4,4,4,4,4,4,4,4,4,4,4,4,4,4,4,4,4,4,4,4,4,4,4,4,4,4,4,4,4,4,4,4,4,4,4,4,4,4,4,4,4,4,4,4,4,4,4,4,4,4,4,4,4,4,4,4,4,4,4,4,4,4,4,4,4,4,4,4,4,4,4,4,4,4,4,4,4,4,4,4,4,4,4,4,4,4,4,CP003026.1/3504622-3504477,1
2064,0,2,0,3,2,1,3,1,0,3,3,1,4,1,0,3,4,1,3,4,1,3,3,0,3,2,3,3,4,1,2,1,1,3,3,4,1,4,4,4,4,4,4,4,4,4,4,4,4,4,4,4,4,4,4,4,3,4,4,4,4,4,4,4,4,4,4,4,4,4,4,4,4,4,4,4,4,4,4,4,2,2,1,1,3,1,0,3,0,0,0,1,3,1,0,4,2,2,0,4,0,3,2,0,3,2,1,0,4,4,4,4,2,0,2,1,1,2,4,4,3,3,3,0,1,2,2,3,2,1,3,3,0,3,1,2,3,1,1,4,0,1,3,2,0,4,1,0,2,0,3,2,3,1,4,4,4,4,4,4,4,4,4,2,1,3,3,0,1,4,4,4,2,1,1,4,4,4,4,4,4,4,4,4,4,4,4,4,4,4,4,4,4,4,4,4,4,4,4,4,4,4,4,4,4,4,4,4,3,4,4,1,0,3,1,0,4,0,0,1,0,1,4,4,1,1,4,3,2,2,0,1,0,1,0,0,1,2,3,3,2,0,4,4,4,4,4,2,3,2,0,0,2,1,0,1,1,1,1,3,3,3,4,4,4,4,4,4,4,4,4,4,4,4,4,4,4,4,4,4,4,4,4,4,4,4,4,4,4,4,4,4,4,4,4,4,4,4,4,4,4,4,4,4,4,4,4,4,4,4,4,4,4,4,4,4,4,4,4,4,4,4,4,4,4,4,4,4,4,4,4,4,4,4,4,4,4,4,4,4,4,4,4,4,4,4,4,4,4,4,4,4,4,4,4,4,4,4,4,4,4,4,4,4,4,4,4,4,4,4,4,4,4,4,4,4,4,4,4,4,4,4,4,4,4,4,4,4,4,4,4,4,4,4,4,4,4,4,4,4,4,4,4,4,4,4,4,4,4,4,4,4,4,4,4,4,4,4,4,4,4,4,4,4,4,4,4,4,4,4,4,4,4,4,4,4,4,4,4,4,4,4,4,4,4,4,4,4,4,4,4,4,4,4,4,4,4,AETR01000024.1/53203-53055,1
2065,1,2,3,3,2,1,3,1,0,3,3,1,4,0,0,1,4,3,2,4,2,3,3,0,3,2,0,3,3,2,1,2,3,3,2,4,1,3,0,0,1,4,3,2,2,1,0,0,0,3,4,0,3,3,3,3,4,4,4,4,4,4,4,4,4,4,4,4,4,4,4,4,4,4,4,4,4,4,4,4,4,1,2,1,3,1,0,3,0,0,1,0,3,1,3,4,2,2,0,4,0,3,2,0,3,2,1,1,4,4,4,4,0,0,0,0,2,4,4,4,4,0,0,0,2,2,2,3,2,1,1,3,0,3,1,2,3,1,1,0,1,1,0,2,0,4,1,1,2,0,3,0,0,1,0,2,3,0,1,4,4,2,3,2,0,0,0,0,1,2,4,0,0,1,2,4,4,4,4,4,4,4,4,4,4,4,4,4,4,4,4,4,4,4,4,4,4,4,4,4,4,4,4,4,4,4,4,4,3,4,4,3,0,3,1,0,4,0,2,1,0,3,4,4,1,4,4,4,2,2,2,1,2,0,1,0,1,2,3,3,2,0,4,4,4,4,4,2,3,2,0,2,2,1,0,1,1,2,1,1,3,0,4,4,4,4,4,4,4,4,4,4,4,4,4,4,4,4,4,4,4,4,4,4,4,4,4,4,4,4,4,4,4,4,4,4,4,4,4,4,4,4,4,4,4,4,4,4,4,4,4,4,4,4,4,4,4,4,4,4,4,4,4,4,4,4,4,4,4,4,4,4,4,4,4,4,4,4,4,4,4,4,4,4,4,4,4,4,4,4,4,4,4,4,4,4,4,4,4,4,4,4,4,4,4,4,4,4,4,4,4,4,4,4,4,4,4,4,4,4,4,4,4,4,4,4,4,4,4,4,4,4,4,4,4,4,4,4,4,4,4,4,4,4,4,4,4,4,4,4,4,4,4,4,4,4,4,4,4,4,4,4,4,4,4,4,4,4,4,4,4,4,4,4,4,4,4,4,4,4,4,4,4,4,4,4,4,4,4,4,4,4,4,4,4,4,4,CP001790.1/1335542-1335712,1
2066,0,2,0,3,2,1,3,1,0,3,3,1,4,1,0,3,4,1,3,4,1,3,3,0,3,2,3,3,4,1,2,1,1,3,4,4,4,4,4,4,4,4,4,4,4,4,4,4,4,4,4,4,4,4,4,4,3,0,4,4,4,4,4,4,4,4,4,4,4,4,4,4,4,4,4,4,4,4,4,2,3,2,1,1,3,1,0,3,0,0,0,1,3,1,1,4,2,2,0,4,0,3,2,0,1,2,1,0,4,4,4,4,2,0,2,1,1,2,4,4,3,3,3,0,1,2,2,3,2,1,3,3,0,3,1,2,3,1,1,4,0,1,3,2,0,4,1,0,2,0,3,2,3,1,4,4,4,4,4,4,4,4,4,2,1,3,3,0,3,4,4,4,2,1,1,4,4,4,4,4,4,4,4,4,4,4,4,4,4,4,4,4,4,4,4,4,4,4,4,4,4,4,4,4,4,4,4,4,3,4,4,1,0,3,1,0,4,2,0,1,0,1,4,4,1,0,4,3,2,2,0,1,0,1,0,0,1,2,3,3,2,0,4,4,4,4,4,2,3,2,0,0,2,1,0,1,1,1,0,1,3,3,4,4,4,4,4,4,4,4,4,4,4,4,4,4,4,4,4,4,4,4,4,4,4,4,4,4,4,4,4,4,4,4,4,4,4,4,4,4,4,4,4,4,4,4,4,4,4,4,4,4,4,4,4,4,4,4,4,4,4,4,4,4,4,4,4,4,4,4,4,4,4,4,4,4,4,4,4,4,4,4,4,4,4,4,4,4,4,4,4,4,4,4,4,4,4,4,4,4,4,4,4,4,4,4,4,4,4,4,4,4,4,4,4,4,4,4,4,4,4,4,4,4,4,4,4,4,4,4,4,4,4,4,4,4,4,4,4,4,4,4,4,4,4,4,4,4,4,4,4,4,4,4,4,4,4,4,4,4,4,4,4,4,4,4,4,4,4,4,4,4,4,4,4,4,4,4,4,4,4,4,4,4,4,4,4,4,4,4,4,4,4,4,4,4,4,AEFI01000026.1/75103-74955,1
2067,0,2,3,2,2,1,3,1,0,3,3,1,4,0,1,1,4,3,3,4,1,3,3,0,3,2,3,1,4,0,2,1,4,4,4,4,1,1,1,3,3,4,0,2,2,4,4,4,4,4,4,2,0,1,2,1,4,4,4,4,4,4,4,4,4,4,4,4,4,4,4,4,4,4,4,4,4,4,4,4,4,2,1,3,0,1,0,3,0,0,0,1,3,4,3,4,1,2,0,4,0,3,2,0,1,2,1,0,4,4,4,4,1,0,0,4,4,4,4,4,4,4,1,0,0,2,2,3,2,1,1,3,2,1,1,2,3,1,3,0,0,1,3,3,4,4,1,3,2,0,3,0,0,3,0,4,4,4,4,4,4,4,4,2,1,2,3,0,4,4,4,4,2,1,3,4,4,4,4,4,4,4,4,4,4,4,4,4,4,4,4,4,4,4,4,4,4,4,4,4,4,4,4,4,4,4,4,4,3,4,4,3,0,3,1,0,4,0,1,1,3,1,4,4,1,4,4,4,2,2,2,1,2,0,0,0,1,2,3,1,2,0,4,4,4,4,4,2,3,3,0,2,2,1,0,1,1,2,1,1,3,3,4,4,4,4,4,4,4,4,4,4,4,4,4,4,4,4,4,4,4,4,4,4,4,4,4,4,4,4,4,4,4,4,4,4,4,4,4,4,4,4,4,4,4,4,4,4,4,4,4,4,4,4,4,4,4,4,4,4,4,4,4,4,4,4,4,4,4,4,4,4,4,4,4,4,4,4,4,4,4,4,4,4,4,4,4,4,4,4,4,4,4,4,4,4,4,4,4,4,4,4,4,4,4,4,4,4,4,4,4,4,4,4,4,4,4,4,4,4,4,4,4,4,4,4,4,4,4,4,4,4,4,4,4,4,4,4,4,4,4,4,4,4,4,4,4,4,4,4,4,4,4,4,4,4,4,4,4,4,4,4,4,4,4,4,4,4,4,4,4,4,4,4,4,4,4,4,4,4,4,4,4,4,4,4,4,4,4,4,4,4,4,4,4,4,4,CAAY01006063.1/66-213,1
2068,0,2,3,2,2,1,3,1,0,3,3,1,4,0,1,1,4,2,0,4,1,3,3,0,3,2,3,1,4,0,2,1,4,4,4,4,1,1,1,3,3,4,1,2,2,4,4,4,4,4,4,2,0,1,2,3,4,4,4,4,4,4,4,4,4,4,4,4,4,4,4,4,4,4,4,4,4,4,4,4,4,2,1,3,0,1,0,3,0,0,0,0,3,4,0,4,1,2,0,4,0,3,2,0,1,2,1,0,4,4,4,4,1,0,0,4,4,4,4,4,4,4,1,0,0,2,2,3,2,1,1,3,2,1,1,2,3,1,1,0,0,1,3,3,4,4,1,3,2,0,3,0,3,1,0,4,4,4,4,4,4,4,4,2,1,2,3,0,4,4,4,4,2,1,3,4,4,4,4,4,4,4,4,4,4,4,4,4,4,4,4,4,4,4,4,4,4,4,4,4,4,4,4,4,4,4,4,4,0,4,4,3,0,3,1,0,4,0,1,1,0,3,4,4,1,4,4,4,2,2,2,1,2,0,0,0,1,2,3,1,2,0,4,4,4,4,4,2,3,3,0,2,2,1,0,1,1,2,1,1,3,3,4,4,4,4,4,4,4,4,4,4,4,4,4,4,4,4,4,4,4,4,4,4,4,4,4,4,4,4,4,4,4,4,4,4,4,4,4,4,4,4,4,4,4,4,4,4,4,4,4,4,4,4,4,4,4,4,4,4,4,4,4,4,4,4,4,4,4,4,4,4,4,4,4,4,4,4,4,4,4,4,4,4,4,4,4,4,4,4,4,4,4,4,4,4,4,4,4,4,4,4,4,4,4,4,4,4,4,4,4,4,4,4,4,4,4,4,4,4,4,4,4,4,4,4,4,4,4,4,4,4,4,4,4,4,4,4,4,4,4,4,4,4,4,4,4,4,4,4,4,4,4,4,4,4,4,4,4,4,4,4,4,4,4,4,4,4,4,4,4,4,4,4,4,4,4,4,4,4,4,4,4,4,4,4,4,4,4,4,4,4,4,4,4,4,4,ADTZ01000465.1/12964-13111,1
2069,3,2,3,3,2,1,3,1,0,3,3,1,4,0,3,1,4,3,3,4,3,3,3,0,3,2,0,3,4,2,2,3,3,2,1,4,1,3,0,3,3,4,3,0,0,4,4,4,4,4,4,4,4,4,4,0,4,4,4,4,4,4,4,4,4,4,4,4,4,4,4,4,4,4,4,4,4,4,4,4,4,2,1,1,3,1,0,3,0,0,2,1,1,3,1,4,1,2,0,4,0,3,2,0,3,2,1,1,4,4,4,4,0,0,0,2,4,4,4,4,4,0,0,0,2,2,2,3,2,1,1,3,0,3,1,2,3,1,1,0,0,1,1,0,0,0,1,1,2,0,3,0,0,1,0,2,1,3,1,4,4,0,1,2,1,0,0,2,3,4,4,2,0,1,3,4,4,4,4,4,4,4,4,4,4,4,4,4,4,4,4,4,4,4,4,4,4,4,4,4,4,4,4,4,4,4,4,4,3,4,4,3,0,3,1,0,4,0,2,1,0,3,4,4,3,4,4,4,2,2,2,1,2,0,1,0,1,2,3,2,2,0,4,4,4,4,4,2,3,2,0,2,2,1,0,1,1,2,1,1,3,0,4,4,4,4,4,4,4,4,4,4,4,4,4,4,4,4,4,4,4,4,4,4,4,4,4,4,4,4,4,4,4,4,4,4,4,4,4,4,4,4,4,4,4,4,4,4,4,4,4,4,4,4,4,4,4,4,4,4,4,4,4,4,4,4,4,4,4,4,4,4,4,4,4,4,4,4,4,4,4,4,4,4,4,4,4,4,4,4,4,4,4,4,4,4,4,4,4,4,4,4,4,4,4,4,4,4,4,4,4,4,4,4,4,4,4,4,4,4,4,4,4,4,4,4,4,4,4,4,4,4,4,4,4,4,4,4,4,4,4,4,4,4,4,4,4,4,4,4,4,4,4,4,4,4,4,4,4,4,4,4,4,4,4,4,4,4,4,4,4,4,4,4,4,4,4,4,4,4,4,4,4,4,4,4,4,4,4,4,4,4,4,4,4,4,4,AENX01000076.1/9679-9838,1
2070,0,2,3,2,2,1,3,1,0,3,3,1,4,0,1,1,4,2,0,4,1,3,3,0,3,2,3,1,4,0,2,1,4,4,4,4,1,1,1,3,3,4,1,2,2,4,4,4,4,4,4,2,0,1,2,3,4,4,4,4,4,4,4,4,4,4,4,4,4,4,4,4,4,4,4,4,4,4,4,4,4,2,1,3,0,1,0,3,0,0,0,0,3,4,3,4,1,2,0,4,0,3,2,0,1,2,1,0,4,4,4,4,1,0,0,4,4,4,4,4,4,4,1,0,0,2,2,3,2,1,1,3,2,1,1,2,3,1,1,0,0,1,3,3,4,4,1,3,2,0,3,0,3,1,0,4,4,4,4,4,4,4,4,2,1,2,3,0,4,4,4,4,2,1,3,4,4,4,4,4,4,4,4,4,4,4,4,4,4,4,4,4,4,4,4,4,4,4,4,4,4,4,4,4,4,4,4,4,0,4,4,3,0,3,1,0,4,0,1,1,0,3,4,4,1,4,4,4,2,2,2,1,2,0,0,0,1,2,3,1,2,0,4,4,4,4,4,2,3,3,0,2,2,1,0,1,1,2,1,1,3,3,4,4,4,4,4,4,4,4,4,4,4,4,4,4,4,4,4,4,4,4,4,4,4,4,4,4,4,4,4,4,4,4,4,4,4,4,4,4,4,4,4,4,4,4,4,4,4,4,4,4,4,4,4,4,4,4,4,4,4,4,4,4,4,4,4,4,4,4,4,4,4,4,4,4,4,4,4,4,4,4,4,4,4,4,4,4,4,4,4,4,4,4,4,4,4,4,4,4,4,4,4,4,4,4,4,4,4,4,4,4,4,4,4,4,4,4,4,4,4,4,4,4,4,4,4,4,4,4,4,4,4,4,4,4,4,4,4,4,4,4,4,4,4,4,4,4,4,4,4,4,4,4,4,4,4,4,4,4,4,4,4,4,4,4,4,4,4,4,4,4,4,4,4,4,4,4,4,4,4,4,4,4,4,4,4,4,4,4,4,4,4,4,4,4,4,CP002185.1/2862420-2862273,1
2071,0,1,2,1,2,1,3,4,4,4,4,4,4,4,4,4,4,4,4,4,4,4,4,4,4,4,4,4,4,4,4,4,4,4,4,4,4,4,4,4,4,4,4,4,4,4,4,4,4,4,4,4,4,4,4,4,0,1,3,0,0,0,1,4,4,4,4,4,4,4,4,4,4,3,3,1,2,0,0,3,2,4,4,4,4,4,4,4,4,4,4,4,4,4,4,4,4,4,4,4,4,4,4,0,1,2,1,0,4,4,4,4,1,0,0,4,4,4,4,4,4,4,1,0,0,2,2,3,2,1,1,3,2,1,1,2,3,1,1,0,0,1,0,3,4,4,1,3,2,0,3,0,3,1,0,4,4,4,4,4,4,4,4,2,1,3,3,0,4,4,4,4,2,1,3,4,4,4,4,4,4,4,4,4,4,4,4,4,4,4,4,4,4,4,4,4,4,4,4,4,4,4,4,4,4,4,4,4,0,4,4,3,0,3,1,0,4,0,1,1,0,3,4,4,1,4,4,4,2,2,2,1,2,0,0,0,1,2,3,2,2,0,4,4,4,4,4,2,3,3,0,2,2,1,0,1,1,2,1,1,3,3,4,4,4,4,4,4,4,4,4,4,4,4,4,4,4,4,4,4,4,4,4,4,4,4,4,4,4,4,4,4,4,4,4,4,4,4,4,4,4,4,4,4,4,4,4,4,4,4,4,4,4,4,4,4,4,4,4,4,4,4,4,4,4,4,4,4,4,4,4,4,4,4,4,4,4,4,4,4,4,4,4,4,4,4,4,4,4,4,4,4,4,4,4,4,4,4,4,4,4,4,4,4,4,4,4,4,4,4,4,4,4,4,4,4,4,4,4,4,4,4,4,4,4,4,4,4,4,4,4,4,4,4,4,4,4,4,4,4,4,4,4,4,4,4,4,4,4,4,4,4,4,4,4,4,4,4,4,4,4,4,4,4,4,4,4,4,4,4,4,4,4,4,4,4,4,4,4,4,4,4,4,4,4,4,4,4,4,4,4,4,4,4,4,4,4,AGFT01002611.1/717-608,1
2072,0,2,0,3,2,1,3,1,0,3,3,1,4,1,0,3,4,1,3,4,1,3,3,0,3,2,3,3,4,1,2,1,1,3,4,4,4,4,4,4,4,4,4,4,4,4,4,4,4,4,4,4,4,4,4,4,3,0,4,4,4,4,4,4,4,4,4,4,4,4,4,4,4,4,4,4,4,4,4,2,3,2,1,1,3,1,0,3,0,0,0,1,3,1,1,4,2,2,0,4,0,3,2,0,1,2,1,0,4,4,4,4,2,0,2,1,1,2,4,4,3,3,3,0,1,2,2,3,2,1,3,3,0,3,1,2,3,1,1,4,0,1,3,2,0,4,1,0,2,0,3,2,3,1,4,4,4,4,4,4,4,4,4,2,1,3,3,0,3,4,4,4,2,1,1,4,4,4,4,4,4,4,4,4,4,4,4,4,4,4,4,4,4,4,4,4,4,4,4,4,4,4,4,4,4,4,4,4,3,4,4,1,0,3,1,0,4,2,0,1,0,1,4,4,1,0,4,3,2,2,0,1,0,1,0,0,1,2,3,3,2,0,4,4,4,4,4,2,3,2,0,0,2,1,0,1,1,1,0,1,3,3,4,4,4,4,4,4,4,4,4,4,4,4,4,4,4,4,4,4,4,4,4,4,4,4,4,4,4,4,4,4,4,4,4,4,4,4,4,4,4,4,4,4,4,4,4,4,4,4,4,4,4,4,4,4,4,4,4,4,4,4,4,4,4,4,4,4,4,4,4,4,4,4,4,4,4,4,4,4,4,4,4,4,4,4,4,4,4,4,4,4,4,4,4,4,4,4,4,4,4,4,4,4,4,4,4,4,4,4,4,4,4,4,4,4,4,4,4,4,4,4,4,4,4,4,4,4,4,4,4,4,4,4,4,4,4,4,4,4,4,4,4,4,4,4,4,4,4,4,4,4,4,4,4,4,4,4,4,4,4,4,4,4,4,4,4,4,4,4,4,4,4,4,4,4,4,4,4,4,4,4,4,4,4,4,4,4,4,4,4,4,4,4,4,4,4,ACXF01000082.1/26307-26455,1
2073,0,2,0,3,2,1,3,1,0,3,3,1,4,1,0,3,4,1,3,4,1,3,3,0,3,2,3,3,4,1,2,1,1,3,3,4,1,4,4,4,4,4,4,4,4,4,4,4,4,4,4,4,4,4,4,4,3,4,4,4,4,4,4,4,4,4,4,4,4,4,4,4,4,4,4,4,4,4,4,4,2,2,1,1,3,1,0,3,0,0,0,1,3,1,0,4,2,2,0,4,0,3,2,0,3,2,1,0,4,4,4,4,2,0,2,1,1,2,4,4,3,3,3,0,1,2,2,3,2,1,3,3,0,3,1,2,3,1,1,4,0,1,3,2,0,4,1,0,2,0,3,2,3,1,4,4,4,4,4,4,4,4,4,2,1,3,3,0,1,4,4,4,2,1,1,4,4,4,4,4,4,4,4,4,4,4,4,4,4,4,4,4,4,4,4,4,4,4,4,4,4,4,4,4,4,4,4,4,3,4,4,1,0,3,1,0,4,0,0,1,0,1,4,4,1,1,4,3,2,2,0,1,0,1,0,0,1,2,3,3,2,0,4,4,4,4,4,2,3,2,0,0,2,1,0,1,1,1,1,3,3,3,4,4,4,4,4,4,4,4,4,4,4,4,4,4,4,4,4,4,4,4,4,4,4,4,4,4,4,4,4,4,4,4,4,4,4,4,4,4,4,4,4,4,4,4,4,4,4,4,4,4,4,4,4,4,4,4,4,4,4,4,4,4,4,4,4,4,4,4,4,4,4,4,4,4,4,4,4,4,4,4,4,4,4,4,4,4,4,4,4,4,4,4,4,4,4,4,4,4,4,4,4,4,4,4,4,4,4,4,4,4,4,4,4,4,4,4,4,4,4,4,4,4,4,4,4,4,4,4,4,4,4,4,4,4,4,4,4,4,4,4,4,4,4,4,4,4,4,4,4,4,4,4,4,4,4,4,4,4,4,4,4,4,4,4,4,4,4,4,4,4,4,4,4,4,4,4,4,4,4,4,4,4,4,4,4,4,4,4,4,4,4,4,4,4,4,AFYI01000004.1/43128-43276,1
2074,0,2,0,3,2,1,3,1,0,3,3,1,4,1,0,3,4,1,3,4,1,3,3,0,3,2,3,3,4,1,2,1,1,3,4,4,4,4,4,4,4,4,4,4,4,4,4,4,4,4,4,4,4,4,4,4,3,0,4,4,4,4,4,4,4,4,4,4,4,4,4,4,4,4,4,4,4,4,4,2,3,2,1,1,3,1,0,3,0,0,0,1,3,1,1,4,2,2,0,4,0,3,2,0,1,2,1,0,4,4,4,4,2,0,2,1,1,2,4,4,3,3,3,0,1,2,2,3,2,1,3,3,0,3,1,2,3,1,1,4,0,1,3,2,0,4,1,0,2,0,3,2,3,1,4,4,4,4,4,4,4,4,4,2,1,3,3,0,3,4,4,4,2,1,1,4,4,4,4,4,4,4,4,4,4,4,4,4,4,4,4,4,4,4,4,4,4,4,4,4,4,4,4,4,4,4,4,4,3,4,4,1,0,3,1,0,4,2,0,1,0,1,4,4,1,0,4,3,2,2,0,1,0,1,0,0,1,2,3,3,2,0,4,4,4,4,4,2,3,2,0,0,2,1,0,1,1,1,0,1,3,3,4,4,4,4,4,4,4,4,4,4,4,4,4,4,4,4,4,4,4,4,4,4,4,4,4,4,4,4,4,4,4,4,4,4,4,4,4,4,4,4,4,4,4,4,4,4,4,4,4,4,4,4,4,4,4,4,4,4,4,4,4,4,4,4,4,4,4,4,4,4,4,4,4,4,4,4,4,4,4,4,4,4,4,4,4,4,4,4,4,4,4,4,4,4,4,4,4,4,4,4,4,4,4,4,4,4,4,4,4,4,4,4,4,4,4,4,4,4,4,4,4,4,4,4,4,4,4,4,4,4,4,4,4,4,4,4,4,4,4,4,4,4,4,4,4,4,4,4,4,4,4,4,4,4,4,4,4,4,4,4,4,4,4,4,4,4,4,4,4,4,4,4,4,4,4,4,4,4,4,4,4,4,4,4,4,4,4,4,4,4,4,4,4,4,4,CP000468.1/4279224-4279372,1
2075,0,2,3,3,2,1,3,1,0,3,3,1,4,0,4,1,4,3,3,4,3,3,3,0,3,2,0,3,4,0,2,3,1,1,1,2,1,3,2,3,0,4,0,0,2,1,2,2,0,0,4,3,0,3,2,1,4,4,4,4,4,4,4,4,4,4,4,4,4,4,4,4,4,4,4,4,4,4,4,4,4,2,1,3,3,1,0,3,0,0,2,1,1,0,3,4,1,2,0,4,0,3,2,0,3,2,1,1,4,4,4,4,3,0,0,2,4,4,4,4,4,4,0,1,3,2,2,3,0,1,1,3,0,3,1,2,3,1,1,0,1,1,3,0,0,0,1,1,2,0,3,0,3,3,2,3,2,3,4,4,4,4,4,2,0,0,3,0,1,4,4,4,0,4,1,4,4,4,4,4,4,4,4,4,4,4,4,4,4,4,4,4,4,4,4,4,4,4,4,4,4,4,4,4,4,4,4,4,0,4,4,3,0,3,1,0,4,0,2,1,0,3,4,4,1,4,4,4,2,2,0,1,2,0,1,0,1,2,3,3,2,0,4,4,4,4,4,2,3,2,0,2,2,3,2,1,1,2,1,1,3,0,4,4,4,4,4,4,4,4,4,4,4,4,4,4,4,4,4,4,4,4,4,4,4,4,4,4,4,4,4,4,4,4,4,4,4,4,4,4,4,4,4,4,4,4,4,4,4,4,4,4,4,4,4,4,4,4,4,4,4,4,4,4,4,4,4,4,4,4,4,4,4,4,4,4,4,4,4,4,4,4,4,4,4,4,4,4,4,4,4,4,4,4,4,4,4,4,4,4,4,4,4,4,4,4,4,4,4,4,4,4,4,4,4,4,4,4,4,4,4,4,4,4,4,4,4,4,4,4,4,4,4,4,4,4,4,4,4,4,4,4,4,4,4,4,4,4,4,4,4,4,4,4,4,4,4,4,4,4,4,4,4,4,4,4,4,4,4,4,4,4,4,4,4,4,4,4,4,4,4,4,4,4,4,4,4,4,4,4,4,4,4,4,4,4,4,ACCD01000005.1/29633-29471,1
2076,0,2,0,3,2,1,3,1,0,3,3,1,4,1,0,3,4,1,3,4,1,3,3,0,3,2,3,3,4,1,2,1,1,3,4,4,4,4,4,4,4,4,4,4,4,4,4,4,4,4,4,4,4,4,4,4,3,0,4,4,4,4,4,4,4,4,4,4,4,4,4,4,4,4,4,4,4,4,4,2,3,2,1,1,3,1,0,3,0,0,0,1,3,1,1,4,2,2,0,4,0,3,2,0,1,2,1,0,4,4,4,4,2,0,2,1,1,2,4,4,3,3,3,0,1,2,2,3,2,1,3,3,0,3,1,2,3,1,1,4,0,1,3,2,0,4,1,0,2,0,3,2,3,1,4,4,4,4,4,4,4,4,4,2,1,3,3,0,3,4,4,4,2,1,1,4,4,4,4,4,4,4,4,4,4,4,4,4,4,4,4,4,4,4,4,4,4,4,4,4,4,4,4,4,4,4,4,4,3,4,4,1,0,3,1,0,4,2,0,1,0,1,4,4,1,0,4,3,2,2,0,1,0,1,0,0,1,2,3,3,2,0,4,4,4,4,4,2,3,2,0,0,2,1,0,1,1,1,0,1,3,3,4,4,4,4,4,4,4,4,4,4,4,4,4,4,4,4,4,4,4,4,4,4,4,4,4,4,4,4,4,4,4,4,4,4,4,4,4,4,4,4,4,4,4,4,4,4,4,4,4,4,4,4,4,4,4,4,4,4,4,4,4,4,4,4,4,4,4,4,4,4,4,4,4,4,4,4,4,4,4,4,4,4,4,4,4,4,4,4,4,4,4,4,4,4,4,4,4,4,4,4,4,4,4,4,4,4,4,4,4,4,4,4,4,4,4,4,4,4,4,4,4,4,4,4,4,4,4,4,4,4,4,4,4,4,4,4,4,4,4,4,4,4,4,4,4,4,4,4,4,4,4,4,4,4,4,4,4,4,4,4,4,4,4,4,4,4,4,4,4,4,4,4,4,4,4,4,4,4,4,4,4,4,4,4,4,4,4,4,4,4,4,4,4,4,4,ADUC01000117.1/38696-38844,1
2077,0,2,0,3,2,1,3,1,0,3,3,1,4,1,0,3,4,1,3,4,1,3,3,0,3,2,3,3,4,1,2,1,1,3,3,4,1,4,4,4,4,4,4,4,4,4,4,4,4,4,4,4,4,4,4,4,3,4,4,4,4,4,4,4,4,4,4,4,4,4,4,4,4,4,4,4,4,4,4,4,2,2,1,1,3,1,0,3,0,0,0,1,3,1,0,4,2,2,0,4,0,3,2,0,3,2,1,0,4,4,4,4,2,0,2,1,1,2,4,4,3,3,3,0,1,2,2,3,2,1,3,3,0,3,1,2,3,1,1,4,0,1,3,2,0,4,1,0,2,0,3,2,3,1,4,4,4,4,4,4,4,4,4,2,1,3,3,0,1,4,4,4,2,1,1,4,4,4,4,4,4,4,4,4,4,4,4,4,4,4,4,4,4,4,4,4,4,4,4,4,4,4,4,4,4,4,4,4,3,4,4,1,0,3,1,0,4,0,0,1,0,1,4,4,1,1,4,3,2,2,0,1,0,1,0,0,1,2,3,3,2,0,4,4,4,4,4,2,3,2,0,0,2,1,0,1,1,1,1,3,3,3,4,4,4,4,4,4,4,4,4,4,4,4,4,4,4,4,4,4,4,4,4,4,4,4,4,4,4,4,4,4,4,4,4,4,4,4,4,4,4,4,4,4,4,4,4,4,4,4,4,4,4,4,4,4,4,4,4,4,4,4,4,4,4,4,4,4,4,4,4,4,4,4,4,4,4,4,4,4,4,4,4,4,4,4,4,4,4,4,4,4,4,4,4,4,4,4,4,4,4,4,4,4,4,4,4,4,4,4,4,4,4,4,4,4,4,4,4,4,4,4,4,4,4,4,4,4,4,4,4,4,4,4,4,4,4,4,4,4,4,4,4,4,4,4,4,4,4,4,4,4,4,4,4,4,4,4,4,4,4,4,4,4,4,4,4,4,4,4,4,4,4,4,4,4,4,4,4,4,4,4,4,4,4,4,4,4,4,4,4,4,4,4,4,4,4,ABAN01000048.1/20971-20823,1
2078,0,2,0,3,2,1,3,1,0,3,3,1,4,1,0,3,4,1,3,4,1,3,3,0,3,2,3,3,4,1,2,1,1,3,4,4,4,4,4,4,4,4,4,4,4,4,4,4,4,4,4,4,4,4,4,4,3,0,4,4,4,4,4,4,4,4,4,4,4,4,4,4,4,4,4,4,4,4,4,2,3,2,1,1,3,1,0,3,0,0,0,1,3,1,1,4,2,2,0,4,0,3,2,0,1,2,1,0,4,4,4,4,2,0,2,1,1,2,4,4,3,3,3,0,1,2,2,3,2,1,3,3,0,3,1,2,3,1,1,4,0,1,3,2,0,4,1,0,2,0,3,2,3,1,4,4,4,4,4,4,4,4,4,2,1,3,3,0,3,4,4,4,2,1,1,4,4,4,4,4,4,4,4,4,4,4,4,4,4,4,4,4,4,4,4,4,4,4,4,4,4,4,4,4,4,4,4,4,3,4,4,1,0,3,1,0,4,2,0,1,0,1,4,4,1,0,4,3,2,2,0,1,0,1,0,0,1,2,3,3,2,0,4,4,4,4,4,2,3,2,0,0,2,1,0,1,1,1,0,1,3,3,4,4,4,4,4,4,4,4,4,4,4,4,4,4,4,4,4,4,4,4,4,4,4,4,4,4,4,4,4,4,4,4,4,4,4,4,4,4,4,4,4,4,4,4,4,4,4,4,4,4,4,4,4,4,4,4,4,4,4,4,4,4,4,4,4,4,4,4,4,4,4,4,4,4,4,4,4,4,4,4,4,4,4,4,4,4,4,4,4,4,4,4,4,4,4,4,4,4,4,4,4,4,4,4,4,4,4,4,4,4,4,4,4,4,4,4,4,4,4,4,4,4,4,4,4,4,4,4,4,4,4,4,4,4,4,4,4,4,4,4,4,4,4,4,4,4,4,4,4,4,4,4,4,4,4,4,4,4,4,4,4,4,4,4,4,4,4,4,4,4,4,4,4,4,4,4,4,4,4,4,4,4,4,4,4,4,4,4,4,4,4,4,4,4,4,AFHD01000042.1/58744-58596,1
2079,0,2,3,2,2,1,3,1,0,3,3,1,4,0,1,1,4,2,0,4,1,3,3,0,3,2,3,1,4,0,2,1,4,4,4,4,1,1,1,3,3,4,1,2,2,4,4,4,4,4,4,2,0,1,2,3,4,4,4,4,4,4,4,4,4,4,4,4,4,4,4,4,4,4,4,4,4,4,4,4,4,2,1,3,0,1,0,3,0,0,0,0,3,4,3,4,1,2,0,4,0,3,2,0,1,2,1,0,4,4,4,4,1,0,0,4,4,4,4,4,4,4,1,0,0,2,2,3,2,1,1,3,2,1,1,2,3,1,1,0,0,1,3,3,4,4,1,3,2,0,3,0,3,1,0,4,4,4,4,4,4,4,4,2,1,2,3,0,4,4,4,4,2,1,3,4,4,4,4,4,4,4,4,4,4,4,4,4,4,4,4,4,4,4,4,4,4,4,4,4,4,4,4,4,4,4,4,4,0,4,4,3,0,3,1,0,4,0,1,1,0,3,4,4,1,4,4,4,2,2,2,1,2,0,0,0,1,2,3,1,2,0,4,4,4,4,4,2,3,3,0,2,2,1,0,1,1,2,1,1,3,3,4,4,4,4,4,4,4,4,4,4,4,4,4,4,4,4,4,4,4,4,4,4,4,4,4,4,4,4,4,4,4,4,4,4,4,4,4,4,4,4,4,4,4,4,4,4,4,4,4,4,4,4,4,4,4,4,4,4,4,4,4,4,4,4,4,4,4,4,4,4,4,4,4,4,4,4,4,4,4,4,4,4,4,4,4,4,4,4,4,4,4,4,4,4,4,4,4,4,4,4,4,4,4,4,4,4,4,4,4,4,4,4,4,4,4,4,4,4,4,4,4,4,4,4,4,4,4,4,4,4,4,4,4,4,4,4,4,4,4,4,4,4,4,4,4,4,4,4,4,4,4,4,4,4,4,4,4,4,4,4,4,4,4,4,4,4,4,4,4,4,4,4,4,4,4,4,4,4,4,4,4,4,4,4,4,4,4,4,4,4,4,4,4,4,4,AFUY01000005.1/693938-693791,1
2080,0,2,3,2,2,1,3,1,0,3,3,1,4,0,1,1,4,3,3,4,1,3,3,0,3,2,3,1,4,0,2,1,4,4,4,4,1,1,1,3,3,4,0,2,2,4,4,4,4,4,4,2,0,1,2,1,4,4,4,4,4,4,4,4,4,4,4,4,4,4,4,4,4,4,4,4,4,4,4,4,4,2,1,3,0,1,0,3,0,0,0,1,3,4,3,4,1,2,0,4,0,3,2,0,1,2,1,0,4,4,4,4,1,0,0,4,4,4,4,4,4,4,1,0,0,2,2,3,2,1,1,3,2,1,1,2,3,1,1,0,0,1,3,3,4,4,1,3,2,0,3,0,0,3,0,4,4,4,4,4,4,4,4,2,1,2,3,0,4,4,4,4,2,1,3,4,4,4,4,4,4,4,4,4,4,4,4,4,4,4,4,4,4,4,4,4,4,4,4,4,4,4,4,4,4,4,4,4,3,4,4,3,0,3,1,0,4,0,1,1,3,1,4,4,1,4,4,4,2,2,2,1,2,0,0,0,1,2,3,1,2,0,4,4,4,4,4,2,3,3,0,2,2,1,0,1,1,2,1,1,3,3,4,4,4,4,4,4,4,4,4,4,4,4,4,4,4,4,4,4,4,4,4,4,4,4,4,4,4,4,4,4,4,4,4,4,4,4,4,4,4,4,4,4,4,4,4,4,4,4,4,4,4,4,4,4,4,4,4,4,4,4,4,4,4,4,4,4,4,4,4,4,4,4,4,4,4,4,4,4,4,4,4,4,4,4,4,4,4,4,4,4,4,4,4,4,4,4,4,4,4,4,4,4,4,4,4,4,4,4,4,4,4,4,4,4,4,4,4,4,4,4,4,4,4,4,4,4,4,4,4,4,4,4,4,4,4,4,4,4,4,4,4,4,4,4,4,4,4,4,4,4,4,4,4,4,4,4,4,4,4,4,4,4,4,4,4,4,4,4,4,4,4,4,4,4,4,4,4,4,4,4,4,4,4,4,4,4,4,4,4,4,4,4,4,4,4,CP000886.1/335299-335446,1
2081,0,2,0,3,2,1,3,1,0,3,3,1,4,1,0,3,4,1,3,4,1,3,3,0,3,2,3,3,4,1,2,1,1,3,4,4,4,4,4,4,4,4,4,4,4,4,4,4,4,4,4,4,4,4,4,4,3,0,4,4,4,4,4,4,4,4,4,4,4,4,4,4,4,4,4,4,4,4,4,2,3,2,1,1,3,1,0,3,0,0,0,1,3,1,1,4,2,2,0,4,0,3,2,0,1,2,1,0,4,4,4,4,2,0,2,1,1,2,4,4,3,3,3,0,1,2,2,3,2,1,3,3,0,3,1,2,3,1,1,4,0,1,3,2,0,4,1,0,2,0,3,2,3,1,4,4,4,4,4,4,4,4,4,2,1,3,3,0,3,4,4,4,2,1,1,4,4,4,4,4,4,4,4,4,4,4,4,4,4,4,4,4,4,4,4,4,4,4,4,4,4,4,4,4,4,4,4,4,3,4,4,1,0,3,1,0,4,2,0,1,0,1,4,4,1,0,4,3,2,2,0,1,0,1,0,0,1,2,3,3,2,0,4,4,4,4,4,2,3,2,0,0,2,1,0,1,1,1,0,1,3,3,4,4,4,4,4,4,4,4,4,4,4,4,4,4,4,4,4,4,4,4,4,4,4,4,4,4,4,4,4,4,4,4,4,4,4,4,4,4,4,4,4,4,4,4,4,4,4,4,4,4,4,4,4,4,4,4,4,4,4,4,4,4,4,4,4,4,4,4,4,4,4,4,4,4,4,4,4,4,4,4,4,4,4,4,4,4,4,4,4,4,4,4,4,4,4,4,4,4,4,4,4,4,4,4,4,4,4,4,4,4,4,4,4,4,4,4,4,4,4,4,4,4,4,4,4,4,4,4,4,4,4,4,4,4,4,4,4,4,4,4,4,4,4,4,4,4,4,4,4,4,4,4,4,4,4,4,4,4,4,4,4,4,4,4,4,4,4,4,4,4,4,4,4,4,4,4,4,4,4,4,4,4,4,4,4,4,4,4,4,4,4,4,4,4,4,AFEA01000020.1/43593-43741,1
2082,0,2,0,3,2,1,3,1,0,3,3,1,4,1,0,3,4,1,3,4,1,3,3,0,3,2,3,3,4,1,2,1,1,3,4,4,4,4,4,4,4,4,4,4,4,4,4,4,4,4,4,4,4,4,4,4,3,0,4,4,4,4,4,4,4,4,4,4,4,4,4,4,4,4,4,4,4,4,4,2,3,2,1,1,3,1,0,3,0,0,0,1,3,1,1,4,2,2,0,4,0,3,2,0,1,2,1,0,4,4,4,4,2,0,2,1,1,2,4,4,3,3,3,0,1,2,2,3,2,1,3,3,0,3,1,2,3,1,1,4,0,1,3,2,0,4,1,0,2,0,3,2,3,1,4,4,4,4,4,4,4,4,4,2,1,3,3,0,3,4,4,4,2,1,1,4,4,4,4,4,4,4,4,4,4,4,4,4,4,4,4,4,4,4,4,4,4,4,4,4,4,4,4,4,4,4,4,4,3,4,4,1,0,3,1,0,4,2,0,1,0,1,4,4,1,0,4,3,2,2,0,1,0,1,0,0,1,2,3,3,2,0,4,4,4,4,4,2,3,2,0,0,2,1,0,1,1,1,0,1,3,3,4,4,4,4,4,4,4,4,4,4,4,4,4,4,4,4,4,4,4,4,4,4,4,4,4,4,4,4,4,4,4,4,4,4,4,4,4,4,4,4,4,4,4,4,4,4,4,4,4,4,4,4,4,4,4,4,4,4,4,4,4,4,4,4,4,4,4,4,4,4,4,4,4,4,4,4,4,4,4,4,4,4,4,4,4,4,4,4,4,4,4,4,4,4,4,4,4,4,4,4,4,4,4,4,4,4,4,4,4,4,4,4,4,4,4,4,4,4,4,4,4,4,4,4,4,4,4,4,4,4,4,4,4,4,4,4,4,4,4,4,4,4,4,4,4,4,4,4,4,4,4,4,4,4,4,4,4,4,4,4,4,4,4,4,4,4,4,4,4,4,4,4,4,4,4,4,4,4,4,4,4,4,4,4,4,4,4,4,4,4,4,4,4,4,4,AEHW01000051.1/41428-41576,1
2083,0,2,3,2,2,1,3,1,0,3,3,1,4,0,1,1,4,3,3,4,1,3,3,0,3,2,3,1,4,0,2,1,4,4,4,4,1,1,1,3,3,4,0,2,2,4,4,4,4,4,4,2,0,1,2,1,4,4,4,4,4,4,4,4,4,4,4,4,4,4,4,4,4,4,4,4,4,4,4,4,4,2,1,3,0,1,0,3,0,0,0,1,3,4,3,4,1,2,0,4,0,3,2,0,1,2,1,0,4,4,4,4,1,0,0,4,4,4,4,4,4,4,1,0,0,2,2,3,2,1,1,3,2,1,1,2,3,1,1,0,0,1,3,3,4,4,1,3,2,0,3,0,0,3,0,4,4,4,4,4,4,4,4,2,1,2,3,0,4,4,4,4,2,1,3,4,4,4,4,4,4,4,4,4,4,4,4,4,4,4,4,4,4,4,4,4,4,4,4,4,4,4,4,4,4,4,4,4,3,4,4,3,0,3,1,0,4,0,1,1,3,1,4,4,1,4,4,4,2,2,2,1,2,0,0,0,1,2,3,1,2,0,4,4,4,4,4,2,3,3,0,2,2,1,0,1,1,2,1,1,3,3,4,4,4,4,4,4,4,4,4,4,4,4,4,4,4,4,4,4,4,4,4,4,4,4,4,4,4,4,4,4,4,4,4,4,4,4,4,4,4,4,4,4,4,4,4,4,4,4,4,4,4,4,4,4,4,4,4,4,4,4,4,4,4,4,4,4,4,4,4,4,4,4,4,4,4,4,4,4,4,4,4,4,4,4,4,4,4,4,4,4,4,4,4,4,4,4,4,4,4,4,4,4,4,4,4,4,4,4,4,4,4,4,4,4,4,4,4,4,4,4,4,4,4,4,4,4,4,4,4,4,4,4,4,4,4,4,4,4,4,4,4,4,4,4,4,4,4,4,4,4,4,4,4,4,4,4,4,4,4,4,4,4,4,4,4,4,4,4,4,4,4,4,4,4,4,4,4,4,4,4,4,4,4,4,4,4,4,4,4,4,4,4,4,4,4,AESH01000039.1/32900-32753,1
2084,0,2,0,3,2,1,3,1,0,3,3,1,4,1,0,3,4,1,3,4,1,3,3,0,3,2,3,3,4,1,2,1,1,3,4,4,4,4,4,4,4,4,4,4,4,4,4,4,4,4,4,4,4,4,4,4,3,0,4,4,4,4,4,4,4,4,4,4,4,4,4,4,4,4,4,4,4,4,4,2,3,2,1,1,3,1,0,3,0,0,0,1,3,1,1,4,2,2,0,4,0,3,2,0,1,2,1,0,4,4,4,4,2,0,2,1,1,2,4,4,3,3,3,0,1,2,2,3,2,1,3,3,0,3,1,2,3,1,1,4,0,1,3,2,0,4,1,0,2,0,3,2,3,1,4,4,4,4,4,4,4,4,4,2,1,3,3,0,3,4,4,4,2,1,1,4,4,4,4,4,4,4,4,4,4,4,4,4,4,4,4,4,4,4,4,4,4,4,4,4,4,4,4,4,4,4,4,4,3,4,4,1,0,3,1,0,4,2,0,1,0,1,4,4,1,0,4,3,2,2,0,1,0,1,0,0,1,2,3,3,2,0,4,4,4,4,4,2,3,2,0,0,2,1,0,1,1,1,0,1,3,3,4,4,4,4,4,4,4,4,4,4,4,4,4,4,4,4,4,4,4,4,4,4,4,4,4,4,4,4,4,4,4,4,4,4,4,4,4,4,4,4,4,4,4,4,4,4,4,4,4,4,4,4,4,4,4,4,4,4,4,4,4,4,4,4,4,4,4,4,4,4,4,4,4,4,4,4,4,4,4,4,4,4,4,4,4,4,4,4,4,4,4,4,4,4,4,4,4,4,4,4,4,4,4,4,4,4,4,4,4,4,4,4,4,4,4,4,4,4,4,4,4,4,4,4,4,4,4,4,4,4,4,4,4,4,4,4,4,4,4,4,4,4,4,4,4,4,4,4,4,4,4,4,4,4,4,4,4,4,4,4,4,4,4,4,4,4,4,4,4,4,4,4,4,4,4,4,4,4,4,4,4,4,4,4,4,4,4,4,4,4,4,4,4,4,4,AFGY01000058.1/57831-57683,1
2085,0,2,3,2,2,1,3,1,0,3,3,1,4,0,1,1,4,3,3,4,1,3,3,0,3,2,3,1,4,0,2,1,4,4,4,4,1,1,1,3,3,4,0,2,2,4,4,4,4,4,4,2,0,1,2,1,4,4,4,4,4,4,4,4,4,4,4,4,4,4,4,4,4,4,4,4,4,4,4,4,4,2,1,3,0,1,0,3,0,0,0,1,3,4,3,4,1,2,0,4,0,3,2,0,1,2,1,0,4,4,4,4,1,0,0,4,4,4,4,4,4,4,1,0,0,2,2,3,2,1,1,3,2,1,1,2,3,1,1,0,0,1,3,3,4,4,1,3,2,0,3,0,0,3,0,4,4,4,4,4,4,4,4,2,1,2,3,0,4,4,4,4,2,1,3,4,4,4,4,4,4,4,4,4,4,4,4,4,4,4,4,4,4,4,4,4,4,4,4,4,4,4,4,4,4,4,4,4,3,4,4,3,0,3,1,0,4,0,1,1,3,1,4,4,1,4,4,4,2,2,2,1,2,0,0,0,1,2,3,1,2,0,4,4,4,4,4,2,3,3,0,2,2,1,0,1,1,2,1,1,3,3,4,4,4,4,4,4,4,4,4,4,4,4,4,4,4,4,4,4,4,4,4,4,4,4,4,4,4,4,4,4,4,4,4,4,4,4,4,4,4,4,4,4,4,4,4,4,4,4,4,4,4,4,4,4,4,4,4,4,4,4,4,4,4,4,4,4,4,4,4,4,4,4,4,4,4,4,4,4,4,4,4,4,4,4,4,4,4,4,4,4,4,4,4,4,4,4,4,4,4,4,4,4,4,4,4,4,4,4,4,4,4,4,4,4,4,4,4,4,4,4,4,4,4,4,4,4,4,4,4,4,4,4,4,4,4,4,4,4,4,4,4,4,4,4,4,4,4,4,4,4,4,4,4,4,4,4,4,4,4,4,4,4,4,4,4,4,4,4,4,4,4,4,4,4,4,4,4,4,4,4,4,4,4,4,4,4,4,4,4,4,4,4,4,4,4,AM933173.1/2699422-2699275,1
2086,0,2,0,3,2,1,3,1,0,3,3,1,4,1,0,3,4,1,3,4,1,3,3,0,3,2,3,3,4,1,2,1,1,3,4,4,4,4,4,4,4,4,4,4,4,4,4,4,4,4,4,4,4,4,4,4,3,0,4,4,4,4,4,4,4,4,4,4,4,4,4,4,4,4,4,4,4,4,4,2,3,2,1,1,3,1,0,3,0,0,0,1,3,1,1,4,2,2,0,4,0,3,2,0,1,2,1,0,4,4,4,4,2,0,2,1,1,2,4,4,3,3,3,0,1,2,2,3,2,1,3,3,0,3,1,2,3,1,1,4,0,1,3,2,0,4,1,0,2,0,3,2,3,1,4,4,4,4,4,4,4,4,4,2,1,3,3,0,3,4,4,4,2,1,1,4,4,4,4,4,4,4,4,4,4,4,4,4,4,4,4,4,4,4,4,4,4,4,4,4,4,4,4,4,4,4,4,4,3,4,4,1,0,3,1,0,4,2,0,1,0,1,4,4,1,0,4,3,2,2,0,1,0,1,0,0,1,2,3,3,2,0,4,4,4,4,4,2,3,2,0,0,2,1,0,1,1,1,0,1,3,3,4,4,4,4,4,4,4,4,4,4,4,4,4,4,4,4,4,4,4,4,4,4,4,4,4,4,4,4,4,4,4,4,4,4,4,4,4,4,4,4,4,4,4,4,4,4,4,4,4,4,4,4,4,4,4,4,4,4,4,4,4,4,4,4,4,4,4,4,4,4,4,4,4,4,4,4,4,4,4,4,4,4,4,4,4,4,4,4,4,4,4,4,4,4,4,4,4,4,4,4,4,4,4,4,4,4,4,4,4,4,4,4,4,4,4,4,4,4,4,4,4,4,4,4,4,4,4,4,4,4,4,4,4,4,4,4,4,4,4,4,4,4,4,4,4,4,4,4,4,4,4,4,4,4,4,4,4,4,4,4,4,4,4,4,4,4,4,4,4,4,4,4,4,4,4,4,4,4,4,4,4,4,4,4,4,4,4,4,4,4,4,4,4,4,4,ADVA01000240.1/3648-3796,1
2087,0,2,0,3,2,1,3,1,0,3,3,1,4,1,0,3,4,1,3,4,1,3,3,0,3,2,3,3,4,1,2,1,1,3,3,4,1,4,4,4,4,4,4,4,4,4,4,4,4,4,4,4,4,4,4,4,3,4,4,4,4,4,4,4,4,4,4,4,4,4,4,4,4,4,4,4,4,4,4,4,2,2,1,1,3,1,0,3,0,0,0,1,3,1,0,4,2,2,0,4,0,3,2,0,3,2,1,0,4,4,4,4,2,0,2,1,1,2,4,4,3,3,3,0,1,2,2,3,2,1,3,3,0,3,1,2,3,1,1,4,0,1,3,2,0,4,1,0,2,0,3,2,3,1,4,4,4,4,4,4,4,4,4,2,1,3,3,0,1,4,4,4,2,1,1,4,4,4,4,4,4,4,4,4,4,4,4,4,4,4,4,4,4,4,4,4,4,4,4,4,4,4,4,4,4,4,4,4,3,4,4,1,0,3,1,0,4,0,0,1,0,1,4,4,1,1,4,3,2,2,0,1,0,1,0,0,1,2,3,3,2,0,4,4,4,4,4,2,3,2,0,0,2,1,0,1,1,1,1,3,3,3,4,4,4,4,4,4,4,4,4,4,4,4,4,4,4,4,4,4,4,4,4,4,4,4,4,4,4,4,4,4,4,4,4,4,4,4,4,4,4,4,4,4,4,4,4,4,4,4,4,4,4,4,4,4,4,4,4,4,4,4,4,4,4,4,4,4,4,4,4,4,4,4,4,4,4,4,4,4,4,4,4,4,4,4,4,4,4,4,4,4,4,4,4,4,4,4,4,4,4,4,4,4,4,4,4,4,4,4,4,4,4,4,4,4,4,4,4,4,4,4,4,4,4,4,4,4,4,4,4,4,4,4,4,4,4,4,4,4,4,4,4,4,4,4,4,4,4,4,4,4,4,4,4,4,4,4,4,4,4,4,4,4,4,4,4,4,4,4,4,4,4,4,4,4,4,4,4,4,4,4,4,4,4,4,4,4,4,4,4,4,4,4,4,4,4,AETJ01000119.1/53126-52978,1
2088,0,2,3,2,2,1,3,1,0,3,3,1,4,0,1,1,4,2,0,4,1,3,3,0,3,2,3,1,4,0,2,1,4,4,4,4,1,1,1,3,3,4,1,2,2,4,4,4,4,4,4,2,0,1,2,3,4,4,4,4,4,4,4,4,4,4,4,4,4,4,4,4,4,4,4,4,4,4,4,4,4,2,1,3,0,1,0,3,0,0,0,0,3,4,3,4,1,2,0,4,0,3,2,0,1,2,1,0,4,4,4,4,1,0,0,4,4,4,4,4,4,4,1,0,0,2,2,3,2,1,1,3,2,1,1,2,3,1,1,0,0,1,3,3,4,4,1,3,2,0,3,0,3,1,0,4,4,4,4,4,4,4,4,2,1,2,3,0,4,4,4,4,2,1,3,4,4,4,4,4,4,4,4,4,4,4,4,4,4,4,4,4,4,4,4,4,4,4,4,4,4,4,4,4,4,4,4,4,0,4,4,3,0,3,1,0,4,0,1,1,0,3,4,4,1,4,4,4,2,2,2,1,2,0,0,0,1,2,3,1,2,0,4,4,4,4,4,2,3,3,0,2,2,1,0,1,1,2,1,1,3,3,4,4,4,4,4,4,4,4,4,4,4,4,4,4,4,4,4,4,4,4,4,4,4,4,4,4,4,4,4,4,4,4,4,4,4,4,4,4,4,4,4,4,4,4,4,4,4,4,4,4,4,4,4,4,4,4,4,4,4,4,4,4,4,4,4,4,4,4,4,4,4,4,4,4,4,4,4,4,4,4,4,4,4,4,4,4,4,4,4,4,4,4,4,4,4,4,4,4,4,4,4,4,4,4,4,4,4,4,4,4,4,4,4,4,4,4,4,4,4,4,4,4,4,4,4,4,4,4,4,4,4,4,4,4,4,4,4,4,4,4,4,4,4,4,4,4,4,4,4,4,4,4,4,4,4,4,4,4,4,4,4,4,4,4,4,4,4,4,4,4,4,4,4,4,4,4,4,4,4,4,4,4,4,4,4,4,4,4,4,4,4,4,4,4,4,ADUP01000056.1/11428-11575,1
2089,0,2,3,2,2,1,3,1,0,3,3,1,4,0,1,1,4,3,3,4,1,3,3,0,3,2,3,1,4,0,2,1,4,4,4,4,1,1,1,3,3,4,0,2,2,4,4,4,4,4,4,2,0,1,2,1,4,4,4,4,4,4,4,4,4,4,4,4,4,4,4,4,4,4,4,4,4,4,4,4,4,2,1,3,0,1,0,3,0,0,0,1,3,4,3,4,1,2,0,4,0,3,2,0,1,2,1,0,4,4,4,4,1,0,0,4,4,4,4,4,4,4,1,0,0,2,2,3,2,1,1,3,2,1,1,2,3,1,1,0,0,1,3,3,4,4,1,3,2,0,3,0,0,3,0,4,4,4,4,4,4,4,4,2,1,2,3,0,4,4,4,4,2,1,3,4,4,4,4,4,4,4,4,4,4,4,4,4,4,4,4,4,4,4,4,4,4,4,4,4,4,4,4,4,4,4,4,4,3,4,4,3,0,3,1,0,4,0,1,1,3,1,4,4,1,4,4,4,2,2,2,1,2,0,0,0,1,2,3,1,2,0,4,4,4,4,4,2,3,3,0,2,2,1,0,1,1,2,1,1,3,3,4,4,4,4,4,4,4,4,4,4,4,4,4,4,4,4,4,4,4,4,4,4,4,4,4,4,4,4,4,4,4,4,4,4,4,4,4,4,4,4,4,4,4,4,4,4,4,4,4,4,4,4,4,4,4,4,4,4,4,4,4,4,4,4,4,4,4,4,4,4,4,4,4,4,4,4,4,4,4,4,4,4,4,4,4,4,4,4,4,4,4,4,4,4,4,4,4,4,4,4,4,4,4,4,4,4,4,4,4,4,4,4,4,4,4,4,4,4,4,4,4,4,4,4,4,4,4,4,4,4,4,4,4,4,4,4,4,4,4,4,4,4,4,4,4,4,4,4,4,4,4,4,4,4,4,4,4,4,4,4,4,4,4,4,4,4,4,4,4,4,4,4,4,4,4,4,4,4,4,4,4,4,4,4,4,4,4,4,4,4,4,4,4,4,4,AETD01000007.1/32892-32745,1
2090,0,2,3,2,2,1,3,1,0,3,3,1,4,0,1,1,4,2,0,4,1,3,3,0,3,2,3,1,4,0,2,1,4,4,4,4,1,1,1,3,3,4,1,2,2,4,4,4,4,4,4,2,0,1,2,3,4,4,4,4,4,4,4,4,4,4,4,4,4,4,4,4,4,4,4,4,4,4,4,4,4,2,1,3,0,1,0,3,0,0,0,0,3,4,0,4,1,2,0,4,0,3,2,0,1,2,1,0,4,4,4,4,1,0,0,4,4,4,4,4,4,4,1,0,0,2,2,3,2,1,1,3,2,1,1,2,3,1,1,0,0,1,3,3,4,4,1,3,2,0,3,0,3,1,0,4,4,4,4,4,4,4,4,2,1,2,3,0,4,4,4,4,2,1,3,4,4,4,4,4,4,4,4,4,4,4,4,4,4,4,4,4,4,4,4,4,4,4,4,4,4,4,4,4,4,4,4,4,0,4,4,3,0,3,1,0,4,0,1,1,0,3,4,4,1,4,4,4,2,2,2,1,2,0,0,0,1,2,3,1,2,0,4,4,4,4,4,2,3,3,0,2,2,1,0,1,1,2,1,1,3,3,4,4,4,4,4,4,4,4,4,4,4,4,4,4,4,4,4,4,4,4,4,4,4,4,4,4,4,4,4,4,4,4,4,4,4,4,4,4,4,4,4,4,4,4,4,4,4,4,4,4,4,4,4,4,4,4,4,4,4,4,4,4,4,4,4,4,4,4,4,4,4,4,4,4,4,4,4,4,4,4,4,4,4,4,4,4,4,4,4,4,4,4,4,4,4,4,4,4,4,4,4,4,4,4,4,4,4,4,4,4,4,4,4,4,4,4,4,4,4,4,4,4,4,4,4,4,4,4,4,4,4,4,4,4,4,4,4,4,4,4,4,4,4,4,4,4,4,4,4,4,4,4,4,4,4,4,4,4,4,4,4,4,4,4,4,4,4,4,4,4,4,4,4,4,4,4,4,4,4,4,4,4,4,4,4,4,4,4,4,4,4,4,4,4,4,AGTD01000001.1/3134067-3133920,1
2091,0,2,0,3,2,1,3,1,0,3,3,1,4,1,0,3,4,1,3,4,1,3,3,0,3,2,3,3,4,1,2,1,1,3,4,4,4,4,4,4,4,4,4,4,4,4,4,4,4,4,4,4,4,4,4,4,3,0,4,4,4,4,4,4,4,4,4,4,4,4,4,4,4,4,4,4,4,4,4,2,3,2,1,1,3,1,0,3,0,0,0,1,3,1,1,4,2,2,0,4,0,3,2,0,1,2,1,0,4,4,4,4,2,0,2,1,1,2,4,4,3,3,3,0,1,2,2,3,2,1,3,3,0,3,1,2,3,1,1,4,0,1,3,2,0,4,1,0,2,0,3,2,3,1,4,4,4,4,4,4,4,4,4,2,1,3,3,0,3,4,4,4,2,1,1,4,4,4,4,4,4,4,4,4,4,4,4,4,4,4,4,4,4,4,4,4,4,4,4,4,4,4,4,4,4,4,4,4,3,4,4,1,0,3,1,0,4,2,0,1,0,1,4,4,1,0,4,3,2,2,0,1,0,1,0,0,1,2,3,3,2,0,4,4,4,4,4,2,3,2,0,0,2,1,0,1,1,1,0,1,3,3,4,4,4,4,4,4,4,4,4,4,4,4,4,4,4,4,4,4,4,4,4,4,4,4,4,4,4,4,4,4,4,4,4,4,4,4,4,4,4,4,4,4,4,4,4,4,4,4,4,4,4,4,4,4,4,4,4,4,4,4,4,4,4,4,4,4,4,4,4,4,4,4,4,4,4,4,4,4,4,4,4,4,4,4,4,4,4,4,4,4,4,4,4,4,4,4,4,4,4,4,4,4,4,4,4,4,4,4,4,4,4,4,4,4,4,4,4,4,4,4,4,4,4,4,4,4,4,4,4,4,4,4,4,4,4,4,4,4,4,4,4,4,4,4,4,4,4,4,4,4,4,4,4,4,4,4,4,4,4,4,4,4,4,4,4,4,4,4,4,4,4,4,4,4,4,4,4,4,4,4,4,4,4,4,4,4,4,4,4,4,4,4,4,4,4,ABHR01000001.1/599064-599212,1
2092,0,2,0,3,2,1,3,1,0,3,3,1,4,1,0,3,4,1,3,4,1,3,3,0,3,2,3,3,4,1,2,1,1,3,4,4,4,4,4,4,4,4,4,4,4,4,4,4,4,4,4,4,4,4,4,4,3,0,4,4,4,4,4,4,4,4,4,4,4,4,4,4,4,4,4,4,4,4,4,2,3,2,1,1,3,1,0,3,0,0,0,1,3,1,1,4,2,2,0,4,0,3,2,0,1,2,1,0,4,4,4,4,2,0,2,1,1,2,4,4,3,3,3,0,1,2,2,3,2,1,3,3,0,3,1,2,3,1,1,4,0,1,3,2,0,4,1,0,2,0,3,2,3,1,4,4,4,4,4,4,4,4,4,2,1,3,3,0,3,4,4,4,2,1,1,4,4,4,4,4,4,4,4,4,4,4,4,4,4,4,4,4,4,4,4,4,4,4,4,4,4,4,4,4,4,4,4,4,3,4,4,1,0,3,1,0,4,2,0,1,0,1,4,4,1,0,4,3,2,2,0,1,0,1,0,0,1,2,3,3,2,0,4,4,4,4,4,2,3,2,0,0,2,1,0,1,1,1,0,1,3,3,4,4,4,4,4,4,4,4,4,4,4,4,4,4,4,4,4,4,4,4,4,4,4,4,4,4,4,4,4,4,4,4,4,4,4,4,4,4,4,4,4,4,4,4,4,4,4,4,4,4,4,4,4,4,4,4,4,4,4,4,4,4,4,4,4,4,4,4,4,4,4,4,4,4,4,4,4,4,4,4,4,4,4,4,4,4,4,4,4,4,4,4,4,4,4,4,4,4,4,4,4,4,4,4,4,4,4,4,4,4,4,4,4,4,4,4,4,4,4,4,4,4,4,4,4,4,4,4,4,4,4,4,4,4,4,4,4,4,4,4,4,4,4,4,4,4,4,4,4,4,4,4,4,4,4,4,4,4,4,4,4,4,4,4,4,4,4,4,4,4,4,4,4,4,4,4,4,4,4,4,4,4,4,4,4,4,4,4,4,4,4,4,4,4,4,AFHB01000039.1/18282-18134,1
2093,0,2,0,3,2,1,3,1,0,3,3,1,4,1,0,3,4,1,3,4,1,3,3,0,3,2,3,3,4,1,2,1,1,3,3,4,4,4,4,4,4,4,4,4,4,4,4,4,4,4,4,4,4,4,4,4,1,4,4,4,4,4,4,4,4,4,4,4,4,4,4,4,4,4,4,4,4,4,4,2,3,2,1,1,3,1,0,3,0,0,0,1,3,1,1,4,2,2,0,4,0,3,2,0,3,2,1,0,4,4,4,4,2,0,2,1,1,2,1,3,1,3,3,0,1,2,2,3,2,1,3,3,0,3,1,2,3,1,1,4,0,1,3,2,0,4,1,0,2,0,3,2,3,1,2,1,0,3,4,4,4,4,4,3,3,0,3,4,4,4,4,4,2,1,1,4,4,4,4,4,4,4,4,4,4,4,4,4,4,4,4,4,4,4,4,4,4,4,4,4,4,4,4,4,4,4,4,4,3,4,4,1,0,3,1,0,4,0,0,1,0,1,4,4,1,0,4,3,2,2,0,1,0,3,3,0,1,2,3,3,2,0,4,4,4,4,4,2,3,2,0,0,2,1,0,1,1,1,0,0,3,3,4,4,4,4,4,4,4,4,4,4,4,4,4,4,4,4,4,4,4,4,4,4,4,4,4,4,4,4,4,4,4,4,4,4,4,4,4,4,4,4,4,4,4,4,4,4,4,4,4,4,4,4,4,4,4,4,4,4,4,4,4,4,4,4,4,4,4,4,4,4,4,4,4,4,4,4,4,4,4,4,4,4,4,4,4,4,4,4,4,4,4,4,4,4,4,4,4,4,4,4,4,4,4,4,4,4,4,4,4,4,4,4,4,4,4,4,4,4,4,4,4,4,4,4,4,4,4,4,4,4,4,4,4,4,4,4,4,4,4,4,4,4,4,4,4,4,4,4,4,4,4,4,4,4,4,4,4,4,4,4,4,4,4,4,4,4,4,4,4,4,4,4,4,4,4,4,4,4,4,4,4,4,4,4,4,4,4,4,4,4,4,4,4,4,4,ACZD01000059.1/47536-47384,1
2094,0,2,3,2,2,1,3,1,0,3,3,1,4,0,1,1,4,3,3,4,1,3,3,0,3,2,3,1,4,0,2,1,4,4,4,4,1,1,1,3,3,4,1,2,2,4,4,4,4,4,4,2,0,1,2,1,4,4,4,4,4,4,4,4,4,4,4,4,4,4,4,4,4,4,4,4,4,4,4,4,4,2,1,3,0,1,0,3,0,0,0,1,3,4,3,4,1,2,0,4,0,3,2,0,1,2,1,0,4,4,4,4,1,0,0,4,4,4,4,4,4,4,0,1,0,2,2,3,2,1,1,3,2,1,1,2,3,1,1,0,0,1,3,1,4,4,1,3,2,0,3,0,0,1,0,4,4,4,4,4,4,4,4,2,1,1,3,2,4,4,4,4,2,1,3,4,4,4,4,4,4,4,4,4,4,4,4,4,4,4,4,4,4,4,4,4,4,4,4,4,4,4,4,4,4,4,4,4,3,4,4,3,0,3,1,0,4,2,0,1,0,3,4,4,1,4,4,4,2,2,2,1,2,0,0,0,1,2,3,1,2,0,4,4,4,4,4,2,3,0,0,2,2,1,0,1,1,2,1,1,3,1,4,4,4,4,4,4,4,4,4,4,4,4,4,4,4,4,4,4,4,4,4,4,4,4,4,4,4,4,4,4,4,4,4,4,4,4,4,4,4,4,4,4,4,4,4,4,4,4,4,4,4,4,4,4,4,4,4,4,4,4,4,4,4,4,4,4,4,4,4,4,4,4,4,4,4,4,4,4,4,4,4,4,4,4,4,4,4,4,4,4,4,4,4,4,4,4,4,4,4,4,4,4,4,4,4,4,4,4,4,4,4,4,4,4,4,4,4,4,4,4,4,4,4,4,4,4,4,4,4,4,4,4,4,4,4,4,4,4,4,4,4,4,4,4,4,4,4,4,4,4,4,4,4,4,4,4,4,4,4,4,4,4,4,4,4,4,4,4,4,4,4,4,4,4,4,4,4,4,4,4,4,4,4,4,4,4,4,4,4,4,4,4,4,4,4,AFQL01000054.1/142004-141857,1
2095,0,2,0,3,2,1,3,1,0,3,3,1,4,1,0,3,4,1,3,4,1,3,3,0,3,2,3,3,4,1,2,1,1,3,4,4,4,4,4,4,4,4,4,4,4,4,4,4,4,4,4,4,4,4,4,4,3,0,4,4,4,4,4,4,4,4,4,4,4,4,4,4,4,4,4,4,4,4,4,2,3,2,1,1,3,1,0,3,0,0,0,1,3,1,1,4,2,2,0,4,0,3,2,0,1,2,1,0,4,4,4,4,2,0,2,1,1,2,4,4,3,3,3,0,1,2,2,3,2,1,3,3,0,3,1,2,3,1,1,4,0,1,3,2,0,4,1,0,2,0,3,2,3,1,4,4,4,4,4,4,4,4,4,2,1,3,3,0,3,4,4,4,2,1,1,4,4,4,4,4,4,4,4,4,4,4,4,4,4,4,4,4,4,4,4,4,4,4,4,4,4,4,4,4,4,4,4,4,3,4,4,1,0,3,1,0,4,2,0,1,0,1,4,4,1,0,4,3,2,2,0,1,0,1,0,0,1,2,3,3,2,0,4,4,4,4,4,2,3,2,0,0,2,1,0,1,1,1,0,1,3,3,4,4,4,4,4,4,4,4,4,4,4,4,4,4,4,4,4,4,4,4,4,4,4,4,4,4,4,4,4,4,4,4,4,4,4,4,4,4,4,4,4,4,4,4,4,4,4,4,4,4,4,4,4,4,4,4,4,4,4,4,4,4,4,4,4,4,4,4,4,4,4,4,4,4,4,4,4,4,4,4,4,4,4,4,4,4,4,4,4,4,4,4,4,4,4,4,4,4,4,4,4,4,4,4,4,4,4,4,4,4,4,4,4,4,4,4,4,4,4,4,4,4,4,4,4,4,4,4,4,4,4,4,4,4,4,4,4,4,4,4,4,4,4,4,4,4,4,4,4,4,4,4,4,4,4,4,4,4,4,4,4,4,4,4,4,4,4,4,4,4,4,4,4,4,4,4,4,4,4,4,4,4,4,4,4,4,4,4,4,4,4,4,4,4,4,CP002167.1/3988486-3988634,1
2096,0,2,3,3,2,1,3,1,0,3,3,1,4,0,1,1,4,3,3,4,3,3,3,0,3,2,0,3,4,0,2,1,1,1,1,2,1,0,0,3,3,4,0,0,2,1,2,2,0,3,4,2,0,3,2,1,4,4,4,4,4,4,4,4,4,4,4,4,4,4,4,4,4,4,4,4,4,4,4,4,4,2,1,3,3,1,0,3,0,0,2,1,1,3,1,4,1,2,0,4,0,3,2,0,3,2,1,1,4,4,4,4,3,0,0,2,4,4,4,4,4,4,0,1,3,2,2,3,2,1,1,3,0,3,1,2,3,1,1,0,1,1,3,0,0,0,1,1,2,0,1,0,3,3,2,3,2,3,4,4,4,4,4,2,0,0,0,2,1,4,4,4,0,1,0,4,4,4,4,4,4,4,4,4,4,4,4,4,4,4,4,4,4,4,4,4,4,4,4,4,4,4,4,4,4,4,4,4,3,4,4,3,0,3,1,0,4,0,0,1,0,3,4,4,1,4,4,4,2,2,0,1,2,0,1,0,1,2,3,3,2,0,4,4,4,4,4,2,3,2,0,2,2,1,0,1,1,2,1,1,3,0,4,4,4,4,4,4,4,4,4,4,4,4,4,4,4,4,4,4,4,4,4,4,4,4,4,4,4,4,4,4,4,4,4,4,4,4,4,4,4,4,4,4,4,4,4,4,4,4,4,4,4,4,4,4,4,4,4,4,4,4,4,4,4,4,4,4,4,4,4,4,4,4,4,4,4,4,4,4,4,4,4,4,4,4,4,4,4,4,4,4,4,4,4,4,4,4,4,4,4,4,4,4,4,4,4,4,4,4,4,4,4,4,4,4,4,4,4,4,4,4,4,4,4,4,4,4,4,4,4,4,4,4,4,4,4,4,4,4,4,4,4,4,4,4,4,4,4,4,4,4,4,4,4,4,4,4,4,4,4,4,4,4,4,4,4,4,4,4,4,4,4,4,4,4,4,4,4,4,4,4,4,4,4,4,4,4,4,4,4,4,4,4,4,4,4,CP000308.1/2643719-2643555,1
2097,0,2,3,2,2,1,3,1,0,3,3,1,4,0,1,1,4,2,0,4,1,3,3,0,3,2,3,1,4,0,2,1,4,4,4,4,1,1,1,3,3,4,1,2,2,4,4,4,4,4,4,2,0,1,2,3,4,4,4,4,4,4,4,4,4,4,4,4,4,4,4,4,4,4,4,4,4,4,4,4,4,2,1,3,0,1,0,3,0,0,0,0,3,4,3,4,1,2,0,4,0,3,2,0,1,2,1,0,4,4,4,4,1,0,0,4,4,4,4,4,4,4,1,0,0,2,2,3,2,1,1,3,2,1,1,2,3,1,1,0,0,1,3,3,4,4,1,3,2,0,3,0,3,1,0,4,4,4,4,4,4,4,4,2,1,2,3,0,4,4,4,4,2,1,3,4,4,4,4,4,4,4,4,4,4,4,4,4,4,4,4,4,4,4,4,4,4,4,4,4,4,4,4,4,4,4,4,4,0,4,4,3,0,3,1,0,4,0,1,1,0,3,4,4,1,4,4,4,2,2,2,1,2,0,0,0,1,2,3,1,2,0,4,4,4,4,4,2,3,3,0,2,2,1,0,1,1,2,1,1,3,3,4,4,4,4,4,4,4,4,4,4,4,4,4,4,4,4,4,4,4,4,4,4,4,4,4,4,4,4,4,4,4,4,4,4,4,4,4,4,4,4,4,4,4,4,4,4,4,4,4,4,4,4,4,4,4,4,4,4,4,4,4,4,4,4,4,4,4,4,4,4,4,4,4,4,4,4,4,4,4,4,4,4,4,4,4,4,4,4,4,4,4,4,4,4,4,4,4,4,4,4,4,4,4,4,4,4,4,4,4,4,4,4,4,4,4,4,4,4,4,4,4,4,4,4,4,4,4,4,4,4,4,4,4,4,4,4,4,4,4,4,4,4,4,4,4,4,4,4,4,4,4,4,4,4,4,4,4,4,4,4,4,4,4,4,4,4,4,4,4,4,4,4,4,4,4,4,4,4,4,4,4,4,4,4,4,4,4,4,4,4,4,4,4,4,4,ADTQ01000154.1/27083-26936,1
2098,0,2,0,3,2,1,3,1,0,3,1,1,4,1,0,1,4,3,3,4,0,3,3,0,3,2,0,1,4,0,2,1,3,3,2,2,1,1,0,3,3,4,0,0,2,2,1,3,0,4,4,0,3,3,3,0,4,4,4,4,4,4,4,4,4,4,4,4,4,4,4,4,4,4,4,4,4,4,4,4,4,2,1,3,3,1,0,3,0,0,0,1,1,1,0,4,2,2,2,4,0,3,2,0,1,2,1,0,4,4,4,4,2,0,2,1,1,2,0,3,3,3,3,0,2,0,2,3,2,1,1,3,0,3,3,2,3,1,1,0,3,2,3,0,0,4,1,1,2,0,3,2,3,3,4,4,4,4,4,4,4,4,4,2,0,2,3,0,4,4,4,4,0,3,2,4,4,4,4,4,4,4,4,4,4,4,4,4,4,4,4,4,4,4,4,4,4,4,4,4,4,4,4,4,4,4,4,4,3,4,4,1,0,3,1,0,4,1,0,3,0,1,4,4,1,4,4,4,2,2,2,1,0,3,0,0,1,2,3,3,2,0,4,4,4,4,4,2,3,2,0,2,2,1,0,1,3,2,0,3,0,3,4,4,4,4,4,4,4,4,4,4,4,4,4,4,4,4,4,4,4,4,4,4,4,4,4,4,4,4,4,4,4,4,4,4,4,4,4,4,4,4,4,4,4,4,4,4,4,4,4,4,4,4,4,4,4,4,4,4,4,4,4,4,4,4,4,4,4,4,4,4,4,4,4,4,4,4,4,4,4,4,4,4,4,4,4,4,4,4,4,4,4,4,4,4,4,4,4,4,4,4,4,4,4,4,4,4,4,4,4,4,4,4,4,4,4,4,4,4,4,4,4,4,4,4,4,4,4,4,4,4,4,4,4,4,4,4,4,4,4,4,4,4,4,4,4,4,4,4,4,4,4,4,4,4,4,4,4,4,4,4,4,4,4,4,4,4,4,4,4,4,4,4,4,4,4,4,4,4,4,4,4,4,4,4,4,4,4,4,4,4,4,4,4,4,4,CP000308.1/200703-200866,1
2099,0,2,3,2,2,1,3,1,0,3,3,1,4,0,1,1,4,3,3,4,1,3,3,0,3,2,3,1,4,0,2,1,4,4,4,4,1,1,1,3,3,4,0,2,2,4,4,4,4,4,4,2,0,1,2,1,4,4,4,4,4,4,4,4,4,4,4,4,4,4,4,4,4,4,4,4,4,4,4,4,4,2,1,3,0,1,0,3,0,0,0,1,3,4,3,4,1,2,0,4,0,3,2,0,1,2,1,0,4,4,4,4,1,0,0,4,4,4,4,4,4,4,1,0,0,2,2,3,2,1,1,3,2,1,1,2,3,1,1,0,0,1,3,3,4,4,1,3,2,0,3,0,0,3,0,4,4,4,4,4,4,4,4,2,1,2,3,0,4,4,4,4,2,1,3,4,4,4,4,4,4,4,4,4,4,4,4,4,4,4,4,4,4,4,4,4,4,4,4,4,4,4,4,4,4,4,4,4,3,4,4,3,0,3,1,0,4,0,1,1,3,1,4,4,1,4,4,4,2,2,2,1,2,0,0,0,1,2,3,1,2,0,4,4,4,4,4,2,3,3,0,2,2,1,0,1,1,2,1,1,3,3,4,4,4,4,4,4,4,4,4,4,4,4,4,4,4,4,4,4,4,4,4,4,4,4,4,4,4,4,4,4,4,4,4,4,4,4,4,4,4,4,4,4,4,4,4,4,4,4,4,4,4,4,4,4,4,4,4,4,4,4,4,4,4,4,4,4,4,4,4,4,4,4,4,4,4,4,4,4,4,4,4,4,4,4,4,4,4,4,4,4,4,4,4,4,4,4,4,4,4,4,4,4,4,4,4,4,4,4,4,4,4,4,4,4,4,4,4,4,4,4,4,4,4,4,4,4,4,4,4,4,4,4,4,4,4,4,4,4,4,4,4,4,4,4,4,4,4,4,4,4,4,4,4,4,4,4,4,4,4,4,4,4,4,4,4,4,4,4,4,4,4,4,4,4,4,4,4,4,4,4,4,4,4,4,4,4,4,4,4,4,4,4,4,4,4,AEUL01000001.1/2699422-2699275,1
2100,0,2,0,3,2,1,3,1,0,3,3,1,4,1,0,3,4,1,3,4,1,3,3,0,3,2,3,3,4,1,2,1,1,3,3,4,1,4,4,4,4,4,4,4,4,4,4,4,4,4,4,4,4,4,4,4,3,4,4,4,4,4,4,4,4,4,4,4,4,4,4,4,4,4,4,4,4,4,4,4,2,2,1,1,3,1,0,3,0,0,0,1,3,1,0,4,2,2,0,4,0,3,2,0,3,2,1,0,4,4,4,4,2,0,2,1,1,2,4,4,3,3,3,0,1,2,2,3,2,1,3,3,0,3,1,2,3,1,1,4,0,1,3,2,0,4,1,0,2,0,3,2,3,1,4,4,4,4,4,4,4,4,4,2,1,3,3,0,1,4,4,4,2,1,1,4,4,4,4,4,4,4,4,4,4,4,4,4,4,4,4,4,4,4,4,4,4,4,4,4,4,4,4,4,4,4,4,4,3,4,4,1,0,3,1,0,4,0,0,1,0,1,4,4,1,1,4,3,2,2,0,1,0,1,0,0,1,2,3,3,2,0,4,4,4,4,4,2,3,2,0,0,2,1,0,1,1,1,1,3,3,3,4,4,4,4,4,4,4,4,4,4,4,4,4,4,4,4,4,4,4,4,4,4,4,4,4,4,4,4,4,4,4,4,4,4,4,4,4,4,4,4,4,4,4,4,4,4,4,4,4,4,4,4,4,4,4,4,4,4,4,4,4,4,4,4,4,4,4,4,4,4,4,4,4,4,4,4,4,4,4,4,4,4,4,4,4,4,4,4,4,4,4,4,4,4,4,4,4,4,4,4,4,4,4,4,4,4,4,4,4,4,4,4,4,4,4,4,4,4,4,4,4,4,4,4,4,4,4,4,4,4,4,4,4,4,4,4,4,4,4,4,4,4,4,4,4,4,4,4,4,4,4,4,4,4,4,4,4,4,4,4,4,4,4,4,4,4,4,4,4,4,4,4,4,4,4,4,4,4,4,4,4,4,4,4,4,4,4,4,4,4,4,4,4,4,4,AESZ01000001.1/39709-39857,1
2101,0,2,0,3,2,1,3,1,0,3,3,1,4,1,0,3,4,1,3,4,1,3,3,0,3,2,3,3,4,1,2,1,1,3,4,4,4,4,4,4,4,4,4,4,4,4,4,4,4,4,4,4,4,4,4,4,3,0,4,4,4,4,4,4,4,4,4,4,4,4,4,4,4,4,4,4,4,4,4,2,3,2,1,1,3,1,0,3,0,0,0,1,3,1,1,4,2,2,0,4,0,3,2,0,1,2,1,0,4,4,4,4,2,0,2,1,1,2,4,4,3,3,3,0,1,2,2,3,2,1,3,3,0,3,1,2,3,1,1,4,0,1,3,2,0,4,1,0,2,0,3,2,3,1,4,4,4,4,4,4,4,4,4,2,1,3,3,0,3,4,4,4,2,1,1,4,4,4,4,4,4,4,4,4,4,4,4,4,4,4,4,4,4,4,4,4,4,4,4,4,4,4,4,4,4,4,4,4,3,4,4,1,0,3,1,0,4,2,0,1,0,1,4,4,1,0,4,3,2,2,0,1,0,1,0,0,1,2,3,3,2,0,4,4,4,4,4,2,3,2,0,0,2,1,0,1,1,1,0,1,3,3,4,4,4,4,4,4,4,4,4,4,4,4,4,4,4,4,4,4,4,4,4,4,4,4,4,4,4,4,4,4,4,4,4,4,4,4,4,4,4,4,4,4,4,4,4,4,4,4,4,4,4,4,4,4,4,4,4,4,4,4,4,4,4,4,4,4,4,4,4,4,4,4,4,4,4,4,4,4,4,4,4,4,4,4,4,4,4,4,4,4,4,4,4,4,4,4,4,4,4,4,4,4,4,4,4,4,4,4,4,4,4,4,4,4,4,4,4,4,4,4,4,4,4,4,4,4,4,4,4,4,4,4,4,4,4,4,4,4,4,4,4,4,4,4,4,4,4,4,4,4,4,4,4,4,4,4,4,4,4,4,4,4,4,4,4,4,4,4,4,4,4,4,4,4,4,4,4,4,4,4,4,4,4,4,4,4,4,4,4,4,4,4,4,4,4,AFAH01000034.1/208202-208350,1
2102,0,2,0,3,2,1,3,1,0,3,3,1,4,1,0,3,4,1,3,4,1,3,3,0,3,2,3,3,4,1,2,1,1,3,4,4,4,4,4,4,4,4,4,4,4,4,4,4,4,4,4,4,4,4,4,4,3,0,4,4,4,4,4,4,4,4,4,4,4,4,4,4,4,4,4,4,4,4,4,2,3,2,1,1,3,1,0,3,0,0,0,1,3,1,1,4,2,2,0,4,0,3,2,0,1,2,1,0,4,4,4,4,2,0,2,1,1,2,4,4,3,3,3,0,1,2,2,3,2,1,3,3,0,3,1,2,3,1,1,4,0,1,3,2,0,4,1,0,2,0,3,2,3,1,4,4,4,4,4,4,4,4,4,2,1,3,3,0,3,4,4,4,2,1,1,4,4,4,4,4,4,4,4,4,4,4,4,4,4,4,4,4,4,4,4,4,4,4,4,4,4,4,4,4,4,4,4,4,3,4,4,1,0,3,1,0,4,2,0,1,0,1,4,4,1,0,4,3,2,2,0,1,0,1,0,0,1,2,3,3,2,0,4,4,4,4,4,2,3,2,0,0,2,1,0,1,1,1,0,1,3,3,4,4,4,4,4,4,4,4,4,4,4,4,4,4,4,4,4,4,4,4,4,4,4,4,4,4,4,4,4,4,4,4,4,4,4,4,4,4,4,4,4,4,4,4,4,4,4,4,4,4,4,4,4,4,4,4,4,4,4,4,4,4,4,4,4,4,4,4,4,4,4,4,4,4,4,4,4,4,4,4,4,4,4,4,4,4,4,4,4,4,4,4,4,4,4,4,4,4,4,4,4,4,4,4,4,4,4,4,4,4,4,4,4,4,4,4,4,4,4,4,4,4,4,4,4,4,4,4,4,4,4,4,4,4,4,4,4,4,4,4,4,4,4,4,4,4,4,4,4,4,4,4,4,4,4,4,4,4,4,4,4,4,4,4,4,4,4,4,4,4,4,4,4,4,4,4,4,4,4,4,4,4,4,4,4,4,4,4,4,4,4,4,4,4,4,ADWQ01000020.1/38183-38331,1
2103,0,2,0,3,2,1,3,1,0,3,3,1,4,1,0,3,4,1,3,4,1,3,3,0,3,2,3,3,4,1,2,1,1,3,3,4,1,4,4,4,4,4,4,4,4,4,4,4,4,4,4,4,4,4,4,4,3,4,4,4,4,4,4,4,4,4,4,4,4,4,4,4,4,4,4,4,4,4,4,4,2,2,1,1,3,1,0,3,0,0,0,1,3,1,0,4,2,2,0,4,0,3,2,0,3,2,1,0,4,4,4,4,2,0,2,1,1,2,4,4,3,3,3,0,1,2,2,3,2,1,3,3,0,3,1,2,3,1,1,4,0,1,3,2,0,4,1,0,2,0,3,2,3,1,4,4,4,4,4,4,4,4,4,2,1,3,3,0,1,4,4,4,2,1,1,4,4,4,4,4,4,4,4,4,4,4,4,4,4,4,4,4,4,4,4,4,4,4,4,4,4,4,4,4,4,4,4,4,3,4,4,1,0,3,1,0,4,0,0,1,0,1,4,4,1,1,4,3,2,2,0,1,0,1,0,0,1,2,3,3,2,0,4,4,4,4,4,2,3,2,0,0,2,1,0,1,1,1,1,3,3,3,4,4,4,4,4,4,4,4,4,4,4,4,4,4,4,4,4,4,4,4,4,4,4,4,4,4,4,4,4,4,4,4,4,4,4,4,4,4,4,4,4,4,4,4,4,4,4,4,4,4,4,4,4,4,4,4,4,4,4,4,4,4,4,4,4,4,4,4,4,4,4,4,4,4,4,4,4,4,4,4,4,4,4,4,4,4,4,4,4,4,4,4,4,4,4,4,4,4,4,4,4,4,4,4,4,4,4,4,4,4,4,4,4,4,4,4,4,4,4,4,4,4,4,4,4,4,4,4,4,4,4,4,4,4,4,4,4,4,4,4,4,4,4,4,4,4,4,4,4,4,4,4,4,4,4,4,4,4,4,4,4,4,4,4,4,4,4,4,4,4,4,4,4,4,4,4,4,4,4,4,4,4,4,4,4,4,4,4,4,4,4,4,4,4,4,AFCQ01001429.1/295-443,1
2104,0,2,0,3,2,1,3,1,0,3,1,1,4,1,0,1,4,3,3,4,0,3,3,0,3,2,0,1,4,0,2,1,3,3,2,2,1,1,0,3,3,4,0,0,2,2,1,3,0,4,4,0,3,3,3,0,4,4,4,4,4,4,4,4,4,4,4,4,4,4,4,4,4,4,4,4,4,4,4,4,4,2,1,3,3,1,0,3,0,0,0,1,1,1,0,4,2,2,2,4,0,3,2,0,1,2,1,0,4,4,4,4,2,0,2,1,1,2,0,3,3,3,3,0,2,0,2,3,2,1,1,3,0,3,3,2,3,1,1,0,3,2,3,0,0,4,1,1,2,0,3,2,3,3,4,4,4,4,4,4,4,4,4,2,0,2,3,0,4,4,4,4,0,3,2,4,4,4,4,4,4,4,4,4,4,4,4,4,4,4,4,4,4,4,4,4,4,4,4,4,4,4,4,4,4,4,4,4,3,4,4,1,0,3,1,0,4,1,0,3,0,1,4,4,1,4,4,4,2,2,2,1,0,3,0,0,1,2,3,3,2,0,4,4,4,4,4,2,3,2,0,2,2,1,0,1,3,2,0,3,0,3,4,4,4,4,4,4,4,4,4,4,4,4,4,4,4,4,4,4,4,4,4,4,4,4,4,4,4,4,4,4,4,4,4,4,4,4,4,4,4,4,4,4,4,4,4,4,4,4,4,4,4,4,4,4,4,4,4,4,4,4,4,4,4,4,4,4,4,4,4,4,4,4,4,4,4,4,4,4,4,4,4,4,4,4,4,4,4,4,4,4,4,4,4,4,4,4,4,4,4,4,4,4,4,4,4,4,4,4,4,4,4,4,4,4,4,4,4,4,4,4,4,4,4,4,4,4,4,4,4,4,4,4,4,4,4,4,4,4,4,4,4,4,4,4,4,4,4,4,4,4,4,4,4,4,4,4,4,4,4,4,4,4,4,4,4,4,4,4,4,4,4,4,4,4,4,4,4,4,4,4,4,4,4,4,4,4,4,4,4,4,4,4,4,4,4,AAYU01000009.1/102264-102101,1
2105,0,2,3,2,2,1,3,1,0,3,3,1,4,0,1,1,4,3,3,4,1,3,3,0,3,2,3,1,4,0,2,1,4,4,4,4,1,1,1,3,3,4,0,2,2,4,4,4,4,4,4,2,0,1,2,1,4,4,4,4,4,4,4,4,4,4,4,4,4,4,4,4,4,4,4,4,4,4,4,4,4,2,1,3,0,1,0,3,0,0,0,1,3,4,3,4,1,2,0,4,0,3,2,0,1,2,1,0,4,4,4,4,1,0,0,4,4,4,4,4,4,4,1,0,0,2,2,3,2,1,1,3,2,1,1,2,3,1,1,0,0,1,3,3,4,4,1,3,2,0,3,0,0,1,0,4,4,4,4,4,4,4,4,2,1,2,3,0,4,4,4,4,2,1,3,4,4,4,4,4,4,4,4,4,4,4,4,4,4,4,4,4,4,4,4,4,4,4,4,4,4,4,4,4,4,4,4,4,3,4,4,3,0,3,1,0,4,0,1,1,3,1,4,4,1,4,4,4,2,2,2,1,2,0,0,0,1,2,3,1,2,0,4,4,4,4,4,2,3,3,0,2,2,1,0,1,1,2,1,1,3,3,4,4,4,4,4,4,4,4,4,4,4,4,4,4,4,4,4,4,4,4,4,4,4,4,4,4,4,4,4,4,4,4,4,4,4,4,4,4,4,4,4,4,4,4,4,4,4,4,4,4,4,4,4,4,4,4,4,4,4,4,4,4,4,4,4,4,4,4,4,4,4,4,4,4,4,4,4,4,4,4,4,4,4,4,4,4,4,4,4,4,4,4,4,4,4,4,4,4,4,4,4,4,4,4,4,4,4,4,4,4,4,4,4,4,4,4,4,4,4,4,4,4,4,4,4,4,4,4,4,4,4,4,4,4,4,4,4,4,4,4,4,4,4,4,4,4,4,4,4,4,4,4,4,4,4,4,4,4,4,4,4,4,4,4,4,4,4,4,4,4,4,4,4,4,4,4,4,4,4,4,4,4,4,4,4,4,4,4,4,4,4,4,4,4,4,AFCJ01000812.1/170-317,1
2106,0,2,0,3,2,1,3,1,0,3,1,1,4,1,0,1,4,3,3,4,0,3,3,0,3,2,0,1,4,0,2,1,3,3,2,2,1,1,0,3,3,4,0,0,2,2,1,3,0,4,4,0,3,3,3,0,4,4,4,4,4,4,4,4,4,4,4,4,4,4,4,4,4,4,4,4,4,4,4,4,4,2,1,3,3,1,0,3,0,0,0,1,1,1,0,4,2,2,2,4,0,3,2,0,1,2,1,0,4,4,4,4,2,0,2,1,1,2,0,3,3,3,3,0,2,0,2,3,2,1,1,3,0,3,3,2,3,1,1,0,3,2,3,0,0,4,1,1,2,0,3,2,3,3,4,4,4,4,4,4,4,4,4,2,0,2,3,0,4,4,4,4,0,3,2,4,4,4,4,4,4,4,4,4,4,4,4,4,4,4,4,4,4,4,4,4,4,4,4,4,4,4,4,4,4,4,4,4,3,4,4,1,0,3,1,0,4,1,0,3,0,1,4,4,1,4,4,4,2,2,2,1,0,3,0,0,1,2,3,3,2,0,4,4,4,4,4,2,3,2,0,2,2,1,0,1,3,2,0,3,0,3,4,4,4,4,4,4,4,4,4,4,4,4,4,4,4,4,4,4,4,4,4,4,4,4,4,4,4,4,4,4,4,4,4,4,4,4,4,4,4,4,4,4,4,4,4,4,4,4,4,4,4,4,4,4,4,4,4,4,4,4,4,4,4,4,4,4,4,4,4,4,4,4,4,4,4,4,4,4,4,4,4,4,4,4,4,4,4,4,4,4,4,4,4,4,4,4,4,4,4,4,4,4,4,4,4,4,4,4,4,4,4,4,4,4,4,4,4,4,4,4,4,4,4,4,4,4,4,4,4,4,4,4,4,4,4,4,4,4,4,4,4,4,4,4,4,4,4,4,4,4,4,4,4,4,4,4,4,4,4,4,4,4,4,4,4,4,4,4,4,4,4,4,4,4,4,4,4,4,4,4,4,4,4,4,4,4,4,4,4,4,4,4,4,4,4,CP001608.1/354406-354569,1
2107,0,2,3,2,2,1,3,1,0,3,3,1,4,0,1,1,4,3,3,4,1,3,3,0,3,2,3,1,4,0,2,1,4,4,4,4,1,1,1,3,3,4,0,2,2,4,4,4,4,4,4,2,0,1,2,1,4,4,4,4,4,4,4,4,4,4,4,4,4,4,4,4,4,4,4,4,4,4,4,4,4,2,1,3,0,1,0,3,0,0,0,1,3,4,3,4,1,2,0,4,0,3,2,0,1,2,1,0,4,4,4,4,1,0,0,4,4,4,4,4,4,4,1,0,0,2,2,3,2,1,1,3,2,1,1,2,3,1,1,0,0,1,3,3,4,4,1,3,2,0,3,0,0,3,0,4,4,4,4,4,4,4,4,2,1,2,3,0,4,4,4,4,2,1,3,4,4,4,4,4,4,4,4,4,4,4,4,4,4,4,4,4,4,4,4,4,4,4,4,4,4,4,4,4,4,4,4,4,3,4,4,3,0,3,1,0,4,0,1,1,3,1,4,4,1,4,4,4,2,2,2,1,2,0,0,0,1,2,3,1,2,0,4,4,4,4,4,2,3,3,0,2,2,1,0,1,1,2,1,1,3,3,4,4,4,4,4,4,4,4,4,4,4,4,4,4,4,4,4,4,4,4,4,4,4,4,4,4,4,4,4,4,4,4,4,4,4,4,4,4,4,4,4,4,4,4,4,4,4,4,4,4,4,4,4,4,4,4,4,4,4,4,4,4,4,4,4,4,4,4,4,4,4,4,4,4,4,4,4,4,4,4,4,4,4,4,4,4,4,4,4,4,4,4,4,4,4,4,4,4,4,4,4,4,4,4,4,4,4,4,4,4,4,4,4,4,4,4,4,4,4,4,4,4,4,4,4,4,4,4,4,4,4,4,4,4,4,4,4,4,4,4,4,4,4,4,4,4,4,4,4,4,4,4,4,4,4,4,4,4,4,4,4,4,4,4,4,4,4,4,4,4,4,4,4,4,4,4,4,4,4,4,4,4,4,4,4,4,4,4,4,4,4,4,4,4,4,CP001144.1/2835388-2835241,1
2108,0,2,3,2,2,1,3,1,0,3,3,1,4,0,1,1,4,2,0,4,1,3,3,0,3,2,3,1,4,0,2,1,4,4,4,4,1,1,1,3,3,4,1,2,2,4,4,4,4,4,4,2,0,1,2,3,4,4,4,4,4,4,4,4,4,4,4,4,4,4,4,4,4,4,4,4,4,4,4,4,4,2,1,3,0,1,0,3,0,0,0,0,3,4,0,4,1,2,0,4,0,3,2,0,1,2,1,0,4,4,4,4,1,0,0,4,4,4,4,4,4,4,1,0,0,2,2,3,2,1,1,3,2,1,1,2,3,1,1,0,0,1,3,3,4,4,1,3,2,0,3,0,3,1,0,4,4,4,4,4,4,4,4,2,1,2,3,0,4,4,4,4,2,1,3,4,4,4,4,4,4,4,4,4,4,4,4,4,4,4,4,4,4,4,4,4,4,4,4,4,4,4,4,4,4,4,4,4,0,4,4,3,0,3,1,0,4,0,1,1,0,3,4,4,1,4,4,4,2,2,2,1,2,0,0,0,1,2,3,1,2,0,4,4,4,4,4,2,3,3,0,2,2,1,0,1,1,2,1,1,3,3,4,4,4,4,4,4,4,4,4,4,4,4,4,4,4,4,4,4,4,4,4,4,4,4,4,4,4,4,4,4,4,4,4,4,4,4,4,4,4,4,4,4,4,4,4,4,4,4,4,4,4,4,4,4,4,4,4,4,4,4,4,4,4,4,4,4,4,4,4,4,4,4,4,4,4,4,4,4,4,4,4,4,4,4,4,4,4,4,4,4,4,4,4,4,4,4,4,4,4,4,4,4,4,4,4,4,4,4,4,4,4,4,4,4,4,4,4,4,4,4,4,4,4,4,4,4,4,4,4,4,4,4,4,4,4,4,4,4,4,4,4,4,4,4,4,4,4,4,4,4,4,4,4,4,4,4,4,4,4,4,4,4,4,4,4,4,4,4,4,4,4,4,4,4,4,4,4,4,4,4,4,4,4,4,4,4,4,4,4,4,4,4,4,4,4,ADBC01000131.1/160201-160054,1
2109,0,2,3,3,2,1,3,1,0,3,3,1,4,0,0,1,4,3,3,4,3,3,3,0,3,2,0,3,4,2,2,1,1,1,1,4,2,3,0,3,3,4,3,0,2,0,1,2,2,0,4,0,2,3,3,3,4,4,4,4,4,4,4,4,4,4,4,4,4,4,4,4,4,4,4,4,4,4,4,4,4,2,1,1,3,1,0,3,0,0,2,1,1,3,1,4,1,2,0,4,0,3,2,0,3,2,1,1,4,4,4,4,3,0,0,2,4,4,4,4,4,0,0,0,3,2,2,3,2,1,1,3,0,3,1,2,3,1,1,0,0,1,1,0,0,0,1,1,2,0,3,0,0,1,0,2,0,1,2,4,4,4,1,2,1,0,0,2,1,4,4,2,2,1,3,4,4,4,4,4,4,4,4,4,4,4,4,4,4,4,4,4,4,4,4,4,4,4,4,4,4,4,4,4,4,4,4,4,3,4,4,3,0,3,1,0,4,0,2,1,0,3,4,4,1,4,4,4,2,2,2,1,2,0,1,0,1,2,3,2,2,0,4,4,4,4,4,2,3,2,0,2,2,1,0,1,1,2,1,1,3,2,4,4,4,4,4,4,4,4,4,4,4,4,4,4,4,4,4,4,4,4,4,4,4,4,4,4,4,4,4,4,4,4,4,4,4,4,4,4,4,4,4,4,4,4,4,4,4,4,4,4,4,4,4,4,4,4,4,4,4,4,4,4,4,4,4,4,4,4,4,4,4,4,4,4,4,4,4,4,4,4,4,4,4,4,4,4,4,4,4,4,4,4,4,4,4,4,4,4,4,4,4,4,4,4,4,4,4,4,4,4,4,4,4,4,4,4,4,4,4,4,4,4,4,4,4,4,4,4,4,4,4,4,4,4,4,4,4,4,4,4,4,4,4,4,4,4,4,4,4,4,4,4,4,4,4,4,4,4,4,4,4,4,4,4,4,4,4,4,4,4,4,4,4,4,4,4,4,4,4,4,4,4,4,4,4,4,4,4,4,4,4,4,4,4,4,CP002774.1/4117951-4117784,1
2110,0,2,1,3,2,1,3,1,0,3,3,1,4,0,1,1,4,3,2,4,3,3,3,0,3,2,0,3,4,3,2,1,1,4,4,4,1,1,2,1,3,4,3,0,2,4,1,2,2,0,4,3,0,0,2,0,4,4,4,4,4,4,4,4,4,4,4,4,4,4,4,4,4,4,4,4,4,4,4,4,4,2,1,4,3,1,0,3,0,0,0,2,1,4,1,4,1,2,0,4,0,3,2,0,1,2,1,0,4,4,4,4,1,1,0,4,4,4,4,4,4,4,0,0,1,2,2,0,2,1,1,3,2,1,1,2,3,1,1,0,1,1,3,2,0,4,1,1,2,0,3,0,0,3,1,4,4,4,4,4,4,4,4,2,1,3,3,2,4,4,4,4,4,1,2,4,4,4,4,4,4,4,4,4,4,4,4,4,4,4,4,4,4,4,4,4,4,4,4,4,4,4,4,4,4,4,4,4,3,4,4,3,0,3,1,0,4,0,0,1,0,1,4,4,1,4,4,4,2,2,0,1,2,3,0,0,1,2,3,3,2,0,4,4,4,4,4,2,3,0,0,2,2,1,3,1,1,0,1,1,1,0,4,4,4,4,4,4,4,4,4,4,4,4,4,4,4,4,4,4,4,4,4,4,4,4,4,4,4,4,4,4,4,4,4,4,4,4,4,4,4,4,4,4,4,4,4,4,4,4,4,4,4,4,4,4,4,4,4,4,4,4,4,4,4,4,4,4,4,4,4,4,4,4,4,4,4,4,4,4,4,4,4,4,4,4,4,4,4,4,4,4,4,4,4,4,4,4,4,4,4,4,4,4,4,4,4,4,4,4,4,4,4,4,4,4,4,4,4,4,4,4,4,4,4,4,4,4,4,4,4,4,4,4,4,4,4,4,4,4,4,4,4,4,4,4,4,4,4,4,4,4,4,4,4,4,4,4,4,4,4,4,4,4,4,4,4,4,4,4,4,4,4,4,4,4,4,4,4,4,4,4,4,4,4,4,4,4,4,4,4,4,4,4,4,4,4,CP002206.1/2457114-2456963,1
2111,0,2,0,3,2,1,3,1,0,3,3,1,4,1,0,3,4,1,3,4,1,3,3,0,3,2,3,3,4,1,2,1,1,3,4,4,4,4,4,4,4,4,4,4,4,4,4,4,4,4,4,4,4,4,4,4,3,0,4,4,4,4,4,4,4,4,4,4,4,4,4,4,4,4,4,4,4,4,4,2,3,2,1,1,3,1,0,3,0,0,0,1,3,1,1,4,2,2,0,4,0,3,2,0,1,2,1,0,4,4,4,4,2,0,2,1,1,2,4,4,3,3,3,0,1,2,2,3,2,1,3,3,0,3,1,2,3,1,1,4,0,1,3,2,0,4,1,0,2,0,3,2,3,1,4,4,4,4,4,4,4,4,4,2,1,3,3,0,3,4,4,4,2,1,1,4,4,4,4,4,4,4,4,4,4,4,4,4,4,4,4,4,4,4,4,4,4,4,4,4,4,4,4,4,4,4,4,4,3,4,4,1,0,3,1,0,4,2,0,1,0,1,4,4,1,0,4,3,2,2,0,1,0,1,0,0,1,2,3,3,2,0,4,4,4,4,4,2,3,2,0,0,2,1,0,1,1,1,0,1,3,3,4,4,4,4,4,4,4,4,4,4,4,4,4,4,4,4,4,4,4,4,4,4,4,4,4,4,4,4,4,4,4,4,4,4,4,4,4,4,4,4,4,4,4,4,4,4,4,4,4,4,4,4,4,4,4,4,4,4,4,4,4,4,4,4,4,4,4,4,4,4,4,4,4,4,4,4,4,4,4,4,4,4,4,4,4,4,4,4,4,4,4,4,4,4,4,4,4,4,4,4,4,4,4,4,4,4,4,4,4,4,4,4,4,4,4,4,4,4,4,4,4,4,4,4,4,4,4,4,4,4,4,4,4,4,4,4,4,4,4,4,4,4,4,4,4,4,4,4,4,4,4,4,4,4,4,4,4,4,4,4,4,4,4,4,4,4,4,4,4,4,4,4,4,4,4,4,4,4,4,4,4,4,4,4,4,4,4,4,4,4,4,4,4,4,4,ADAU01000123.1/27315-27463,1
2112,0,2,3,2,2,1,3,1,0,3,3,1,4,0,1,1,4,3,3,4,1,3,3,0,3,2,3,1,4,0,2,1,4,4,4,4,1,1,1,3,3,4,0,2,2,4,4,4,4,4,4,2,0,3,2,1,4,4,4,4,4,4,4,4,4,4,4,4,4,4,4,4,4,4,4,4,4,4,4,4,4,2,1,3,0,1,0,3,0,0,0,1,3,4,3,4,1,2,0,4,0,3,2,0,1,2,1,0,4,4,4,4,1,0,0,4,4,4,4,4,4,4,1,0,0,2,2,3,2,1,1,3,2,1,1,2,3,1,1,0,0,1,3,3,4,4,1,3,2,0,3,0,0,3,0,4,4,4,4,4,4,4,4,2,1,2,3,0,4,4,4,4,2,1,3,4,4,4,4,4,4,4,4,4,4,4,4,4,4,4,4,4,4,4,4,4,4,4,4,4,4,4,4,4,4,4,4,4,3,4,4,3,0,3,1,0,4,0,1,1,3,1,4,4,1,4,4,4,2,2,2,1,2,0,0,0,1,2,3,1,2,0,4,4,4,4,4,2,3,3,0,2,2,1,0,1,1,2,1,1,3,3,4,4,4,4,4,4,4,4,4,4,4,4,4,4,4,4,4,4,4,4,4,4,4,4,4,4,4,4,4,4,4,4,4,4,4,4,4,4,4,4,4,4,4,4,4,4,4,4,4,4,4,4,4,4,4,4,4,4,4,4,4,4,4,4,4,4,4,4,4,4,4,4,4,4,4,4,4,4,4,4,4,4,4,4,4,4,4,4,4,4,4,4,4,4,4,4,4,4,4,4,4,4,4,4,4,4,4,4,4,4,4,4,4,4,4,4,4,4,4,4,4,4,4,4,4,4,4,4,4,4,4,4,4,4,4,4,4,4,4,4,4,4,4,4,4,4,4,4,4,4,4,4,4,4,4,4,4,4,4,4,4,4,4,4,4,4,4,4,4,4,4,4,4,4,4,4,4,4,4,4,4,4,4,4,4,4,4,4,4,4,4,4,4,4,4,CP001127.1/2708954-2708807,1
2113,0,2,0,3,2,1,3,1,0,3,3,1,4,1,0,3,4,1,3,4,1,3,3,0,3,2,3,3,4,1,2,1,1,3,4,4,4,4,4,4,4,4,4,4,4,4,4,4,4,4,4,4,4,4,4,4,3,0,4,4,4,4,4,4,4,4,4,4,4,4,4,4,4,4,4,4,4,4,4,2,3,2,1,1,3,1,0,3,0,0,0,1,3,1,1,4,2,2,0,4,0,3,2,0,1,2,1,0,4,4,4,4,2,0,2,1,1,2,4,4,3,3,3,0,1,2,2,3,2,1,3,3,0,3,1,2,3,1,1,4,0,1,3,2,0,4,1,0,2,0,3,2,3,1,4,4,4,4,4,4,4,4,4,2,1,3,3,0,3,4,4,4,2,1,1,4,4,4,4,4,4,4,4,4,4,4,4,4,4,4,4,4,4,4,4,4,4,4,4,4,4,4,4,4,4,4,4,4,3,4,4,1,0,3,1,0,4,2,0,1,0,1,4,4,1,0,4,3,2,2,0,1,0,1,0,0,1,2,3,3,2,0,4,4,4,4,4,2,3,2,0,0,2,1,0,1,1,1,0,1,3,3,4,4,4,4,4,4,4,4,4,4,4,4,4,4,4,4,4,4,4,4,4,4,4,4,4,4,4,4,4,4,4,4,4,4,4,4,4,4,4,4,4,4,4,4,4,4,4,4,4,4,4,4,4,4,4,4,4,4,4,4,4,4,4,4,4,4,4,4,4,4,4,4,4,4,4,4,4,4,4,4,4,4,4,4,4,4,4,4,4,4,4,4,4,4,4,4,4,4,4,4,4,4,4,4,4,4,4,4,4,4,4,4,4,4,4,4,4,4,4,4,4,4,4,4,4,4,4,4,4,4,4,4,4,4,4,4,4,4,4,4,4,4,4,4,4,4,4,4,4,4,4,4,4,4,4,4,4,4,4,4,4,4,4,4,4,4,4,4,4,4,4,4,4,4,4,4,4,4,4,4,4,4,4,4,4,4,4,4,4,4,4,4,4,4,4,AFVX01000019.1/48758-48610,1
2114,0,2,3,2,2,1,3,1,0,3,3,1,4,0,1,1,4,3,3,4,1,3,3,0,3,2,3,1,4,0,2,1,4,4,4,4,1,1,1,3,3,4,0,2,2,4,4,4,4,4,4,2,0,1,2,1,4,4,4,4,4,4,4,4,4,4,4,4,4,4,4,4,4,4,4,4,4,4,4,4,4,2,1,3,0,1,0,3,0,0,0,1,3,4,3,4,1,2,0,4,0,3,2,0,1,2,1,0,4,4,4,4,1,0,0,4,4,4,4,4,4,4,1,0,0,2,2,3,2,1,1,3,2,1,1,2,3,1,1,0,0,1,3,3,4,4,1,3,2,0,3,0,0,3,0,4,4,4,4,4,4,4,4,2,1,2,3,0,4,4,4,4,2,1,3,4,4,4,4,4,4,4,4,4,4,4,4,4,4,4,4,4,4,4,4,4,4,4,4,4,4,4,4,4,4,4,4,4,3,4,4,3,0,3,1,0,4,0,1,1,3,1,4,4,1,4,4,4,2,2,2,1,2,0,0,0,1,2,3,1,2,0,4,4,4,4,4,2,3,3,0,2,2,1,0,1,1,2,1,1,3,3,4,4,4,4,4,4,4,4,4,4,4,4,4,4,4,4,4,4,4,4,4,4,4,4,4,4,4,4,4,4,4,4,4,4,4,4,4,4,4,4,4,4,4,4,4,4,4,4,4,4,4,4,4,4,4,4,4,4,4,4,4,4,4,4,4,4,4,4,4,4,4,4,4,4,4,4,4,4,4,4,4,4,4,4,4,4,4,4,4,4,4,4,4,4,4,4,4,4,4,4,4,4,4,4,4,4,4,4,4,4,4,4,4,4,4,4,4,4,4,4,4,4,4,4,4,4,4,4,4,4,4,4,4,4,4,4,4,4,4,4,4,4,4,4,4,4,4,4,4,4,4,4,4,4,4,4,4,4,4,4,4,4,4,4,4,4,4,4,4,4,4,4,4,4,4,4,4,4,4,4,4,4,4,4,4,4,4,4,4,4,4,4,4,4,4,FR775230.1/76557-76410,1
2115,0,2,0,3,2,1,3,1,0,3,3,1,4,1,0,3,4,1,3,4,1,3,3,0,3,2,3,3,4,1,2,1,1,3,4,4,4,4,4,4,4,4,4,4,4,4,4,4,4,4,4,4,4,4,4,4,3,0,4,4,4,4,4,4,4,4,4,4,4,4,4,4,4,4,4,4,4,4,4,2,3,2,1,1,3,1,0,3,0,0,0,1,3,1,1,4,2,2,0,4,0,3,2,0,1,2,1,0,4,4,4,4,2,0,2,1,1,2,4,4,3,3,3,0,1,2,2,3,2,1,3,3,0,3,1,2,3,1,1,4,0,1,3,2,0,4,1,0,2,0,3,2,3,1,4,4,4,4,4,4,4,4,4,2,1,3,3,0,3,4,4,4,2,1,1,4,4,4,4,4,4,4,4,4,4,4,4,4,4,4,4,4,4,4,4,4,4,4,4,4,4,4,4,4,4,4,4,4,3,4,4,1,0,3,1,0,4,2,0,1,0,1,4,4,1,0,4,3,2,2,0,1,0,1,0,0,1,2,3,3,2,0,4,4,4,4,4,2,3,2,0,0,2,1,0,1,1,1,0,1,3,3,4,4,4,4,4,4,4,4,4,4,4,4,4,4,4,4,4,4,4,4,4,4,4,4,4,4,4,4,4,4,4,4,4,4,4,4,4,4,4,4,4,4,4,4,4,4,4,4,4,4,4,4,4,4,4,4,4,4,4,4,4,4,4,4,4,4,4,4,4,4,4,4,4,4,4,4,4,4,4,4,4,4,4,4,4,4,4,4,4,4,4,4,4,4,4,4,4,4,4,4,4,4,4,4,4,4,4,4,4,4,4,4,4,4,4,4,4,4,4,4,4,4,4,4,4,4,4,4,4,4,4,4,4,4,4,4,4,4,4,4,4,4,4,4,4,4,4,4,4,4,4,4,4,4,4,4,4,4,4,4,4,4,4,4,4,4,4,4,4,4,4,4,4,4,4,4,4,4,4,4,4,4,4,4,4,4,4,4,4,4,4,4,4,4,4,CP002212.1/4308523-4308671,1
2116,0,2,0,3,2,1,3,1,0,3,3,1,4,1,0,3,4,1,3,4,1,3,3,0,3,2,3,3,4,1,2,1,1,3,3,4,1,4,4,4,4,4,4,4,4,4,4,4,4,4,4,4,4,4,4,4,3,4,4,4,4,4,4,4,4,4,4,4,4,4,4,4,4,4,4,4,4,4,4,4,2,2,1,1,3,1,0,3,0,0,0,1,3,1,0,4,2,2,0,4,0,3,2,0,3,2,1,0,4,4,4,4,2,0,2,1,1,2,4,4,3,3,3,0,1,2,2,3,2,1,3,3,0,3,1,2,3,1,1,4,0,1,3,2,0,4,1,0,2,0,3,2,3,1,4,4,4,4,4,4,4,4,4,2,1,3,3,0,1,4,4,4,2,1,1,4,4,4,4,4,4,4,4,4,4,4,4,4,4,4,4,4,4,4,4,4,4,4,4,4,4,4,4,4,4,4,4,4,3,4,4,1,0,3,1,0,4,0,0,1,0,1,4,4,1,1,4,3,2,2,0,1,0,1,0,0,1,2,3,3,2,0,4,4,4,4,4,2,3,2,0,0,2,1,0,1,1,1,1,3,3,3,4,4,4,4,4,4,4,4,4,4,4,4,4,4,4,4,4,4,4,4,4,4,4,4,4,4,4,4,4,4,4,4,4,4,4,4,4,4,4,4,4,4,4,4,4,4,4,4,4,4,4,4,4,4,4,4,4,4,4,4,4,4,4,4,4,4,4,4,4,4,4,4,4,4,4,4,4,4,4,4,4,4,4,4,4,4,4,4,4,4,4,4,4,4,4,4,4,4,4,4,4,4,4,4,4,4,4,4,4,4,4,4,4,4,4,4,4,4,4,4,4,4,4,4,4,4,4,4,4,4,4,4,4,4,4,4,4,4,4,4,4,4,4,4,4,4,4,4,4,4,4,4,4,4,4,4,4,4,4,4,4,4,4,4,4,4,4,4,4,4,4,4,4,4,4,4,4,4,4,4,4,4,4,4,4,4,4,4,4,4,4,4,4,4,4,AETL01000091.1/53204-53056,1
2117,0,2,0,3,2,1,3,1,0,3,3,1,4,1,0,3,4,1,3,4,1,3,3,0,3,2,3,3,4,1,2,1,1,3,3,4,1,4,4,4,4,4,4,4,4,4,4,4,4,4,4,4,4,4,4,4,3,4,4,4,4,4,4,4,4,4,4,4,4,4,4,4,4,4,4,4,4,4,4,4,2,2,1,1,3,1,0,3,0,0,0,1,3,1,0,4,2,2,0,4,0,3,2,0,3,2,1,0,4,4,4,4,2,0,2,1,1,2,4,4,3,3,3,0,1,2,2,3,2,1,3,3,0,3,1,2,3,1,1,4,0,1,3,2,0,4,1,0,2,0,3,2,3,1,4,4,4,4,4,4,4,4,4,2,1,3,3,0,1,4,4,4,2,1,1,4,4,4,4,4,4,4,4,4,4,4,4,4,4,4,4,4,4,4,4,4,4,4,4,4,4,4,4,4,4,4,4,4,3,4,4,1,0,3,1,0,4,0,0,1,0,1,4,4,1,1,4,3,2,2,0,1,0,1,0,0,1,2,3,3,2,0,4,4,4,4,4,2,3,2,0,0,2,1,0,1,1,1,1,3,3,3,4,4,4,4,4,4,4,4,4,4,4,4,4,4,4,4,4,4,4,4,4,4,4,4,4,4,4,4,4,4,4,4,4,4,4,4,4,4,4,4,4,4,4,4,4,4,4,4,4,4,4,4,4,4,4,4,4,4,4,4,4,4,4,4,4,4,4,4,4,4,4,4,4,4,4,4,4,4,4,4,4,4,4,4,4,4,4,4,4,4,4,4,4,4,4,4,4,4,4,4,4,4,4,4,4,4,4,4,4,4,4,4,4,4,4,4,4,4,4,4,4,4,4,4,4,4,4,4,4,4,4,4,4,4,4,4,4,4,4,4,4,4,4,4,4,4,4,4,4,4,4,4,4,4,4,4,4,4,4,4,4,4,4,4,4,4,4,4,4,4,4,4,4,4,4,4,4,4,4,4,4,4,4,4,4,4,4,4,4,4,4,4,4,4,4,AESJ01000011.1/39576-39724,1
2118,0,2,3,3,2,1,3,1,0,3,3,1,4,0,1,1,4,3,3,4,3,3,3,0,3,2,0,3,4,0,2,1,1,1,1,2,1,0,0,3,3,4,0,0,2,1,2,2,0,3,4,2,0,3,2,1,4,4,4,4,4,4,4,4,4,4,4,4,4,4,4,4,4,4,4,4,4,4,4,4,4,2,1,3,3,1,0,3,0,0,2,1,1,3,1,4,1,2,0,4,0,3,2,0,3,2,1,1,4,4,4,4,3,0,0,2,4,4,4,4,4,4,0,1,3,2,2,3,2,1,1,3,0,3,1,2,3,1,1,0,1,1,3,0,0,0,1,1,2,0,1,0,3,3,2,3,2,3,4,4,4,4,4,2,0,0,0,2,1,4,4,4,0,1,0,4,4,4,4,4,4,4,4,4,4,4,4,4,4,4,4,4,4,4,4,4,4,4,4,4,4,4,4,4,4,4,4,4,3,4,4,3,0,3,1,0,4,0,0,1,0,3,4,4,1,4,4,4,2,2,0,1,2,0,1,0,1,2,3,3,2,0,4,4,4,4,4,2,3,2,0,2,2,1,0,1,1,2,1,1,3,0,4,4,4,4,4,4,4,4,4,4,4,4,4,4,4,4,4,4,4,4,4,4,4,4,4,4,4,4,4,4,4,4,4,4,4,4,4,4,4,4,4,4,4,4,4,4,4,4,4,4,4,4,4,4,4,4,4,4,4,4,4,4,4,4,4,4,4,4,4,4,4,4,4,4,4,4,4,4,4,4,4,4,4,4,4,4,4,4,4,4,4,4,4,4,4,4,4,4,4,4,4,4,4,4,4,4,4,4,4,4,4,4,4,4,4,4,4,4,4,4,4,4,4,4,4,4,4,4,4,4,4,4,4,4,4,4,4,4,4,4,4,4,4,4,4,4,4,4,4,4,4,4,4,4,4,4,4,4,4,4,4,4,4,4,4,4,4,4,4,4,4,4,4,4,4,4,4,4,4,4,4,4,4,4,4,4,4,4,4,4,4,4,4,4,4,AAOS02000021.1/12014-11850,1
2119,0,2,3,2,2,1,3,1,0,3,3,1,4,0,1,1,4,2,0,4,1,3,3,0,3,2,3,1,4,0,2,1,4,4,4,4,1,1,1,3,3,4,1,2,2,4,4,4,4,4,4,2,0,1,2,3,4,4,4,4,4,4,4,4,4,4,4,4,4,4,4,4,4,4,4,4,4,4,4,4,4,2,1,3,0,1,0,3,0,0,0,0,3,4,3,4,1,2,0,4,0,3,2,0,1,2,1,0,4,4,4,4,1,0,0,4,4,4,4,4,4,4,1,0,0,2,2,3,2,1,1,3,2,1,1,2,3,1,1,0,0,1,3,3,4,4,1,3,2,0,3,0,3,1,0,4,4,4,4,4,4,4,4,2,1,2,3,0,4,4,4,4,2,1,3,4,4,4,4,4,4,4,4,4,4,4,4,4,4,4,4,4,4,4,4,4,4,4,4,4,4,4,4,4,4,4,4,4,0,4,4,3,0,3,1,0,4,0,1,1,0,3,4,4,1,4,4,4,2,2,2,1,2,0,0,0,1,2,3,1,2,0,4,4,4,4,4,2,3,3,0,2,2,1,0,1,1,2,1,1,3,3,4,4,4,4,4,4,4,4,4,4,4,4,4,4,4,4,4,4,4,4,4,4,4,4,4,4,4,4,4,4,4,4,4,4,4,4,4,4,4,4,4,4,4,4,4,4,4,4,4,4,4,4,4,4,4,4,4,4,4,4,4,4,4,4,4,4,4,4,4,4,4,4,4,4,4,4,4,4,4,4,4,4,4,4,4,4,4,4,4,4,4,4,4,4,4,4,4,4,4,4,4,4,4,4,4,4,4,4,4,4,4,4,4,4,4,4,4,4,4,4,4,4,4,4,4,4,4,4,4,4,4,4,4,4,4,4,4,4,4,4,4,4,4,4,4,4,4,4,4,4,4,4,4,4,4,4,4,4,4,4,4,4,4,4,4,4,4,4,4,4,4,4,4,4,4,4,4,4,4,4,4,4,4,4,4,4,4,4,4,4,4,4,4,4,4,ADUV01000006.1/174547-174400,1
2120,0,2,3,2,2,1,3,1,0,3,3,1,4,0,1,1,4,2,0,4,1,3,3,0,3,2,3,1,4,0,2,1,4,4,4,4,1,1,1,3,3,4,1,2,2,4,4,4,4,4,4,2,0,1,2,3,4,4,4,4,4,4,4,4,4,4,4,4,4,4,4,4,4,4,4,4,4,4,4,4,4,2,1,3,0,1,0,3,0,0,0,0,3,4,3,4,1,2,0,4,0,3,2,0,1,2,1,0,4,4,4,4,1,0,0,4,4,4,4,4,4,4,1,0,0,2,2,3,2,1,1,3,2,1,1,2,3,1,1,0,0,1,3,3,4,4,1,3,2,0,3,0,3,1,0,4,4,4,4,4,4,4,4,2,1,2,3,0,4,4,4,4,2,1,3,4,4,4,4,4,4,4,4,4,4,4,4,4,4,4,4,4,4,4,4,4,4,4,4,4,4,4,4,4,4,4,4,4,0,4,4,3,0,3,1,0,4,0,1,1,0,3,4,4,1,4,4,4,2,2,2,1,2,0,0,0,1,2,3,1,2,0,4,4,4,4,4,2,3,3,0,2,2,1,0,1,1,2,1,1,3,3,4,4,4,4,4,4,4,4,4,4,4,4,4,4,4,4,4,4,4,4,4,4,4,4,4,4,4,4,4,4,4,4,4,4,4,4,4,4,4,4,4,4,4,4,4,4,4,4,4,4,4,4,4,4,4,4,4,4,4,4,4,4,4,4,4,4,4,4,4,4,4,4,4,4,4,4,4,4,4,4,4,4,4,4,4,4,4,4,4,4,4,4,4,4,4,4,4,4,4,4,4,4,4,4,4,4,4,4,4,4,4,4,4,4,4,4,4,4,4,4,4,4,4,4,4,4,4,4,4,4,4,4,4,4,4,4,4,4,4,4,4,4,4,4,4,4,4,4,4,4,4,4,4,4,4,4,4,4,4,4,4,4,4,4,4,4,4,4,4,4,4,4,4,4,4,4,4,4,4,4,4,4,4,4,4,4,4,4,4,4,4,4,4,4,4,ADAW01000112.1/162673-162526,1
2121,0,2,0,3,2,1,3,1,0,3,3,1,4,1,0,3,4,1,3,4,1,3,3,0,3,2,3,3,4,1,2,1,1,3,3,4,1,4,4,4,4,4,4,4,4,4,4,4,4,4,4,4,4,4,4,4,3,4,4,4,4,4,4,4,4,4,4,4,4,4,4,4,4,4,4,4,4,4,4,4,2,2,1,1,3,1,0,3,0,0,0,1,3,1,0,4,2,2,0,4,0,3,2,0,3,2,1,0,4,4,4,4,2,0,2,1,1,2,4,4,3,3,3,0,1,2,2,3,2,1,3,3,0,3,1,2,3,1,1,4,0,1,3,2,0,4,1,0,2,0,3,2,3,1,4,4,4,4,4,4,4,4,4,2,1,3,3,0,1,4,4,4,2,1,1,4,4,4,4,4,4,4,4,4,4,4,4,4,4,4,4,4,4,4,4,4,4,4,4,4,4,4,4,4,4,4,4,4,3,4,4,1,0,3,1,0,4,0,0,1,0,1,4,4,1,1,4,3,2,2,0,1,0,1,0,0,1,2,3,3,2,0,4,4,4,4,4,2,3,2,0,0,2,1,0,1,1,1,1,3,3,3,4,4,4,4,4,4,4,4,4,4,4,4,4,4,4,4,4,4,4,4,4,4,4,4,4,4,4,4,4,4,4,4,4,4,4,4,4,4,4,4,4,4,4,4,4,4,4,4,4,4,4,4,4,4,4,4,4,4,4,4,4,4,4,4,4,4,4,4,4,4,4,4,4,4,4,4,4,4,4,4,4,4,4,4,4,4,4,4,4,4,4,4,4,4,4,4,4,4,4,4,4,4,4,4,4,4,4,4,4,4,4,4,4,4,4,4,4,4,4,4,4,4,4,4,4,4,4,4,4,4,4,4,4,4,4,4,4,4,4,4,4,4,4,4,4,4,4,4,4,4,4,4,4,4,4,4,4,4,4,4,4,4,4,4,4,4,4,4,4,4,4,4,4,4,4,4,4,4,4,4,4,4,4,4,4,4,4,4,4,4,4,4,4,4,4,ACBF01000018.1/39197-39345,1
2122,0,2,0,3,2,1,3,1,0,3,3,1,4,1,0,3,4,1,3,4,1,3,3,0,3,2,3,3,4,1,2,1,1,3,3,4,1,4,4,4,4,4,4,4,4,4,4,4,4,4,4,4,4,4,4,4,3,4,4,4,4,4,4,4,4,4,4,4,4,4,4,4,4,4,4,4,4,4,4,4,2,2,1,1,3,1,0,3,0,0,0,1,3,1,0,4,2,2,0,4,0,3,2,0,3,2,1,0,4,4,4,4,2,0,2,1,1,2,4,4,3,3,3,0,1,2,2,3,2,1,3,3,0,3,1,2,3,1,1,4,0,1,3,2,0,4,1,0,2,0,3,2,3,1,4,4,4,4,4,4,4,4,4,2,1,3,3,0,1,4,4,4,2,1,1,4,4,4,4,4,4,4,4,4,4,4,4,4,4,4,4,4,4,4,4,4,4,4,4,4,4,4,4,4,4,4,4,4,3,4,4,1,0,3,1,0,4,0,0,1,0,1,4,4,1,1,4,3,2,2,0,1,0,1,0,0,1,2,3,3,2,0,4,4,4,4,4,2,3,2,0,0,2,1,0,1,1,1,1,3,3,3,4,4,4,4,4,4,4,4,4,4,4,4,4,4,4,4,4,4,4,4,4,4,4,4,4,4,4,4,4,4,4,4,4,4,4,4,4,4,4,4,4,4,4,4,4,4,4,4,4,4,4,4,4,4,4,4,4,4,4,4,4,4,4,4,4,4,4,4,4,4,4,4,4,4,4,4,4,4,4,4,4,4,4,4,4,4,4,4,4,4,4,4,4,4,4,4,4,4,4,4,4,4,4,4,4,4,4,4,4,4,4,4,4,4,4,4,4,4,4,4,4,4,4,4,4,4,4,4,4,4,4,4,4,4,4,4,4,4,4,4,4,4,4,4,4,4,4,4,4,4,4,4,4,4,4,4,4,4,4,4,4,4,4,4,4,4,4,4,4,4,4,4,4,4,4,4,4,4,4,4,4,4,4,4,4,4,4,4,4,4,4,4,4,4,4,AE017220.1/4077445-4077593,1
2123,0,2,3,2,2,1,3,1,0,3,3,1,4,0,1,1,4,1,3,4,1,3,3,0,3,2,3,1,4,0,2,1,4,4,4,4,1,1,1,3,3,4,1,2,2,4,4,4,4,4,4,2,0,1,2,3,4,4,4,4,4,4,4,4,4,4,4,4,4,4,4,4,4,4,4,4,4,4,4,4,4,2,1,3,0,1,0,3,0,0,0,1,3,4,3,4,1,2,0,4,0,3,2,0,1,2,1,0,4,4,4,4,1,0,0,4,4,4,4,4,4,4,1,0,0,2,2,3,2,1,1,3,2,1,1,2,3,1,1,0,2,1,3,3,4,4,1,3,2,0,3,0,3,1,3,3,4,4,4,4,4,4,4,4,4,4,4,4,4,4,4,4,4,4,4,3,4,4,4,4,4,4,4,4,4,4,4,4,4,4,4,4,4,4,4,4,4,4,4,4,4,4,4,4,4,4,2,1,0,4,4,3,0,3,1,0,4,0,1,1,0,3,4,4,1,4,4,4,2,2,2,1,2,0,0,0,1,2,3,3,2,0,4,4,4,4,4,2,3,3,0,2,2,1,0,1,1,2,1,1,3,3,4,4,4,4,4,4,4,4,4,4,4,4,4,4,4,4,4,4,4,4,4,4,4,4,4,4,4,4,4,4,4,4,4,4,4,4,4,4,4,4,4,4,4,4,4,4,4,4,4,4,4,4,4,4,4,4,4,4,4,4,4,4,4,4,4,4,4,4,4,4,4,4,4,4,4,4,4,4,4,4,4,4,4,4,4,4,4,4,4,4,4,4,4,4,4,4,4,4,4,4,4,4,4,4,4,4,4,4,4,4,4,4,4,4,4,4,4,4,4,4,4,4,4,4,4,4,4,4,4,4,4,4,4,4,4,4,4,4,4,4,4,4,4,4,4,4,4,4,4,4,4,4,4,4,4,4,4,4,4,4,4,4,4,4,4,4,4,4,4,4,4,4,4,4,4,4,4,4,4,4,4,4,4,4,4,4,4,4,4,4,4,4,4,4,4,AGFS01156032.1/4003-3860,1
2124,0,2,0,3,2,1,3,1,0,3,3,1,4,1,0,1,4,1,3,4,1,3,3,0,3,2,3,3,4,1,2,1,1,3,4,4,4,4,4,4,4,4,4,4,4,4,4,4,4,4,4,4,4,4,4,4,3,4,4,4,4,4,4,4,4,4,4,4,4,4,4,4,4,4,4,4,4,4,4,0,2,2,1,3,3,1,0,3,0,0,0,1,1,1,3,2,2,2,0,4,0,3,2,0,3,2,1,0,4,4,4,4,2,0,2,1,1,2,4,0,3,3,3,0,2,2,2,3,2,1,1,3,0,3,3,2,3,1,1,0,1,1,0,2,0,4,0,1,2,0,3,2,0,1,0,2,1,2,4,4,4,4,4,4,4,4,4,4,4,4,4,4,4,4,4,3,3,2,1,3,3,2,1,4,4,4,4,4,4,4,4,4,4,4,4,4,4,4,4,4,0,0,1,3,2,1,3,2,0,4,4,1,0,3,1,0,4,1,0,1,3,1,4,4,1,4,4,4,2,2,2,1,0,3,0,0,1,2,3,3,2,0,4,4,4,4,4,2,3,2,0,2,2,1,0,1,1,2,1,1,1,1,4,4,4,4,4,4,4,4,4,4,4,4,4,4,4,4,4,4,4,4,4,4,4,4,4,4,4,4,4,4,4,4,4,4,4,4,4,4,4,4,4,4,4,4,4,4,4,4,4,4,4,4,4,4,4,4,4,4,4,4,4,4,4,4,4,4,4,4,4,4,4,4,4,4,4,4,4,4,4,4,4,4,4,4,4,4,4,4,4,4,4,4,4,4,4,4,4,4,4,4,4,4,4,4,4,4,4,4,4,4,4,4,4,4,4,4,4,4,4,4,4,4,4,4,4,4,4,4,4,4,4,4,4,4,4,4,4,4,4,4,4,4,4,4,4,4,4,4,4,4,4,4,4,4,4,4,4,4,4,4,4,4,4,4,4,4,4,4,4,4,4,4,4,4,4,4,4,4,4,4,4,4,4,4,4,4,4,4,4,4,4,4,4,4,4,CP002774.1/160642-160801,1
2125,0,2,3,2,2,1,3,1,0,3,3,1,4,0,1,1,4,2,0,4,1,3,3,0,3,2,3,1,4,0,2,1,4,4,4,4,1,1,1,3,3,4,1,2,2,4,4,4,4,4,4,2,0,1,2,3,4,4,4,4,4,4,4,4,4,4,4,4,4,4,4,4,4,4,4,4,4,4,4,4,4,2,1,3,0,1,0,3,0,0,0,0,3,4,3,4,1,2,0,4,0,3,2,0,1,2,1,0,4,4,4,4,1,0,0,4,4,4,4,4,4,4,1,0,0,2,2,3,2,1,1,3,2,1,1,2,3,1,1,0,0,1,3,3,4,4,1,3,2,0,3,0,3,1,0,4,4,4,4,4,4,4,4,2,1,2,3,0,4,4,4,4,2,1,3,4,4,4,4,4,4,4,4,4,4,4,4,4,4,4,4,4,4,4,4,4,4,4,4,4,4,4,4,4,4,4,4,4,0,4,4,3,0,3,1,0,4,0,1,1,0,3,4,4,1,4,4,4,2,2,2,1,2,0,0,0,1,2,3,1,2,0,4,4,4,4,4,2,3,3,0,2,2,1,0,1,1,2,1,1,3,3,4,4,4,4,4,4,4,4,4,4,4,4,4,4,4,4,4,4,4,4,4,4,4,4,4,4,4,4,4,4,4,4,4,4,4,4,4,4,4,4,4,4,4,4,4,4,4,4,4,4,4,4,4,4,4,4,4,4,4,4,4,4,4,4,4,4,4,4,4,4,4,4,4,4,4,4,4,4,4,4,4,4,4,4,4,4,4,4,4,4,4,4,4,4,4,4,4,4,4,4,4,4,4,4,4,4,4,4,4,4,4,4,4,4,4,4,4,4,4,4,4,4,4,4,4,4,4,4,4,4,4,4,4,4,4,4,4,4,4,4,4,4,4,4,4,4,4,4,4,4,4,4,4,4,4,4,4,4,4,4,4,4,4,4,4,4,4,4,4,4,4,4,4,4,4,4,4,4,4,4,4,4,4,4,4,4,4,4,4,4,4,4,4,4,4,ADUL01000051.1/69454-69307,1
2126,0,2,3,2,2,1,3,1,0,3,3,1,4,0,1,1,4,3,3,4,1,3,3,0,3,2,3,1,4,0,2,1,4,4,4,4,1,1,1,3,3,4,0,2,2,4,4,4,4,4,4,2,0,1,2,1,4,4,4,4,4,4,4,4,4,4,4,4,4,4,4,4,4,4,4,4,4,4,4,4,4,2,1,3,0,1,0,3,0,0,0,1,3,4,3,4,1,2,0,4,0,3,2,0,1,2,1,0,4,4,4,4,1,0,0,4,4,4,4,4,4,4,1,0,0,2,2,3,2,1,1,3,2,1,1,2,3,1,1,0,0,1,3,3,4,4,1,3,2,0,3,0,0,3,0,4,4,4,4,4,4,4,4,2,1,2,3,0,4,4,4,4,2,1,3,4,4,4,4,4,4,4,4,4,4,4,4,4,4,4,4,4,4,4,4,4,4,4,4,4,4,4,4,4,4,4,4,4,3,4,4,3,0,3,1,0,4,0,1,1,3,1,4,4,1,4,4,4,2,2,2,1,2,0,0,0,1,2,3,1,2,0,4,4,4,4,4,2,3,3,0,2,2,1,0,1,1,2,1,1,3,3,4,4,4,4,4,4,4,4,4,4,4,4,4,4,4,4,4,4,4,4,4,4,4,4,4,4,4,4,4,4,4,4,4,4,4,4,4,4,4,4,4,4,4,4,4,4,4,4,4,4,4,4,4,4,4,4,4,4,4,4,4,4,4,4,4,4,4,4,4,4,4,4,4,4,4,4,4,4,4,4,4,4,4,4,4,4,4,4,4,4,4,4,4,4,4,4,4,4,4,4,4,4,4,4,4,4,4,4,4,4,4,4,4,4,4,4,4,4,4,4,4,4,4,4,4,4,4,4,4,4,4,4,4,4,4,4,4,4,4,4,4,4,4,4,4,4,4,4,4,4,4,4,4,4,4,4,4,4,4,4,4,4,4,4,4,4,4,4,4,4,4,4,4,4,4,4,4,4,4,4,4,4,4,4,4,4,4,4,4,4,4,4,4,4,4,AETO01000016.1/40318-40465,1
2127,0,2,3,2,2,1,3,1,0,3,3,1,4,0,1,1,4,2,0,4,1,3,3,0,3,2,3,1,4,0,2,1,4,4,4,4,1,1,1,3,3,4,1,2,2,4,4,4,4,4,4,2,0,1,2,3,4,4,4,4,4,4,4,4,4,4,4,4,4,4,4,4,4,4,4,4,4,4,4,4,4,2,1,3,0,1,0,3,0,0,0,0,3,4,3,4,1,2,0,4,0,3,2,0,1,2,1,0,4,4,4,4,1,0,0,4,4,4,4,4,4,4,1,0,0,2,2,3,2,1,1,3,2,1,1,2,3,1,1,0,0,1,3,3,4,4,1,3,2,0,3,0,3,1,0,4,4,4,4,4,4,4,4,2,1,2,3,0,4,4,4,4,2,1,3,4,4,4,4,4,4,4,4,4,4,4,4,4,4,4,4,4,4,4,4,4,4,4,4,4,4,4,4,4,4,4,4,4,0,4,4,3,0,3,1,0,4,0,1,1,0,3,4,4,1,4,4,4,2,2,2,1,2,0,0,0,1,2,3,1,2,0,4,4,4,4,4,2,3,3,0,2,2,1,0,1,1,2,1,1,3,3,4,4,4,4,4,4,4,4,4,4,4,4,4,4,4,4,4,4,4,4,4,4,4,4,4,4,4,4,4,4,4,4,4,4,4,4,4,4,4,4,4,4,4,4,4,4,4,4,4,4,4,4,4,4,4,4,4,4,4,4,4,4,4,4,4,4,4,4,4,4,4,4,4,4,4,4,4,4,4,4,4,4,4,4,4,4,4,4,4,4,4,4,4,4,4,4,4,4,4,4,4,4,4,4,4,4,4,4,4,4,4,4,4,4,4,4,4,4,4,4,4,4,4,4,4,4,4,4,4,4,4,4,4,4,4,4,4,4,4,4,4,4,4,4,4,4,4,4,4,4,4,4,4,4,4,4,4,4,4,4,4,4,4,4,4,4,4,4,4,4,4,4,4,4,4,4,4,4,4,4,4,4,4,4,4,4,4,4,4,4,4,4,4,4,4,ADVC01000655.1/34552-34699,1
2128,0,2,3,2,2,1,3,1,0,3,3,1,4,0,1,1,4,3,3,4,1,3,3,0,3,2,3,1,4,0,2,1,4,4,4,4,1,1,1,3,3,4,0,2,2,4,4,4,4,4,4,2,0,1,2,1,4,4,4,4,4,4,4,4,4,4,4,4,4,4,4,4,4,4,4,4,4,4,4,4,4,2,1,3,0,1,0,3,0,0,0,1,3,4,3,4,1,2,0,4,0,3,2,0,1,2,1,0,4,4,4,4,1,0,0,4,4,4,4,4,4,4,1,0,0,2,2,3,2,1,1,3,2,1,1,2,3,1,1,0,0,1,3,3,4,4,1,3,2,0,3,0,0,1,0,4,4,4,4,4,4,4,4,2,1,2,3,0,4,4,4,4,2,1,3,4,4,4,4,4,4,4,4,4,4,4,4,4,4,4,4,4,4,4,4,4,4,4,4,4,4,4,4,4,4,4,4,4,3,4,4,3,0,3,1,0,4,0,1,1,3,1,4,4,1,4,4,4,2,2,2,1,2,0,0,0,1,2,3,1,2,0,4,4,4,4,4,2,3,3,0,2,2,1,0,1,1,2,1,1,3,3,4,4,4,4,4,4,4,4,4,4,4,4,4,4,4,4,4,4,4,4,4,4,4,4,4,4,4,4,4,4,4,4,4,4,4,4,4,4,4,4,4,4,4,4,4,4,4,4,4,4,4,4,4,4,4,4,4,4,4,4,4,4,4,4,4,4,4,4,4,4,4,4,4,4,4,4,4,4,4,4,4,4,4,4,4,4,4,4,4,4,4,4,4,4,4,4,4,4,4,4,4,4,4,4,4,4,4,4,4,4,4,4,4,4,4,4,4,4,4,4,4,4,4,4,4,4,4,4,4,4,4,4,4,4,4,4,4,4,4,4,4,4,4,4,4,4,4,4,4,4,4,4,4,4,4,4,4,4,4,4,4,4,4,4,4,4,4,4,4,4,4,4,4,4,4,4,4,4,4,4,4,4,4,4,4,4,4,4,4,4,4,4,4,4,4,FQ312003.1/2705564-2705417,1
2129,3,4,4,3,2,1,3,1,0,3,3,1,4,0,0,1,4,3,3,3,3,3,3,0,3,2,0,1,4,2,2,1,2,1,1,4,2,3,1,0,3,4,3,0,2,0,1,2,2,1,4,0,0,0,3,1,4,4,4,4,4,4,4,4,4,4,4,4,4,4,4,4,4,4,4,4,4,4,4,4,4,2,1,1,3,1,0,3,0,0,2,1,1,3,1,4,1,2,0,4,0,3,2,0,3,2,1,1,4,4,4,4,0,0,0,2,4,4,4,4,4,4,0,0,4,4,4,4,4,4,4,4,4,4,4,4,4,4,4,4,4,4,4,4,4,4,4,4,4,4,4,4,4,4,4,4,4,4,4,4,4,4,4,4,4,4,4,4,4,4,4,4,4,4,4,4,4,4,4,4,4,4,4,4,4,4,4,4,4,4,4,4,4,4,4,4,4,4,4,4,4,4,4,4,4,4,4,4,4,4,4,4,4,4,4,4,4,4,4,4,4,4,4,4,4,4,4,4,4,4,4,4,4,4,4,4,4,4,4,4,4,4,0,3,2,2,3,4,4,4,4,4,4,4,4,4,4,2,1,1,3,0,4,4,4,4,4,4,4,4,4,4,4,4,4,4,4,4,4,4,4,4,4,4,4,4,4,4,4,4,4,4,4,4,4,4,4,4,4,4,4,4,4,4,4,4,4,4,4,4,4,4,4,4,4,4,4,4,4,4,4,4,4,4,4,4,4,4,4,4,4,4,4,4,4,4,4,4,4,4,4,4,4,4,4,4,4,4,4,4,4,4,4,4,4,4,4,4,4,4,4,4,4,4,4,4,4,4,4,4,4,4,4,4,4,4,4,4,4,4,4,4,4,4,4,4,4,4,4,4,4,4,4,4,4,4,4,4,4,4,4,4,4,4,4,4,4,4,4,4,4,4,4,4,4,4,4,4,4,4,4,4,4,4,4,4,4,4,4,4,4,4,4,4,4,4,4,4,4,4,4,4,4,4,4,4,4,4,4,4,4,4,4,4,4,4,4,ABOK01475950.1/95-7,1
2130,0,2,0,3,2,1,3,1,0,3,3,1,4,1,0,3,4,1,3,4,1,3,3,0,3,2,3,3,4,1,2,1,1,3,3,4,1,4,4,4,4,4,4,4,4,4,4,4,4,4,4,4,4,4,4,4,3,4,4,4,4,4,4,4,4,4,4,4,4,4,4,4,4,4,4,4,4,4,4,4,2,2,1,1,3,1,0,3,0,0,0,1,3,1,0,4,2,2,0,4,0,3,2,0,3,2,1,0,4,4,4,4,2,0,2,1,1,2,4,4,3,3,3,0,1,2,2,3,2,1,3,3,0,3,1,2,3,1,1,4,0,1,3,2,0,4,1,0,2,0,3,2,3,1,4,4,4,4,4,4,4,4,4,2,1,3,3,0,1,4,4,4,2,1,1,4,4,4,4,4,4,4,4,4,4,4,4,4,4,4,4,4,4,4,4,4,4,4,4,4,4,4,4,4,4,4,4,4,3,4,4,1,0,3,1,0,4,0,0,1,0,1,4,4,1,1,4,3,2,2,0,1,0,1,0,0,1,2,3,3,2,0,4,4,4,4,4,2,3,2,0,0,2,1,0,1,1,1,1,3,3,3,4,4,4,4,4,4,4,4,4,4,4,4,4,4,4,4,4,4,4,4,4,4,4,4,4,4,4,4,4,4,4,4,4,4,4,4,4,4,4,4,4,4,4,4,4,4,4,4,4,4,4,4,4,4,4,4,4,4,4,4,4,4,4,4,4,4,4,4,4,4,4,4,4,4,4,4,4,4,4,4,4,4,4,4,4,4,4,4,4,4,4,4,4,4,4,4,4,4,4,4,4,4,4,4,4,4,4,4,4,4,4,4,4,4,4,4,4,4,4,4,4,4,4,4,4,4,4,4,4,4,4,4,4,4,4,4,4,4,4,4,4,4,4,4,4,4,4,4,4,4,4,4,4,4,4,4,4,4,4,4,4,4,4,4,4,4,4,4,4,4,4,4,4,4,4,4,4,4,4,4,4,4,4,4,4,4,4,4,4,4,4,4,4,4,4,FM200053.1/3915537-3915685,1
2131,0,2,3,3,2,1,3,1,0,3,3,1,4,0,1,1,4,3,3,4,3,3,3,0,3,2,0,3,4,0,2,1,1,1,1,2,1,0,0,3,3,4,0,0,2,1,2,2,0,3,4,2,0,3,2,1,4,4,4,4,4,4,4,4,4,4,4,4,4,4,4,4,4,4,4,4,4,4,4,4,4,2,1,3,3,1,0,3,0,0,2,1,1,3,1,4,1,2,0,4,0,3,2,0,3,2,1,1,4,4,4,4,3,0,0,2,4,4,4,4,4,4,0,1,3,2,2,3,2,1,1,3,0,3,1,2,3,1,1,0,1,1,3,0,0,0,1,1,2,0,1,0,3,3,2,3,2,3,4,4,4,4,4,2,0,0,0,2,1,4,4,4,0,1,0,4,4,4,4,4,4,4,4,4,4,4,4,4,4,4,4,4,4,4,4,4,4,4,4,4,4,4,4,4,4,4,4,4,3,4,4,3,0,3,1,0,4,0,0,1,0,3,4,4,1,4,4,4,2,2,0,1,2,0,1,0,1,2,3,3,2,0,4,4,4,4,4,2,3,2,0,2,2,1,0,1,1,2,1,1,3,0,4,4,4,4,4,4,4,4,4,4,4,4,4,4,4,4,4,4,4,4,4,4,4,4,4,4,4,4,4,4,4,4,4,4,4,4,4,4,4,4,4,4,4,4,4,4,4,4,4,4,4,4,4,4,4,4,4,4,4,4,4,4,4,4,4,4,4,4,4,4,4,4,4,4,4,4,4,4,4,4,4,4,4,4,4,4,4,4,4,4,4,4,4,4,4,4,4,4,4,4,4,4,4,4,4,4,4,4,4,4,4,4,4,4,4,4,4,4,4,4,4,4,4,4,4,4,4,4,4,4,4,4,4,4,4,4,4,4,4,4,4,4,4,4,4,4,4,4,4,4,4,4,4,4,4,4,4,4,4,4,4,4,4,4,4,4,4,4,4,4,4,4,4,4,4,4,4,4,4,4,4,4,4,4,4,4,4,4,4,4,4,4,4,4,4,CP001585.1/2946086-2945922,1
2132,0,2,0,3,2,1,3,1,0,3,3,1,4,1,0,3,4,1,3,4,1,3,3,0,3,2,3,3,4,1,2,1,1,3,4,4,4,4,4,4,4,4,4,4,4,4,4,4,4,4,4,4,4,4,4,4,3,0,4,4,4,4,4,4,4,4,4,4,4,4,4,4,4,4,4,4,4,4,4,2,3,2,1,1,3,1,0,3,0,0,0,1,3,1,1,4,2,2,0,4,0,3,2,0,1,2,1,0,4,4,4,4,2,0,2,1,0,2,4,4,3,3,3,0,1,2,2,3,2,1,3,3,0,3,1,2,3,1,1,4,0,1,3,2,0,4,1,0,2,0,3,2,3,1,4,4,4,4,4,4,4,4,4,2,1,3,3,0,3,4,4,4,2,1,1,4,4,4,4,4,4,4,4,4,4,4,4,4,4,4,4,4,4,4,4,4,4,4,4,4,4,4,4,4,4,4,4,4,3,4,4,1,0,3,1,0,4,2,0,1,0,1,4,4,1,0,4,3,2,2,0,1,0,1,0,0,1,2,3,3,2,0,4,4,4,4,4,2,3,2,0,0,2,1,0,1,1,1,0,1,3,3,4,4,4,4,4,4,4,4,4,4,4,4,4,4,4,4,4,4,4,4,4,4,4,4,4,4,4,4,4,4,4,4,4,4,4,4,4,4,4,4,4,4,4,4,4,4,4,4,4,4,4,4,4,4,4,4,4,4,4,4,4,4,4,4,4,4,4,4,4,4,4,4,4,4,4,4,4,4,4,4,4,4,4,4,4,4,4,4,4,4,4,4,4,4,4,4,4,4,4,4,4,4,4,4,4,4,4,4,4,4,4,4,4,4,4,4,4,4,4,4,4,4,4,4,4,4,4,4,4,4,4,4,4,4,4,4,4,4,4,4,4,4,4,4,4,4,4,4,4,4,4,4,4,4,4,4,4,4,4,4,4,4,4,4,4,4,4,4,4,4,4,4,4,4,4,4,4,4,4,4,4,4,4,4,4,4,4,4,4,4,4,4,4,4,4,AFFZ01000099.1/63374-63226,1
2133,0,2,3,2,2,1,3,1,0,3,3,1,4,0,1,1,4,2,0,4,1,3,3,0,3,2,3,1,4,0,2,1,4,4,4,4,1,1,1,3,3,4,1,2,2,4,4,4,4,4,4,2,0,1,2,3,4,4,4,4,4,4,4,4,4,4,4,4,4,4,4,4,4,4,4,4,4,4,4,4,4,2,1,3,0,1,0,3,0,0,0,0,3,4,3,4,1,2,0,4,0,3,2,0,1,2,1,0,4,4,4,4,1,0,0,4,4,4,4,4,4,4,1,0,0,2,2,3,2,1,1,3,2,1,1,2,3,1,1,0,0,1,3,3,4,4,1,3,2,0,3,0,3,1,0,4,4,4,4,4,4,4,4,2,1,2,3,0,4,4,4,4,2,1,3,4,4,4,4,4,4,4,4,4,4,4,4,4,4,4,4,4,4,4,4,4,4,4,4,4,4,4,4,4,4,4,4,4,0,4,4,3,0,3,1,0,4,0,1,1,0,3,4,4,1,4,4,4,2,2,2,1,2,0,0,0,1,2,3,1,2,0,4,4,4,4,4,2,3,3,0,2,2,1,0,1,1,2,1,1,3,3,4,4,4,4,4,4,4,4,4,4,4,4,4,4,4,4,4,4,4,4,4,4,4,4,4,4,4,4,4,4,4,4,4,4,4,4,4,4,4,4,4,4,4,4,4,4,4,4,4,4,4,4,4,4,4,4,4,4,4,4,4,4,4,4,4,4,4,4,4,4,4,4,4,4,4,4,4,4,4,4,4,4,4,4,4,4,4,4,4,4,4,4,4,4,4,4,4,4,4,4,4,4,4,4,4,4,4,4,4,4,4,4,4,4,4,4,4,4,4,4,4,4,4,4,4,4,4,4,4,4,4,4,4,4,4,4,4,4,4,4,4,4,4,4,4,4,4,4,4,4,4,4,4,4,4,4,4,4,4,4,4,4,4,4,4,4,4,4,4,4,4,4,4,4,4,4,4,4,4,4,4,4,4,4,4,4,4,4,4,4,4,4,4,4,4,AFAA01000082.1/246094-245947,1
2134,0,2,3,2,2,1,3,1,0,3,3,1,4,0,1,1,4,3,3,4,1,3,3,0,3,2,3,1,4,0,2,1,4,4,4,4,1,1,1,3,3,4,0,2,2,4,4,4,4,4,4,2,0,1,2,1,4,4,4,4,4,4,4,4,4,4,4,4,4,4,4,4,4,4,4,4,4,4,4,4,4,2,1,3,0,1,0,3,0,0,0,1,3,4,3,4,1,2,0,4,0,3,2,0,1,2,1,0,4,4,4,4,1,0,0,4,4,4,4,4,4,4,1,0,0,2,2,3,2,1,1,3,2,1,1,2,3,1,1,0,0,1,3,3,4,4,1,3,2,0,3,0,0,3,0,4,4,4,4,4,4,4,4,2,1,2,3,0,4,4,4,4,2,1,3,4,4,4,4,4,4,4,4,4,4,4,4,4,4,4,4,4,4,4,4,4,4,4,4,4,4,4,4,4,4,4,4,4,3,4,4,3,0,3,1,0,4,0,1,1,3,1,4,4,1,4,4,4,2,2,2,1,2,0,0,0,1,2,3,1,2,0,4,4,4,4,4,2,3,3,0,2,2,1,0,1,1,2,1,1,3,3,4,4,4,4,4,4,4,4,4,4,4,4,4,4,4,4,4,4,4,4,4,4,4,4,4,4,4,4,4,4,4,4,4,4,4,4,4,4,4,4,4,4,4,4,4,4,4,4,4,4,4,4,4,4,4,4,4,4,4,4,4,4,4,4,4,4,4,4,4,4,4,4,4,4,4,4,4,4,4,4,4,4,4,4,4,4,4,4,4,4,4,4,4,4,4,4,4,4,4,4,4,4,4,4,4,4,4,4,4,4,4,4,4,4,4,4,4,4,4,4,4,4,4,4,4,4,4,4,4,4,4,4,4,4,4,4,4,4,4,4,4,4,4,4,4,4,4,4,4,4,4,4,4,4,4,4,4,4,4,4,4,4,4,4,4,4,4,4,4,4,4,4,4,4,4,4,4,4,4,4,4,4,4,4,4,4,4,4,4,4,4,4,4,4,4,AETJ01000081.1/40319-40466,1
2135,0,2,0,3,2,1,3,1,0,3,3,1,4,1,0,3,4,1,3,4,1,3,3,0,3,2,3,3,4,1,2,1,1,3,4,4,4,4,4,4,4,4,4,4,4,4,4,4,4,4,4,4,4,4,4,4,3,0,4,4,4,4,4,4,4,4,4,4,4,4,4,4,4,4,4,4,4,4,4,2,3,2,1,1,3,1,0,3,0,0,0,1,3,1,1,4,2,2,0,4,0,3,2,0,1,2,1,0,4,4,4,4,2,0,2,1,1,2,4,4,3,3,3,0,1,2,2,3,2,1,3,3,0,3,1,2,3,1,1,4,0,1,3,2,0,4,1,0,2,0,3,2,3,1,4,4,4,4,4,4,4,4,4,2,1,3,3,0,3,4,4,4,2,1,1,4,4,4,4,4,4,4,4,4,4,4,4,4,4,4,4,4,4,4,4,4,4,4,4,4,4,4,4,4,4,4,4,4,3,4,4,1,0,3,1,0,4,2,0,1,0,1,4,4,1,0,4,3,2,2,0,1,0,1,0,0,1,2,3,3,2,0,4,4,4,4,4,2,3,2,0,0,2,1,0,1,1,1,0,1,3,3,4,4,4,4,4,4,4,4,4,4,4,4,4,4,4,4,4,4,4,4,4,4,4,4,4,4,4,4,4,4,4,4,4,4,4,4,4,4,4,4,4,4,4,4,4,4,4,4,4,4,4,4,4,4,4,4,4,4,4,4,4,4,4,4,4,4,4,4,4,4,4,4,4,4,4,4,4,4,4,4,4,4,4,4,4,4,4,4,4,4,4,4,4,4,4,4,4,4,4,4,4,4,4,4,4,4,4,4,4,4,4,4,4,4,4,4,4,4,4,4,4,4,4,4,4,4,4,4,4,4,4,4,4,4,4,4,4,4,4,4,4,4,4,4,4,4,4,4,4,4,4,4,4,4,4,4,4,4,4,4,4,4,4,4,4,4,4,4,4,4,4,4,4,4,4,4,4,4,4,4,4,4,4,4,4,4,4,4,4,4,4,4,4,4,4,AEHU01000069.1/40066-40214,1
2136,0,2,0,3,2,1,3,1,0,3,3,1,4,1,0,3,4,1,3,4,1,3,3,0,3,2,3,3,4,1,2,1,1,3,3,4,4,4,4,4,4,4,4,4,4,4,4,4,4,4,4,4,4,4,4,4,0,4,4,4,4,4,4,4,4,4,4,4,4,4,4,4,4,4,4,4,4,4,4,0,2,2,1,1,3,1,0,3,0,0,0,1,3,1,0,4,2,2,0,4,0,3,2,0,1,2,1,0,4,4,4,4,2,0,2,1,1,2,4,4,3,3,3,0,1,2,2,3,2,1,3,3,0,3,1,2,3,1,1,4,0,1,3,2,0,4,1,0,2,0,3,2,3,1,4,4,4,4,4,4,4,4,4,2,1,3,3,1,2,4,4,4,2,1,1,4,4,4,4,4,4,4,4,4,4,4,4,4,4,4,4,4,4,4,4,4,4,4,4,4,4,4,4,4,4,4,4,4,3,4,4,1,0,3,1,0,4,2,0,1,0,1,4,4,1,0,4,3,2,2,0,1,0,1,0,0,1,2,3,3,2,0,4,4,4,4,4,2,3,2,0,0,2,1,0,1,1,0,0,0,3,0,4,4,4,4,4,4,4,4,4,4,4,4,4,4,4,4,4,4,4,4,4,4,4,4,4,4,4,4,4,4,4,4,4,4,4,4,4,4,4,4,4,4,4,4,4,4,4,4,4,4,4,4,4,4,4,4,4,4,4,4,4,4,4,4,4,4,4,4,4,4,4,4,4,4,4,4,4,4,4,4,4,4,4,4,4,4,4,4,4,4,4,4,4,4,4,4,4,4,4,4,4,4,4,4,4,4,4,4,4,4,4,4,4,4,4,4,4,4,4,4,4,4,4,4,4,4,4,4,4,4,4,4,4,4,4,4,4,4,4,4,4,4,4,4,4,4,4,4,4,4,4,4,4,4,4,4,4,4,4,4,4,4,4,4,4,4,4,4,4,4,4,4,4,4,4,4,4,4,4,4,4,4,4,4,4,4,4,4,4,4,4,4,4,4,4,AGFT01041246.1/519-667,1
2137,0,2,3,2,2,1,3,1,0,3,3,1,4,0,1,1,4,2,0,4,1,3,3,0,3,2,3,1,4,0,2,1,4,4,4,4,1,1,1,3,3,4,1,2,2,4,4,4,4,4,4,2,0,1,2,3,4,4,4,4,4,4,4,4,4,4,4,4,4,4,4,4,4,4,4,4,4,4,4,4,4,2,1,3,0,1,0,3,0,0,0,0,3,4,3,4,1,2,0,4,0,3,2,0,1,2,1,0,4,4,4,4,1,0,0,4,4,4,4,4,4,4,1,0,0,2,2,3,2,1,1,3,2,1,1,2,3,1,1,0,0,1,3,3,4,4,1,3,2,0,3,0,3,1,0,4,4,4,4,4,4,4,4,2,1,2,3,0,4,4,4,4,2,1,3,4,4,4,4,4,4,4,4,4,4,4,4,4,4,4,4,4,4,4,4,4,4,4,4,4,4,4,4,4,4,4,4,4,0,4,4,3,0,3,1,0,4,0,1,1,0,3,4,4,1,4,4,4,2,2,2,1,2,0,0,0,1,2,3,1,2,0,4,4,4,4,4,2,3,3,0,2,2,1,0,1,1,2,1,1,3,3,4,4,4,4,4,4,4,4,4,4,4,4,4,4,4,4,4,4,4,4,4,4,4,4,4,4,4,4,4,4,4,4,4,4,4,4,4,4,4,4,4,4,4,4,4,4,4,4,4,4,4,4,4,4,4,4,4,4,4,4,4,4,4,4,4,4,4,4,4,4,4,4,4,4,4,4,4,4,4,4,4,4,4,4,4,4,4,4,4,4,4,4,4,4,4,4,4,4,4,4,4,4,4,4,4,4,4,4,4,4,4,4,4,4,4,4,4,4,4,4,4,4,4,4,4,4,4,4,4,4,4,4,4,4,4,4,4,4,4,4,4,4,4,4,4,4,4,4,4,4,4,4,4,4,4,4,4,4,4,4,4,4,4,4,4,4,4,4,4,4,4,4,4,4,4,4,4,4,4,4,4,4,4,4,4,4,4,4,4,4,4,4,4,4,4,AERO01000062.1/19559-19412,1
2138,0,2,0,3,2,1,3,1,0,3,3,1,4,1,0,3,4,1,3,4,1,3,3,0,3,2,3,3,4,1,2,1,1,3,4,4,4,4,4,4,4,4,4,4,4,4,4,4,4,4,4,4,4,4,4,4,3,0,4,4,4,4,4,4,4,4,4,4,4,4,4,4,4,4,4,4,4,4,4,2,3,2,1,1,3,1,0,3,0,0,0,1,3,1,1,4,2,2,0,4,0,3,2,0,1,2,1,0,4,4,4,4,2,0,2,1,1,2,4,4,3,3,3,0,1,2,2,3,2,1,3,3,0,3,1,2,3,1,1,4,0,1,3,2,0,4,1,0,2,0,3,2,3,1,4,4,4,4,4,4,4,4,4,2,1,3,3,0,3,4,4,4,2,1,1,4,4,4,4,4,4,4,4,4,4,4,4,4,4,4,4,4,4,4,4,4,4,4,4,4,4,4,4,4,4,4,4,4,3,4,4,1,0,3,1,0,4,2,0,1,0,1,4,4,1,0,4,3,2,2,0,1,0,1,0,0,1,2,3,3,2,0,4,4,4,4,4,2,3,2,0,0,2,1,0,1,1,1,0,1,3,3,4,4,4,4,4,4,4,4,4,4,4,4,4,4,4,4,4,4,4,4,4,4,4,4,4,4,4,4,4,4,4,4,4,4,4,4,4,4,4,4,4,4,4,4,4,4,4,4,4,4,4,4,4,4,4,4,4,4,4,4,4,4,4,4,4,4,4,4,4,4,4,4,4,4,4,4,4,4,4,4,4,4,4,4,4,4,4,4,4,4,4,4,4,4,4,4,4,4,4,4,4,4,4,4,4,4,4,4,4,4,4,4,4,4,4,4,4,4,4,4,4,4,4,4,4,4,4,4,4,4,4,4,4,4,4,4,4,4,4,4,4,4,4,4,4,4,4,4,4,4,4,4,4,4,4,4,4,4,4,4,4,4,4,4,4,4,4,4,4,4,4,4,4,4,4,4,4,4,4,4,4,4,4,4,4,4,4,4,4,4,4,4,4,4,4,AFVD01000034.1/171360-171508,1
2139,0,2,3,3,2,1,3,1,0,3,3,1,4,0,4,1,4,3,3,4,3,3,3,0,3,2,0,3,4,0,2,3,1,1,1,2,1,1,2,3,0,4,0,0,2,1,2,2,0,0,4,3,0,3,2,1,4,4,4,4,4,4,4,4,4,4,4,4,4,4,4,4,4,4,4,4,4,4,4,4,4,2,1,3,3,1,0,3,0,0,2,1,1,0,1,4,1,2,0,4,0,3,2,0,3,2,1,1,4,4,4,4,3,0,0,2,4,4,4,4,4,4,0,1,3,2,2,3,2,1,1,3,0,3,1,2,3,1,1,0,1,1,3,0,0,0,1,1,2,0,3,0,3,3,2,3,2,3,4,4,4,4,4,2,0,0,3,2,1,4,4,4,0,1,0,4,4,4,4,4,4,4,4,4,4,4,4,4,4,4,4,4,4,4,4,4,4,4,4,4,4,4,4,4,4,4,4,4,3,4,4,3,0,3,1,0,4,0,0,1,0,3,4,4,1,4,4,4,2,2,0,1,2,0,1,0,1,2,3,3,2,0,4,4,4,4,4,2,3,2,0,2,2,1,2,1,1,2,1,1,3,0,4,4,4,4,4,4,4,4,4,4,4,4,4,4,4,4,4,4,4,4,4,4,4,4,4,4,4,4,4,4,4,4,4,4,4,4,4,4,4,4,4,4,4,4,4,4,4,4,4,4,4,4,4,4,4,4,4,4,4,4,4,4,4,4,4,4,4,4,4,4,4,4,4,4,4,4,4,4,4,4,4,4,4,4,4,4,4,4,4,4,4,4,4,4,4,4,4,4,4,4,4,4,4,4,4,4,4,4,4,4,4,4,4,4,4,4,4,4,4,4,4,4,4,4,4,4,4,4,4,4,4,4,4,4,4,4,4,4,4,4,4,4,4,4,4,4,4,4,4,4,4,4,4,4,4,4,4,4,4,4,4,4,4,4,4,4,4,4,4,4,4,4,4,4,4,4,4,4,4,4,4,4,4,4,4,4,4,4,4,4,4,4,4,4,4,AALE02000007.1/162365-162202,1
2140,0,2,0,3,2,1,3,1,0,3,3,1,4,1,0,3,4,1,3,4,1,3,3,0,3,2,3,3,4,1,2,1,1,3,3,4,1,4,4,4,4,4,4,4,4,4,4,4,4,4,4,4,4,4,4,4,3,4,4,4,4,4,4,4,4,4,4,4,4,4,4,4,4,4,4,4,4,4,4,4,2,2,1,1,3,1,0,3,0,0,0,1,3,1,0,4,2,2,0,4,0,3,2,0,3,2,1,0,4,4,4,4,2,0,2,1,1,2,4,4,3,3,3,0,1,2,2,3,2,1,3,3,0,3,1,2,3,1,1,4,0,1,3,2,0,4,1,0,2,0,3,2,3,1,4,4,4,4,4,4,4,4,4,2,1,3,3,0,1,4,4,4,2,1,1,4,4,4,4,4,4,4,4,4,4,4,4,4,4,4,4,4,4,4,4,4,4,4,4,4,4,4,4,4,4,4,4,4,3,4,4,1,0,3,1,0,4,0,0,1,0,1,4,4,1,1,4,3,2,2,0,1,0,1,0,0,1,2,3,3,2,0,4,4,4,4,4,2,3,2,0,0,2,1,0,1,1,1,1,3,3,3,4,4,4,4,4,4,4,4,4,4,4,4,4,4,4,4,4,4,4,4,4,4,4,4,4,4,4,4,4,4,4,4,4,4,4,4,4,4,4,4,4,4,4,4,4,4,4,4,4,4,4,4,4,4,4,4,4,4,4,4,4,4,4,4,4,4,4,4,4,4,4,4,4,4,4,4,4,4,4,4,4,4,4,4,4,4,4,4,4,4,4,4,4,4,4,4,4,4,4,4,4,4,4,4,4,4,4,4,4,4,4,4,4,4,4,4,4,4,4,4,4,4,4,4,4,4,4,4,4,4,4,4,4,4,4,4,4,4,4,4,4,4,4,4,4,4,4,4,4,4,4,4,4,4,4,4,4,4,4,4,4,4,4,4,4,4,4,4,4,4,4,4,4,4,4,4,4,4,4,4,4,4,4,4,4,4,4,4,4,4,4,4,4,4,4,CAAS01001335.1/420-568,1
2141,0,2,0,3,2,1,3,1,0,3,3,1,4,1,0,3,4,1,3,4,1,3,3,0,3,2,3,3,4,1,2,1,1,3,3,4,4,4,4,4,4,4,4,4,4,4,4,4,4,4,4,4,4,4,4,4,0,4,4,4,4,4,4,4,4,4,4,4,4,4,4,4,4,4,4,4,4,4,4,0,2,2,1,1,3,1,0,3,0,0,0,1,3,1,0,4,2,2,0,4,0,3,2,0,1,2,1,0,4,4,4,4,2,0,2,1,1,2,4,4,3,3,3,0,1,2,2,3,2,1,3,3,0,3,1,2,3,1,1,4,0,1,3,2,0,4,1,0,2,0,3,2,3,1,4,4,4,4,4,4,4,4,4,2,1,3,3,1,2,4,4,4,2,1,1,4,4,4,4,4,4,4,4,4,4,4,4,4,4,4,4,4,4,4,4,4,4,4,4,4,4,4,4,4,4,4,4,4,3,4,4,1,0,3,1,0,4,2,0,1,0,1,4,4,1,0,4,3,2,2,0,1,0,1,0,0,1,2,3,3,2,0,4,4,4,4,4,2,3,2,0,0,2,1,0,1,1,0,0,0,3,0,4,4,4,4,4,4,4,4,4,4,4,4,4,4,4,4,4,4,4,4,4,4,4,4,4,4,4,4,4,4,4,4,4,4,4,4,4,4,4,4,4,4,4,4,4,4,4,4,4,4,4,4,4,4,4,4,4,4,4,4,4,4,4,4,4,4,4,4,4,4,4,4,4,4,4,4,4,4,4,4,4,4,4,4,4,4,4,4,4,4,4,4,4,4,4,4,4,4,4,4,4,4,4,4,4,4,4,4,4,4,4,4,4,4,4,4,4,4,4,4,4,4,4,4,4,4,4,4,4,4,4,4,4,4,4,4,4,4,4,4,4,4,4,4,4,4,4,4,4,4,4,4,4,4,4,4,4,4,4,4,4,4,4,4,4,4,4,4,4,4,4,4,4,4,4,4,4,4,4,4,4,4,4,4,4,4,4,4,4,4,4,4,4,4,4,AGFS01031097.1/3821-3673,1
2142,0,2,3,3,2,1,3,1,0,3,3,1,4,0,1,1,4,3,3,4,3,3,3,0,3,2,0,3,4,0,2,1,1,1,1,2,1,0,0,3,3,4,0,0,2,1,2,2,0,3,4,2,0,3,2,1,4,4,4,4,4,4,4,4,4,4,4,4,4,4,4,4,4,4,4,4,4,4,4,4,4,2,1,3,3,1,0,3,0,0,2,1,1,3,1,4,1,2,0,4,0,3,2,0,3,2,1,1,4,4,4,4,3,0,0,2,4,4,4,4,4,4,0,1,3,2,2,3,2,1,1,3,0,3,1,2,3,1,1,0,1,1,3,0,0,0,1,1,2,0,1,0,3,3,2,3,2,3,4,4,4,4,4,2,0,0,0,2,1,4,4,4,0,1,0,4,4,4,4,4,4,4,4,4,4,4,4,4,4,4,4,4,4,4,4,4,4,4,4,4,4,4,4,4,4,4,4,4,3,4,4,3,0,3,1,0,4,0,0,1,0,3,4,4,1,4,4,4,2,2,0,1,2,0,1,0,1,2,3,3,2,0,4,4,4,4,4,2,3,2,0,2,2,1,0,1,1,2,1,1,3,0,4,4,4,4,4,4,4,4,4,4,4,4,4,4,4,4,4,4,4,4,4,4,4,4,4,4,4,4,4,4,4,4,4,4,4,4,4,4,4,4,4,4,4,4,4,4,4,4,4,4,4,4,4,4,4,4,4,4,4,4,4,4,4,4,4,4,4,4,4,4,4,4,4,4,4,4,4,4,4,4,4,4,4,4,4,4,4,4,4,4,4,4,4,4,4,4,4,4,4,4,4,4,4,4,4,4,4,4,4,4,4,4,4,4,4,4,4,4,4,4,4,4,4,4,4,4,4,4,4,4,4,4,4,4,4,4,4,4,4,4,4,4,4,4,4,4,4,4,4,4,4,4,4,4,4,4,4,4,4,4,4,4,4,4,4,4,4,4,4,4,4,4,4,4,4,4,4,4,4,4,4,4,4,4,4,4,4,4,4,4,4,4,4,4,4,ABAT01000031.1/14854-15018,1
2143,0,2,0,3,2,1,3,1,0,3,3,1,4,1,0,3,4,1,3,4,1,3,3,0,3,2,3,3,4,1,2,1,1,3,4,4,4,4,4,4,4,4,4,4,4,4,4,4,4,4,4,4,4,4,4,4,3,0,4,4,4,4,4,4,4,4,4,4,4,4,4,4,4,4,4,4,4,4,4,2,3,2,1,1,3,1,0,3,0,0,0,1,3,1,1,4,2,2,0,4,0,3,2,0,1,2,1,0,4,4,4,4,2,0,2,1,1,2,4,4,3,3,3,0,1,2,2,3,2,1,3,3,0,3,1,2,3,1,1,4,0,1,3,2,0,4,1,0,2,0,3,2,3,1,4,4,4,4,4,4,4,4,4,2,1,3,3,0,3,4,4,4,2,1,1,4,4,4,4,4,4,4,4,4,4,4,4,4,4,4,4,4,4,4,4,4,4,4,4,4,4,4,4,4,4,4,4,4,3,4,4,1,0,3,1,0,4,2,0,1,0,1,4,4,1,0,4,3,2,2,0,1,0,1,0,0,1,2,3,3,2,0,4,4,4,4,4,2,3,2,0,0,2,1,0,1,1,1,0,1,3,3,4,4,4,4,4,4,4,4,4,4,4,4,4,4,4,4,4,4,4,4,4,4,4,4,4,4,4,4,4,4,4,4,4,4,4,4,4,4,4,4,4,4,4,4,4,4,4,4,4,4,4,4,4,4,4,4,4,4,4,4,4,4,4,4,4,4,4,4,4,4,4,4,4,4,4,4,4,4,4,4,4,4,4,4,4,4,4,4,4,4,4,4,4,4,4,4,4,4,4,4,4,4,4,4,4,4,4,4,4,4,4,4,4,4,4,4,4,4,4,4,4,4,4,4,4,4,4,4,4,4,4,4,4,4,4,4,4,4,4,4,4,4,4,4,4,4,4,4,4,4,4,4,4,4,4,4,4,4,4,4,4,4,4,4,4,4,4,4,4,4,4,4,4,4,4,4,4,4,4,4,4,4,4,4,4,4,4,4,4,4,4,4,4,4,4,AE005674.2/3994764-3994912,1
2144,0,2,0,3,2,1,3,1,0,3,3,1,4,1,0,3,4,1,3,4,1,3,3,0,3,2,3,3,4,1,2,1,1,3,3,4,1,4,4,4,4,4,4,4,4,4,4,4,4,4,4,4,4,4,4,4,3,4,4,4,4,4,4,4,4,4,4,4,4,4,4,4,4,4,4,4,4,4,4,4,2,2,1,1,3,1,0,3,0,0,0,1,3,1,0,4,2,2,0,4,0,3,2,0,1,2,1,0,4,4,4,4,2,0,2,1,1,2,4,4,3,3,3,0,1,2,2,3,2,1,3,3,0,3,1,2,3,1,1,4,0,1,0,2,0,4,1,0,2,0,3,2,3,1,4,4,4,4,4,4,4,4,4,2,1,3,1,0,2,4,4,4,2,1,1,4,4,4,4,4,4,4,4,4,4,4,4,4,4,4,4,4,4,4,4,4,4,4,4,4,4,4,4,4,4,4,4,4,3,4,4,1,0,3,1,0,4,2,0,1,0,1,4,4,1,0,4,3,2,2,0,1,0,3,0,0,1,2,3,3,2,0,4,4,4,4,4,2,3,2,0,0,2,1,0,1,1,3,3,0,3,0,4,4,4,4,4,4,4,4,4,4,4,4,4,4,4,4,4,4,4,4,4,4,4,4,4,4,4,4,4,4,4,4,4,4,4,4,4,4,4,4,4,4,4,4,4,4,4,4,4,4,4,4,4,4,4,4,4,4,4,4,4,4,4,4,4,4,4,4,4,4,4,4,4,4,4,4,4,4,4,4,4,4,4,4,4,4,4,4,4,4,4,4,4,4,4,4,4,4,4,4,4,4,4,4,4,4,4,4,4,4,4,4,4,4,4,4,4,4,4,4,4,4,4,4,4,4,4,4,4,4,4,4,4,4,4,4,4,4,4,4,4,4,4,4,4,4,4,4,4,4,4,4,4,4,4,4,4,4,4,4,4,4,4,4,4,4,4,4,4,4,4,4,4,4,4,4,4,4,4,4,4,4,4,4,4,4,4,4,4,4,4,4,4,4,4,AGFT01040334.1/192-44,1
2145,0,2,0,3,2,1,3,1,0,3,3,1,4,1,0,3,4,1,3,4,1,3,3,0,3,2,3,3,4,1,2,1,1,3,4,4,4,4,4,4,4,4,4,4,4,4,4,4,4,4,4,4,4,4,4,4,3,0,4,4,4,4,4,4,4,4,4,4,4,4,4,4,4,4,4,4,4,4,4,2,3,2,1,1,3,1,0,3,0,0,0,1,3,1,1,4,2,2,0,4,0,3,2,0,1,2,1,0,4,4,4,4,2,0,2,1,1,2,4,4,3,3,3,0,1,2,2,3,2,1,3,3,0,3,1,2,3,1,1,4,0,1,3,2,0,4,1,0,2,0,3,2,3,1,4,4,4,4,4,4,4,4,4,2,1,3,3,0,3,4,4,4,2,1,1,4,4,4,4,4,4,4,4,4,4,4,4,4,4,4,4,4,4,4,4,4,4,4,4,4,4,4,4,4,4,4,4,4,3,4,4,1,0,3,1,0,4,2,0,1,0,1,4,4,1,0,4,3,2,2,0,1,0,1,0,0,1,2,3,3,2,0,4,4,4,4,4,2,3,2,0,0,2,1,0,1,1,1,0,1,3,3,4,4,4,4,4,4,4,4,4,4,4,4,4,4,4,4,4,4,4,4,4,4,4,4,4,4,4,4,4,4,4,4,4,4,4,4,4,4,4,4,4,4,4,4,4,4,4,4,4,4,4,4,4,4,4,4,4,4,4,4,4,4,4,4,4,4,4,4,4,4,4,4,4,4,4,4,4,4,4,4,4,4,4,4,4,4,4,4,4,4,4,4,4,4,4,4,4,4,4,4,4,4,4,4,4,4,4,4,4,4,4,4,4,4,4,4,4,4,4,4,4,4,4,4,4,4,4,4,4,4,4,4,4,4,4,4,4,4,4,4,4,4,4,4,4,4,4,4,4,4,4,4,4,4,4,4,4,4,4,4,4,4,4,4,4,4,4,4,4,4,4,4,4,4,4,4,4,4,4,4,4,4,4,4,4,4,4,4,4,4,4,4,4,4,4,AERN01000098.1/41517-41665,1
2146,0,2,0,3,2,1,3,1,0,3,3,1,4,1,0,3,4,1,3,4,1,3,3,0,3,2,3,3,4,1,2,1,1,3,4,4,4,4,4,4,4,4,4,4,4,4,4,4,4,4,4,4,4,4,4,4,3,0,4,4,4,4,4,4,4,4,4,4,4,4,4,4,4,4,4,4,4,4,4,2,3,2,1,1,3,1,0,3,0,0,0,1,3,1,1,4,2,2,0,4,0,3,2,0,1,2,1,0,4,4,4,4,2,0,2,1,1,2,4,4,3,3,3,0,1,2,2,3,2,1,3,3,0,3,1,2,3,1,1,4,0,1,3,2,0,4,1,0,2,0,3,2,3,1,4,4,4,4,4,4,4,4,4,2,1,3,3,0,3,4,4,4,2,1,1,4,4,4,4,4,4,4,4,4,4,4,4,4,4,4,4,4,4,4,4,4,4,4,4,4,4,4,4,4,4,4,4,4,3,4,4,1,0,3,1,0,4,2,0,1,0,1,4,4,1,0,4,3,2,2,0,1,0,1,0,0,1,2,3,3,2,0,4,4,4,4,4,2,3,2,0,0,2,1,0,1,1,1,0,1,3,3,4,4,4,4,4,4,4,4,4,4,4,4,4,4,4,4,4,4,4,4,4,4,4,4,4,4,4,4,4,4,4,4,4,4,4,4,4,4,4,4,4,4,4,4,4,4,4,4,4,4,4,4,4,4,4,4,4,4,4,4,4,4,4,4,4,4,4,4,4,4,4,4,4,4,4,4,4,4,4,4,4,4,4,4,4,4,4,4,4,4,4,4,4,4,4,4,4,4,4,4,4,4,4,4,4,4,4,4,4,4,4,4,4,4,4,4,4,4,4,4,4,4,4,4,4,4,4,4,4,4,4,4,4,4,4,4,4,4,4,4,4,4,4,4,4,4,4,4,4,4,4,4,4,4,4,4,4,4,4,4,4,4,4,4,4,4,4,4,4,4,4,4,4,4,4,4,4,4,4,4,4,4,4,4,4,4,4,4,4,4,4,4,4,4,4,ACXE01000118.1/13269-13417,1
2147,3,2,3,3,2,1,3,1,0,3,3,1,4,0,3,1,4,3,2,4,3,3,3,0,3,2,0,3,4,3,2,1,1,0,1,4,1,1,1,0,1,4,0,2,1,2,2,4,4,4,4,2,1,0,2,0,4,4,4,4,4,4,4,4,4,4,4,4,4,4,4,4,4,4,4,4,4,4,4,4,4,2,1,4,3,1,0,3,0,0,0,0,3,4,1,4,1,2,0,4,0,3,2,0,1,2,1,0,4,4,4,4,1,1,0,4,4,4,4,4,4,4,0,0,1,2,2,0,2,1,1,3,2,3,1,2,3,1,1,0,1,1,1,0,0,4,1,1,2,0,3,0,0,3,1,2,3,0,3,4,4,2,3,4,3,1,3,2,1,4,4,0,3,1,2,4,4,4,4,4,4,4,4,4,4,4,4,4,4,4,4,4,4,4,4,4,4,4,4,4,4,4,4,4,4,4,4,4,3,4,4,3,0,3,1,0,4,0,2,1,0,3,4,4,1,4,4,4,2,2,0,1,2,1,0,0,1,2,3,3,2,0,4,4,4,4,4,2,3,3,0,2,2,1,3,1,1,0,1,1,1,0,4,4,4,4,4,4,4,4,4,4,4,4,4,4,4,4,4,4,4,4,4,4,4,4,4,4,4,4,4,4,4,4,4,4,4,4,4,4,4,4,4,4,4,4,4,4,4,4,4,4,4,4,4,4,4,4,4,4,4,4,4,4,4,4,4,4,4,4,4,4,4,4,4,4,4,4,4,4,4,4,4,4,4,4,4,4,4,4,4,4,4,4,4,4,4,4,4,4,4,4,4,4,4,4,4,4,4,4,4,4,4,4,4,4,4,4,4,4,4,4,4,4,4,4,4,4,4,4,4,4,4,4,4,4,4,4,4,4,4,4,4,4,4,4,4,4,4,4,4,4,4,4,4,4,4,4,4,4,4,4,4,4,4,4,4,4,4,4,4,4,4,4,4,4,4,4,4,4,4,4,4,4,4,4,4,4,4,4,4,4,4,4,4,4,4,CAEI01000121.1/306827-306668,1
2148,0,2,0,3,2,1,3,1,0,3,3,1,4,1,0,3,4,1,3,4,1,3,3,0,3,2,3,3,4,1,2,1,1,3,4,4,4,4,4,4,4,4,4,4,4,4,4,4,4,4,4,4,4,4,4,4,3,0,4,4,4,4,4,4,4,4,4,4,4,4,4,4,4,4,4,4,4,4,4,2,3,2,1,1,3,1,0,3,0,0,0,1,3,1,1,4,2,2,0,4,0,3,2,0,1,2,1,0,4,4,4,4,2,0,2,1,1,2,4,4,3,3,3,0,1,2,2,3,2,1,3,3,0,3,1,2,3,1,1,4,0,1,3,2,0,4,1,0,2,0,3,2,3,1,4,4,4,4,4,4,4,4,4,2,1,3,3,0,3,4,4,4,2,1,1,4,4,4,4,4,4,4,4,4,4,4,4,4,4,4,4,4,4,4,4,4,4,4,4,4,4,4,4,4,4,4,4,4,3,4,4,1,0,3,1,0,4,2,0,1,0,1,4,4,1,0,4,3,2,2,0,1,0,1,0,0,1,2,3,3,2,0,4,4,4,4,4,2,3,2,0,0,2,1,0,1,1,1,0,1,3,3,4,4,4,4,4,4,4,4,4,4,4,4,4,4,4,4,4,4,4,4,4,4,4,4,4,4,4,4,4,4,4,4,4,4,4,4,4,4,4,4,4,4,4,4,4,4,4,4,4,4,4,4,4,4,4,4,4,4,4,4,4,4,4,4,4,4,4,4,4,4,4,4,4,4,4,4,4,4,4,4,4,4,4,4,4,4,4,4,4,4,4,4,4,4,4,4,4,4,4,4,4,4,4,4,4,4,4,4,4,4,4,4,4,4,4,4,4,4,4,4,4,4,4,4,4,4,4,4,4,4,4,4,4,4,4,4,4,4,4,4,4,4,4,4,4,4,4,4,4,4,4,4,4,4,4,4,4,4,4,4,4,4,4,4,4,4,4,4,4,4,4,4,4,4,4,4,4,4,4,4,4,4,4,4,4,4,4,4,4,4,4,4,4,4,4,CP001671.1/4355435-4355583,1
2149,0,2,3,2,2,1,3,1,0,3,3,1,4,0,1,1,4,2,0,4,1,3,3,0,3,2,3,1,4,0,2,1,4,4,4,4,1,1,1,3,3,4,1,2,2,2,4,4,4,4,4,0,1,2,3,0,4,4,4,4,4,4,4,4,4,4,4,4,4,4,4,4,4,4,4,4,4,4,4,4,4,2,1,3,0,1,0,3,0,0,0,0,3,4,3,4,1,2,0,4,0,3,2,0,1,2,1,0,4,4,4,4,1,0,0,4,4,4,4,4,4,4,1,0,0,2,2,3,2,1,1,3,2,1,1,2,3,1,1,0,0,0,1,3,3,4,1,3,2,0,3,0,3,1,0,4,4,4,4,4,4,4,4,2,1,2,3,0,4,4,4,4,2,1,3,4,4,4,4,4,4,4,4,4,4,4,4,4,4,4,4,4,4,4,4,4,4,4,4,4,4,4,4,4,4,4,4,4,0,4,4,3,0,3,1,0,4,0,1,1,0,3,4,4,1,4,4,4,2,2,2,1,2,0,0,0,1,2,3,1,2,0,4,4,4,4,4,2,3,3,0,2,2,1,0,1,1,2,1,1,3,3,4,4,4,4,4,4,4,4,4,4,4,4,4,4,4,4,4,4,4,4,4,4,4,4,4,4,4,4,4,4,4,4,4,4,4,4,4,4,4,4,4,4,4,4,4,4,4,4,4,4,4,4,4,4,4,4,4,4,4,4,4,4,4,4,4,4,4,4,4,4,4,4,4,4,4,4,4,4,4,4,4,4,4,4,4,4,4,4,4,4,4,4,4,4,4,4,4,4,4,4,4,4,4,4,4,4,4,4,4,4,4,4,4,4,4,4,4,4,4,4,4,4,4,4,4,4,4,4,4,4,4,4,4,4,4,4,4,4,4,4,4,4,4,4,4,4,4,4,4,4,4,4,4,4,4,4,4,4,4,4,4,4,4,4,4,4,4,4,4,4,4,4,4,4,4,4,4,4,4,4,4,4,4,4,4,4,4,4,4,4,4,4,4,4,4,AETZ01000063.1/37373-37224,1
2150,0,2,3,3,2,1,3,1,0,3,3,1,4,0,1,1,4,3,3,4,3,3,3,0,3,2,0,3,4,0,2,1,1,1,1,2,1,0,0,3,3,4,0,0,2,1,2,2,0,3,4,2,0,3,2,1,4,4,4,4,4,4,4,4,4,4,4,4,4,4,4,4,4,4,4,4,4,4,4,4,4,2,1,3,3,1,0,3,0,0,2,1,1,3,1,4,1,2,0,4,0,3,2,0,3,2,1,1,4,4,4,4,3,0,0,2,4,4,4,4,4,4,0,1,3,2,2,3,2,1,1,3,0,3,1,2,3,1,1,0,1,1,3,0,0,0,1,1,2,0,1,0,3,3,2,3,2,3,4,4,4,4,4,2,0,0,0,2,1,4,4,4,0,1,0,4,4,4,4,4,4,4,4,4,4,4,4,4,4,4,4,4,4,4,4,4,4,4,4,4,4,4,4,4,4,4,4,4,3,4,4,3,0,3,1,0,4,0,0,1,0,3,4,4,1,4,4,4,2,2,0,1,2,0,1,0,1,2,3,3,2,0,4,4,4,4,4,2,3,2,0,2,2,1,0,1,1,2,1,1,3,0,4,4,4,4,4,4,4,4,4,4,4,4,4,4,4,4,4,4,4,4,4,4,4,4,4,4,4,4,4,4,4,4,4,4,4,4,4,4,4,4,4,4,4,4,4,4,4,4,4,4,4,4,4,4,4,4,4,4,4,4,4,4,4,4,4,4,4,4,4,4,4,4,4,4,4,4,4,4,4,4,4,4,4,4,4,4,4,4,4,4,4,4,4,4,4,4,4,4,4,4,4,4,4,4,4,4,4,4,4,4,4,4,4,4,4,4,4,4,4,4,4,4,4,4,4,4,4,4,4,4,4,4,4,4,4,4,4,4,4,4,4,4,4,4,4,4,4,4,4,4,4,4,4,4,4,4,4,4,4,4,4,4,4,4,4,4,4,4,4,4,4,4,4,4,4,4,4,4,4,4,4,4,4,4,4,4,4,4,4,4,4,4,4,4,4,CP000305.1/1387990-1388154,1
2151,0,2,3,3,2,1,3,1,0,3,3,1,4,0,1,1,4,3,3,4,3,3,3,0,3,2,0,3,4,0,2,1,1,1,1,2,1,0,0,3,3,4,0,0,2,1,2,2,0,3,4,2,0,3,2,1,4,4,4,4,4,4,4,4,4,4,4,4,4,4,4,4,4,4,4,4,4,4,4,4,4,2,1,3,3,1,0,3,0,0,2,1,1,3,1,4,1,2,0,4,0,3,2,0,3,2,1,1,4,4,4,4,3,0,0,2,4,4,4,4,4,4,0,1,3,2,2,3,2,1,1,3,0,3,1,2,3,1,1,0,1,1,3,0,0,0,1,1,2,0,1,0,3,3,2,3,2,3,4,4,4,4,4,2,0,0,0,2,1,4,4,4,0,1,0,4,4,4,4,4,4,4,4,4,4,4,4,4,4,4,4,4,4,4,4,4,4,4,4,4,4,4,4,4,4,4,4,4,3,4,4,3,0,3,1,0,4,0,0,1,0,3,4,4,1,4,4,4,2,2,0,1,2,0,1,0,1,2,3,3,2,0,4,4,4,4,4,2,3,2,0,2,2,1,0,1,1,2,1,1,3,0,4,4,4,4,4,4,4,4,4,4,4,4,4,4,4,4,4,4,4,4,4,4,4,4,4,4,4,4,4,4,4,4,4,4,4,4,4,4,4,4,4,4,4,4,4,4,4,4,4,4,4,4,4,4,4,4,4,4,4,4,4,4,4,4,4,4,4,4,4,4,4,4,4,4,4,4,4,4,4,4,4,4,4,4,4,4,4,4,4,4,4,4,4,4,4,4,4,4,4,4,4,4,4,4,4,4,4,4,4,4,4,4,4,4,4,4,4,4,4,4,4,4,4,4,4,4,4,4,4,4,4,4,4,4,4,4,4,4,4,4,4,4,4,4,4,4,4,4,4,4,4,4,4,4,4,4,4,4,4,4,4,4,4,4,4,4,4,4,4,4,4,4,4,4,4,4,4,4,4,4,4,4,4,4,4,4,4,4,4,4,4,4,4,4,4,CP001048.1/3318700-3318536,1
2152,0,2,0,3,2,1,3,1,0,3,3,1,4,1,0,3,4,1,3,4,1,3,3,0,3,2,3,3,4,1,2,1,1,3,4,4,4,4,4,4,4,4,4,4,4,4,4,4,4,4,4,4,4,4,4,4,3,0,4,4,4,4,4,4,4,4,4,4,4,4,4,4,4,4,4,4,4,4,4,2,3,2,1,1,3,1,0,3,0,0,0,1,3,1,1,4,2,2,0,4,0,3,2,0,1,2,1,0,4,4,4,4,2,0,2,1,1,2,4,4,3,3,3,0,1,2,2,3,2,1,3,3,0,3,1,2,3,1,1,4,0,1,3,2,0,4,1,0,2,0,3,2,3,1,4,4,4,4,4,4,4,4,4,2,1,3,3,0,3,4,4,4,2,1,1,4,4,4,4,4,4,4,4,4,4,4,4,4,4,4,4,4,4,4,4,4,4,4,4,4,4,4,4,4,4,4,4,4,3,4,4,1,0,3,1,0,4,2,0,1,0,1,4,4,1,0,4,3,2,2,0,1,0,1,0,0,1,2,3,3,2,0,4,4,4,4,4,2,3,2,0,0,2,1,0,1,1,1,0,1,3,3,4,4,4,4,4,4,4,4,4,4,4,4,4,4,4,4,4,4,4,4,4,4,4,4,4,4,4,4,4,4,4,4,4,4,4,4,4,4,4,4,4,4,4,4,4,4,4,4,4,4,4,4,4,4,4,4,4,4,4,4,4,4,4,4,4,4,4,4,4,4,4,4,4,4,4,4,4,4,4,4,4,4,4,4,4,4,4,4,4,4,4,4,4,4,4,4,4,4,4,4,4,4,4,4,4,4,4,4,4,4,4,4,4,4,4,4,4,4,4,4,4,4,4,4,4,4,4,4,4,4,4,4,4,4,4,4,4,4,4,4,4,4,4,4,4,4,4,4,4,4,4,4,4,4,4,4,4,4,4,4,4,4,4,4,4,4,4,4,4,4,4,4,4,4,4,4,4,4,4,4,4,4,4,4,4,4,4,4,4,4,4,4,4,4,4,ADWR01000014.1/38163-38311,1
2153,0,2,0,3,2,1,3,1,0,3,3,1,4,1,0,3,4,1,3,4,1,3,3,0,3,2,3,3,4,1,2,1,1,3,3,4,1,4,4,4,4,4,4,4,4,4,4,4,4,4,4,4,4,4,4,4,3,4,4,4,4,4,4,4,4,4,4,4,4,4,4,4,4,4,4,4,4,4,4,4,2,2,1,1,3,1,0,3,0,0,0,1,3,1,0,4,2,2,0,4,0,3,2,0,3,2,1,0,4,4,4,4,2,0,2,1,1,2,4,4,3,3,3,0,1,2,2,3,2,1,3,3,0,3,1,2,3,1,1,4,0,1,3,2,0,4,1,0,2,0,3,2,3,1,4,4,4,4,4,4,4,4,4,2,1,3,3,0,1,4,4,4,2,1,1,4,4,4,4,4,4,4,4,4,4,4,4,4,4,4,4,4,4,4,4,4,4,4,4,4,4,4,4,4,4,4,4,4,3,4,4,1,0,3,1,0,4,0,0,1,0,1,4,4,1,1,4,3,2,2,0,1,0,1,0,0,1,2,3,3,2,0,4,4,4,4,4,2,3,2,0,0,2,1,0,1,1,1,1,3,3,3,4,4,4,4,4,4,4,4,4,4,4,4,4,4,4,4,4,4,4,4,4,4,4,4,4,4,4,4,4,4,4,4,4,4,4,4,4,4,4,4,4,4,4,4,4,4,4,4,4,4,4,4,4,4,4,4,4,4,4,4,4,4,4,4,4,4,4,4,4,4,4,4,4,4,4,4,4,4,4,4,4,4,4,4,4,4,4,4,4,4,4,4,4,4,4,4,4,4,4,4,4,4,4,4,4,4,4,4,4,4,4,4,4,4,4,4,4,4,4,4,4,4,4,4,4,4,4,4,4,4,4,4,4,4,4,4,4,4,4,4,4,4,4,4,4,4,4,4,4,4,4,4,4,4,4,4,4,4,4,4,4,4,4,4,4,4,4,4,4,4,4,4,4,4,4,4,4,4,4,4,4,4,4,4,4,4,4,4,4,4,4,4,4,4,4,AESK01000027.1/39683-39831,1
2154,0,2,0,3,2,1,3,1,0,3,3,1,4,1,0,3,4,1,3,4,1,3,3,0,3,2,3,3,4,1,2,1,1,3,4,4,4,4,4,4,4,4,4,4,4,4,4,4,4,4,4,4,4,4,4,4,3,0,4,4,4,4,4,4,4,4,4,4,4,4,4,4,4,4,4,4,4,4,4,2,3,2,1,1,3,1,0,3,0,0,0,1,3,1,1,4,2,2,0,4,0,3,2,0,1,2,1,0,4,4,4,4,2,0,2,1,1,2,4,4,3,3,3,0,1,2,2,3,2,1,3,3,0,3,1,2,3,1,1,4,0,1,3,2,0,4,1,0,2,0,3,2,3,1,4,4,4,4,4,4,4,4,4,2,1,3,3,0,3,4,4,4,2,1,1,4,4,4,4,4,4,4,4,4,4,4,4,4,4,4,4,4,4,4,4,4,4,4,4,4,4,4,4,4,4,4,4,4,3,4,4,1,0,3,1,0,4,2,0,1,0,1,4,4,1,0,4,3,2,2,0,1,0,1,0,0,1,2,3,3,2,0,4,4,4,4,4,2,3,2,0,0,2,1,0,1,1,1,0,1,3,3,4,4,4,4,4,4,4,4,4,4,4,4,4,4,4,4,4,4,4,4,4,4,4,4,4,4,4,4,4,4,4,4,4,4,4,4,4,4,4,4,4,4,4,4,4,4,4,4,4,4,4,4,4,4,4,4,4,4,4,4,4,4,4,4,4,4,4,4,4,4,4,4,4,4,4,4,4,4,4,4,4,4,4,4,4,4,4,4,4,4,4,4,4,4,4,4,4,4,4,4,4,4,4,4,4,4,4,4,4,4,4,4,4,4,4,4,4,4,4,4,4,4,4,4,4,4,4,4,4,4,4,4,4,4,4,4,4,4,4,4,4,4,4,4,4,4,4,4,4,4,4,4,4,4,4,4,4,4,4,4,4,4,4,4,4,4,4,4,4,4,4,4,4,4,4,4,4,4,4,4,4,4,4,4,4,4,4,4,4,4,4,4,4,4,4,AFVA01000013.1/95991-96139,1
2155,0,2,0,3,2,1,3,1,0,3,1,1,4,1,0,1,4,3,3,4,1,3,3,0,3,2,0,1,4,0,2,4,4,4,4,4,4,4,4,4,4,4,4,4,4,4,4,4,4,4,4,4,4,4,4,4,1,3,3,4,4,4,4,4,4,4,4,4,4,4,4,4,4,4,4,4,4,4,0,2,3,4,1,3,3,1,0,3,0,0,0,1,1,1,0,4,2,2,2,4,0,3,2,0,3,2,1,0,4,4,4,4,2,0,2,1,1,0,0,3,3,3,3,0,2,2,2,3,2,1,1,3,0,3,3,2,3,1,1,0,3,2,3,0,0,4,0,1,2,0,3,2,3,3,2,0,2,1,4,4,4,4,4,2,2,3,0,0,4,4,4,4,4,4,4,1,1,0,0,3,1,4,4,4,4,4,4,4,4,4,4,4,4,4,4,4,4,4,4,4,4,4,1,3,1,1,3,3,3,4,4,1,0,3,1,0,4,1,0,3,0,1,4,4,1,4,4,4,2,2,2,1,2,3,0,0,1,2,3,3,2,0,4,4,4,4,4,2,3,2,0,2,2,1,0,1,1,0,0,3,1,3,4,4,4,4,4,4,4,4,4,4,4,4,4,4,4,4,4,4,4,4,4,4,4,4,4,4,4,4,4,4,4,4,4,4,4,4,4,4,4,4,4,4,4,4,4,4,4,4,4,4,4,4,4,4,4,4,4,4,4,4,4,4,4,4,4,4,4,4,4,4,4,4,4,4,4,4,4,4,4,4,4,4,4,4,4,4,4,4,4,4,4,4,4,4,4,4,4,4,4,4,4,4,4,4,4,4,4,4,4,4,4,4,4,4,4,4,4,4,4,4,4,4,4,4,4,4,4,4,4,4,4,4,4,4,4,4,4,4,4,4,4,4,4,4,4,4,4,4,4,4,4,4,4,4,4,4,4,4,4,4,4,4,4,4,4,4,4,4,4,4,4,4,4,4,4,4,4,4,4,4,4,4,4,4,4,4,4,4,4,4,4,4,4,4,4,ACCC01000049.1/25713-25554,1
2156,0,2,0,3,2,1,3,1,0,3,3,1,4,1,0,3,4,1,3,4,1,3,3,0,3,2,3,3,4,1,2,1,1,3,4,4,4,4,4,4,4,4,4,4,4,4,4,4,4,4,4,4,4,4,4,4,3,0,4,4,4,4,4,4,4,4,4,4,4,4,4,4,4,4,4,4,4,4,4,2,3,2,1,1,3,1,0,3,0,0,0,1,3,1,1,4,2,2,0,4,0,3,2,0,1,2,1,0,4,4,4,4,2,0,2,1,1,2,4,4,3,3,3,0,1,2,2,3,2,1,3,3,0,3,1,2,3,1,1,4,0,1,3,2,0,4,1,0,2,0,3,2,3,1,4,4,4,4,4,4,4,4,4,2,1,3,3,0,3,4,4,4,2,1,1,4,4,4,4,4,4,4,4,4,4,4,4,4,4,4,4,4,4,4,4,4,4,4,4,4,4,4,4,4,4,4,4,4,3,4,4,1,0,3,1,0,4,2,0,1,0,1,4,4,1,0,4,3,2,2,0,1,0,1,0,0,1,2,3,3,2,0,4,4,4,4,4,2,3,2,0,0,2,1,0,1,1,1,0,1,3,3,4,4,4,4,4,4,4,4,4,4,4,4,4,4,4,4,4,4,4,4,4,4,4,4,4,4,4,4,4,4,4,4,4,4,4,4,4,4,4,4,4,4,4,4,4,4,4,4,4,4,4,4,4,4,4,4,4,4,4,4,4,4,4,4,4,4,4,4,4,4,4,4,4,4,4,4,4,4,4,4,4,4,4,4,4,4,4,4,4,4,4,4,4,4,4,4,4,4,4,4,4,4,4,4,4,4,4,4,4,4,4,4,4,4,4,4,4,4,4,4,4,4,4,4,4,4,4,4,4,4,4,4,4,4,4,4,4,4,4,4,4,4,4,4,4,4,4,4,4,4,4,4,4,4,4,4,4,4,4,4,4,4,4,4,4,4,4,4,4,4,4,4,4,4,4,4,4,4,4,4,4,4,4,4,4,4,4,4,4,4,4,4,4,4,4,AFGV01000071.1/19627-19479,1
2157,0,2,0,3,2,1,3,1,0,3,3,1,4,3,0,3,4,1,3,4,1,3,3,0,3,2,3,3,4,1,2,1,1,3,4,4,4,4,4,4,4,4,4,4,4,4,4,4,4,4,4,4,4,4,4,4,3,0,4,4,4,4,4,4,4,4,4,4,4,4,4,4,4,4,4,4,4,4,4,2,3,2,1,1,3,1,0,3,0,0,0,1,3,1,1,4,2,2,0,4,0,3,2,0,1,2,1,0,4,4,4,4,2,0,2,1,1,2,4,4,3,3,3,0,1,2,2,3,2,1,3,3,0,3,1,2,3,1,1,4,0,1,3,2,0,4,1,0,2,0,3,2,3,1,4,4,4,4,4,4,4,4,4,2,1,3,3,0,3,4,4,4,2,1,1,4,4,4,4,4,4,4,4,4,4,4,4,4,4,4,4,4,4,4,4,4,4,4,4,4,4,4,4,4,4,4,4,4,3,4,4,1,0,3,1,0,4,2,0,1,0,1,4,4,1,0,4,3,2,2,0,1,0,1,0,0,1,2,3,3,2,0,4,4,4,4,4,2,3,2,0,0,2,1,0,1,1,1,0,1,3,3,4,4,4,4,4,4,4,4,4,4,4,4,4,4,4,4,4,4,4,4,4,4,4,4,4,4,4,4,4,4,4,4,4,4,4,4,4,4,4,4,4,4,4,4,4,4,4,4,4,4,4,4,4,4,4,4,4,4,4,4,4,4,4,4,4,4,4,4,4,4,4,4,4,4,4,4,4,4,4,4,4,4,4,4,4,4,4,4,4,4,4,4,4,4,4,4,4,4,4,4,4,4,4,4,4,4,4,4,4,4,4,4,4,4,4,4,4,4,4,4,4,4,4,4,4,4,4,4,4,4,4,4,4,4,4,4,4,4,4,4,4,4,4,4,4,4,4,4,4,4,4,4,4,4,4,4,4,4,4,4,4,4,4,4,4,4,4,4,4,4,4,4,4,4,4,4,4,4,4,4,4,4,4,4,4,4,4,4,4,4,4,4,4,4,4,CU928164.2/3094767-3094619,1
2158,0,2,3,2,2,1,3,1,0,3,3,1,4,0,1,1,4,2,0,4,1,3,3,0,3,2,3,1,4,0,2,1,4,4,4,4,1,1,1,3,3,4,1,2,2,4,4,4,4,4,4,2,0,1,2,3,4,4,4,4,4,4,4,4,4,4,4,4,4,4,4,4,4,4,4,4,4,4,4,4,4,2,1,3,0,1,0,3,0,0,0,0,3,4,3,4,1,2,0,4,0,3,2,0,1,2,1,0,4,4,4,4,1,0,0,4,4,4,4,4,4,4,1,0,0,2,2,3,2,1,1,3,2,1,1,2,3,1,1,0,0,1,3,3,4,4,1,3,2,0,3,0,3,1,0,4,4,4,4,4,4,4,4,2,1,2,3,0,4,4,4,4,2,1,3,4,4,4,4,4,4,4,4,4,4,4,4,4,4,4,4,4,4,4,4,4,4,4,4,4,4,4,4,4,4,4,4,4,0,4,4,3,0,3,1,0,4,0,1,1,0,3,4,4,1,4,4,4,2,2,2,1,2,0,0,0,1,2,3,1,2,0,4,4,4,4,4,2,3,3,0,2,2,1,0,1,1,2,1,1,3,3,4,4,4,4,4,4,4,4,4,4,4,4,4,4,4,4,4,4,4,4,4,4,4,4,4,4,4,4,4,4,4,4,4,4,4,4,4,4,4,4,4,4,4,4,4,4,4,4,4,4,4,4,4,4,4,4,4,4,4,4,4,4,4,4,4,4,4,4,4,4,4,4,4,4,4,4,4,4,4,4,4,4,4,4,4,4,4,4,4,4,4,4,4,4,4,4,4,4,4,4,4,4,4,4,4,4,4,4,4,4,4,4,4,4,4,4,4,4,4,4,4,4,4,4,4,4,4,4,4,4,4,4,4,4,4,4,4,4,4,4,4,4,4,4,4,4,4,4,4,4,4,4,4,4,4,4,4,4,4,4,4,4,4,4,4,4,4,4,4,4,4,4,4,4,4,4,4,4,4,4,4,4,4,4,4,4,4,4,4,4,4,4,4,4,4,ADTK01000178.1/34698-34845,1
2159,0,2,3,2,2,1,3,1,0,3,3,1,4,0,1,1,4,2,0,4,1,3,3,0,3,2,3,1,4,0,2,1,4,4,4,4,1,1,1,3,3,4,1,2,2,4,4,4,4,4,4,2,0,1,2,3,4,4,4,4,4,4,4,4,4,4,4,4,4,4,4,4,4,4,4,4,4,4,4,4,4,2,1,3,0,1,0,3,0,0,0,0,3,4,3,4,1,2,0,4,0,3,2,0,1,2,1,0,4,4,4,4,1,0,0,4,4,4,4,4,4,4,1,0,0,2,2,3,2,1,1,3,2,1,1,2,3,1,1,0,0,1,3,3,4,4,1,3,2,0,3,0,3,1,0,4,4,4,4,4,4,4,4,2,1,2,3,0,4,4,4,4,2,1,3,4,4,4,4,4,4,4,4,4,4,4,4,4,4,4,4,4,4,4,4,4,4,4,4,4,4,4,4,4,4,4,4,4,0,4,4,3,0,3,1,0,4,0,1,1,0,3,4,4,1,4,4,4,2,2,2,1,2,0,0,0,1,2,3,1,2,0,4,4,4,4,4,2,3,3,0,2,2,1,0,1,1,2,1,1,3,3,4,4,4,4,4,4,4,4,4,4,4,4,4,4,4,4,4,4,4,4,4,4,4,4,4,4,4,4,4,4,4,4,4,4,4,4,4,4,4,4,4,4,4,4,4,4,4,4,4,4,4,4,4,4,4,4,4,4,4,4,4,4,4,4,4,4,4,4,4,4,4,4,4,4,4,4,4,4,4,4,4,4,4,4,4,4,4,4,4,4,4,4,4,4,4,4,4,4,4,4,4,4,4,4,4,4,4,4,4,4,4,4,4,4,4,4,4,4,4,4,4,4,4,4,4,4,4,4,4,4,4,4,4,4,4,4,4,4,4,4,4,4,4,4,4,4,4,4,4,4,4,4,4,4,4,4,4,4,4,4,4,4,4,4,4,4,4,4,4,4,4,4,4,4,4,4,4,4,4,4,4,4,4,4,4,4,4,4,4,4,4,4,4,4,4,AGTG01000020.1/34581-34728,1
2160,0,2,0,3,2,1,3,1,0,3,1,1,4,1,0,1,4,3,3,4,0,3,3,0,3,2,0,1,4,0,2,1,3,3,2,2,1,1,0,3,3,4,0,0,2,2,1,3,0,4,4,0,3,3,3,0,4,4,4,4,4,4,4,4,4,4,4,4,4,4,4,4,4,4,4,4,4,4,4,4,4,2,1,3,3,1,0,3,0,0,0,1,1,1,0,4,2,2,2,4,0,3,2,0,1,2,1,0,4,4,4,4,2,0,2,1,1,2,0,3,3,3,3,0,2,0,2,3,2,1,1,3,0,3,3,2,3,1,1,0,3,2,3,0,0,4,1,1,2,0,3,2,3,3,4,4,4,4,4,4,4,4,4,2,0,2,3,0,4,4,4,4,0,3,2,4,4,4,4,4,4,4,4,4,4,4,4,4,4,4,4,4,4,4,4,4,4,4,4,4,4,4,4,4,4,4,4,4,3,4,4,1,0,3,1,0,4,1,0,3,0,1,4,4,1,4,4,4,2,2,2,1,0,3,0,0,1,2,3,3,2,0,4,4,4,4,4,2,3,2,0,2,2,1,0,1,3,2,0,3,0,3,4,4,4,4,4,4,4,4,4,4,4,4,4,4,4,4,4,4,4,4,4,4,4,4,4,4,4,4,4,4,4,4,4,4,4,4,4,4,4,4,4,4,4,4,4,4,4,4,4,4,4,4,4,4,4,4,4,4,4,4,4,4,4,4,4,4,4,4,4,4,4,4,4,4,4,4,4,4,4,4,4,4,4,4,4,4,4,4,4,4,4,4,4,4,4,4,4,4,4,4,4,4,4,4,4,4,4,4,4,4,4,4,4,4,4,4,4,4,4,4,4,4,4,4,4,4,4,4,4,4,4,4,4,4,4,4,4,4,4,4,4,4,4,4,4,4,4,4,4,4,4,4,4,4,4,4,4,4,4,4,4,4,4,4,4,4,4,4,4,4,4,4,4,4,4,4,4,4,4,4,4,4,4,4,4,4,4,4,4,4,4,4,4,4,4,CP000950.1/4432733-4432570,1
2161,0,2,3,2,2,1,3,1,0,3,3,1,4,0,1,1,4,3,3,4,1,3,3,0,3,2,3,1,4,0,2,1,4,4,4,4,1,1,1,3,3,4,0,2,2,4,4,4,4,4,4,2,0,1,2,1,4,4,4,4,4,4,4,4,4,4,4,4,4,4,4,4,4,4,4,4,4,4,4,4,4,2,1,3,0,1,0,3,0,0,0,1,3,4,3,4,1,2,0,4,0,3,2,0,1,2,1,0,4,4,4,4,1,0,0,4,4,4,4,4,4,4,1,0,0,2,2,3,2,1,1,3,2,1,1,2,3,1,1,0,0,1,3,3,4,4,1,3,2,0,3,0,0,3,0,4,4,4,4,4,4,4,4,2,1,2,3,0,4,4,4,4,2,1,3,4,4,4,4,4,4,4,4,4,4,4,4,4,4,4,4,4,4,4,4,4,4,4,4,4,4,4,4,4,4,4,4,4,3,4,4,3,0,3,1,0,4,0,1,1,3,1,4,4,1,4,4,4,2,2,2,1,2,0,0,0,1,2,3,1,2,0,4,4,4,4,4,2,3,3,0,2,2,1,0,1,1,2,1,1,3,3,4,4,4,4,4,4,4,4,4,4,4,4,4,4,4,4,4,4,4,4,4,4,4,4,4,4,4,4,4,4,4,4,4,4,4,4,4,4,4,4,4,4,4,4,4,4,4,4,4,4,4,4,4,4,4,4,4,4,4,4,4,4,4,4,4,4,4,4,4,4,4,4,4,4,4,4,4,4,4,4,4,4,4,4,4,4,4,4,4,4,4,4,4,4,4,4,4,4,4,4,4,4,4,4,4,4,4,4,4,4,4,4,4,4,4,4,4,4,4,4,4,4,4,4,4,4,4,4,4,4,4,4,4,4,4,4,4,4,4,4,4,4,4,4,4,4,4,4,4,4,4,4,4,4,4,4,4,4,4,4,4,4,4,4,4,4,4,4,4,4,4,4,4,4,4,4,4,4,4,4,4,4,4,4,4,4,4,4,4,4,4,4,4,4,4,AFCU01001370.1/179-32,1
2162,0,2,3,2,2,1,3,1,0,3,3,1,4,0,1,1,4,3,3,4,1,3,3,0,3,2,3,1,4,0,2,1,4,4,4,4,1,1,1,3,3,4,0,2,2,4,4,4,4,4,4,2,0,1,2,1,4,4,4,4,4,4,4,4,4,4,4,4,4,4,4,4,4,4,4,4,4,4,4,4,4,2,1,3,0,1,0,3,0,0,0,1,3,4,3,4,1,2,0,4,0,3,2,0,1,2,1,0,4,4,4,4,1,0,0,4,4,4,4,4,4,4,1,0,0,2,2,3,2,1,1,3,2,1,1,2,3,1,1,0,0,1,3,3,4,4,1,3,2,0,3,0,0,3,0,4,4,4,4,4,4,4,4,2,1,2,3,0,4,4,4,4,2,1,3,4,4,4,4,4,4,4,4,4,4,4,4,4,4,4,4,4,4,4,4,4,4,4,4,4,4,4,4,4,4,4,4,4,3,4,4,3,0,3,1,0,4,0,1,1,3,1,4,4,1,4,4,4,2,2,2,1,2,0,0,0,1,2,3,1,2,0,4,4,4,4,4,2,3,3,0,2,2,1,0,1,1,2,1,1,3,3,4,4,4,4,4,4,4,4,4,4,4,4,4,4,4,4,4,4,4,4,4,4,4,4,4,4,4,4,4,4,4,4,4,4,4,4,4,4,4,4,4,4,4,4,4,4,4,4,4,4,4,4,4,4,4,4,4,4,4,4,4,4,4,4,4,4,4,4,4,4,4,4,4,4,4,4,4,4,4,4,4,4,4,4,4,4,4,4,4,4,4,4,4,4,4,4,4,4,4,4,4,4,4,4,4,4,4,4,4,4,4,4,4,4,4,4,4,4,4,4,4,4,4,4,4,4,4,4,4,4,4,4,4,4,4,4,4,4,4,4,4,4,4,4,4,4,4,4,4,4,4,4,4,4,4,4,4,4,4,4,4,4,4,4,4,4,4,4,4,4,4,4,4,4,4,4,4,4,4,4,4,4,4,4,4,4,4,4,4,4,4,4,4,4,4,ABFG01000004.1/33313-33460,1
2163,0,2,0,3,2,1,3,1,0,3,3,1,4,1,0,3,4,1,3,4,1,3,3,0,3,2,3,3,4,1,2,1,1,3,4,4,4,4,4,4,4,4,4,4,4,4,4,4,4,4,4,4,4,4,4,4,3,0,4,4,4,4,4,4,4,4,4,4,4,4,4,4,4,4,4,4,4,4,4,2,3,2,1,1,3,1,0,3,0,0,0,1,3,1,1,4,2,2,0,4,0,3,2,0,1,2,1,0,4,4,4,4,2,0,2,1,1,2,4,4,3,3,3,0,1,2,2,3,2,1,3,3,0,3,1,2,3,1,1,4,0,1,3,2,0,4,1,0,2,0,3,2,3,1,4,4,4,4,4,4,4,4,4,2,1,3,3,0,3,4,4,4,2,1,1,4,4,4,4,4,4,4,4,4,4,4,4,4,4,4,4,4,4,4,4,4,4,4,4,4,4,4,4,4,4,4,4,4,3,4,4,1,0,3,1,0,4,2,0,1,0,1,4,4,1,0,4,3,2,2,0,1,0,1,0,0,1,2,3,3,2,0,4,4,4,4,4,2,3,2,0,0,2,1,0,1,1,1,0,1,3,3,4,4,4,4,4,4,4,4,4,4,4,4,4,4,4,4,4,4,4,4,4,4,4,4,4,4,4,4,4,4,4,4,4,4,4,4,4,4,4,4,4,4,4,4,4,4,4,4,4,4,4,4,4,4,4,4,4,4,4,4,4,4,4,4,4,4,4,4,4,4,4,4,4,4,4,4,4,4,4,4,4,4,4,4,4,4,4,4,4,4,4,4,4,4,4,4,4,4,4,4,4,4,4,4,4,4,4,4,4,4,4,4,4,4,4,4,4,4,4,4,4,4,4,4,4,4,4,4,4,4,4,4,4,4,4,4,4,4,4,4,4,4,4,4,4,4,4,4,4,4,4,4,4,4,4,4,4,4,4,4,4,4,4,4,4,4,4,4,4,4,4,4,4,4,4,4,4,4,4,4,4,4,4,4,4,4,4,4,4,4,4,4,4,4,4,ADUV01000061.1/97832-97684,1
2164,0,2,3,2,2,1,3,1,0,3,3,1,4,0,1,1,4,3,3,4,1,3,3,0,3,2,3,1,4,0,2,1,4,4,4,4,1,1,1,3,3,4,0,2,2,4,4,4,4,4,4,2,0,1,2,1,4,4,4,4,4,4,4,4,4,4,4,4,4,4,4,4,4,4,4,4,4,4,4,4,4,2,1,3,0,1,0,3,0,0,0,1,3,4,3,4,1,2,0,4,0,3,2,0,1,2,1,0,4,4,4,4,1,0,0,4,4,4,4,4,4,4,1,0,0,2,2,3,2,1,1,3,2,1,1,2,3,1,1,0,0,1,3,3,4,4,1,3,2,0,3,0,0,3,0,4,4,4,4,4,4,4,4,2,1,2,3,0,4,4,4,4,2,1,3,4,4,4,4,4,4,4,4,4,4,4,4,4,4,4,4,4,4,4,4,4,4,4,4,4,4,4,4,4,4,4,4,4,3,4,4,3,0,3,1,0,4,0,1,1,3,1,4,4,1,4,4,4,2,2,2,1,2,0,0,0,1,2,3,1,2,0,4,4,4,4,4,2,3,3,0,2,2,1,0,1,1,2,1,1,3,3,4,4,4,4,4,4,4,4,4,4,4,4,4,4,4,4,4,4,4,4,4,4,4,4,4,4,4,4,4,4,4,4,4,4,4,4,4,4,4,4,4,4,4,4,4,4,4,4,4,4,4,4,4,4,4,4,4,4,4,4,4,4,4,4,4,4,4,4,4,4,4,4,4,4,4,4,4,4,4,4,4,4,4,4,4,4,4,4,4,4,4,4,4,4,4,4,4,4,4,4,4,4,4,4,4,4,4,4,4,4,4,4,4,4,4,4,4,4,4,4,4,4,4,4,4,4,4,4,4,4,4,4,4,4,4,4,4,4,4,4,4,4,4,4,4,4,4,4,4,4,4,4,4,4,4,4,4,4,4,4,4,4,4,4,4,4,4,4,4,4,4,4,4,4,4,4,4,4,4,4,4,4,4,4,4,4,4,4,4,4,4,4,4,4,4,AFCP01001367.1/2029-1882,1
